 [Fe/H] = -2.50 [alpha/Fe] = 0.00 BC value = F547M
 -2.3198 -1.8119 -1.6086 -1.6952 -2.0646 -2.4979 -2.7313 -2.5642 -2.4012 -2.2336
 -2.0583 -1.9097 -1.7250 -1.5422 -1.3736 -1.0059 -0.6946 -0.4697 -0.2995
 -3.3217 -3.0001 -2.7646 -2.6066 -2.5007 -2.3992 -2.2865 -2.1682 -2.0482 -1.9254
 -1.7887 -1.6339 -1.4697 -1.3111 -1.1644 -0.8483 -0.6011 -0.4180 -0.2878 -0.1923
 -3.0964 -2.7955 -2.5550 -2.3626 -2.2124 -2.1027 -2.0224 -1.9353 -1.8262 -1.7032
 -1.5808 -1.4536 -1.3139 -1.1735 -1.0435 -0.7708 -0.5594 -0.4017 -0.2872 -0.2014
 -0.1342
 -2.9082 -2.6401 -2.4170 -2.2277 -2.0663 -1.9301 -1.8169 -1.7248 -1.6423 -1.5462
 -1.4321 -1.3174 -1.1991 -1.0760 -0.9587 -0.7141 -0.5293 -0.3920 -0.2909 -0.2134
 -0.1513 -0.0995
 -2.7224 -2.4913 -2.2942 -2.1209 -1.9661 -1.8279 -1.7051 -1.5965 -1.4995 -1.4103
 -1.3191 -1.2190 -1.1159 -1.0073 -0.9011 -0.6755 -0.5075 -0.3852 -0.2957 -0.2261
 -0.1691 -0.1209 -0.0788 -0.0399
 -2.5361 -2.3385 -2.1691 -2.0173 -1.8775 -1.7480 -1.6279 -1.5173 -1.4156 -1.3208
 -1.2302 -1.1405 -1.0514 -0.9578 -0.8626 -0.6509 -0.4922 -0.3786 -0.2982 -0.2366
 -0.1856 -0.1418 -0.1030 -0.0681 -0.0353 -0.0063  0.0168  0.0322  0.0386  0.0354
 -2.3625 -2.1865 -2.0399 -1.9090 -1.7873 -1.6716 -1.5610 -1.4556 -1.3559 -1.2621
 -1.1724 -1.0853 -1.0007 -0.9169 -0.8325 -0.6367 -0.4824 -0.3721 -0.2966 -0.2421
 -0.1981 -0.1598 -0.1256 -0.0943 -0.0651 -0.0361 -0.0102  0.0093  0.0197  0.0196
  0.0104
 -2.2052 -2.0456 -1.9129 -1.7969 -1.6913 -1.5908 -1.4925 -1.3967 -1.3040 -1.2142
 -1.1282 -1.0452 -0.9644 -0.8854 -0.8073 -0.6263 -0.4776 -0.3671 -0.2920 -0.2414
 -0.2038 -0.1723 -0.1440 -0.1177 -0.0927 -0.0686 -0.0439 -0.0219 -0.0062  0.0001
 -0.0049
 -2.0705 -1.9217 -1.7941 -1.6857 -1.5904 -1.5017 -1.4163 -1.3319 -1.2487 -1.1665
 -1.0861 -1.0079 -0.9321 -0.8579 -0.7846 -0.6142 -0.4722 -0.3632 -0.2863 -0.2358
 -0.2020 -0.1769 -0.1555 -0.1356 -0.1162 -0.0967 -0.0776 -0.0608 -0.0465 -0.0345
 -0.0246
 -1.9585 -1.8148 -1.6934 -1.5852 -1.4926 -1.4109 -1.3350 -1.2614 -1.1886 -1.1160
 -1.0437 -0.9720 -0.9016 -0.8328 -0.7651 -0.6044 -0.4677 -0.3605 -0.2825 -0.2297
 -0.1959 -0.1744 -0.1591 -0.1462 -0.1336 -0.1203 -0.1064 -0.0922 -0.0832 -0.0699
 -0.0535
 -1.8690 -1.7249 -1.6108 -1.5007 -1.4041 -1.3221 -1.2502 -1.1839 -1.1203 -1.0575
 -0.9945 -0.9312 -0.8678 -0.8049 -0.7429 -0.5939 -0.4620 -0.3568 -0.2787 -0.2241
 -0.1888 -0.1674 -0.1553 -0.1482 -0.1425 -0.1363 -0.1291 -0.1206 -0.1111 -0.1014
 -0.0928
 -1.8021 -1.6520 -1.5463 -1.4330 -1.3298 -1.2422 -1.1680 -1.1035 -1.0451 -0.9900
 -0.9360 -0.8820 -0.8273 -0.7719 -0.7180 -0.5827 -0.4551 -0.3521 -0.2749
 [Fe/H] = -2.00 [alpha/Fe] = 0.00 BC value = F547M
 -3.8500 -3.2860 -2.8933 -2.6605 -2.5794 -2.5678 -2.5288 -2.3816 -2.2323 -2.0742
 -1.9048 -1.7390 -1.5623 -1.3955 -1.2436 -0.9201 -0.6547 -0.4507 -0.2938
 -3.6262 -3.2302 -2.9509 -2.7189 -2.5196 -2.3527 -2.2103 -2.0818 -1.9569 -1.8278
 -1.6886 -1.5371 -1.3797 -1.2298 -1.0932 -0.8086 -0.5851 -0.4116 -0.2830 -0.1858
 -3.3171 -2.9048 -2.6003 -2.3818 -2.2360 -2.1223 -2.0028 -1.8789 -1.7591 -1.6437
 -1.5265 -1.4008 -1.2633 -1.1257 -0.9992 -0.7402 -0.5443 -0.3939 -0.2811 -0.1955
 -0.1280
 -3.1466 -2.7548 -2.4553 -2.2252 -2.0481 -1.9127 -1.8150 -1.7358 -1.6404 -1.5269
 -1.4123 -1.3005 -1.1832 -1.0591 -0.9419 -0.6966 -0.5175 -0.3835 -0.2832 -0.2059
 -0.1438 -0.0918
 -3.0202 -2.6567 -2.3742 -2.1503 -1.9693 -1.8216 -1.6996 -1.5980 -1.5153 -1.4368
 -1.3403 -1.2338 -1.1258 -1.0149 -0.9048 -0.6708 -0.5007 -0.3770 -0.2865 -0.2170
 -0.1602 -0.1120 -0.0701 -0.0332
 -2.9028 -2.5700 -2.3082 -2.0974 -1.9221 -1.7731 -1.6450 -1.5332 -1.4336 -1.3441
 -1.2621 -1.1767 -1.0836 -0.9833 -0.8813 -0.6564 -0.4903 -0.3720 -0.2882 -0.2260
 -0.1753 -0.1317 -0.0932 -0.0587 -0.0274  0.0005  0.0238  0.0403  0.0451  0.0411
 -2.7891 -2.4837 -2.2421 -2.0455 -1.8800 -1.7360 -1.6085 -1.4943 -1.3906 -1.2947
 -1.2045 -1.1191 -1.0373 -0.9524 -0.8621 -0.6486 -0.4841 -0.3673 -0.2868 -0.2305
 -0.1865 -0.1486 -0.1148 -0.0839 -0.0553 -0.0288 -0.0053  0.0142  0.0267  0.0262
  0.0168
 -2.6849 -2.4019 -2.1759 -1.9907 -1.8342 -1.6975 -1.5748 -1.4624 -1.3589 -1.2626
 -1.1711 -1.0837 -1.0006 -0.9200 -0.8397 -0.6436 -0.4811 -0.3632 -0.2830 -0.2296
 -0.1915 -0.1603 -0.1324 -0.1066 -0.0820 -0.0585 -0.0367 -0.0171 -0.0007  0.0070
  0.0015
 -2.5952 -2.3285 -2.1121 -1.9339 -1.7834 -1.6525 -1.5351 -1.4272 -1.3268 -1.2325
 -1.1431 -1.0575 -0.9750 -0.8953 -0.8176 -0.6347 -0.4787 -0.3598 -0.2775 -0.2240
 -0.1894 -0.1644 -0.1433 -0.1238 -0.1047 -0.0858 -0.0674 -0.0498 -0.0342 -0.0223
 -0.0179
 -2.5342 -2.2779 -2.0643 -1.8866 -1.7366 -1.6073 -1.4929 -1.3892 -1.2929 -1.2024
 -1.1164 -1.0344 -0.9551 -0.8781 -0.8031 -0.6274 -0.4771 -0.3590 -0.2740 -0.2179
 -0.1833 -0.1617 -0.1466 -0.1340 -0.1217 -0.1089 -0.0957 -0.0821 -0.0689 -0.0573
 -0.0463
 -2.5002 -2.2507 -2.0351 -1.8530 -1.6982 -1.5657 -1.4501 -1.3472 -1.2539 -1.1672
 -1.0855 -1.0077 -0.9326 -0.8598 -0.7886 -0.6205 -0.4745 -0.3578 -0.2714 -0.2125
 -0.1758 -0.1545 -0.1428 -0.1359 -0.1305 -0.1247 -0.1180 -0.1101 -0.1015 -0.0927
 -0.0850
 -2.4891 -2.2447 -2.0286 -1.8388 -1.6751 -1.5346 -1.4131 -1.3067 -1.2124 -1.1273
 -1.0488 -0.9752 -0.9044 -0.8359 -0.7741 -0.6140 -0.4709 -0.3562 -0.2697
 [Fe/H] = -1.50 [alpha/Fe] = 0.00 BC value = F547M
 -5.0960 -4.5307 -4.0491 -3.6406 -3.2935 -2.9894 -2.7110 -2.4493 -2.2134 -2.0011
 -1.8036 -1.6165 -1.4408 -1.2826 -1.1411 -0.8479 -0.6160 -0.4305 -0.2845
 -4.6352 -4.0813 -3.6064 -3.2106 -2.8845 -2.6128 -2.3780 -2.1655 -1.9743 -1.7998
 -1.6338 -1.4706 -1.3115 -1.1641 -1.0318 -0.7631 -0.5595 -0.3990 -0.2742 -0.1789
 -4.0736 -3.5787 -3.2016 -2.8824 -2.6001 -2.3578 -2.1499 -1.9669 -1.8034 -1.6546
 -1.5136 -1.3732 -1.2306 -1.0926 -0.9666 -0.7113 -0.5240 -0.3809 -0.2704 -0.1852
 -0.1176
 -3.7577 -3.2309 -2.8276 -2.5261 -2.3065 -2.1431 -1.9896 -1.8346 -1.6867 -1.5506
 -1.4243 -1.3028 -1.1782 -1.0511 -0.9307 -0.6829 -0.5039 -0.3711 -0.2708 -0.1935
 -0.1315 -0.0797
 -3.6034 -3.0745 -2.6675 -2.3574 -2.1192 -1.9388 -1.8044 -1.6989 -1.6018 -1.4880
 -1.3673 -1.2512 -1.1394 -1.0254 -0.9118 -0.6694 -0.4936 -0.3664 -0.2729 -0.2022
 -0.1457 -0.0980 -0.0566 -0.0204
 -3.5189 -2.9980 -2.5949 -2.2863 -2.0475 -1.8592 -1.7083 -1.5849 -1.4840 -1.4021
 -1.3184 -1.2192 -1.1127 -1.0062 -0.9007 -0.6646 -0.4891 -0.3641 -0.2747 -0.2094
 -0.1586 -0.1156 -0.0779 -0.0442 -0.0139  0.0137  0.0359  0.0499  0.0544  0.0514
 -3.4558 -2.9518 -2.5567 -2.2527 -2.0157 -1.8260 -1.6706 -1.5403 -1.4284 -1.3299
 -1.2435 -1.1653 -1.0826 -0.9901 -0.8920 -0.6643 -0.4881 -0.3626 -0.2748 -0.2133
 -0.1680 -0.1307 -0.0977 -0.0677 -0.0401 -0.0149  0.0071  0.0253  0.0366  0.0359
  0.0266
 -3.3944 -2.9147 -2.5317 -2.2328 -1.9984 -1.8097 -1.6532 -1.5195 -1.4031 -1.2992
 -1.2042 -1.1164 -1.0364 -0.9589 -0.8766 -0.6646 -0.4891 -0.3614 -0.2731 -0.2132
 -0.1722 -0.1409 -0.1137 -0.0888 -0.0654 -0.0432 -0.0229 -0.0046  0.0104  0.0171
  0.0112
 -3.3280 -2.8784 -2.5109 -2.2175 -1.9845 -1.7963 -1.6397 -1.5052 -1.3867 -1.2803
 -1.1828 -1.0917 -1.0062 -0.9262 -0.8497 -0.6599 -0.4894 -0.3597 -0.2693 -0.2091
 -0.1704 -0.1443 -0.1236 -0.1049 -0.0869 -0.0692 -0.0522 -0.0360 -0.0218 -0.0123
 -0.0078
 -3.2745 -2.8593 -2.5076 -2.2180 -1.9825 -1.7904 -1.6310 -1.4950 -1.3755 -1.2681
 -1.1698 -1.0784 -0.9921 -0.9102 -0.8323 -0.6526 -0.4914 -0.3609 -0.2671 -0.2043
 -0.1652 -0.1417 -0.1265 -0.1144 -0.1030 -0.0912 -0.0793 -0.0670 -0.0553 -0.0451
 -0.0354
 -3.2390 -2.8537 -2.5189 -2.2340 -1.9948 -1.7950 -1.6280 -1.4865 -1.3643 -1.2558
 -1.1573 -1.0665 -0.9813 -0.9001 -0.8226 -0.6451 -0.4909 -0.3628 -0.2662 -0.2000
 -0.1584 -0.1349 -0.1226 -0.1160 -0.1112 -0.1063 -0.1007 -0.0940 -0.0867 -0.0793
 -0.0729
 -3.2276 -2.8657 -2.5464 -2.2664 -2.0243 -1.8159 -1.6378 -1.4860 -1.3561 -1.2434
 -1.1433 -1.0526 -0.9661 -0.8868 -0.8206 -0.6374 -0.4879 -0.3654 -0.2666
 [Fe/H] = -1.00 [alpha/Fe] = 0.00 BC value = F547M
 -6.0579 -5.5461 -5.0761 -4.6355 -4.2067 -3.7626 -3.2779 -2.7673 -2.3445 -2.0143
 -1.7547 -1.5423 -1.3605 -1.2036 -1.0662 -0.7893 -0.5785 -0.4092 -0.2716
 -5.6800 -5.1122 -4.5994 -4.1374 -3.7152 -3.3119 -2.8949 -2.4876 -2.1421 -1.8613
 -1.6313 -1.4372 -1.2684 -1.1194 -0.9877 -0.7237 -0.5300 -0.3800 -0.2599 -0.1650
 -5.3495 -4.7798 -4.2556 -3.7841 -3.3655 -2.9914 -2.6370 -2.2983 -2.0043 -1.7585
 -1.5522 -1.3742 -1.2158 -1.0733 -0.9456 -0.6879 -0.5023 -0.3633 -0.2543 -0.1686
 -0.1007
 -4.8098 -4.2956 -3.8636 -3.4686 -3.0955 -2.7526 -2.4418 -2.1547 -1.9000 -1.6816
 -1.4953 -1.3328 -1.1857 -1.0501 -0.9262 -0.6718 -0.4887 -0.3551 -0.2532 -0.1742
 -0.1118 -0.0604
 -4.4498 -3.8839 -3.4141 -3.0311 -2.7265 -2.4837 -2.2578 -2.0303 -1.8139 -1.6199
 -1.4500 -1.3005 -1.1652 -1.0383 -0.9192 -0.6678 -0.4840 -0.3523 -0.2546 -0.1804
 -0.1230 -0.0757 -0.0352 -0.0002
 -4.2925 -3.6681 -3.1629 -2.7643 -2.4491 -2.1990 -1.9994 -1.8381 -1.6999 -1.5595
 -1.4144 -1.2754 -1.1480 -1.0299 -0.9173 -0.6704 -0.4848 -0.3523 -0.2567 -0.1861
 -0.1328 -0.0902 -0.0535 -0.0213  0.0073  0.0318  0.0519  0.0644  0.0676  0.0646
 -4.2469 -3.5973 -3.0666 -2.6488 -2.3240 -2.0684 -1.8632 -1.6951 -1.5558 -1.4423
 -1.3454 -1.2450 -1.1347 -1.0228 -0.9158 -0.6761 -0.4889 -0.3539 -0.2583 -0.1899
 -0.1402 -0.1022 -0.0704 -0.0419 -0.0162  0.0069  0.0267  0.0422  0.0512  0.0498
  0.0408
 -4.2401 -3.5876 -3.0426 -2.6094 -2.2728 -2.0111 -1.8031 -1.6336 -1.4916 -1.3705
 -1.2660 -1.1762 -1.0941 -1.0069 -0.9125 -0.6822 -0.4949 -0.3566 -0.2592 -0.1914
 -0.1442 -0.1104 -0.0838 -0.0604 -0.0388 -0.0187 -0.0008  0.0148  0.0266  0.0319
  0.0255
 -4.2222 -3.5890 -3.0457 -2.6051 -2.2593 -1.9905 -1.7779 -1.6052 -1.4611 -1.3376
 -1.2290 -1.1319 -1.0446 -0.9655 -0.8884 -0.6843 -0.4998 -0.3586 -0.2584 -0.1897
 -0.1437 -0.1133 -0.0919 -0.0743 -0.0580 -0.0425 -0.0278 -0.0142 -0.0027  0.0044
  0.0070
 -4.1954 -3.6009 -3.0720 -2.6326 -2.2786 -1.9992 -1.7792 -1.6012 -1.4530 -1.3261
 -1.2147 -1.1148 -1.0234 -0.9393 -0.8615 -0.6800 -0.5063 -0.3637 -0.2595 -0.1879
 -0.1410 -0.1119 -0.0945 -0.0826 -0.0725 -0.0626 -0.0529 -0.0431 -0.0339 -0.0263
 -0.0216
 -4.1572 -3.6079 -3.1086 -2.6792 -2.3208 -2.0311 -1.7993 -1.6120 -1.4573 -1.3257
 -1.2108 -1.1082 -1.0149 -0.9287 -0.8482 -0.6695 -0.5094 -0.3694 -0.2618 -0.1863
 -0.1368 -0.1072 -0.0916 -0.0842 -0.0800 -0.0766 -0.0728 -0.0683 -0.0633 -0.0584
 -0.0546
 -4.1222 -3.6167 -3.1536 -2.7425 -2.3879 -2.0894 -1.8427 -1.6404 -1.4738 -1.3340
 -1.2137 -1.1077 -1.0122 -0.9247 -0.8485 -0.6528 -0.5091 -0.3757 -0.2653
 [Fe/H] = -0.75 [alpha/Fe] = 0.00 BC value = F547M
 -6.4323 -5.9678 -5.5413 -5.1385 -4.7381 -4.2810 -3.7094 -3.0396 -2.4783 -2.0604
 -1.7552 -1.5233 -1.3358 -1.1768 -1.0391 -0.7651 -0.5602 -0.3981 -0.2638
 -6.0697 -5.5486 -5.0760 -4.6430 -4.2324 -3.8047 -3.2987 -2.7596 -2.2952 -1.9321
 -1.6540 -1.4367 -1.2585 -1.1066 -0.9737 -0.7091 -0.5168 -0.3693 -0.2522 -0.1572
 -5.8108 -5.2527 -4.7423 -4.2774 -3.8539 -3.4501 -3.0202 -2.5735 -2.1772 -1.8533
 -1.5959 -1.3893 -1.2179 -1.0705 -0.9408 -0.6801 -0.4931 -0.3547 -0.2462 -0.1597
 -0.0909
 -5.4262 -4.9281 -4.4480 -3.9925 -3.5680 -3.1771 -2.8041 -2.4287 -2.0862 -1.7964
 -1.5582 -1.3626 -1.1978 -1.0547 -0.9277 -0.6689 -0.4824 -0.3475 -0.2448 -0.1642
 -0.1007 -0.0489
 -5.0376 -4.4612 -3.9562 -3.5922 -3.2618 -2.9361 -2.6129 -2.2983 -2.0044 -1.7464
 -1.5278 -1.3440 -1.1870 -1.0490 -0.9252 -0.6686 -0.4801 -0.3455 -0.2460 -0.1696
 -0.1103 -0.0626 -0.0222  0.0124
 -4.7392 -4.0651 -3.5679 -3.1669 -2.8392 -2.5664 -2.3355 -2.1207 -1.9037 -1.6912
 -1.4971 -1.3268 -1.1783 -1.0468 -0.9273 -0.6741 -0.4832 -0.3466 -0.2482 -0.1746
 -0.1190 -0.0753 -0.0388 -0.0069  0.0208  0.0450  0.0635  0.0742  0.0765  0.0731
 -4.5901 -3.9361 -3.3907 -2.9508 -2.6002 -2.3165 -2.0814 -1.8823 -1.7151 -1.5743
 -1.4413 -1.3044 -1.1693 -1.0443 -0.9299 -0.6822 -0.4896 -0.3497 -0.2505 -0.1785
 -0.1257 -0.0859 -0.0537 -0.0258 -0.0010  0.0210  0.0394  0.0536  0.0611  0.0589
  0.0500
 -4.5988 -3.9183 -3.3371 -2.8648 -2.4905 -2.1949 -1.9572 -1.7606 -1.5944 -1.4532
 -1.3350 -1.2351 -1.1389 -1.0363 -0.9307 -0.6907 -0.4979 -0.3543 -0.2526 -0.1806
 -0.1296 -0.0932 -0.0656 -0.0426 -0.0218 -0.0029  0.0138  0.0278  0.0381  0.0419
  0.0351
 -4.6181 -3.9371 -3.3413 -2.8461 -2.4511 -2.1415 -1.8969 -1.6992 -1.5351 -1.3955
 -1.2746 -1.1695 -1.0780 -0.9956 -0.9130 -0.6957 -0.5051 -0.3587 -0.2535 -0.1803
 -0.1300 -0.0961 -0.0728 -0.0551 -0.0395 -0.0250 -0.0117  0.0004  0.0103  0.0168
  0.0172
 -4.6233 -3.9737 -3.3806 -2.8758 -2.4643 -2.1389 -1.8836 -1.6793 -1.5121 -1.3713
 -1.2498 -1.1426 -1.0466 -0.9601 -0.8815 -0.6950 -0.5141 -0.3660 -0.2567 -0.1803
 -0.1289 -0.0958 -0.0756 -0.0627 -0.0529 -0.0439 -0.0354 -0.0269 -0.0193 -0.0133
 -0.0102
 -4.6046 -3.9937 -3.4303 -2.9301 -2.5109 -2.1711 -1.9013 -1.6861 -1.5116 -1.3660
 -1.2413 -1.1319 -1.0340 -0.9449 -0.8630 -0.6838 -0.5194 -0.3739 -0.2611 -0.1806
 -0.1266 -0.0928 -0.0738 -0.0645 -0.0600 -0.0570 -0.0542 -0.0508 -0.0472 -0.0439
 -0.0417
 -4.5789 -4.0111 -3.4807 -3.0008 -2.5850 -2.2355 -1.9496 -1.7185 -1.5311 -1.3765
 -1.2455 -1.1319 -1.0310 -0.9400 -0.8575 -0.6621 -0.5210 -0.3824 -0.2667
 [Fe/H] = -0.50 [alpha/Fe] = 0.00 BC value = F547M
 -6.7032 -6.2823 -5.9008 -5.5491 -5.2156 -4.7954 -4.1793 -3.3688 -2.6557 -2.1357
 -1.7780 -1.5201 -1.3216 -1.1588 -1.0200 -0.7455 -0.5437 -0.3861 -0.2562
 -6.3497 -5.8769 -5.4542 -5.0739 -4.7141 -4.3119 -3.7604 -3.0966 -2.4957 -2.0323
 -1.6961 -1.4494 -1.2578 -1.1003 -0.9652 -0.6980 -0.5051 -0.3601 -0.2440 -0.1489
 -6.1194 -5.6010 -5.1324 -4.7121 -4.3272 -3.9393 -3.4677 -2.9162 -2.4007 -1.9795
 -1.6588 -1.4168 -1.2281 -1.0730 -0.9399 -0.6748 -0.4849 -0.3460 -0.2378 -0.1505
 -0.0804
 -5.8897 -5.3706 -4.8843 -4.4362 -4.0247 -3.6377 -3.2321 -2.7716 -2.3270 -1.9462
 -1.6421 -1.4052 -1.2177 -1.0639 -0.9321 -0.6678 -0.4768 -0.3398 -0.2361 -0.1540
 -0.0888 -0.0361
 -5.3961 -4.9460 -4.5441 -4.1556 -3.7697 -3.3906 -3.0218 -2.6364 -2.2549 -1.9146
 -1.6309 -1.4020 -1.2172 -1.0645 -0.9338 -0.6704 -0.4767 -0.3386 -0.2371 -0.1586
 -0.0971 -0.0482 -0.0076  0.0268
 -5.0131 -4.4719 -4.0294 -3.6662 -3.3559 -3.0719 -2.7851 -2.4792 -2.1660 -1.8721
 -1.6147 -1.3986 -1.2193 -1.0691 -0.9399 -0.6783 -0.4819 -0.3407 -0.2394 -0.1632
 -0.1048 -0.0593 -0.0222  0.0094  0.0365  0.0592  0.0762  0.0859  0.0873  0.0831
 -4.8663 -4.2516 -3.7357 -3.3143 -2.9699 -2.6792 -2.4250 -2.1958 -1.9824 -1.7768
 -1.5751 -1.3860 -1.2186 -1.0734 -0.9470 -0.6885 -0.4906 -0.3454 -0.2423 -0.1671
 -0.1110 -0.0685 -0.0352 -0.0074  0.0167  0.0376  0.0549  0.0674  0.0731  0.0699
  0.0606
 -4.8624 -4.1984 -3.6256 -3.1514 -2.7683 -2.4568 -2.1966 -1.9712 -1.7722 -1.6007
 -1.4563 -1.3275 -1.2001 -1.0728 -0.9526 -0.6991 -0.5010 -0.3521 -0.2456 -0.1699
 -0.1151 -0.0753 -0.0458 -0.0223 -0.0022  0.0157  0.0310  0.0434  0.0521  0.0540
  0.0464
 -4.9125 -4.2242 -3.6157 -3.1008 -2.6813 -2.3454 -2.0746 -1.8508 -1.6604 -1.4956
 -1.3536 -1.2336 -1.1317 -1.0381 -0.9428 -0.7068 -0.5103 -0.3587 -0.2485 -0.1708
 -0.1163 -0.0785 -0.0524 -0.0335 -0.0182 -0.0046  0.0075  0.0180  0.0262  0.0308
  0.0294
 -4.9583 -4.2872 -3.6642 -3.1244 -2.6753 -2.3142 -2.0272 -1.7964 -1.6067 -1.4464
 -1.3082 -1.1880 -1.0831 -0.9914 -0.9092 -0.7109 -0.5215 -0.3684 -0.2540 -0.1727
 -0.1168 -0.0794 -0.0556 -0.0407 -0.0304 -0.0219 -0.0144 -0.0074 -0.0015  0.0027
  0.0039
 -4.9740 -4.3320 -3.7309 -3.1829 -2.7172 -2.3348 -2.0286 -1.7849 -1.5883 -1.4256
 -1.2875 -1.1678 -1.0621 -0.9679 -0.8831 -0.7003 -0.5296 -0.3784 -0.2607 -0.1752
 -0.1164 -0.0781 -0.0551 -0.0429 -0.0371 -0.0339 -0.0318 -0.0297 -0.0276 -0.0261
 -0.0258
 -4.9703 -4.3625 -3.7880 -3.2608 -2.7919 -2.3963 -2.0717 -1.8105 -1.6003 -1.4287
 -1.2853 -1.1626 -1.0551 -0.9594 -0.8645 -0.6750 -0.5346 -0.3887 -0.2686
 [Fe/H] = -0.25 [alpha/Fe] = 0.00 BC value = F547M
 -6.8807 -6.5010 -6.1650 -5.8676 -5.6109 -5.2503 -4.6307 -3.7303 -2.8841 -2.2571
 -1.8329 -1.5397 -1.3237 -1.1532 -1.0102 -0.7328 -0.5314 -0.3762 -0.2495
 -6.5333 -6.1055 -5.7327 -5.4102 -5.1143 -4.7699 -4.2270 -3.4790 -2.7475 -2.1738
 -1.7687 -1.4832 -1.2717 -1.1049 -0.9653 -0.6931 -0.4979 -0.3526 -0.2376 -0.1422
 -6.3141 -5.8388 -5.4187 -5.0538 -4.7304 -4.3956 -3.9322 -3.3098 -2.6764 -2.1463
 -1.7511 -1.4651 -1.2524 -1.0854 -0.9466 -0.6752 -0.4811 -0.3403 -0.2318 -0.1436
 -0.0718
 -6.1492 -5.6472 -5.1898 -4.7822 -4.4196 -4.0782 -3.6838 -3.1670 -2.6223 -2.1384
 -1.7558 -1.4686 -1.2523 -1.0831 -0.9438 -0.6718 -0.4755 -0.3353 -0.2304 -0.1469
 -0.0795 -0.0251
 -5.8401 -5.3952 -4.9653 -4.5572 -4.1734 -3.8120 -3.4524 -3.0265 -2.5618 -2.1284
 -1.7661 -1.4820 -1.2627 -1.0906 -0.9498 -0.6771 -0.4776 -0.3353 -0.2316 -0.1513
 -0.0873 -0.0363  0.0055  0.0411
 -5.3325 -4.8795 -4.5106 -4.1918 -3.8845 -3.5651 -3.2290 -2.8719 -2.4828 -2.1033
 -1.7695 -1.4953 -1.2769 -1.1028 -0.9605 -0.6871 -0.4849 -0.3388 -0.2344 -0.1559
 -0.0947 -0.0465 -0.0078  0.0245  0.0518  0.0741  0.0906  0.0992  0.1000  0.0952
 -5.0820 -4.5331 -4.0801 -3.7141 -3.4106 -3.1439 -2.8923 -2.6298 -2.3409 -2.0394
 -1.7522 -1.5001 -1.2890 -1.1160 -0.9728 -0.6991 -0.4957 -0.3451 -0.2382 -0.1601
 -0.1009 -0.0553 -0.0197  0.0093  0.0338  0.0545  0.0712  0.0826  0.0870  0.0831
  0.0733
 -5.0310 -4.4147 -3.8860 -3.4482 -3.0911 -2.7929 -2.5318 -2.2908 -2.0619 -1.8497
 -1.6527 -1.4647 -1.2862 -1.1249 -0.9847 -0.7118 -0.5081 -0.3539 -0.2430 -0.1638
 -0.1055 -0.0620 -0.0294 -0.0042  0.0167  0.0344  0.0490  0.0607  0.0679  0.0684
  0.0600
 -5.0814 -4.4252 -3.8411 -3.3441 -2.9339 -2.5983 -2.3193 -2.0778 -1.8601 -1.6632
 -1.4914 -1.3465 -1.2206 -1.1020 -0.9842 -0.7218 -0.5190 -0.3627 -0.2477 -0.1659
 -0.1076 -0.0658 -0.0359 -0.0144  0.0022  0.0160  0.0275  0.0370  0.0439  0.0472
  0.0441
 -5.1697 -4.5030 -3.8887 -3.3491 -2.8934 -2.5203 -2.2169 -1.9667 -1.7544 -1.5691
 -1.4063 -1.2652 -1.1453 -1.0431 -0.9513 -0.7304 -0.5318 -0.3744 -0.2553 -0.1696
 -0.1095 -0.0680 -0.0399 -0.0214 -0.0090  0.0002  0.0075  0.0136  0.0183  0.0210
  0.0205
 -5.2283 -4.5818 -3.9685 -3.4076 -2.9223 -2.5166 -2.1867 -1.9202 -1.7019 -1.5193
 -1.3626 -1.2266 -1.1079 -1.0046 -0.9142 -0.7219 -0.5423 -0.3860 -0.2641 -0.1741
 -0.1109 -0.0683 -0.0408 -0.0244 -0.0156 -0.0110 -0.0085 -0.0069 -0.0059 -0.0057
 -0.0069
 -5.2577 -4.6378 -4.0444 -3.4919 -2.9933 -2.5664 -2.2124 -1.9251 -1.6929 -1.5031
 -1.3446 -1.2093 -1.0917 -0.9883 -0.8729 -0.6963 -0.5505 -0.3975 -0.2741
 [Fe/H] =  0.00 [alpha/Fe] = 0.00 BC value = F547M
 -6.9770 -6.6360 -6.3452 -6.1023 -5.8751 -5.5592 -4.9602 -4.0209 -3.1078 -2.3901
 -1.9023 -1.5718 -1.3357 -1.1533 -1.0057 -0.7226 -0.5195 -0.3649 -0.2398
 -6.6349 -6.2498 -5.9262 -5.6614 -5.4252 -5.1335 -4.6056 -3.8123 -2.9940 -2.3254
 -1.8532 -1.5270 -1.2927 -1.1135 -0.9675 -0.6885 -0.4895 -0.3425 -0.2275 -0.1319
 -6.4197 -5.9856 -5.6136 -5.3049 -5.0432 -4.7658 -4.3290 -3.6704 -2.9504 -2.3224
 -1.8541 -1.5222 -1.2825 -1.1007 -0.9539 -0.6741 -0.4747 -0.3309 -0.2212 -0.1321
 -0.0588
 -6.2813 -5.8088 -5.3893 -5.0293 -4.7248 -4.4428 -4.0830 -3.5441 -2.9221 -2.3418
 -1.8803 -1.5407 -1.2923 -1.1047 -0.9552 -0.6730 -0.4707 -0.3263 -0.2192 -0.1342
 -0.0650 -0.0089
 -6.0340 -5.6439 -5.2113 -4.8200 -4.4738 -4.1615 -3.8419 -3.4073 -2.8803 -2.3578
 -1.9138 -1.5708 -1.3140 -1.1192 -0.9655 -0.6800 -0.4741 -0.3266 -0.2199 -0.1375
 -0.0714 -0.0183  0.0245  0.0596
 -5.6598 -5.2773 -4.9264 -4.5867 -4.2541 -3.9282 -3.6077 -3.2490 -2.8116 -2.3539
 -1.9403 -1.6028 -1.3411 -1.1398 -0.9811 -0.6915 -0.4828 -0.3309 -0.2226 -0.1414
 -0.0777 -0.0270  0.0132  0.0459  0.0728  0.0944  0.1090  0.1154  0.1149  0.1085
 -5.2688 -4.7969 -4.4214 -4.1222 -3.8667 -3.6207 -3.3564 -3.0543 -2.7031 -2.3183
 -1.9482 -1.6276 -1.3678 -1.1627 -0.9996 -0.7054 -0.4950 -0.3386 -0.2268 -0.1454
 -0.0832 -0.0347  0.0030  0.0329  0.0573  0.0775  0.0927  0.1017  0.1037  0.0983
  0.0870
 -5.1371 -4.5806 -4.1144 -3.7373 -3.4334 -3.1768 -2.9433 -2.7120 -2.4598 -2.1848
 -1.9008 -1.6281 -1.3862 -1.1841 -1.0192 -0.7202 -0.5090 -0.3491 -0.2328 -0.1495
 -0.0878 -0.0410 -0.0056  0.0214  0.0427  0.0599  0.0732  0.0827  0.0877  0.0855
  0.0755
 -5.1589 -4.5464 -4.0099 -3.5580 -3.1869 -2.8815 -2.6204 -2.3822 -2.1510 -1.9252
 -1.7150 -1.5244 -1.3481 -1.1826 -1.0310 -0.7334 -0.5217 -0.3600 -0.2393 -0.1528
 -0.0905 -0.0448 -0.0115  0.0126  0.0304  0.0440  0.0545  0.0622  0.0668  0.0674
  0.0615
 -5.2648 -4.6216 -4.0387 -3.5281 -3.0970 -2.7403 -2.4445 -2.1920 -1.9661 -1.7564
 -1.5636 -1.3936 -1.2486 -1.1236 -1.0099 -0.7479 -0.5368 -0.3739 -0.2494 -0.1585
 -0.0938 -0.0480 -0.0160  0.0058  0.0204  0.0302  0.0370  0.0416  0.0442  0.0440
  0.0410
 -5.3652 -4.7293 -4.1251 -3.5800 -3.1036 -2.7019 -2.3696 -2.0946 -1.8625 -1.6609
 -1.4813 -1.3218 -1.1830 -1.0641 -0.9620 -0.7460 -0.5507 -0.3880 -0.2609 -0.1654
 -0.0973 -0.0500 -0.0182  0.0021  0.0140  0.0201  0.0227  0.0233  0.0226  0.0204
  0.0164
 -5.4318 -4.8177 -4.2251 -3.6694 -3.1683 -2.7335 -2.3685 -2.0675 -1.8196 -1.6130
 -1.4371 -1.2845 -1.1510 -1.0346 -0.8873 -0.7277 -0.5634 -0.4023 -0.2738
 [Fe/H] =  0.25 [alpha/Fe] = 0.00 BC value = F547M
 -7.0162 -6.7160 -6.4740 -6.2405 -5.9515 -5.5516 -4.9960 -4.2490 -3.3518 -2.5680
 -2.0103 -1.6329 -1.3684 -1.1715 -1.0131 -0.7205 -0.5130 -0.3578 -0.2338
 -6.6808 -6.3400 -6.0680 -5.8606 -5.6818 -5.4306 -4.9266 -4.1058 -3.2581 -2.5168
 -1.9729 -1.5978 -1.3337 -1.1372 -0.9816 -0.6919 -0.4873 -0.3370 -0.2207 -0.1248
 -6.4659 -6.0743 -5.7523 -5.5015 -5.2998 -5.0759 -4.6757 -4.0011 -3.2337 -2.5314
 -1.9903 -1.6053 -1.3325 -1.1306 -0.9724 -0.6805 -0.4746 -0.3264 -0.2145 -0.1241
 -0.0483
 -6.3355 -5.8980 -5.5213 -5.2136 -4.9692 -4.7455 -4.4311 -3.8945 -3.2285 -2.5719
 -2.0358 -1.6386 -1.3525 -1.1414 -0.9780 -0.6813 -0.4720 -0.3225 -0.2124 -0.1255
 -0.0542  0.0041
 -6.2285 -5.7698 -5.3574 -4.9997 -4.7037 -4.4486 -4.1798 -3.7650 -3.2056 -2.6121
 -2.0907 -1.6857 -1.3861 -1.1638 -0.9932 -0.6898 -0.4767 -0.3234 -0.2131 -0.1284
 -0.0600 -0.0043  0.0406  0.0768
 -5.9643 -5.5613 -5.1766 -4.8186 -4.4925 -4.2005 -3.9297 -3.6000 -3.1472 -2.6291
 -2.1392 -1.7371 -1.4271 -1.1938 -1.0149 -0.7030 -0.4866 -0.3287 -0.2160 -0.1319
 -0.0657 -0.0124  0.0303  0.0645  0.0921  0.1135  0.1277  0.1327  0.1313  0.1236
 -5.4621 -5.0807 -4.7641 -4.4966 -4.2377 -3.9741 -3.7006 -3.4074 -3.0445 -2.6095
 -2.1686 -1.7813 -1.4693 -1.2277 -1.0408 -0.7189 -0.5000 -0.3377 -0.2209 -0.1360
 -0.0709 -0.0196  0.0209  0.0529  0.0785  0.0987  0.1134  0.1218  0.1220  0.1156
  0.1029
 -5.2165 -4.7254 -4.3296 -4.0218 -3.7784 -3.5713 -3.3718 -3.1490 -2.8713 -2.5329
 -2.1625 -1.8085 -1.5056 -1.2614 -1.0685 -0.7365 -0.5153 -0.3497 -0.2281 -0.1406
 -0.0756 -0.0257  0.0129  0.0425  0.0656  0.0836  0.0970  0.1057  0.1090  0.1048
  0.0936
 -5.1781 -4.6176 -4.1375 -3.7446 -3.4299 -3.1749 -2.9549 -2.7481 -2.5313 -2.2887
 -2.0275 -1.7630 -1.5095 -1.2831 -1.0922 -0.7531 -0.5295 -0.3622 -0.2362 -0.1449
 -0.0788 -0.0296  0.0072  0.0346  0.0549  0.0700  0.0809  0.0880  0.0912  0.0898
  0.0815
 -5.2691 -4.6650 -4.1238 -3.6592 -3.2726 -2.9552 -2.6910 -2.4596 -2.2410 -2.0212
 -1.8050 -1.6008 -1.4159 -1.2482 -1.0943 -0.7730 -0.5464 -0.3779 -0.2484 -0.1523
 -0.0834 -0.0336  0.0023  0.0279  0.0458  0.0578  0.0655  0.0700  0.0715  0.0698
  0.0641
 -5.3979 -4.7810 -4.2048 -3.6899 -3.2449 -2.8704 -2.5585 -2.2958 -2.0664 -1.8559
 -1.6567 -1.4714 -1.3064 -1.1639 -1.0407 -0.7804 -0.5630 -0.3937 -0.2620 -0.1616
 -0.0887 -0.0371 -0.0010  0.0235  0.0393  0.0486  0.0528  0.0539  0.0525  0.0489
  0.0427
 -5.5070 -4.9006 -4.3218 -3.7784 -3.2965 -2.8770 -2.5222 -2.2256 -1.9757 -1.7609
 -1.5703 -1.3986 -1.2446 -1.1095 -0.9314 -0.7753 -0.5793 -0.4096 -0.2770
 [Fe/H] =  0.50 [alpha/Fe] = 0.00 BC value = F547M
 -7.0002 -7.2103 -7.1905 -6.9648 -6.5539 -5.9762 -5.2480 -4.4127 -3.5791 -2.7716
 -2.1489 -1.7196 -1.4222 -1.2041 -1.0352 -0.7265 -0.5135 -0.3547 -0.2303
 -6.6764 -6.3876 -6.1700 -6.0194 -5.9067 -5.6716 -5.1506 -4.3217 -3.4974 -2.7254
 -2.1196 -1.6932 -1.3941 -1.1759 -1.0072 -0.7025 -0.4908 -0.3354 -0.2128 -0.1139
 -6.4628 -6.1149 -5.8501 -5.6578 -5.5116 -5.3341 -4.9594 -4.2699 -3.4899 -2.7509
 -2.1504 -1.7120 -1.4013 -1.1750 -1.0018 -0.6934 -0.4796 -0.3256 -0.2105 -0.1181
 -0.0403
 -6.3335 -5.9363 -5.6075 -5.3552 -5.1689 -4.9975 -4.7206 -4.1925 -3.5019 -2.8065
 -2.2099 -1.7588 -1.4316 -1.1927 -1.0117 -0.6956 -0.4780 -0.3222 -0.2083 -0.1190
 -0.0454  0.0155
 -6.2530 -5.8192 -5.4393 -5.1251 -4.8842 -4.6847 -4.4617 -4.0742 -3.4993 -2.8624
 -2.2822 -1.8215 -1.4774 -1.2236 -1.0323 -0.7054 -0.4835 -0.3237 -0.2089 -0.1213
 -0.0503  0.0080  0.0553  0.0932
 -6.1181 -5.6931 -5.3027 -4.9553 -4.6588 -4.4144 -4.1964 -3.9027 -3.4536 -2.8987
 -2.3515 -1.8896 -1.5326 -1.2639 -1.0609 -0.7203 -0.4941 -0.3297 -0.2119 -0.1245
 -0.0555  0.0006  0.0459  0.0822  0.1109  0.1329  0.1468  0.1517  0.1491  0.1400
 -5.7113 -5.3116 -5.0477 -4.7486 -4.4636 -4.1972 -3.9514 -3.6981 -3.3523 -2.8949
 -2.4011 -1.9539 -1.5900 -1.3094 -1.0952 -0.7387 -0.5084 -0.3396 -0.2173 -0.1285
 -0.0604 -0.0062  0.0373  0.0716  0.0988  0.1200  0.1350  0.1428  0.1418  0.1344
  0.1203
 -5.2990 -4.8811 -4.5586 -4.3115 -4.1067 -3.9135 -3.7089 -3.4789 -3.1988 -2.8366
 -2.4143 -2.0002 -1.6426 -1.3563 -1.1325 -0.7598 -0.5247 -0.3529 -0.2255 -0.1334
 -0.0651 -0.0121  0.0296  0.0621  0.0874  0.1069  0.1210  0.1295  0.1317  0.1258
  0.1134
 -5.1739 -4.6691 -4.2514 -3.9218 -3.6678 -3.4669 -3.2957 -3.1294 -2.9337 -2.6740
 -2.3527 -2.0036 -1.6743 -1.3935 -1.1662 -0.7804 -0.5403 -0.3664 -0.2350 -0.1387
 -0.0687 -0.0161  0.0241  0.0547  0.0779  0.0951  0.1072  0.1146  0.1172  0.1140
  0.1036
 -5.2235 -4.6622 -4.1705 -3.7591 -3.4256 -3.1590 -2.9407 -2.7491 -2.5631 -2.3614
 -2.1325 -1.8861 -1.6387 -1.4049 -1.1953 -0.8059 -0.5592 -0.3834 -0.2488 -0.1477
 -0.0743 -0.0207  0.0190  0.0482  0.0694  0.0843  0.0939  0.0992  0.1005  0.0975
  0.0898
 -5.3576 -4.7647 -4.2247 -3.7499 -3.3477 -3.0141 -2.7393 -2.5075 -2.3003 -2.1004
 -1.8968 -1.6930 -1.4982 -1.3202 -1.1597 -0.8256 -0.5788 -0.4009 -0.2643 -0.1591
 -0.0813 -0.0254  0.0148  0.0434  0.0630  0.0757  0.0827  0.0852  0.0841  0.0797
  0.0718
 -5.4936 -4.9039 -4.3414 -3.8296 -3.3761 -2.9872 -2.6596 -2.3846 -2.1499 -1.9414
 -1.7468 -1.5609 -1.3861 -1.2284 -1.0594 -0.8395 -0.5991 -0.4189 -0.2815
 [Fe/H] =  0.75 [alpha/Fe] = 0.00 BC value = F547M
 -6.9310 -6.9641 -6.8476 -6.5972 -6.2267 -5.7479 -5.1716 -4.5072 -3.7632 -2.9821
 -2.3144 -1.8325 -1.4972 -1.2560 -1.0708 -0.7417 -0.5209 -0.3568 -0.2293
 -6.6229 -6.3928 -6.2404 -6.1479 -6.0440 -5.7911 -5.2610 -4.4598 -3.6961 -2.9394
 -2.2925 -1.8142 -1.4761 -1.2317 -1.0467 -0.7224 -0.5009 -0.3393 -0.2163 -0.1169
 -6.4116 -6.0885 -5.9152 -5.7829 -5.6878 -5.5497 -5.1876 -4.4645 -3.7018 -2.9686
 -2.3303 -1.8430 -1.4914 -1.2366 -1.0448 -0.7149 -0.4915 -0.3304 -0.2107 -0.1155
 -0.0360
 -6.2812 -5.9318 -5.6579 -5.4653 -5.3354 -5.2097 -4.9692 -4.4423 -3.7320 -3.0309
 -2.3997 -1.9014 -1.5315 -1.2613 -1.0590 -0.7178 -0.4904 -0.3273 -0.2085 -0.1160
 -0.0395  0.0242
 -6.2102 -5.8130 -5.4770 -5.2144 -5.0304 -4.8832 -4.7011 -4.3378 -3.7499 -3.0952
 -2.4834 -1.9767 -1.5892 -1.3010 -1.0854 -0.7286 -0.4960 -0.3290 -0.2088 -0.1177
 -0.0438  0.0175  0.0677  0.1079
 -6.1411 -5.7256 -5.3535 -5.0357 -4.7820 -4.5903 -4.4206 -4.1608 -3.7220 -3.1471
 -2.5645 -2.0589 -1.6576 -1.3520 -1.1217 -0.7453 -0.5068 -0.3352 -0.2117 -0.1204
 -0.0483  0.0109  0.0592  0.0979  0.1283  0.1512  0.1652  0.1699  0.1676  0.1572
 -5.8965 -5.5354 -5.1960 -4.8794 -4.5963 -4.3549 -4.1537 -3.9422 -3.6214 -3.1575
 -2.6298 -2.1369 -1.7283 -1.4096 -1.1652 -0.7669 -0.5215 -0.3455 -0.2174 -0.1242
 -0.0528  0.0047  0.0512  0.0883  0.1175  0.1400  0.1556  0.1634  0.1622  0.1541
  0.1386
 -5.4044 -5.0775 -4.8033 -4.5718 -4.3568 -4.1387 -3.9246 -3.7136 -3.4605 -3.1060
 -2.6576 -2.1991 -1.7972 -1.4693 -1.2127 -0.7924 -0.5389 -0.3594 -0.2263 -0.1294
 -0.0573 -0.0009  0.0440  0.0795  0.1072  0.1285  0.1437  0.1529  0.1547  0.1479
  0.1345
 -5.1667 -4.7252 -4.3760 -4.1082 -3.9084 -3.7500 -3.6053 -3.4486 -3.2504 -2.9779
 -2.6225 -2.2228 -1.8428 -1.5186 -1.2568 -0.8180 -0.5561 -0.3738 -0.2367 -0.1353
 -0.0612 -0.0050  0.0387  0.0726  0.0986  0.1183  0.1321  0.1405  0.1432  0.1392
  0.1273
 -5.1508 -4.6393 -4.2032 -3.8478 -3.5707 -3.3569 -3.1872 -3.0421 -2.8993 -2.7249
 -2.4849 -2.1846 -1.8621 -1.5606 -1.3023 -0.8495 -0.5775 -0.3918 -0.2517 -0.1455
 -0.0675 -0.0100  0.0334  0.0662  0.0907  0.1085  0.1205  0.1274  0.1294  0.1258
  0.1169
 -5.2606 -4.7067 -4.2089 -3.7808 -3.4261 -3.1396 -2.9093 -2.7185 -2.5484 -2.3803
 -2.1960 -1.9847 -1.7557 -1.5258 -1.3099 -0.8798 -0.6003 -0.4107 -0.2687 -0.1585
 -0.0760 -0.0157  0.0285  0.0609  0.0843  0.1005  0.1105  0.1154  0.1156  0.1112
  0.1020
 -5.4160 -4.8453 -4.3127 -3.8347 -3.4186 -3.0678 -2.7766 -2.5349 -2.3285 -2.1420
 -1.9605 -1.7745 -1.5880 -1.4060 -1.2796 -0.9089 -0.6245 -0.4305 -0.2877
 [Fe/H] =  1.00 [alpha/Fe] = 0.00 BC value = F547M
 -6.8242 -6.8514 -6.7423 -6.5111 -6.1702 -5.7307 -5.2022 -4.5934 -3.9135 -3.1875
 -2.4980 -1.9685 -1.5934 -1.3243 -1.1220 -0.7699 -0.5352 -0.3646 -0.2307
 -6.5265 -6.9171 -7.0360 -6.9112 -6.5672 -6.0256 -5.3215 -4.5626 -3.8595 -3.1465
 -2.4811 -1.9587 -1.5800 -1.3063 -1.1015 -0.7533 -0.5191 -0.3495 -0.2216 -0.1189
 -6.3120 -6.4133 -5.9525 -5.8824 -5.8333 -5.7289 -5.3291 -4.5908 -3.8728 -3.1717
 -2.5236 -1.9965 -1.6038 -1.3172 -1.1036 -0.7466 -0.5116 -0.3421 -0.2166 -0.1174
 -0.0352
 -6.1762 -5.8848 -5.6757 -5.5481 -5.4726 -5.3875 -5.1762 -4.6346 -3.9216 -3.2342
 -2.5983 -2.0646 -1.6535 -1.3494 -1.1225 -0.7500 -0.5107 -0.3393 -0.2144 -0.1174
 -0.0383  0.0286
 -6.1074 -5.7571 -5.4752 -5.2731 -5.1480 -5.0499 -4.9037 -4.5618 -3.9626 -3.3041
 -2.6841 -2.1477 -1.7218 -1.3982 -1.1554 -0.7618 -0.5158 -0.3408 -0.2145 -0.1191
 -0.0418  0.0229  0.0763  0.1192
 -6.0693 -5.6833 -5.3470 -5.0742 -4.8742 -4.7367 -4.6110 -4.3819 -3.9517 -3.3661
 -2.7718 -2.2390 -1.8010 -1.4596 -1.1999 -0.7808 -0.5265 -0.3467 -0.2170 -0.1212
 -0.0455  0.0171  0.0686  0.1104  0.1433  0.1670  0.1813  0.1874  0.1853  0.1745
 -5.9533 -5.5787 -5.2382 -4.9326 -4.6757 -4.4754 -4.3227 -4.1504 -3.8533 -3.3879
 -2.8448 -2.3273 -1.8829 -1.5287 -1.2529 -0.8061 -0.5415 -0.3570 -0.2225 -0.1244
 -0.0493  0.0116  0.0615  0.1017  0.1338  0.1579  0.1741  0.1822  0.1819  0.1736
  0.1573
 -5.5359 -5.2588 -4.9917 -4.7350 -4.4929 -4.2702 -4.0753 -3.9031 -3.6816 -3.3429
 -2.8841 -2.3983 -1.9618 -1.5997 -1.3108 -0.8370 -0.5601 -0.3712 -0.2316 -0.1295
 -0.0535  0.0064  0.0548  0.0936  0.1241  0.1474  0.1643  0.1742  0.1763  0.1698
  0.1559
 -5.1654 -4.7949 -4.5155 -4.3051 -4.1393 -3.9867 -3.8285 -3.6608 -3.4697 -3.2128
 -2.8567 -2.4330 -2.0188 -1.6592 -1.3648 -0.8684 -0.5793 -0.3859 -0.2426 -0.1358
 -0.0573  0.0026  0.0499  0.0873  0.1164  0.1384  0.1542  0.1642  0.1677  0.1637
  0.1514
 -5.0654 -4.6128 -4.2355 -3.9399 -3.7182 -3.5531 -3.4259 -3.3154 -3.1951 -3.0245
 -2.7648 -2.4262 -2.0585 -1.7155 -1.4214 -0.9067 -0.6036 -0.4048 -0.2583 -0.1468
 -0.0641 -0.0026  0.0445  0.0810  0.1089  0.1296  0.1441  0.1531  0.1564  0.1533
  0.1441
 -5.1297 -4.6228 -4.1748 -3.7983 -3.4944 -3.2564 -3.0718 -2.9242 -2.7971 -2.6710
 -2.5170 -2.3002 -2.0252 -1.7322 -1.4587 -0.9452 -0.6302 -0.4252 -0.2761 -0.1610
 -0.0736 -0.0090  0.0392  0.0755  0.1025  0.1221  0.1351  0.1427  0.1449  0.1416
  0.1329
 -5.2797 -4.7422 -4.2487 -3.8106 -3.4372 -3.1286 -2.8779 -2.6742 -2.5038 -2.3502
 -2.1988 -2.0342 -1.8452 -1.6367 -1.4767 -0.9839 -0.6591 -0.4471 -0.2960
