 [Fe/H] = -2.50 [alpha/Fe] = 0.00 BC value = F625W
 -1.3815 -0.8035 -0.4285 -0.3089 -0.5439 -0.9573 -1.5946 -1.4820 -1.3715 -1.2535
 -1.1302 -1.0488 -0.9096 -0.7723 -0.6438 -0.3981 -0.2168 -0.0966 -0.0179
 -2.2839 -1.9586 -1.7250 -1.5739 -1.4787 -1.3945 -1.3076 -1.2221 -1.1400 -1.0591
 -0.9699 -0.8679 -0.7576 -0.6499 -0.5504 -0.3438 -0.1937 -0.0931 -0.0280  0.0142
 -2.1143 -1.8115 -1.5741 -1.3929 -1.2620 -1.1771 -1.1242 -1.0706 -1.0019 -0.9229
 -0.8450 -0.7649 -0.6747 -0.5812 -0.4935 -0.3126 -0.1834 -0.0968 -0.0399 -0.0018
  0.0239
 -1.9860 -1.7166 -1.4962 -1.3155 -1.1706 -1.0598 -0.9786 -0.9211 -0.8753 -0.8209
 -0.7525 -0.6829 -0.6099 -0.5312 -0.4538 -0.2914 -0.1767 -0.1015 -0.0518 -0.0176
  0.0063  0.0229
 -1.8585 -1.6273 -1.4327 -1.2654 -1.1213 -1.0013 -0.9059 -0.8315 -0.7718 -0.7209
 -0.6699 -0.6127 -0.5535 -0.4886 -0.4226 -0.2762 -0.1709 -0.1041 -0.0618 -0.0322
 -0.0107  0.0046  0.0152  0.0232
 -1.7237 -1.5284 -1.3625 -1.2154 -1.0823 -0.9634 -0.8615 -0.7783 -0.7109 -0.6531
 -0.6004 -0.5491 -0.4996 -0.4469 -0.3915 -0.2627 -0.1645 -0.1027 -0.0670 -0.0433
 -0.0258 -0.0129 -0.0038  0.0022  0.0058  0.0059  0.0011 -0.0097 -0.0271 -0.0516
 -1.5881 -1.4204 -1.2802 -1.1549 -1.0383 -0.9287 -0.8280 -0.7401 -0.6671 -0.6065
 -0.5527 -0.5022 -0.4540 -0.4075 -0.3600 -0.2473 -0.1565 -0.0970 -0.0655 -0.0482
 -0.0365 -0.0277 -0.0215 -0.0175 -0.0152 -0.0130 -0.0135 -0.0197 -0.0341 -0.0574
 -0.0861
 -1.4539 -1.3094 -1.1892 -1.0825 -0.9830 -0.8871 -0.7941 -0.7076 -0.6317 -0.5676
 -0.5134 -0.4648 -0.4189 -0.3751 -0.3317 -0.2302 -0.1472 -0.0889 -0.0582 -0.0455
 -0.0402 -0.0373 -0.0357 -0.0352 -0.0355 -0.0366 -0.0372 -0.0401 -0.0485 -0.0651
 -0.0915
 -1.3243 -1.2013 -1.0940 -1.0009 -0.9157 -0.8332 -0.7517 -0.6721 -0.5976 -0.5317
 -0.4758 -0.4281 -0.3853 -0.3451 -0.3056 -0.2121 -0.1353 -0.0797 -0.0480 -0.0364
 -0.0359 -0.0395 -0.0441 -0.0487 -0.0532 -0.0574 -0.0618 -0.0682 -0.0769 -0.0876
 -0.1002
 -1.1992 -1.0961 -1.0040 -0.9186 -0.8425 -0.7711 -0.7010 -0.6310 -0.5627 -0.4984
 -0.4413 -0.3928 -0.3515 -0.3148 -0.2799 -0.1957 -0.1237 -0.0706 -0.0381 -0.0250
 -0.0256 -0.0336 -0.0444 -0.0554 -0.0654 -0.0744 -0.0826 -0.0903 -0.1029 -0.1116
 -0.1174
 -1.0788 -0.9938 -0.9192 -0.8418 -0.7692 -0.7040 -0.6424 -0.5818 -0.5216 -0.4630
 -0.4078 -0.3586 -0.3170 -0.2820 -0.2510 -0.1783 -0.1117 -0.0609 -0.0287 -0.0139
 -0.0134 -0.0224 -0.0371 -0.0539 -0.0702 -0.0851 -0.0986 -0.1106 -0.1217 -0.1326
 -0.1444
 -0.9628 -0.8944 -0.8396 -0.7716 -0.7015 -0.6386 -0.5812 -0.5271 -0.4744 -0.4228
 -0.3726 -0.3257 -0.2839 -0.2487 -0.2189 -0.1599 -0.0993 -0.0506 -0.0198
 [Fe/H] = -2.00 [alpha/Fe] = 0.00 BC value = F625W
 -3.0538 -2.4810 -2.0229 -1.7003 -1.5474 -1.5025 -1.5773 -1.4372 -1.3067 -1.1801
 -1.0537 -0.9427 -0.8154 -0.6958 -0.5862 -0.3654 -0.2007 -0.0859 -0.0104
 -2.8287 -2.4247 -2.1293 -1.8806 -1.6678 -1.4926 -1.3498 -1.2305 -1.1251 -1.0257
 -0.9261 -0.8218 -0.7146 -0.6121 -0.5182 -0.3243 -0.1823 -0.0839 -0.0192  0.0241
 -2.5533 -2.1250 -1.8031 -1.5724 -1.4209 -1.3089 -1.2007 -1.0953 -0.9990 -0.9119
 -0.8297 -0.7459 -0.6551 -0.5632 -0.4775 -0.3011 -0.1740 -0.0870 -0.0300  0.0080
  0.0337
 -2.4106 -1.9991 -1.6799 -1.4364 -1.2550 -1.1246 -1.0397 -0.9808 -0.9159 -0.8382
 -0.7594 -0.6854 -0.6104 -0.5301 -0.4527 -0.2881 -0.1706 -0.0915 -0.0407 -0.0067
  0.0171  0.0334
 -2.3126 -1.9299 -1.6278 -1.3899 -1.2025 -1.0571 -0.9467 -0.8652 -0.8085 -0.7621
 -0.7052 -0.6394 -0.5722 -0.5029 -0.4328 -0.2801 -0.1689 -0.0949 -0.0494 -0.0198
  0.0011  0.0161  0.0262  0.0321
 -2.2184 -1.8710 -1.5928 -1.3692 -1.1864 -1.0361 -0.9144 -0.8181 -0.7423 -0.6821
 -0.6331 -0.5849 -0.5322 -0.4743 -0.4130 -0.2725 -0.1664 -0.0955 -0.0540 -0.0295
 -0.0127 -0.0005  0.0080  0.0133  0.0158  0.0153  0.0107  0.0000 -0.0206 -0.0460
 -2.1163 -1.8044 -1.5532 -1.3480 -1.1762 -1.0295 -0.9038 -0.7984 -0.7122 -0.6415
 -0.5818 -0.5296 -0.4828 -0.4363 -0.3858 -0.2617 -0.1614 -0.0925 -0.0532 -0.0336
 -0.0223 -0.0144 -0.0090 -0.0057 -0.0042 -0.0047 -0.0077 -0.0144 -0.0273 -0.0511
 -0.0800
 -2.0070 -1.7289 -1.5037 -1.3175 -1.1594 -1.0212 -0.8985 -0.7897 -0.6962 -0.6180
 -0.5523 -0.4953 -0.4447 -0.3983 -0.3539 -0.2450 -0.1532 -0.0863 -0.0476 -0.0310
 -0.0254 -0.0233 -0.0224 -0.0227 -0.0238 -0.0257 -0.0292 -0.0345 -0.0427 -0.0585
 -0.0856
 -1.8927 -1.6455 -1.4430 -1.2746 -1.1306 -1.0029 -0.8869 -0.7807 -0.6849 -0.6010
 -0.5300 -0.4698 -0.4169 -0.3695 -0.3254 -0.2245 -0.1404 -0.0772 -0.0384 -0.0225
 -0.0210 -0.0251 -0.0303 -0.0356 -0.0408 -0.0459 -0.0513 -0.0574 -0.0651 -0.0761
 -0.0939
 -1.7844 -1.5657 -1.3819 -1.2278 -1.0955 -0.9775 -0.8694 -0.7685 -0.6747 -0.5891
 -0.5135 -0.4488 -0.3942 -0.3466 -0.3034 -0.2066 -0.1271 -0.0675 -0.0288 -0.0115
 -0.0109 -0.0191 -0.0304 -0.0419 -0.0526 -0.0623 -0.0715 -0.0802 -0.0892 -0.0994
 -0.1106
 -1.6855 -1.4904 -1.3224 -1.1794 -1.0558 -0.9458 -0.8446 -0.7497 -0.6602 -0.5763
 -0.4993 -0.4307 -0.3725 -0.3237 -0.2815 -0.1899 -0.1139 -0.0570 -0.0192 -0.0005
  0.0014 -0.0078 -0.0230 -0.0403 -0.0572 -0.0728 -0.0872 -0.1001 -0.1122 -0.1242
 -0.1370
 -1.5964 -1.4228 -1.2694 -1.1345 -1.0168 -0.9120 -0.8161 -0.7262 -0.6411 -0.5605
 -0.4849 -0.4154 -0.3527 -0.3006 -0.2597 -0.1744 -0.1008 -0.0457 -0.0096
 [Fe/H] = -1.50 [alpha/Fe] = 0.00 BC value = F625W
 -4.3227 -3.7875 -3.3099 -2.8901 -2.5255 -2.2017 -1.9037 -1.6258 -1.3854 -1.1859
 -1.0186 -0.8744 -0.7466 -0.6347 -0.5356 -0.3323 -0.1804 -0.0707  0.0031
 -3.9736 -3.4437 -2.9644 -2.5471 -2.1936 -1.8967 -1.6416 -1.4149 -1.2206 -1.0574
 -0.9180 -0.7942 -0.6811 -0.5790 -0.4878 -0.3021 -0.1665 -0.0703 -0.0055  0.0370
 -3.4667 -2.9849 -2.6014 -2.2664 -1.9635 -1.6990 -1.4716 -1.2754 -1.1083 -0.9676
 -0.8475 -0.7406 -0.6402 -0.5463 -0.4610 -0.2871 -0.1614 -0.0735 -0.0150  0.0233
  0.0488
 -3.1593 -2.6328 -2.2189 -1.9017 -1.6667 -1.4921 -1.3325 -1.1759 -1.0299 -0.9022
 -0.7932 -0.6986 -0.6108 -0.5255 -0.4457 -0.2806 -0.1612 -0.0784 -0.0242  0.0104
  0.0335  0.0493
 -3.0121 -2.4746 -2.0482 -1.7186 -1.4649 -1.2743 -1.1358 -1.0334 -0.9477 -0.8530
 -0.7547 -0.6646 -0.5844 -0.5085 -0.4347 -0.2775 -0.1626 -0.0832 -0.0321 -0.0008
  0.0194  0.0334  0.0426  0.0476
 -2.9361 -2.4050 -1.9801 -1.6495 -1.3933 -1.1935 -1.0377 -0.9167 -0.8259 -0.7609
 -0.7019 -0.6340 -0.5613 -0.4906 -0.4230 -0.2742 -0.1630 -0.0860 -0.0371 -0.0090
  0.0075  0.0185  0.0259  0.0300  0.0313  0.0303  0.0244  0.0109 -0.0106 -0.0354
 -2.8731 -2.3645 -1.9514 -1.6268 -1.3726 -1.1709 -1.0091 -0.8788 -0.7743 -0.6908
 -0.6256 -0.5734 -0.5224 -0.4669 -0.4076 -0.2685 -0.1610 -0.0858 -0.0384 -0.0129
 -0.0006  0.0062  0.0104  0.0125  0.0126  0.0107  0.0060 -0.0023 -0.0167 -0.0413
 -0.0703
 -2.7951 -2.3207 -1.9300 -1.6176 -1.3701 -1.1710 -1.0082 -0.8725 -0.7596 -0.6664
 -0.5891 -0.5248 -0.4717 -0.4253 -0.3788 -0.2578 -0.1559 -0.0824 -0.0357 -0.0116
 -0.0031 -0.0014 -0.0017 -0.0033 -0.0057 -0.0091 -0.0142 -0.0212 -0.0312 -0.0483
 -0.0760
 -2.6910 -2.2591 -1.8979 -1.6038 -1.3667 -1.1738 -1.0135 -0.8772 -0.7598 -0.6593
 -0.5741 -0.5021 -0.4408 -0.3888 -0.3434 -0.2382 -0.1455 -0.0750 -0.0290 -0.0054
  0.0007 -0.0026 -0.0086 -0.0152 -0.0216 -0.0281 -0.0351 -0.0429 -0.0523 -0.0659
 -0.0840
 -2.5710 -2.1908 -1.8630 -1.5895 -1.3641 -1.1779 -1.0212 -0.8865 -0.7683 -0.6639
 -0.5724 -0.4937 -0.4266 -0.3693 -0.3198 -0.2173 -0.1318 -0.0657 -0.0205  0.0037
  0.0096  0.0033 -0.0082 -0.0206 -0.0325 -0.0436 -0.0542 -0.0646 -0.0752 -0.0871
 -0.0999
 -2.4403 -2.1098 -1.8190 -1.5694 -1.3585 -1.1799 -1.0269 -0.8938 -0.7761 -0.6708
 -0.5763 -0.4924 -0.4196 -0.3577 -0.3048 -0.1993 -0.1170 -0.0540 -0.0106  0.0142
  0.0212  0.0142 -0.0007 -0.0186 -0.0365 -0.0534 -0.0690 -0.0835 -0.0972 -0.1108
 -0.1251
 -2.3160 -2.0244 -1.7678 -1.5433 -1.3493 -1.1804 -1.0320 -0.9003 -0.7826 -0.6768
 -0.5810 -0.4946 -0.4136 -0.3470 -0.2984 -0.1842 -0.1011 -0.0399  0.0007
 [Fe/H] = -1.00 [alpha/Fe] = 0.00 BC value = F625W
 -5.1881 -4.7231 -4.2895 -3.8783 -3.4782 -3.0548 -2.5738 -2.0478 -1.6076 -1.2709
 -1.0249 -0.8440 -0.7033 -0.5891 -0.4920 -0.2988 -0.1558 -0.0510  0.0226
 -4.9059 -4.3939 -3.9179 -3.4779 -3.0690 -2.6725 -2.2491 -1.8246 -1.4623 -1.1740
 -0.9537 -0.7871 -0.6571 -0.5501 -0.4586 -0.2769 -0.1452 -0.0508  0.0147  0.0581
 -4.6494 -4.1429 -3.6569 -3.2021 -2.7857 -2.4062 -2.0394 -1.6821 -1.3708 -1.1152
 -0.9130 -0.7559 -0.6317 -0.5294 -0.4418 -0.2678 -0.1427 -0.0542  0.0065  0.0463
  0.0717
 -4.1674 -3.7108 -3.3123 -2.9336 -2.5625 -2.2097 -1.8821 -1.5758 -1.3034 -1.0733
 -0.8860 -0.7366 -0.6171 -0.5184 -0.4336 -0.2655 -0.1444 -0.0594 -0.0018  0.0354
  0.0586  0.0734
 -3.8283 -3.3039 -2.8619 -2.4941 -2.1937 -1.9458 -1.7097 -1.4689 -1.2396 -1.0365
 -0.8639 -0.7218 -0.6065 -0.5111 -0.4289 -0.2655 -0.1475 -0.0646 -0.0091  0.0260
  0.0470  0.0598  0.0676  0.0710
 -3.6852 -3.0993 -2.6076 -2.2112 -1.8931 -1.6369 -1.4297 -1.2604 -1.1160 -0.9756
 -0.8363 -0.7076 -0.5966 -0.5038 -0.4245 -0.2653 -0.1498 -0.0685 -0.0145  0.0188
  0.0374  0.0476  0.0533  0.0557  0.0549  0.0507  0.0425  0.0272  0.0042 -0.0209
 -3.6504 -3.0367 -2.5128 -2.0894 -1.7559 -1.4916 -1.2779 -1.1022 -0.9580 -0.8444
 -0.7545 -0.6697 -0.5818 -0.4956 -0.4183 -0.2635 -0.1504 -0.0703 -0.0173  0.0146
  0.0310  0.0379  0.0404  0.0406  0.0386  0.0343  0.0272  0.0162 -0.0008 -0.0264
 -0.0555
 -3.6395 -3.0283 -2.4926 -2.0523 -1.7039 -1.4311 -1.2139 -1.0373 -0.8910 -0.7700
 -0.6712 -0.5934 -0.5301 -0.4692 -0.4063 -0.2590 -0.1483 -0.0694 -0.0169  0.0140
  0.0286  0.0322  0.0307  0.0272  0.0225  0.0167  0.0091 -0.0006 -0.0137 -0.0326
 -0.0613
 -3.5958 -3.0113 -2.4868 -2.0466 -1.6925 -1.4137 -1.1928 -1.0139 -0.8661 -0.7422
 -0.6380 -0.5509 -0.4792 -0.4211 -0.3708 -0.2482 -0.1420 -0.0646 -0.0128  0.0177
  0.0309  0.0316  0.0256  0.0174  0.0087 -0.0002 -0.0098 -0.0203 -0.0325 -0.0486
 -0.0687
 -3.5171 -2.9785 -2.4812 -2.0568 -1.7065 -1.4239 -1.1999 -1.0186 -0.8685 -0.7414
 -0.6326 -0.5397 -0.4607 -0.3943 -0.3390 -0.2286 -0.1325 -0.0579 -0.0065  0.0242
  0.0373  0.0363  0.0265  0.0132 -0.0007 -0.0140 -0.0271 -0.0399 -0.0533 -0.0679
 -0.0852
 -3.3972 -2.9114 -2.4574 -2.0595 -1.7218 -1.4447 -1.2198 -1.0360 -0.8836 -0.7540
 -0.6415 -0.5434 -0.4584 -0.3857 -0.3241 -0.2077 -0.1185 -0.0476  0.0023  0.0332
  0.0468  0.0455  0.0334  0.0155 -0.0037 -0.0225 -0.0404 -0.0572 -0.0734 -0.0896
 -0.1066
 -3.2513 -2.8177 -2.4128 -2.0503 -1.7362 -1.4701 -1.2476 -1.0619 -0.9062 -0.7736
 -0.6582 -0.5565 -0.4665 -0.3879 -0.3261 -0.1855 -0.1000 -0.0337  0.0136
 [Fe/H] = -0.75 [alpha/Fe] = 0.00 BC value = F625W
 -5.4695 -5.0518 -4.6640 -4.2968 -3.9450 -3.5390 -3.0054 -2.3497 -1.7803 -1.3516
 -1.0512 -0.8430 -0.6912 -0.5721 -0.4728 -0.2819 -0.1419 -0.0395  0.0346
 -5.1938 -4.7292 -4.2994 -3.9015 -3.5259 -3.1360 -2.6544 -2.1203 -1.6460 -1.2718
 -0.9952 -0.7973 -0.6523 -0.5393 -0.4456 -0.2638 -0.1329 -0.0391  0.0265  0.0707
 -5.0009 -4.5117 -4.0510 -3.6211 -3.2236 -2.8423 -2.4241 -1.9754 -1.5681 -1.2320
 -0.9716 -0.7780 -0.6346 -0.5237 -0.4327 -0.2569 -0.1315 -0.0428  0.0186  0.0597
  0.0856
 -4.6756 -4.2471 -3.8211 -3.4031 -3.0007 -2.6202 -2.2489 -1.8660 -1.5105 -1.2070
 -0.9618 -0.7721 -0.6284 -0.5177 -0.4278 -0.2561 -0.1339 -0.0480  0.0106  0.0495
  0.0736  0.0883
 -4.3317 -3.8220 -3.3728 -3.0416 -2.7316 -2.4153 -2.0887 -1.7636 -1.4558 -1.1837
 -0.9554 -0.7714 -0.6278 -0.5162 -0.4264 -0.2575 -0.1376 -0.0533  0.0035  0.0406
  0.0630  0.0759  0.0832  0.0859
 -4.0631 -3.4518 -2.9949 -2.6206 -2.3100 -2.0450 -1.8125 -1.5889 -1.3624 -1.1415
 -0.9412 -0.7697 -0.6287 -0.5164 -0.4262 -0.2588 -0.1408 -0.0576 -0.0019  0.0337
  0.0543  0.0651  0.0703  0.0720  0.0702  0.0653  0.0554  0.0382  0.0142 -0.0112
 -3.9319 -3.3382 -2.8242 -2.3999 -2.0576 -1.7772 -1.5401 -1.3340 -1.1578 -1.0109
 -0.8784 -0.7486 -0.6251 -0.5164 -0.4257 -0.2588 -0.1423 -0.0601 -0.0050  0.0294
  0.0484  0.0567  0.0591  0.0584  0.0553  0.0497  0.0410  0.0286  0.0100 -0.0165
 -0.0454
 -3.9471 -3.3318 -2.7802 -2.3168 -1.9428 -1.6450 -1.4032 -1.2006 -1.0271 -0.8801
 -0.7609 -0.6667 -0.5845 -0.5030 -0.4223 -0.2569 -0.1416 -0.0601 -0.0054  0.0283
  0.0459  0.0518  0.0507  0.0465  0.0407  0.0336  0.0246  0.0132 -0.0015 -0.0220
 -0.0512
 -3.9522 -3.3444 -2.7849 -2.3008 -1.9043 -1.5893 -1.3391 -1.1358 -0.9663 -0.8225
 -0.7006 -0.5995 -0.5184 -0.4529 -0.3938 -0.2509 -0.1371 -0.0566 -0.0023  0.0310
  0.0475  0.0512  0.0465  0.0379  0.0282  0.0180  0.0069 -0.0051 -0.0189 -0.0358
 -0.0582
 -3.9184 -3.3482 -2.8024 -2.3191 -1.9135 -1.5861 -1.3269 -1.1181 -0.9475 -0.8043
 -0.6821 -0.5778 -0.4897 -0.4167 -0.3568 -0.2360 -0.1307 -0.0513  0.0028  0.0363
  0.0526  0.0550  0.0474  0.0344  0.0199  0.0054 -0.0091 -0.0234 -0.0383 -0.0546
 -0.0734
 -3.8356 -3.3069 -2.8003 -2.3361 -1.9374 -1.6077 -1.3418 -1.1272 -0.9529 -0.8075
 -0.6836 -0.5765 -0.4840 -0.4051 -0.3384 -0.2144 -0.1189 -0.0429  0.0105  0.0442
  0.0607  0.0627  0.0534  0.0368  0.0174 -0.0022 -0.0213 -0.0394 -0.0571 -0.0749
 -0.0936
 -3.7189 -3.2344 -2.7689 -2.3388 -1.9610 -1.6393 -1.3727 -1.1540 -0.9746 -0.8253
 -0.6983 -0.5881 -0.4916 -0.4075 -0.3386 -0.1861 -0.1017 -0.0314  0.0208
 [Fe/H] = -0.50 [alpha/Fe] = 0.00 BC value = F625W
 -5.6449 -5.2673 -4.9216 -4.6033 -4.3224 -3.9703 -3.4282 -2.6810 -1.9868 -1.4589
 -1.0995 -0.8565 -0.6869 -0.5599 -0.4582 -0.2655 -0.1272 -0.0263  0.0468
 -5.3753 -4.9541 -4.5710 -4.2248 -3.9057 -3.5624 -3.0721 -2.4549 -1.8677 -1.3969
 -1.0565 -0.8208 -0.6551 -0.5323 -0.4344 -0.2503 -0.1194 -0.0262  0.0396  0.0847
 -5.2077 -4.7532 -4.3325 -3.9493 -3.6007 -3.2580 -2.8306 -2.3111 -1.8059 -1.3779
 -1.0503 -0.8137 -0.6455 -0.5219 -0.4250 -0.2452 -0.1188 -0.0296  0.0322  0.0743
  0.1013
 -5.0254 -4.5797 -4.1516 -3.7478 -3.3713 -3.0166 -2.6408 -2.1994 -1.7604 -1.3730
 -1.0598 -0.8225 -0.6488 -0.5216 -0.4235 -0.2456 -0.1217 -0.0347  0.0247  0.0648
  0.0902  0.1052
 -4.5955 -4.2133 -3.8658 -3.5235 -3.1756 -2.8241 -2.4726 -2.0958 -1.7145 -1.3662
 -1.0719 -0.8378 -0.6597 -0.5271 -0.4262 -0.2483 -0.1260 -0.0401  0.0180  0.0565
  0.0805  0.0941  0.1011  0.1031
 -4.2534 -3.7847 -3.3974 -3.0780 -2.8018 -2.5420 -2.2675 -1.9630 -1.6466 -1.3445
 -1.0766 -0.8525 -0.6736 -0.5362 -0.4312 -0.2512 -0.1299 -0.0447  0.0126  0.0499
  0.0726  0.0846  0.0898  0.0908  0.0880  0.0814  0.0697  0.0514  0.0264  0.0002
 -4.1310 -3.5893 -3.1242 -2.7399 -2.4245 -2.1551 -1.9119 -1.6821 -1.4622 -1.2504
 -1.0442 -0.8518 -0.6845 -0.5465 -0.4375 -0.2532 -0.1325 -0.0479  0.0092  0.0457
  0.0671  0.0773  0.0802  0.0789  0.0747  0.0679  0.0579  0.0435  0.0231 -0.0044
 -0.0338
 -4.1424 -3.5563 -3.0316 -2.5864 -2.2224 -1.9243 -1.6716 -1.4464 -1.2411 -1.0614
 -0.9117 -0.7838 -0.6639 -0.5483 -0.4436 -0.2542 -0.1331 -0.0489  0.0082  0.0442
  0.0644  0.0729  0.0730  0.0686  0.0619  0.0534  0.0428  0.0298  0.0133 -0.0091
 -0.0392
 -4.1897 -3.5893 -3.0339 -2.5459 -2.1389 -1.8092 -1.5415 -1.3171 -1.1224 -0.9510
 -0.8033 -0.6819 -0.5851 -0.5037 -0.4271 -0.2527 -0.1303 -0.0465  0.0104  0.0461
  0.0653  0.0720  0.0694  0.0613  0.0509  0.0394  0.0269  0.0132 -0.0025 -0.0213
 -0.0454
 -4.2084 -3.6340 -3.0746 -2.5689 -2.1341 -1.7775 -1.4911 -1.2592 -1.0669 -0.9027
 -0.7608 -0.6389 -0.5370 -0.4540 -0.3862 -0.2453 -0.1267 -0.0427  0.0143  0.0503
  0.0693  0.0748  0.0700  0.0584  0.0437  0.0283  0.0125 -0.0035 -0.0201 -0.0383
 -0.0591
 -4.1751 -3.6327 -3.1046 -2.6024 -2.1616 -1.7909 -1.4887 -1.2459 -1.0491 -0.8855
 -0.7463 -0.6260 -0.5224 -0.4343 -0.3607 -0.2247 -0.1189 -0.0363  0.0207  0.0570
  0.0762  0.0812  0.0749  0.0605  0.0418  0.0218  0.0016 -0.0180 -0.0373 -0.0570
 -0.0776
 -4.0994 -3.5907 -3.0940 -2.6239 -2.1948 -1.8251 -1.5164 -1.2646 -1.0598 -0.8918
 -0.7508 -0.6299 -0.5248 -0.4335 -0.3506 -0.1909 -0.1069 -0.0273  0.0296
 [Fe/H] = -0.25 [alpha/Fe] = 0.00 BC value = F625W
 -5.7439 -5.3999 -5.0925 -4.8218 -4.6113 -4.3229 -3.8028 -3.0142 -2.2304 -1.6096
 -1.1809 -0.8946 -0.6997 -0.5595 -0.4508 -0.2531 -0.1143 -0.0138  0.0587
 -5.4781 -5.0936 -4.7531 -4.4580 -4.1988 -3.9184 -3.4600 -2.8040 -2.1265 -1.5604
 -1.1501 -0.8682 -0.6746 -0.5365 -0.4309 -0.2405 -0.1079 -0.0139  0.0521  0.0982
 -5.3211 -4.9004 -4.5203 -4.1859 -3.8956 -3.6130 -3.2164 -2.6661 -2.0802 -1.5606
 -1.1602 -0.8736 -0.6735 -0.5315 -0.4250 -0.2370 -0.1079 -0.0174  0.0450  0.0881
  0.1163
 -5.2003 -4.7651 -4.3592 -3.9900 -3.6605 -3.3598 -3.0171 -2.5529 -2.0475 -1.5756
 -1.1886 -0.8972 -0.6875 -0.5378 -0.4274 -0.2388 -0.1115 -0.0225  0.0379  0.0789
  0.1058  0.1217
 -4.9396 -4.5599 -4.1867 -3.8261 -3.4823 -3.1568 -2.8352 -2.4449 -2.0087 -1.5862
 -1.2202 -0.9294 -0.7109 -0.5518 -0.4351 -0.2428 -0.1164 -0.0282  0.0313  0.0709
  0.0966  0.1115  0.1188  0.1211
 -4.4947 -4.1078 -3.7910 -3.5159 -3.2487 -2.9665 -2.6599 -2.3256 -1.9537 -1.5812
 -1.2436 -0.9612 -0.7388 -0.5710 -0.4466 -0.2474 -0.1212 -0.0334  0.0259  0.0646
  0.0890  0.1027  0.1087  0.1096  0.1065  0.0991  0.0865  0.0666  0.0408  0.0140
 -4.2764 -3.7997 -3.4031 -3.0839 -2.8215 -2.5898 -2.3636 -2.1136 -1.8315 -1.5331
 -1.2431 -0.9835 -0.7658 -0.5932 -0.4611 -0.2518 -0.1249 -0.0373  0.0220  0.0602
  0.0835  0.0958  0.1001  0.0991  0.0947  0.0871  0.0762  0.0605  0.0384  0.0101
 -0.0197
 -4.2459 -3.7071 -3.2349 -2.8405 -2.5193 -2.2519 -2.0142 -1.7851 -1.5572 -1.3420
 -1.1418 -0.9519 -0.7722 -0.6117 -0.4777 -0.2562 -0.1269 -0.0394  0.0201  0.0582
  0.0805  0.0914  0.0936  0.0901  0.0833  0.0743  0.0627  0.0487  0.0305  0.0064
 -0.0246
 -4.3031 -3.7351 -3.2119 -2.7552 -2.3735 -2.0601 -1.7982 -1.5665 -1.3506 -1.1491
 -0.9710 -0.8221 -0.6970 -0.5850 -0.4780 -0.2592 -0.1258 -0.0381  0.0213  0.0592
  0.0807  0.0900  0.0901  0.0837  0.0738  0.0620  0.0485  0.0336  0.0164 -0.0040
 -0.0299
 -4.3754 -3.8090 -3.2666 -2.7721 -2.3426 -1.9857 -1.6934 -1.4500 -1.2401 -1.0524
 -0.8845 -0.7385 -0.6173 -0.5188 -0.4368 -0.2608 -0.1248 -0.0356  0.0242  0.0624
  0.0837  0.0918  0.0901  0.0811  0.0677  0.0523  0.0358  0.0187  0.0005 -0.0193
 -0.0418
 -4.3969 -3.8572 -3.3268 -2.8217 -2.3693 -1.9814 -1.6611 -1.4002 -1.1846 -1.0021
 -0.8432 -0.7042 -0.5840 -0.4827 -0.3990 -0.2434 -0.1216 -0.0310  0.0294  0.0681
  0.0895  0.0971  0.0940  0.0827  0.0661  0.0467  0.0263  0.0058 -0.0149 -0.0361
 -0.0584
 -4.3692 -3.8573 -3.3529 -2.8670 -2.4133 -2.0143 -1.6767 -1.3987 -1.1721 -0.9855
 -0.8284 -0.6932 -0.5756 -0.4736 -0.3646 -0.2070 -0.1162 -0.0243  0.0369
 [Fe/H] =  0.00 [alpha/Fe] = 0.00 BC value = F625W
 -5.7838 -5.4704 -5.1991 -4.9736 -4.7782 -4.5411 -4.0627 -3.2632 -2.4532 -1.7613
 -1.2698 -0.9399 -0.7170 -0.5588 -0.4415 -0.2361 -0.0965  0.0037  0.0759
 -5.5219 -5.1702 -4.8692 -4.6232 -4.4183 -4.1906 -3.7597 -3.0879 -2.3643 -1.7247
 -1.2502 -0.9221 -0.6978 -0.5405 -0.4243 -0.2250 -0.0906  0.0043  0.0706  0.1171
 -5.3693 -4.9787 -4.6364 -4.3494 -4.1150 -3.8891 -3.5284 -2.9693 -2.3364 -1.7434
 -1.2760 -0.9400 -0.7056 -0.5415 -0.4220 -0.2225 -0.0906  0.0014  0.0646  0.1080
  0.1371
 -5.2756 -4.8595 -4.4810 -4.1497 -3.8709 -3.6283 -3.3285 -2.8667 -2.3207 -1.7794
 -1.3236 -0.9789 -0.7311 -0.5557 -0.4293 -0.2254 -0.0942 -0.0032  0.0585  0.1001
  0.1278  0.1444
 -5.0748 -4.7373 -4.3562 -4.0046 -3.6890 -3.4107 -3.1379 -2.7598 -2.2939 -1.8099
 -1.3757 -1.0281 -0.7679 -0.5794 -0.4434 -0.2311 -0.0995 -0.0087  0.0526  0.0932
  0.1197  0.1355  0.1429  0.1440
 -4.7519 -4.4239 -4.1196 -3.8223 -3.5290 -3.2401 -2.9568 -2.6392 -2.2458 -1.8210
 -1.4191 -1.0784 -0.8107 -0.6101 -0.4629 -0.2379 -0.1051 -0.0141  0.0474  0.0875
  0.1130  0.1279  0.1343  0.1347  0.1305  0.1221  0.1072  0.0846  0.0576  0.0292
 -4.4082 -4.0000 -3.6750 -3.4178 -3.1999 -2.9902 -2.7606 -2.4877 -2.1643 -1.8031
 -1.4436 -1.1209 -0.8539 -0.6450 -0.4871 -0.2456 -0.1100 -0.0188  0.0433  0.0834
  0.1080  0.1218  0.1270  0.1261  0.1208  0.1124  0.0997  0.0813  0.0565  0.0267
 -0.0045
 -4.3012 -3.8147 -3.4039 -3.0733 -2.8113 -2.5938 -2.3946 -2.1874 -1.9492 -1.6854
 -1.4085 -1.1359 -0.8883 -0.6802 -0.5149 -0.2544 -0.1136 -0.0218  0.0406  0.0810
  0.1051  0.1177  0.1215  0.1187  0.1116  0.1014  0.0882  0.0718  0.0513  0.0244
 -0.0082
 -4.3368 -3.8032 -3.3262 -2.9203 -2.5883 -2.3179 -2.0876 -1.8727 -1.6536 -1.4317
 -1.2213 -1.0294 -0.8520 -0.6861 -0.5354 -0.2634 -0.1147 -0.0219  0.0407  0.0813
  0.1049  0.1162  0.1183  0.1135  0.1039  0.0913  0.0765  0.0595  0.0399  0.0168
 -0.0120
 -4.4363 -3.8858 -3.3726 -2.9111 -2.5158 -2.1878 -1.9161 -1.6822 -1.4680 -1.2621
 -1.0672 -0.8929 -0.7446 -0.6197 -0.5105 -0.2755 -0.1171 -0.0211  0.0422  0.0832
  0.1069  0.1174  0.1180  0.1112  0.0990  0.0835  0.0659  0.0470  0.0266  0.0039
 -0.0212
 -4.5092 -3.9762 -3.4550 -2.9689 -2.5318 -2.1566 -1.8435 -1.5828 -1.3607 -1.1639
 -0.9842 -0.8214 -0.6789 -0.5584 -0.4587 -0.2677 -0.1194 -0.0188  0.0459  0.0876
  0.1116  0.1217  0.1211  0.1125  0.0978  0.0792  0.0582  0.0363  0.0136 -0.0101
 -0.0352
 -4.5293 -4.0223 -3.5213 -3.0366 -2.5853 -2.1828 -1.8386 -1.5515 -1.3131 -1.1126
 -0.9394 -0.7866 -0.6515 -0.5338 -0.3800 -0.2400 -0.1216 -0.0150  0.0518
 [Fe/H] =  0.25 [alpha/Fe] = 0.00 BC value = F625W
 -5.7792 -5.5006 -5.2705 -5.0684 -4.8363 -4.5178 -4.0675 -3.4487 -2.6799 -1.9501
 -1.3957 -1.0151 -0.7569 -0.5773 -0.4442 -0.2250 -0.0816  0.0192  0.0919
 -5.5244 -5.2088 -4.9506 -4.7537 -4.5998 -4.4120 -4.0128 -3.3285 -2.6047 -1.9212
 -1.3840 -1.0048 -0.7440 -0.5623 -0.4307 -0.2157 -0.0768  0.0203  0.0880  0.1348
 -5.3743 -5.0162 -4.7140 -4.4758 -4.2951 -4.1198 -3.8007 -3.2391 -2.5876 -1.9505
 -1.4233 -1.0343 -0.7611 -0.5696 -0.4324 -0.2144 -0.0771  0.0178  0.0829  0.1272
  0.1580
 -5.2921 -4.9001 -4.5533 -4.2640 -4.0376 -3.8499 -3.5971 -3.1493 -2.5864 -2.0002
 -1.4867 -1.0878 -0.7983 -0.5925 -0.4453 -0.2187 -0.0809  0.0134  0.0773  0.1201
  0.1486  0.1661
 -5.2184 -4.8164 -4.4462 -4.1174 -3.8420 -3.6147 -3.3927 -3.0443 -2.5705 -2.0468
 -1.5557 -1.1533 -0.8488 -0.6270 -0.4671 -0.2263 -0.0867  0.0079  0.0717  0.1137
  0.1412  0.1580  0.1660  0.1671
 -4.9967 -4.6474 -4.3088 -3.9890 -3.6940 -3.4301 -3.1951 -2.9148 -2.5272 -2.0713
 -1.6159 -1.2214 -0.9067 -0.6700 -0.4961 -0.2362 -0.0932  0.0020  0.0664  0.1084
  0.1350  0.1509  0.1583  0.1590  0.1545  0.1450  0.1291  0.1046  0.0767  0.0469
 -4.5582 -4.2279 -3.9524 -3.7186 -3.4920 -3.2615 -3.0223 -2.7670 -2.4500 -2.0641
 -1.6568 -1.2807 -0.9657 -0.7184 -0.5312 -0.2481 -0.0993 -0.0034  0.0618  0.1041
  0.1302  0.1451  0.1516  0.1514  0.1463  0.1370  0.1232  0.1038  0.0768  0.0460
  0.0134
 -4.3450 -3.9150 -3.5679 -3.3008 -3.0936 -2.9203 -2.7538 -2.5620 -2.3136 -2.0075
 -1.6640 -1.3223 -1.0183 -0.7675 -0.5704 -0.2626 -0.1048 -0.0074  0.0583  0.1013
  0.1272  0.1412  0.1465  0.1450  0.1385  0.1284  0.1146  0.0969  0.0744  0.0450
  0.0113
 -4.3258 -3.8333 -3.4064 -3.0584 -2.7841 -2.5673 -2.3837 -2.2079 -2.0147 -1.7890
 -1.5420 -1.2865 -1.0346 -0.8036 -0.6068 -0.2784 -0.1085 -0.0087  0.0575  0.1009
  0.1267  0.1397  0.1436  0.1405  0.1323  0.1202  0.1050  0.0870  0.0657  0.0403
  0.0089
 -4.4199 -3.8960 -3.4159 -2.9985 -2.6516 -2.3700 -2.1392 -1.9375 -1.7415 -1.5355
 -1.3261 -1.1242 -0.9392 -0.7704 -0.6155 -0.3003 -0.1147 -0.0096  0.0577  0.1018
  0.1280  0.1405  0.1432  0.1385  0.1283  0.1140  0.0966  0.0769  0.0550  0.0305
  0.0027
 -4.5305 -4.0069 -3.5053 -3.0460 -2.6425 -2.3008 -2.0171 -1.7789 -1.5690 -1.3716
 -1.1786 -0.9940 -0.8266 -0.6814 -0.5572 -0.3079 -0.1227 -0.0096  0.0601  0.1049
  0.1317  0.1441  0.1459  0.1397  0.1275  0.1108  0.0905  0.0682  0.0443  0.0189
 -0.0085
 -4.6017 -4.0964 -3.6045 -3.1297 -2.6977 -2.3137 -1.9855 -1.7099 -1.4765 -1.2739
 -1.0905 -0.9211 -0.7661 -0.6283 -0.4319 -0.3012 -0.1325 -0.0087  0.0647
 [Fe/H] =  0.50 [alpha/Fe] = 0.00 BC value = F625W
 -5.7271 -5.9010 -5.8839 -5.6955 -5.3533 -4.8724 -4.2664 -3.5734 -2.8777 -2.1530
 -1.5466 -1.1139 -0.8173 -0.6097 -0.4602 -0.2186 -0.0697  0.0339  0.1074
 -5.4845 -5.2132 -5.0034 -4.8579 -4.7729 -4.6009 -4.1858 -3.5000 -2.8101 -2.1237
 -1.5396 -1.1107 -0.8102 -0.5998 -0.4489 -0.2112 -0.0653  0.0355  0.1070  0.1563
 -5.3384 -5.0149 -4.7628 -4.5763 -4.4465 -4.3131 -4.0221 -3.4560 -2.8045 -2.1574
 -1.5889 -1.1510 -0.8367 -0.6142 -0.4552 -0.2112 -0.0656  0.0334  0.1011  0.1470
  0.1789
 -5.2621 -4.9014 -4.5928 -4.3501 -4.1758 -4.0365 -3.8205 -3.3890 -2.8146 -2.2148
 -1.6619 -1.2173 -0.8856 -0.6463 -0.4746 -0.2171 -0.0698  0.0291  0.0961  0.1407
  0.1702  0.1885
 -5.2184 -4.8335 -4.4860 -4.1904 -3.9620 -3.7844 -3.6057 -3.2890 -2.8125 -2.2693
 -1.7430 -1.2968 -0.9496 -0.6922 -0.5050 -0.2274 -0.0761  0.0235  0.0908  0.1349
  0.1635  0.1811  0.1899  0.1912
 -5.1147 -4.7439 -4.3955 -4.0783 -3.8026 -3.5772 -3.3912 -3.1482 -2.7756 -2.3055
 -1.8178 -1.3787 -1.0222 -0.7482 -0.5446 -0.2412 -0.0835  0.0173  0.0854  0.1297
  0.1577  0.1746  0.1829  0.1841  0.1795  0.1695  0.1524  0.1274  0.0980  0.0667
 -4.7619 -4.4150 -4.1839 -3.9173 -3.6611 -3.4204 -3.2016 -2.9864 -2.6955 -2.3076
 -1.8721 -1.4542 -1.0956 -0.8099 -0.5916 -0.2588 -0.0912  0.0113  0.0803  0.1254
  0.1531  0.1692  0.1767  0.1774  0.1727  0.1633  0.1488  0.1281  0.0992  0.0675
  0.0334
 -4.4021 -4.0364 -3.7537 -3.5379 -3.3601 -3.1930 -3.0163 -2.8179 -2.5768 -2.2651
 -1.8928 -1.5102 -1.1624 -0.8729 -0.6430 -0.2805 -0.0991  0.0062  0.0761  0.1222
  0.1501  0.1654  0.1720  0.1717  0.1662  0.1564  0.1423  0.1237  0.0996  0.0680
  0.0332
 -4.3014 -3.8550 -3.4842 -3.1942 -2.9754 -2.8070 -2.6666 -2.5297 -2.3620 -2.1331
 -1.8461 -1.5241 -1.2067 -0.9249 -0.6912 -0.3042 -0.1062  0.0038  0.0745  0.1211
  0.1493  0.1641  0.1694  0.1678  0.1610  0.1499  0.1349  0.1164  0.0938  0.0664
  0.0323
 -4.3627 -3.8690 -3.4293 -3.0606 -2.7655 -2.5352 -2.3518 -2.1934 -2.0365 -1.8578
 -1.6481 -1.4175 -1.1796 -0.9477 -0.7340 -0.3355 -0.1172  0.0010  0.0736  0.1211
  0.1500  0.1647  0.1691  0.1662  0.1578  0.1450  0.1284  0.1086  0.0858  0.0596
  0.0295
 -4.4887 -3.9774 -3.5006 -3.0740 -2.7112 -2.4129 -2.1712 -1.9704 -1.7911 -1.6133
 -1.4251 -1.2306 -1.0400 -0.8626 -0.7004 -0.3622 -0.1316 -0.0018  0.0744  0.1231
  0.1528  0.1678  0.1717  0.1675  0.1574  0.1426  0.1238  0.1020  0.0776  0.0508
  0.0214
 -4.5955 -4.0984 -3.6135 -3.1619 -2.7540 -2.4013 -2.1043 -1.8566 -1.6460 -1.4573
 -1.2771 -1.0998 -0.9281 -0.7697 -0.5904 -0.3843 -0.1494 -0.0046  0.0769
 [Fe/H] =  0.75 [alpha/Fe] = 0.00 BC value = F625W
 -5.6282 -5.6448 -5.5426 -5.3340 -5.0299 -4.6399 -4.1724 -3.6349 -3.0271 -2.3512
 -1.7177 -1.2354 -0.8971 -0.6605 -0.4887 -0.2181 -0.0604  0.0466  0.1227
 -5.4008 -5.1805 -5.0306 -4.9414 -4.8702 -4.6875 -4.2661 -3.6033 -2.9720 -2.3208
 -1.7152 -1.2398 -0.8976 -0.6551 -0.4814 -0.2136 -0.0569  0.0485  0.1217  0.1720
 -5.2593 -4.9574 -4.7856 -4.6553 -4.5752 -4.4774 -4.2005 -3.6109 -2.9774 -2.3527
 -1.7675 -1.2895 -0.9336 -0.6774 -0.4932 -0.2154 -0.0579  0.0467  0.1181  0.1663
  0.1982
 -5.1863 -4.8655 -4.6038 -4.4144 -4.2932 -4.1967 -4.0144 -3.5910 -3.0030 -2.4113
 -1.8453 -1.3659 -0.9938 -0.7195 -0.5201 -0.2236 -0.0625  0.0426  0.1136  0.1609
  0.1919  0.2109
 -5.1577 -4.8019 -4.4895 -4.2367 -4.0596 -3.9304 -3.7893 -3.4994 -3.0174 -2.4689
 -1.9320 -1.4555 -1.0704 -0.7769 -0.5600 -0.2372 -0.0695  0.0369  0.1085  0.1556
  0.1859  0.2045  0.2140  0.2157
 -5.1182 -4.7543 -4.4179 -4.1216 -3.8794 -3.7002 -3.5592 -3.3491 -2.9928 -2.5151
 -2.0122 -1.5476 -1.1556 -0.8457 -0.6110 -0.2562 -0.0781  0.0304  0.1030  0.1507
  0.1807  0.1987  0.2078  0.2095  0.2050  0.1946  0.1762  0.1498  0.1210  0.0881
 -4.9153 -4.6015 -4.3003 -4.0136 -3.7526 -3.5279 -3.3471 -3.1708 -2.9082 -2.5255
 -2.0756 -1.6316 -1.2401 -0.9204 -0.6700 -0.2808 -0.0878  0.0239  0.0976  0.1462
  0.1764  0.1938  0.2023  0.2037  0.1994  0.1900  0.1751  0.1531  0.1233  0.0910
  0.0553
 -4.4856 -4.2008 -3.9598 -3.7545 -3.5624 -3.3669 -3.1750 -2.9915 -2.7789 -2.4846
 -2.1046 -1.6979 -1.3202 -0.9956 -0.7334 -0.3112 -0.0990  0.0179  0.0928  0.1426
  0.1732  0.1903  0.1980  0.1988  0.1940  0.1846  0.1705  0.1515  0.1260  0.0929
  0.0573
 -4.2799 -3.8901 -3.5813 -3.3460 -3.1734 -3.0384 -2.9156 -2.7826 -2.6137 -2.3827
 -2.0794 -1.7268 -1.3744 -1.0582 -0.7926 -0.3439 -0.1106  0.0139  0.0904  0.1409
  0.1721  0.1890  0.1958  0.1955  0.1898  0.1795  0.1651  0.1464  0.1232  0.0941
  0.0581
 -4.2824 -3.8287 -3.4375 -3.1202 -2.8775 -2.6954 -2.5553 -2.4382 -2.3219 -2.1745
 -1.9660 -1.6995 -1.4024 -1.1118 -0.8524 -0.3848 -0.1277  0.0087  0.0885  0.1400
  0.1721  0.1893  0.1956  0.1943  0.1873  0.1758  0.1602  0.1409  0.1178  0.0902
  0.0584
 -4.3954 -3.9113 -3.4659 -3.0789 -2.7603 -2.5079 -2.3105 -2.1512 -2.0111 -1.8702
 -1.7093 -1.5182 -1.3052 -1.0844 -0.8700 -0.4261 -0.1492  0.0025  0.0879  0.1410
  0.1741  0.1919  0.1980  0.1956  0.1873  0.1742  0.1570  0.1362  0.1120  0.0845
  0.0533
 -4.5308 -4.0441 -3.5778 -3.1501 -2.7736 -2.4568 -2.1975 -1.9862 -1.8083 -1.6477
 -1.4881 -1.3187 -1.1431 -0.9665 -0.8454 -0.4678 -0.1751 -0.0047  0.0886
 [Fe/H] =  1.00 [alpha/Fe] = 0.00 BC value = F625W
 -5.4968 -5.5055 -5.4088 -5.2177 -4.9417 -4.5895 -4.1686 -3.6855 -3.1433 -2.5358
 -1.8998 -1.3759 -0.9959 -0.7261 -0.5314 -0.2275 -0.0538  0.0570  0.1375
 -5.2793 -5.5763 -5.6629 -5.5607 -5.2888 -4.8638 -4.3039 -3.6731 -3.0990 -2.5033
 -1.8994 -1.3888 -1.0056 -0.7291 -0.5292 -0.2254 -0.0533  0.0591  0.1354  0.1887
 -5.1368 -5.1900 -4.7849 -4.7159 -4.6831 -4.6172 -4.3098 -3.7067 -3.1117 -2.5267
 -1.9518 -1.4465 -1.0519 -0.7605 -0.5483 -0.2295 -0.0558  0.0563  0.1322  0.1837
  0.2176
 -5.0623 -4.7910 -4.5863 -4.4576 -4.3909 -4.3336 -4.1778 -3.7453 -3.1558 -2.5823
 -2.0297 -1.5306 -1.1226 -0.8131 -0.5840 -0.2409 -0.0612  0.0522  0.1280  0.1788
  0.2120  0.2326
 -5.0411 -4.7241 -4.4573 -4.2580 -4.1370 -4.0554 -3.9475 -3.6788 -3.1917 -2.6434
 -2.1129 -1.6241 -1.2098 -0.8820 -0.6342 -0.2591 -0.0692  0.0463  0.1231  0.1741
  0.2069  0.2269  0.2374  0.2396
 -5.0359 -4.6960 -4.3882 -4.1285 -3.9329 -3.8045 -3.7049 -3.5237 -3.1799 -2.6973
 -2.1947 -1.7206 -1.3042 -0.9626 -0.6967 -0.2845 -0.0795  0.0395  0.1177  0.1695
  0.2022  0.2219  0.2320  0.2346  0.2307  0.2193  0.1996  0.1740  0.1450  0.1110
 -4.9506 -4.6260 -4.3223 -4.0417 -3.7992 -3.6079 -3.4716 -3.3315 -3.0933 -2.7152
 -2.2611 -1.8096 -1.3967 -1.0487 -0.7676 -0.3173 -0.0921  0.0324  0.1121  0.1650
  0.1982  0.2177  0.2274  0.2297  0.2264  0.2171  0.2010  0.1778  0.1484  0.1158
  0.0788
 -4.5927 -4.3530 -4.1177 -3.8876 -3.6673 -3.4620 -3.2824 -3.1333 -2.9502 -2.6761
 -2.2966 -1.8790 -1.4824 -1.1336 -0.8423 -0.3575 -0.1077  0.0252  0.1070  0.1610
  0.1951  0.2144  0.2237  0.2255  0.2215  0.2123  0.1985  0.1790  0.1524  0.1191
  0.0830
 -4.2672 -3.9427 -3.6973 -3.5124 -3.3670 -3.2325 -3.0923 -2.9444 -2.7808 -2.5684
 -2.2745 -1.9138 -1.5437 -1.2036 -0.9111 -0.3999 -0.1251  0.0195  0.1040  0.1590
  0.1938  0.2133  0.2220  0.2230  0.2182  0.2086  0.1946  0.1764  0.1527  0.1224
  0.0854
 -4.1909 -3.7894 -3.4520 -3.1900 -2.9975 -2.8575 -2.7519 -2.6607 -2.5609 -2.4180
 -2.2005 -1.9123 -1.5872 -1.2681 -0.9806 -0.4508 -0.1494  0.0110  0.1010  0.1574
  0.1932  0.2134  0.2219  0.2222  0.2164  0.2060  0.1913  0.1726  0.1497  0.1216
  0.0885
 -4.2683 -3.8211 -3.4174 -3.0769 -2.8059 -2.5989 -2.4433 -2.3228 -2.2211 -2.1198
 -1.9922 -1.8059 -1.5623 -1.2921 -1.0281 -0.5023 -0.1788  0.0004  0.0987  0.1576
  0.1944  0.2154  0.2241  0.2237  0.2169  0.2053  0.1893  0.1696  0.1462  0.1187
  0.0870
 -4.4103 -3.9470 -3.5091 -3.1125 -2.7730 -2.4961 -2.2760 -2.1020 -1.9601 -1.8337
 -1.7081 -1.5668 -1.3977 -1.2046 -1.0536 -0.5544 -0.2133 -0.0123  0.0971
