 [Fe/H] = -2.50 [alpha/Fe] = 0.00 BC value = F275W
-12.2683-12.2499-12.1828-12.0927-12.0015-11.9129-11.8577-11.7608-11.6513-11.5168
-11.3459-10.9390-10.5390-10.1139 -9.6945 -8.6266 -7.3733 -6.4198 -5.3163
-12.1016-11.9769-11.8782-11.8029-11.7476-11.6844-11.6023-11.5021-11.3821-11.2271
-11.0153-10.7143-10.3292 -9.9103 -9.4792 -8.2745 -7.0271 -5.9161 -5.0842 -4.4764
-12.0297-11.9012-11.7532-11.5928-11.4373-11.3067-11.2050-11.1046-10.9837-10.8262
-10.6065-10.2865 -9.8586 -9.4009 -8.9422 -7.7634 -6.5273 -5.4392 -4.6370 -4.0691
 -3.6663
-11.9683-11.8349-11.6584-11.4391-11.1934-10.9472-10.7227-10.5348-10.3805-10.2296
-10.0470 -9.7803 -9.3796 -8.9010 -8.4221 -7.2448 -6.0781 -5.0346 -4.2597 -3.7245
 -3.3551 -3.0993
-11.8958-11.7716-11.5860-11.3317-11.0236-10.6917-10.3653-10.0632 -9.7937 -9.5596
 -9.3461 -9.1153 -8.8020 -8.3899 -7.9276 -6.7850 -5.7092 -4.7300 -3.9736 -3.4529
 -3.1021 -2.8639 -2.7017 -2.5917
-11.8102-11.7062-11.5319-11.2685-10.9258-10.5378-10.1397 -9.7565 -9.4005 -9.0735
 -8.7744 -8.4959 -8.2081 -7.8626 -7.4700 -6.4169 -5.4340 -4.5306 -3.7911 -3.2647
 -2.9119 -2.6762 -2.5172 -2.4103 -2.3415 -2.2980 -2.2687 -2.2447 -2.2186 -2.1856
-11.7153-11.6339-11.4861-11.2405-10.8934-10.4762-10.0314 -9.5914 -9.1739 -8.7852
 -8.4244 -8.0883 -7.7712 -7.4421 -7.0947 -6.1548 -5.2490 -4.4213 -3.7049 -3.1640
 -2.7896 -2.5392 -2.3716 -2.2585 -2.1827 -2.1313 -2.0974 -2.0759 -2.0628 -2.0513
 -2.0263
-11.6123-11.5546-11.4394-11.2309-10.9104-10.4945-10.0257 -9.5479 -9.0865 -8.6508
 -8.2461 -7.8703 -7.5205 -7.1808 -6.8421 -5.9916 -5.1423 -4.3753 -3.6924 -3.1408
 -2.7366 -2.4566 -2.2676 -2.1395 -2.0525 -1.9942 -1.9547 -1.9287 -1.9125 -1.9028
 -1.8975
-11.4667-11.4699-11.3849-11.2209-10.9476-10.5623-10.0971 -9.6001 -9.1066 -8.6357
 -8.1944 -7.7846 -7.4053 -7.0477 -6.7005 -5.8891 -5.0978 -4.3634 -3.7149 -3.1672
 -2.7390 -2.4251 -2.2051 -2.0535 -1.9492 -1.8776 -1.8296 -1.7955 -1.7724 -1.7593
 -1.7551
-11.2784-11.3798-11.3257-11.2061-10.9922-10.6647-10.2353 -9.7439 -9.2335 -8.7346
 -8.2611 -7.8187 -7.4080 -7.0268 -6.6656 -5.8496 -5.1049 -4.3971 -3.7659 -3.2273
 -2.7885 -2.4469 -2.1931 -2.0110 -1.8825 -1.7920 -1.7290 -1.6857 -1.6532 -1.6338
 -1.6237
-11.0476-11.2843-11.2618-11.1788-11.0216-10.7625-10.3942 -9.9373 -9.4325 -8.9172
 -8.4161 -7.9417 -7.4983 -7.0865 -6.7024 -5.8535 -5.1254 -4.4502 -3.8320 -3.2972
 -2.8548 -2.4988 -2.2195 -2.0076 -1.8515 -1.7380 -1.6566 -1.5984 -1.5573 -1.5288
 -1.5094
-10.7741-11.1834-11.1932-11.1368-11.0282-10.8357-10.5377-10.1417 -9.6683 -9.1563
 -8.6385 -8.1359 -7.6594 -7.2139 -6.8109 -5.9008 -5.1593 -4.5227 -3.9132
 [Fe/H] = -2.00 [alpha/Fe] = 0.00 BC value = F275W
-12.2150-12.1420-12.0572-11.9728-11.8971-11.8282-11.7728-11.7011-11.6127-11.4947
-11.3284-11.0329-10.6868-10.3016 -9.9013 -8.8499 -7.6901 -6.6825 -5.6686
-12.0665-11.9607-11.8801-11.7955-11.7034-11.6086-11.5123-11.4120-11.2999-11.1572
-10.9550-10.6623-10.2841 -9.8664 -9.4356 -8.3360 -7.1916 -6.1218 -5.2676 -4.6270
-12.0056-11.8369-11.6713-11.5237-11.4096-11.3111-11.2017-11.0764-10.9342-10.7628
-10.5358-10.2116 -9.7847 -9.3166 -8.8524 -7.7260 -6.6349 -5.6271 -4.8150 -4.2242
 -3.8022
-11.9709-11.7711-11.5446-11.3055-11.0748-10.8705-10.7085-10.5788-10.4422-10.2684
-10.0376 -9.7216 -9.2873 -8.7879 -8.2972 -7.1624 -6.1337 -5.2001 -4.4323 -3.8755
 -3.4864 -3.2143
-11.9491-11.7429-11.4840-11.1840-10.8671-10.5580-10.2751-10.0263 -9.8201 -9.6405
 -9.4353 -9.1614 -8.7849 -8.3108 -7.8131 -6.6932 -5.7286 -4.8683 -4.1396 -3.6008
 -3.2292 -2.9741 -2.7979 -2.6758
-11.9267-11.7424-11.4825-11.1521-10.7787-10.3955-10.0262 -9.6856 -9.3743 -9.0939
 -8.8435 -8.5937 -8.2897 -7.8960 -7.4468 -6.3574 -5.4449 -4.6453 -3.9488 -3.4102
 -3.0360 -2.7822 -2.6091 -2.4901 -2.4083 -2.3513 -2.3101 -2.2784 -2.2515 -2.2122
-11.8869-11.7447-11.5200-11.1969-10.7969-10.3627 -9.9310 -9.5232 -9.1451 -8.7947
 -8.4692 -8.1671 -7.8781 -7.5530 -7.1773 -6.1670 -5.2828 -4.5245 -3.8548 -3.3076
 -2.9121 -2.6427 -2.4601 -2.3350 -2.2489 -2.1897 -2.1486 -2.1185 -2.0956 -2.0773
 -2.0466
-11.8242-11.7260-11.5587-11.2848-10.8993-10.4426 -9.9663 -9.5045 -9.0728 -8.6734
 -8.3014 -7.9537 -7.6288 -7.3099 -6.9795 -6.0886 -5.2256 -4.4884 -3.8388 -3.2841
 -2.8593 -2.5595 -2.3545 -2.2139 -2.1165 -2.0491 -2.0028 -1.9703 -1.9463 -1.9292
 -1.9184
-11.7444-11.6797-11.5665-11.3639-11.0380-10.6001-10.1030 -9.6001 -9.1214 -8.6772
 -8.2668 -7.8856 -7.5300 -7.1900 -6.8570 -6.0451 -5.2335 -4.5038 -3.8685 -3.3129
 -2.8639 -2.5292 -2.2919 -2.1269 -2.0118 -1.9311 -1.8750 -1.8360 -1.8087 -1.7891
 -1.7763
-11.6576-11.6165-11.5448-11.4109-11.1717-10.8026-10.3280 -9.8064 -9.2888 -8.8016
 -8.3510 -7.9355 -7.5499 -7.1872 -6.8396 -6.0372 -5.2817 -4.5650 -3.9338 -3.3822
 -2.9191 -2.5548 -2.2823 -2.0852 -1.9448 -1.8447 -1.7736 -1.7233 -1.6879 -1.6630
 -1.6450
-11.5681-11.5424-11.4976-11.4145-11.2567-10.9840-10.5821-10.0845 -9.5497 -9.0242
 -8.5311 -8.0755 -7.6554 -7.2646 -6.8966 -6.0641 -5.3333 -4.6450 -4.0146 -3.4636
 -2.9946 -2.6126 -2.3126 -2.0841 -1.9147 -1.7909 -1.7009 -1.6355 -1.5884 -1.5548
 -1.5310
-11.4807-11.4664-11.4357-11.3846-11.2866-11.1051-10.8049-10.3808 -9.8714 -9.3304
 -8.7999 -8.3006 -7.8286 -7.3999 -7.0280 -6.1258 -5.3883 -4.7438 -4.1109
 [Fe/H] = -1.50 [alpha/Fe] = 0.00 BC value = F275W
-12.2885-12.1839-12.0893-12.0061-11.9335-11.8631-11.7860-11.6956-11.5882-11.4586
-11.2927-11.0714-10.7852-10.4551-10.0955 -9.1078 -8.0311 -7.0027 -6.0471
-12.1614-12.0271-11.8969-11.7753-11.6670-11.5728-11.4843-11.3875-11.2733-11.1290
-10.9329-10.6579-10.3007 -9.8989 -9.4799 -8.4181 -7.3723 -6.3882 -5.5389 -4.8752
-11.9988-11.8286-11.6869-11.5494-11.4097-11.2775-11.1567-11.0388-10.9069-10.7433
-10.5231-10.2141 -9.8080 -9.3527 -8.8907 -7.7855 -6.7781 -5.8702 -5.0853 -4.4667
 -4.0138
-11.9213-11.6706-11.4319-11.2186-11.0439-10.9080-10.7769-10.6368-10.4826-10.2969
-10.0579 -9.7369 -9.3134 -8.8280 -8.3409 -7.2234 -6.2604 -5.4212 -4.6981 -4.1189
 -3.6962 -3.3954
-11.9172-11.6266-11.3181-11.0129-10.7295-10.4836-10.2839-10.1219 -9.9769 -9.7998
 -9.5629 -9.2538 -8.8569 -8.3774 -7.8829 -6.7736 -5.8528 -5.0679 -4.3936 -3.8423
 -3.4361 -3.1505 -2.9499 -2.8071
-11.9629-11.6691-11.3288-10.9659-10.6051-10.2671 -9.9609 -9.6904 -9.4571 -9.2614
 -9.0655 -8.8094 -8.4668 -8.0431 -7.5694 -6.4695 -5.5761 -4.8267 -4.1836 -3.6460
 -3.2399 -2.9545 -2.7564 -2.6170 -2.5173 -2.4433 -2.3871 -2.3430 -2.3030 -2.2515
-12.0147-11.7648-11.4341-11.0452-10.6323-10.2244 -9.8414 -9.4919 -9.1754 -8.8882
 -8.6311 -8.3960 -8.1338 -7.7940 -7.3839 -6.3159 -5.4283 -4.6950 -4.0676 -3.5329
 -3.1131 -2.8123 -2.6037 -2.4580 -2.3547 -2.2801 -2.2251 -2.1823 -2.1477 -2.1182
 -2.0776
-12.0253-11.8480-11.5827-11.2180-10.7833-10.3252 -9.8791 -9.4626 -9.0821 -8.7350
 -8.4151 -8.1203 -7.8482 -7.5693 -7.2458 -6.2892 -5.3926 -4.6581 -4.0342 -3.4966
 -3.0562 -2.7280 -2.4964 -2.3344 -2.2197 -2.1374 -2.0778 -2.0333 -1.9985 -1.9715
 -1.9512
-11.9868-11.8710-11.6920-11.4100-11.0122-10.5367-10.0408 -9.5643 -9.1236 -8.7220
 -8.3549 -8.0163 -7.7015 -7.4024 -7.1046 -6.2966 -5.4369 -4.6883 -4.0597 -3.5168
 -3.0579 -2.6979 -2.4345 -2.2471 -2.1138 -2.0180 -1.9489 -1.8984 -1.8608 -1.8320
 -1.8107
-11.9200-11.8451-11.7342-11.5513-11.2522-10.8261-10.3180 -9.7940 -9.2954 -8.8376
 -8.4215 -8.0415 -7.6904 -7.3610 -7.0448 -6.2949 -5.5247 -4.7790 -4.1380 -3.5880
 -3.1151 -2.7270 -2.4284 -2.2079 -2.0480 -1.9319 -1.8475 -1.7858 -1.7404 -1.7068
 -1.6808
-11.8405-11.7887-11.7188-11.6089-11.4184-11.1016-10.6510-10.1195 -9.5751 -9.0611
 -8.5909 -8.1637 -7.7734 -7.4113 -7.0715 -6.2968 -5.5908 -4.8887 -4.2414 -3.6825
 -3.2003 -2.7929 -2.4651 -2.2117 -2.0213 -1.8801 -1.7759 -1.6988 -1.6417 -1.5996
 -1.5681
-11.7572-11.7213-11.6716-11.6041-11.4915-11.2903-10.9559-10.4875 -9.9404 -9.3828
 -8.8566 -8.3764 -7.9475 -7.5472 -7.1847 -6.3023 -5.6352 -5.0174 -4.3699
 [Fe/H] = -1.00 [alpha/Fe] = 0.00 BC value = F275W
-12.4888-12.3757-12.2791-12.1926-12.1107-12.0175-11.8973-11.7443-11.5778-11.4085
-11.2388-11.0544-10.8341-10.5745-10.2772 -9.4004 -8.3962 -7.3804 -6.4517
-12.2849-12.1299-11.9975-11.8858-11.7878-11.6917-11.5791-11.4417-11.2862-11.1154
-10.9255-10.7001-10.4217-10.0926 -9.7270 -8.7327 -7.7157 -6.7748 -5.9441 -5.2505
-12.1264-11.9328-11.7518-11.5928-11.4600-11.3466-11.2332-11.1035-10.9546-10.7820
-10.5764-10.3195 -9.9947 -9.6124 -9.1989 -8.1386 -7.1387 -6.2556 -5.4957 -4.8549
 -4.3506
-11.9176-11.6966-11.5071-11.3276-11.1551-11.0021-10.8686-10.7325-10.5807-10.4028
-10.1861 -9.9118 -9.5627 -9.1503 -8.7088 -7.6243 -6.6538 -5.8181 -5.1111 -4.5148
 -4.0409 -3.6890
-11.8362-11.5019-11.2189-10.9821-10.7872-10.6276-10.4864-10.3450-10.1880-10.0047
 -9.7828 -9.5067 -9.1589 -8.7435 -8.2948 -7.2119 -6.2729 -5.4742 -4.8026 -4.2379
 -3.7834 -3.4441 -3.1988 -3.0190
-11.8826-11.5228-11.1640-10.8271-10.5292-10.2738-10.0614 -9.8920 -9.7545 -9.6020
 -9.4033 -9.1472 -8.8269 -8.4358 -7.9964 -6.9230 -6.0059 -5.2322 -4.5800 -4.0323
 -3.5851 -3.2464 -3.0022 -2.8258 -2.6949 -2.5940 -2.5130 -2.4460 -2.3849 -2.3142
-12.0125-11.6466-11.2484-10.8509-10.4758-10.1349 -9.8340 -9.5731 -9.3496 -9.1619
 -8.9954 -8.8057 -8.5505 -8.2183 -7.8202 -6.7618 -5.8510 -5.0890 -4.4447 -3.9016
 -3.4520 -3.1024 -2.8474 -2.6640 -2.5298 -2.4286 -2.3495 -2.2854 -2.2316 -2.1831
 -2.1254
-12.1474-11.8416-11.4542-11.0231-10.5893-10.1786 -9.8024 -9.4655 -9.1651 -8.8978
 -8.6589 -8.4465 -8.2433 -8.0032 -7.6941 -6.7179 -5.7985 -5.0351 -4.3899 -3.8432
 -3.3844 -3.0159 -2.7395 -2.5390 -2.3931 -2.2845 -2.2019 -2.1369 -2.0839 -2.0401
 -2.0030
-12.2028-11.9942-11.6942-11.2962-10.8367-10.3675 -9.9201 -9.5103 -9.1406 -8.8088
 -8.5089 -8.2355 -7.9849 -7.7496 -7.5076 -6.7320 -5.8278 -5.0512 -4.3989 -3.8437
 -3.3722 -2.9818 -2.6775 -2.4517 -2.2863 -2.1641 -2.0724 -2.0022 -1.9471 -1.9025
 -1.8668
-12.1856-12.0503-11.8564-11.5703-11.1712-10.6900-10.1867 -9.7049 -9.2632 -8.8651
 -8.5070 -8.1826 -7.8849 -7.6077 -7.3457 -6.7004 -5.9271 -5.1402 -4.4737 -3.9067
 -3.4207 -3.0081 -2.6729 -2.4149 -2.2222 -2.0789 -1.9719 -1.8907 -1.8284 -1.7798
 -1.7412
-12.1289-12.0333-11.9087-11.7292-11.4526-11.0549-10.5595-10.0284 -9.5162 -9.0470
 -8.6247 -8.2452 -7.9009 -7.5845 -7.2887 -6.6256 -5.9832 -5.2674 -4.5877 -4.0066
 -3.5064 -3.0755 -2.7135 -2.4235 -2.1998 -2.0304 -1.9027 -1.8057 -1.7318 -1.6751
 -1.6308
-12.0560-11.9829-11.8962-11.7812-11.6093-11.3393-10.9415-10.4345 -9.8838 -9.3480
 -8.8562 -8.4138 -8.0161 -7.6560 -7.3366 -6.5076 -5.9961 -5.4328 -4.7409
 [Fe/H] = -0.75 [alpha/Fe] = 0.00 BC value = F275W
-12.6365-12.5278-12.4331-12.3433-12.2520-12.1396-11.9859-11.7860-11.5745-11.3749
-11.1956-11.0251-10.8400-10.6214-10.3633 -9.5597 -8.5878 -7.5908 -6.6638
-12.3772-12.2316-12.1105-12.0056-11.9065-11.7987-11.6609-11.4860-11.2914-11.0934
-10.8982-10.6956-10.4618-10.1822 -9.8588 -8.9245 -7.9153 -6.9766 -6.1544 -5.4589
-12.1767-11.9790-11.8105-11.6686-11.5489-11.4364-11.3096-11.1553-10.9779-10.7838
-10.5759-10.3450-10.0710 -9.7437 -9.3730 -8.3645 -7.3622 -6.4680 -5.7102 -5.0705
 -4.5475
-11.9886-11.7760-11.5677-11.3746-11.2082-11.0691-10.9385-10.7934-10.6277-10.4392
-10.2246 -9.9758 -9.6766 -9.3206 -8.9227 -7.8831 -6.9047 -6.0493 -5.3340 -4.7354
 -4.2439 -3.8657
-11.8699-11.5657-11.2767-11.0721-10.8937-10.7270-10.5763-10.4273-10.2643-10.0788
 -9.8636 -9.6092 -9.3031 -8.9395 -8.5336 -7.4922 -6.5426 -5.7200 -5.0318 -4.4599
 -3.9893 -3.6238 -3.3527 -3.1511
-11.8513-11.4552-11.1130-10.8091-10.5499-10.3385-10.1750-10.0402 -9.8990 -9.7302
 -9.5269 -9.2830 -8.9885 -8.6363 -8.2375 -7.2069 -6.2807 -5.4835 -4.8110 -4.2519
 -3.7909 -3.4274 -3.1564 -2.9570 -2.8073 -2.6897 -2.5943 -2.5142 -2.4404 -2.3575
-11.9483-11.5494-11.1463-10.7650-10.4204-10.1192 -9.8630 -9.6506 -9.4780 -9.3314
 -9.1784 -8.9844 -8.7324 -8.4191 -8.0460 -7.0326 -6.1177 -5.3365 -4.6724 -4.1158
 -3.6543 -3.2831 -3.0014 -2.7943 -2.6409 -2.5234 -2.4302 -2.3531 -2.2878 -2.2277
 -2.1588
-12.1372-11.7617-11.3325-10.8947-10.4797-10.1024 -9.7678 -9.4753 -9.2204 -8.9974
 -8.8024 -8.6276 -8.4449 -8.2143 -7.9146 -6.9625 -6.0475 -5.2708 -4.6094 -4.0490
 -3.5802 -3.1948 -2.8939 -2.6693 -2.5034 -2.3785 -2.2818 -2.2045 -2.1404 -2.0864
 -2.0386
-12.2699-11.9907-11.6144-11.1645-10.6948-10.2460 -9.8360 -9.4687 -9.1428 -8.8525
 -8.5911 -8.3539 -8.1386 -7.9358 -7.7182 -6.9602 -6.0546 -5.2712 -4.6065 -4.0394
 -3.5589 -3.1563 -2.8313 -2.5822 -2.3965 -2.2576 -2.1522 -2.0699 -2.0041 -1.9499
 -1.9050
-12.3018-12.1224-11.8649-11.5022-11.0457-10.5501-10.0665 -9.6214 -9.2208 -8.8627
 -8.5416 -8.2503 -7.9827 -7.7352 -7.5044 -6.9136 -6.1378 -5.3440 -4.6695 -4.0926
 -3.5981 -3.1765 -2.8255 -2.5465 -2.3337 -2.1735 -2.0525 -1.9594 -1.8866 -1.8287
 -1.7816
-12.2692-12.1439-11.9812-11.7437-11.3994-10.9471-10.4341 -9.9188 -9.4389 -9.0061
 -8.6190 -8.2714 -7.9558 -7.6658 -7.3960 -6.7973 -6.1864 -5.4626 -4.7749 -4.1855
 -3.6772 -3.2385 -2.8646 -2.5565 -2.3138 -2.1272 -1.9852 -1.8761 -1.7917 -1.7257
 -1.6732
-12.2083-12.1128-11.9993-11.8468-11.6242-11.2951-10.8506-10.3273 -9.7879 -9.2788
 -8.8179 -8.4053 -8.0353 -7.7000 -7.3930 -6.6113 -6.2004 -5.6270 -4.9227
 [Fe/H] = -0.50 [alpha/Fe] = 0.00 BC value = F275W
-12.8221-12.7222-12.6305-12.5365-12.4326-12.2951-12.1005-11.8457-11.5846-11.3525
-11.1625-10.9996-10.8413-10.6649-10.4558 -9.7524 -8.8249 -7.8276 -6.9091
-12.5141-12.3841-12.2743-12.1734-12.0689-11.9442-11.7750-11.5544-11.3135-11.0827
-10.8770-10.6898-10.4958-10.2709-10.0028 -9.1644 -8.1743 -7.2151 -6.3879 -5.6884
-12.2532-12.0746-11.9276-11.8038-11.6904-11.5712-11.4236-11.2348-11.0191-10.7948
-10.5774-10.3657-10.1394 -9.8750 -9.5644 -8.6478 -7.6543 -6.7319 -5.9559 -5.3099
 -4.7723
-12.0681-11.8377-11.6331-11.4603-11.3160-11.1865-11.0496-10.8846-10.6930-10.4820
-10.2607-10.0316 -9.7811 -9.4908 -9.1550 -8.2032 -7.2300 -6.3417 -5.5980 -4.9856
 -4.4776 -4.0724
-11.8450-11.6019-11.3887-11.1860-10.9959-10.8294-10.6826-10.5270-10.3515-10.1543
 -9.9369 -9.7003 -9.4375 -9.1353 -8.7901 -7.8319 -6.8873 -6.0329 -5.3107 -4.7179
 -4.2291 -3.8367 -3.5358 -3.3078
-11.7705-11.4245-11.1210-10.8658-10.6565-10.4832-10.3311-10.1848-10.0227 -9.8396
 -9.6324 -9.3994 -9.1360 -8.8347 -8.4920 -7.5439 -6.6257 -5.8024 -5.0963 -4.5125
 -4.0323 -3.6437 -3.3423 -3.1148 -2.9416 -2.8045 -2.6922 -2.5966 -2.5081 -2.4117
-11.8672-11.4595-11.0712-10.7207-10.4168-10.1601 -9.9506 -9.7867 -9.6493 -9.5080
 -9.3397 -9.1347 -8.8919 -8.6061 -8.2759 -7.3472 -6.4468 -5.6479 -4.9552 -4.3733
 -3.8926 -3.4991 -3.1886 -2.9526 -2.7748 -2.6373 -2.5266 -2.4349 -2.3562 -2.2828
 -2.2013
-12.0725-11.6488-11.2060-10.7808-10.3953-10.0566 -9.7649 -9.5174 -9.3081 -9.1293
 -8.9717 -8.8178 -8.6395 -8.4124 -8.1282 -7.2399 -6.3493 -5.5643 -4.8814 -4.2984
 -3.8109 -3.4068 -3.0806 -2.8278 -2.6370 -2.4918 -2.3784 -2.2863 -2.2096 -2.1431
 -2.0831
-12.2845-11.9243-11.4837-11.0096-10.5506-10.1327 -9.7634 -9.4410 -9.1599 -8.9118
 -8.6896 -8.4902 -8.3101 -8.1348 -7.9344 -7.2011 -6.3218 -5.5397 -4.8617 -4.2764
 -3.7788 -3.3605 -3.0153 -2.7406 -2.5304 -2.3709 -2.2486 -2.1519 -2.0732 -2.0076
 -1.9521
-12.3900-12.1518-11.8144-11.3751-10.8803-10.3893 -9.9372 -9.5345 -9.1791 -8.8647
 -8.5829 -8.3266 -8.0920 -7.8777 -7.6796 -7.1415 -6.3692 -5.5845 -4.9046 -4.3150
 -3.8061 -3.3713 -3.0047 -2.7046 -2.4688 -2.2881 -2.1500 -2.0426 -1.9574 -1.8882
 -1.8309
-12.3964-12.2349-12.0231-11.7127-11.2907-10.7901-10.2731 -9.7859 -9.3471 -8.9575
 -8.6108 -8.2992 -8.0155 -7.7545 -7.5141 -6.9845 -6.4055 -5.6766 -4.9902 -4.3935
 -3.8741 -3.4242 -3.0384 -2.7137 -2.4505 -2.2441 -2.0849 -1.9614 -1.8645 -1.7875
 -1.7251
-12.3553-12.2326-12.0876-11.8920-11.6049-11.2053-10.7112-10.1793 -9.6617 -9.1887
 -8.7663 -8.3902 -8.0527 -7.7461 -7.4379 -6.7301 -6.4307 -5.8160 -5.1185
 [Fe/H] = -0.25 [alpha/Fe] = 0.00 BC value = F275W
-13.0167-12.9308-12.8461-12.7494-12.6302-12.4618-12.2179-11.9006-11.5900-11.3260
-11.1168-10.9501-10.8038-10.6540-10.4796 -9.8692 -8.9843 -7.9887 -7.0853
-12.6641-12.5529-12.4548-12.3562-12.2429-12.0966-11.8897-11.6158-11.3243-11.0572
-10.8328-10.6449-10.4713-10.2845-10.0631 -9.3222 -8.3637 -7.3876 -6.5568 -5.8647
-12.3405-12.1887-12.0634-11.9518-11.8390-11.7075-11.5329-11.3016-11.0392-10.7784
-10.5415-10.3314-10.1306 -9.9120 -9.6548 -8.8402 -7.8753 -6.9325 -6.1397 -5.4944
 -4.9599
-12.0924-11.8799-11.7046-11.5598-11.4315-11.3024-11.1508-10.9560-10.7271-10.4831
-10.2433-10.0163 -9.7930 -9.5511 -9.2721 -8.4251 -7.4824 -6.5747 -5.8053 -5.1833
 -4.6729 -4.2566
-11.9084-11.6685-11.4412-11.2381-11.0651-10.9157-10.7691-10.5989-10.3989-10.1768
 -9.9439 -9.7093 -9.4711 -9.2152 -8.9259 -8.0720 -7.1600 -6.2910 -5.5402 -4.9295
 -4.4320 -4.0270 -3.7061 -3.4566
-11.7229-11.4174-11.1666-10.9572-10.7671-10.5873-10.4247-10.2637-10.0830 -9.8809
 -9.6605 -9.4276 -9.1838 -8.9221 -8.6311 -7.7848 -6.9004 -6.0703 -5.3387 -4.7330
 -4.2398 -3.8378 -3.5163 -3.2657 -3.0716 -2.9178 -2.7912 -2.6836 -2.5825 -2.4740
-11.7642-11.3640-11.0042-10.6966-10.4406-10.2309-10.0610 -9.9187 -9.7722 -9.6020
 -9.4059 -9.1872 -8.9483 -8.6885 -8.4013 -7.5717 -6.7080 -5.9090 -5.1982 -4.5955
 -4.0997 -3.6936 -3.3648 -3.1050 -2.9048 -2.7491 -2.6237 -2.5196 -2.4296 -2.3444
 -2.2514
-11.9557-11.5075-11.0700-10.6696-10.3196-10.0208 -9.7699 -9.5640 -9.3960 -9.2482
 -9.1014 -8.9365 -8.7400 -8.5079 -8.2391 -7.4361 -6.5868 -5.8072 -5.1144 -4.5149
 -4.0129 -3.5972 -3.2559 -2.9816 -2.7679 -2.6032 -2.4744 -2.3692 -2.2810 -2.2046
 -2.1336
-12.2193-11.7866-11.3089-10.8356-10.4002-10.0165 -9.6862 -9.4043 -9.1631 -8.9530
 -8.7660 -8.5983 -8.4403 -8.2740 -8.0740 -7.3627 -6.5284 -5.7575 -5.0760 -4.4798
 -3.9702 -3.5426 -3.1863 -2.8944 -2.6628 -2.4834 -2.3447 -2.2347 -2.1446 -2.0686
 -2.0035
-12.4264-12.1056-11.6799-11.1831-10.6769-10.2074 -9.7915 -9.4304 -9.1175 -8.8428
 -8.5970 -8.3734 -8.1705 -7.9870 -7.8150 -7.3044 -6.5404 -5.7738 -5.0961 -4.5009
 -3.9836 -3.5418 -3.1683 -2.8563 -2.6028 -2.4032 -2.2482 -2.1269 -2.0298 -1.9502
 -1.8835
-12.4958-12.2876-12.0036-11.6034-11.1069-10.5782-10.0751 -9.6242 -9.2283 -8.8817
 -8.5743 -8.2976 -8.0447 -7.8130 -7.6018 -7.1331 -6.5686 -5.8366 -5.1577 -4.5605
 -4.0369 -3.5823 -3.1924 -2.8609 -2.5849 -2.3621 -2.1864 -2.0484 -1.9392 -1.8515
 -1.7799
-12.4865-12.3335-12.1489-11.8944-11.5257-11.0470-10.5114 -9.9819 -9.4958 -9.0640
 -8.6831 -8.3449 -8.0406 -7.7637 -7.4344 -6.8488 -6.6130 -5.9459 -5.2608
 [Fe/H] =  0.00 [alpha/Fe] = 0.00 BC value = F275W
-13.2551-13.1881-13.1159-13.0221-12.8855-12.6728-12.3685-11.9930-11.6493-11.3615
-11.1408-10.9745-10.8428-10.7224-10.5970-10.1550 -9.4149 -8.4392 -7.4885
-12.8967-12.8063-12.7214-12.6267-12.5041-12.3313-12.0762-11.7440-11.4086-11.1128
-10.8754-10.6908-10.5403-10.3987-10.2423 -9.6911 -8.8487 -7.8549 -6.9643 -6.2255
-12.5499-12.4247-12.3181-12.2156-12.1008-11.9537-11.7461-11.4647-11.1545-10.8598
-10.6067-10.4004-10.2270-10.0618 -9.8784 -9.2563 -8.3925 -7.4294 -6.5723 -5.8758
 -5.3028
-12.2490-12.0724-11.9281-11.8044-11.6852-11.5520-11.3810-11.1490-10.8752-10.5949
-10.3357-10.1106 -9.9146 -9.7274 -9.5239 -8.8657 -8.0201 -7.1014 -6.2690 -5.5894
 -5.0352 -4.5775
-12.0037-11.8083-11.6035-11.4327-11.2876-11.1499-10.9985-10.8067-10.5725-10.3170
-10.0635 -9.8278 -9.6135 -9.4081 -9.1904 -8.5177 -7.7013 -6.8348 -6.0295 -5.3584
 -4.8118 -4.3629 -3.9978 -3.7047
-11.8204-11.5796-11.3626-11.1554-10.9626-10.7910-10.6349-10.4654-10.2641-10.0366
 -9.7977 -9.5614 -9.3356 -9.1166 -8.8892 -8.2135 -7.4248 -6.6105 -5.8389 -5.1757
 -4.6311 -4.1836 -3.8180 -3.5228 -3.2876 -3.0979 -2.9421 -2.8097 -2.6856 -2.5577
-11.7392-11.3816-11.0816-10.8390-10.6408-10.4673-10.3042-10.1479 -9.9732 -9.7726
 -9.5530 -9.3241 -9.0948 -8.8672 -8.6335 -7.9625 -7.1945 -6.4232 -5.6891 -5.0381
 -4.4930 -4.0424 -3.6711 -3.3679 -3.1258 -2.9329 -2.7770 -2.6479 -2.5362 -2.4305
 -2.3201
-11.8686-11.4330-11.0293-10.6773-10.3820-10.1376 -9.9369 -9.7746 -9.6334 -9.4829
 -9.3101 -9.1126 -8.8965 -8.6698 -8.4339 -7.7718 -7.0205 -6.2775 -5.5785 -4.9440
 -4.3983 -3.9411 -3.5606 -3.2461 -2.9918 -2.7905 -2.6306 -2.5000 -2.3896 -2.2943
 -2.2051
-12.1217-11.6587-11.1869-10.7439-10.3510-10.0150 -9.7320 -9.4954 -9.2976 -9.1265
 -8.9692 -8.8167 -8.6566 -8.4772 -8.2710 -7.6360 -6.9012 -6.1755 -5.5005 -4.8832
 -4.3390 -3.8747 -3.4835 -3.1560 -2.8872 -2.6723 -2.5028 -2.3672 -2.2554 -2.1605
 -2.0789
-12.4042-12.0039-11.5249-11.0193-10.5378-10.1077 -9.7371 -9.4222 -9.1537 -8.9205
 -8.7120 -8.5228 -8.3512 -8.1934 -8.0387 -7.5481 -6.8491 -6.1356 -5.4759 -4.8724
 -4.3306 -3.8582 -3.4544 -3.1121 -2.8262 -2.5937 -2.4088 -2.2621 -2.1436 -2.0447
 -1.9624
-12.5554-12.2903-11.9231-11.4499-10.9211-10.4039 -9.9368 -9.5307 -9.1818 -8.8802
 -8.6138 -8.3735 -8.1549 -7.9566 -7.7784 -7.3730 -6.8334 -6.1419 -5.4914 -4.8977
 -4.3595 -3.8812 -3.4654 -3.1082 -2.8050 -2.5531 -2.3494 -2.1868 -2.0563 -1.9503
 -1.8628
-12.5897-12.4049-12.1735-11.8479-11.4009-10.8694-10.3267 -9.8240 -9.3796 -8.9934
 -8.6567 -8.3587 -8.0907 -7.8473 -7.4901 -7.1107 -6.8541 -6.1944 -5.5470
 [Fe/H] =  0.25 [alpha/Fe] = 0.00 BC value = F275W
-13.4571-13.4140-13.3622-13.2255-13.0061-12.7257-12.4026-12.0523-11.6981-11.3923
-11.1557-10.9802-10.8483-10.7407-10.6366-10.3067 -9.7047 -8.7997 -7.7740
-13.1021-13.0364-12.9702-12.8851-12.7571-12.5492-12.2385-11.8428-11.4747-11.1542
-10.8980-10.7046-10.5580-10.4357-10.3156 -9.9080 -9.2022 -8.2349 -7.3067 -6.5403
-12.7411-12.6436-12.5572-12.4655-12.3487-12.1821-11.9342-11.5957-11.2395-10.9139
-10.6403-10.4236-10.2557-10.1141 -9.9743 -9.5075 -8.7693 -7.8298 -6.9355 -6.2025
 -5.5995
-12.4010-12.2592-12.1420-12.0351-11.9209-11.7786-11.5824-11.3056-10.9838-10.6655
-10.3829-10.1457 -9.9542 -9.7913 -9.6327 -9.1301 -8.4030 -7.5177 -6.6557 -5.9373
 -5.3535 -4.8692
-12.1351-11.9302-11.7627-11.6233-11.4967-11.3626-11.1992-10.9785-10.7020-10.4068
-10.1260 -9.8769 -9.6647 -9.4809 -9.3056 -8.7826 -8.0806 -7.2581 -6.4356 -5.7267
 -5.1463 -4.6676 -4.2715 -3.9452
-11.9492-11.7095-11.4861-11.2890-11.1198-10.9694-10.8168-10.6338-10.4034-10.1405
 -9.8731 -9.6229 -9.3963 -9.1947 -9.0046 -8.4695 -7.7911 -7.0284 -6.2547 -5.5588
 -4.9783 -4.4983 -4.1012 -3.7731 -3.5034 -3.2814 -3.0973 -2.9419 -2.7967 -2.6509
-11.7363-11.4461-11.2084-11.0114-10.8257-10.6454-10.4746-10.3061-10.1095 -9.8796
 -9.6336 -9.3894 -9.1576 -8.9430 -8.7401 -8.1968 -7.5363 -6.8212 -6.0993 -5.4256
 -4.8463 -4.3622 -3.9597 -3.6250 -3.3486 -3.1226 -2.9371 -2.7824 -2.6503 -2.5252
 -2.3981
-11.7792-11.3709-11.0138-10.7200-10.4842-10.2932-10.1303 -9.9788 -9.8216 -9.6326
 -9.4160 -9.1862 -8.9565 -8.7347 -8.5218 -7.9726 -7.3266 -6.6425 -5.9664 -5.3222
 -4.7490 -4.2606 -3.8500 -3.5060 -3.2195 -2.9843 -2.7936 -2.6369 -2.5050 -2.3917
 -2.2848
-11.9905-11.5234-11.0743-10.6715-10.3279-10.0428 -9.8072 -9.6152 -9.4531 -9.3035
 -9.1436 -8.9673 -8.7722 -8.5637 -8.3496 -7.7962 -7.1635 -6.4972 -5.8524 -5.2383
 -4.6767 -4.1864 -3.7685 -3.4144 -3.1161 -2.8691 -2.6689 -2.5067 -2.3727 -2.2591
 -2.1613
-12.3046-11.8452-11.3463-10.8585-10.4143-10.0292 -9.7043 -9.4321 -9.2028 -9.0052
 -8.8277 -8.6613 -8.5022 -8.3433 -8.1761 -7.6773 -7.0631 -6.4106 -5.7847 -5.1943
 -4.6462 -4.1559 -3.7303 -3.3654 -3.0543 -2.7929 -2.5786 -2.4052 -2.2641 -2.1471
 -2.0475
-12.5550-12.2140-11.7640-11.2443-10.7188-10.2341 -9.8100 -9.4485 -9.1425 -8.8800
 -8.6482 -8.4385 -8.2477 -8.0747 -7.9169 -7.5328 -7.0059 -6.3697 -5.7550 -5.1806
 -4.6456 -4.1579 -3.7264 -3.3514 -3.0279 -2.7519 -2.5217 -2.3334 -2.1806 -2.0557
 -1.9515
-12.6531-12.4295-12.1333-11.7175-11.2022-10.6499-10.1265 -9.6621 -9.2621 -8.9196
 -8.6223 -8.3593 -8.1226 -7.9080 -7.5720 -7.3627 -6.9919 -6.3745 -5.7633
 [Fe/H] =  0.50 [alpha/Fe] = 0.00 BC value = F275W
-13.6255-13.6489-13.5757-13.4161-13.1789-12.8717-12.5016-12.0993-11.7502-11.4362
-11.1851-10.9977-10.8607-10.7549-10.6649-10.4118 -9.9576 -9.1545 -8.0897
-13.2876-13.2516-13.2065-13.1385-12.9895-12.7362-12.3691-11.9235-11.5406-11.2056
-10.9342-10.7298-10.5791-10.4635-10.3634-10.0672 -9.5162 -8.6163 -7.7181 -6.9198
-12.9298-12.8652-12.7976-12.7211-12.6068-12.4205-12.1213-11.7179-11.3245-10.9759
-10.6851-10.4564-10.2846-10.1521-10.0373 -9.6989 -9.1071 -8.2246 -7.3073 -6.5395
 -5.9089
-12.5728-12.4639-12.3724-12.2822-12.1733-12.0202-11.7912-11.4615-11.0901-10.7413
-10.4361-10.1865 -9.9902 -9.8361 -9.7037 -9.3320 -8.7420 -7.9176 -7.0437 -6.2930
 -5.6825 -5.1738
-12.2561-12.0921-11.9597-11.8452-11.7313-11.5958-11.4145-11.1577-10.8322-10.4972
-10.1902 -9.9265 -9.7082 -9.5313 -9.3799 -8.9822 -8.4087 -7.6534 -6.8345 -6.0991
 -5.4917 -4.9863 -4.5619 -4.2052
-12.0439-11.8125-11.6164-11.4539-11.3137-11.1772-11.0209-10.8174-10.5501-10.2461
 -9.9489 -9.6798 -9.4471 -9.2494 -9.0792 -8.6588 -8.1024 -7.4103 -6.6552 -5.9436
 -5.3366 -4.8292 -4.4033 -4.0453 -3.7437 -3.4886 -3.2735 -3.0897 -2.9217 -2.7572
-11.8267-11.5370-11.3724-11.1691-10.9808-10.8103-10.6499-10.4743-10.2560 -9.9927
 -9.7156 -9.4513 -9.2106 -8.9979 -8.8110 -8.3691 -7.8260 -7.1819 -6.4907 -5.8134
 -5.2122 -4.7012 -4.2696 -3.9063 -3.5991 -3.3395 -3.1213 -2.9375 -2.7812 -2.6342
 -2.4893
-11.7239-11.3648-11.0730-10.8465-10.6626-10.4968-10.3305-10.1606 -9.9741 -9.7493
 -9.4980 -9.2451 -9.0044 -8.7834 -8.5823 -8.1198 -7.5861 -6.9747 -6.3363 -5.7009
 -5.1139 -4.6014 -4.1638 -3.7921 -3.4767 -3.2093 -2.9853 -2.7975 -2.6396 -2.5049
 -2.3778
-11.8675-11.4190-11.0084-10.6575-10.3716-10.1421 -9.9568 -9.8008 -9.6545 -9.4888
 -9.2856 -9.0589 -8.8280 -8.6046 -8.3945 -7.9119 -7.3851 -6.7915 -6.1891 -5.5947
 -5.0294 -4.5211 -4.0796 -3.7004 -3.3759 -3.0989 -2.8659 -2.6721 -2.5107 -2.3746
 -2.2581
-12.1608-11.6788-11.1923-10.7393-10.3421-10.0077 -9.7314 -9.5030 -9.3127 -9.1484
 -8.9878 -8.8177 -8.6372 -8.4472 -8.2504 -7.7607 -7.2419 -6.6630 -6.0813 -5.5179
 -4.9774 -4.4776 -4.0337 -3.6470 -3.3127 -3.0243 -2.7799 -2.5758 -2.4072 -2.2665
 -2.1474
-12.4857-12.0662-11.5662-11.0435-10.5490-10.1090 -9.7324 -9.4164 -9.1510 -8.9245
 -8.7241 -8.5404 -8.3675 -8.2038 -8.0450 -7.6359 -7.1420 -6.5784 -6.0085 -5.4640
 -4.9448 -4.4573 -4.0147 -3.6228 -3.2798 -2.9811 -2.7246 -2.5080 -2.3284 -2.1800
 -2.0558
-12.6678-12.3934-12.0121-11.5207-10.9729-10.4379 -9.9549 -9.5371 -9.1824 -8.8808
 -8.6194 -8.3871 -8.1768 -7.9864 -7.7783 -7.5375 -7.0854 -6.5377 -5.9707
 [Fe/H] =  0.75 [alpha/Fe] = 0.00 BC value = F275W
-13.7564-13.6253-13.4538-13.2464-13.0068-12.7384-12.4442-12.1268-11.7958-11.4856
-11.2247-11.0244-10.8783-10.7707-10.6836-10.4770-10.1386 -9.4577 -8.4355
-13.4417-13.4292-13.4153-13.3691-13.1806-12.8571-12.4354-11.9770-11.6002-11.2635
-10.9828-10.7649-10.6050-10.4876-10.3956-10.1722 -9.7620 -8.9704 -8.0095 -7.1802
-13.0976-13.0783-13.0206-12.9637-12.8584-12.6553-12.2912-11.8125-11.4000-11.0415
-10.7392-10.4990-10.3179-10.1840-10.0798 -9.8297 -9.3865 -8.5950 -7.6669 -6.8676
 -6.2245
-12.7413-12.6640-12.5987-12.5277-12.4278-12.2659-12.0010-11.6066-11.1871-10.8176
-10.4968-10.2352-10.0294 -9.8735 -9.7519 -9.4728 -9.0252 -8.2884 -7.4143 -6.6352
 -6.0014 -5.4763
-12.3998-12.2733-12.1715-12.0792-11.9775-11.8395-11.6363-11.3343-10.9542-10.5855
-10.2585 -9.9804 -9.7530 -9.5728 -9.4305 -9.1210 -8.6806 -8.0130 -7.2092 -6.4544
 -5.8270 -5.3027 -4.8557 -4.4729
-12.1309-11.9369-11.7808-11.6519-11.5334-11.4040-11.2387-11.0078-10.6962-10.3496
-10.0241 -9.7389 -9.4961 -9.2944 -9.1307 -8.7888 -8.3567 -7.7509 -7.0254 -6.3063
 -5.6838 -5.1581 -4.7100 -4.3265 -3.9972 -3.7128 -3.4680 -3.2556 -3.0594 -2.8748
-11.9471-11.7107-11.4979-11.3083-11.1453-10.9980-10.8451-10.6580-10.4116-10.1085
 -9.7976 -9.5119 -9.2602 -9.0443 -8.8612 -8.4862 -8.0589 -7.4993 -6.8474 -6.1768
 -5.5655 -5.0388 -4.5870 -4.1991 -3.8657 -3.5772 -3.3276 -3.1133 -2.9283 -2.7565
 -2.5929
-11.7241-11.4460-11.2162-11.0258-10.8507-10.6735-10.5003-10.3250-10.1206 -9.8673
 -9.5820 -9.3040 -9.0519 -8.8257 -8.6272 -8.2197 -7.7936 -7.2650 -6.6716 -6.0543
 -5.4658 -4.9417 -4.4864 -4.0926 -3.7528 -3.4580 -3.2022 -2.9819 -2.7944 -2.6339
 -2.4843
-11.7726-11.3594-11.0043-10.7138-10.4901-10.3145-10.1624-10.0096 -9.8392 -9.6302
 -9.3794 -9.1162 -8.8658 -8.6361 -8.4280 -7.9899 -7.5606 -7.0506 -6.4950 -5.9269
 -5.3697 -4.8556 -4.4002 -4.0019 -3.6558 -3.3539 -3.0912 -2.8647 -2.6716 -2.5084
 -2.3693
-12.0124-11.5370-11.0804-10.6723-10.3283-10.0485 -9.8229 -9.6404 -9.4864 -9.3384
 -9.1615 -8.9452 -8.7144 -8.4894 -8.2771 -7.8140 -7.3805 -6.8856 -6.3533 -5.8211
 -5.2974 -4.7996 -4.3469 -3.9448 -3.5918 -3.2819 -3.0107 -2.7757 -2.5754 -2.4057
 -2.2636
-12.3534-11.8875-11.3781-10.8804-10.4281-10.0374 -9.7106 -9.4401 -9.2148 -9.0238
 -8.8529 -8.6815 -8.5024 -8.3185 -8.1329 -7.6804 -7.2429 -6.7610 -6.2431 -5.7317
 -5.2354 -4.7578 -4.3128 -3.9102 -3.5521 -3.2351 -2.9561 -2.7123 -2.5031 -2.3265
 -2.1781
-12.6259-12.2862-11.8309-11.3014-10.7639-10.2675 -9.8319 -9.4617 -9.1502 -8.8868
 -8.6583 -8.4534 -8.2648 -8.0876 -7.9954 -7.5891 -7.1478 -6.6768 -6.1644
 [Fe/H] =  1.00 [alpha/Fe] = 0.00 BC value = F275W
-13.8551-13.7034-13.5160-13.2967-13.0490-12.7759-12.4801-12.1639-11.8382-11.5367
-11.2684-11.0557-10.8988-10.7844-10.6971-10.5184-10.2423 -9.7044 -8.8115
-13.5624-13.9864-14.1269-14.0130-13.6703-13.1212-12.4730-12.0222-11.6545-11.3231
-11.0357-10.8056-10.6338-10.5096-10.4173-10.2340 -9.9338 -9.2313 -8.3275 -7.4724
-13.2353-13.5106-13.2145-13.1796-13.0876-12.8731-12.4004-11.8735-11.4652-11.1055
-10.7985-10.5478-10.3544-10.2128-10.1090 -9.9079 -9.5910 -8.9184 -7.9986 -7.1776
 -6.5077
-12.8896-12.8434-12.8046-12.7551-12.6684-12.5025-12.1985-11.7241-11.2708-10.8888
-10.5616-10.2903-10.0727 -9.9084 -9.7865 -9.5598 -9.2387 -8.6157 -7.7560 -6.9608
 -6.2971 -5.7545
-12.5431-12.4506-12.3773-12.3071-12.2197-12.0813-11.8547-11.5012-11.0631-10.6676
-10.3268-10.0383 -9.8012 -9.6124 -9.4684 -9.2082 -8.8880 -8.3296 -7.5538 -6.7785
 -6.1315 -5.5960 -5.1358 -4.7341
-12.2369-12.0839-11.9635-11.8622-11.7615-11.6379-11.4614-11.1969-10.8333-10.4452
-10.0985 -9.7996 -9.5468 -9.3375 -9.1708 -8.8707 -8.5501 -8.0482 -7.3632 -6.6366
 -5.9983 -5.4619 -5.0011 -4.6003 -4.2498 -3.9431 -3.6738 -3.4316 -3.2079 -3.0015
-12.0360-11.8113-11.6235-11.4681-11.3353-11.2056-11.0537-10.8498-10.5678-10.2195
 -9.8773 -9.5743 -9.3113 -9.0887 -8.9020 -8.5597 -8.2339 -7.7738 -7.1704 -6.5062
 -5.8862 -5.3501 -4.8884 -4.4846 -4.1309 -3.8205 -3.5471 -3.3056 -3.0900 -2.8908
 -2.7070
-11.8043-11.5880-11.3817-11.1854-11.0029-10.8357-10.6750-10.4993-10.2765 -9.9899
 -9.6677 -9.3644 -9.0983 -8.8668 -8.6653 -8.2830 -7.9465 -7.5149 -6.9736 -6.3752
 -5.7864 -5.2576 -4.7935 -4.3866 -4.0294 -3.7144 -3.4342 -3.1862 -2.9690 -2.7786
 -2.6032
-11.7195-11.3585-11.0706-10.8476-10.6753-10.5192-10.3571-10.1830 -9.9881 -9.7507
 -9.4672 -9.1736 -8.9053 -8.6680 -8.4584 -8.0399 -7.6883 -7.2714 -6.7717 -6.2286
 -5.6810 -5.1674 -4.7070 -4.2985 -3.9376 -3.6179 -3.3334 -3.0789 -2.8550 -2.6622
 -2.4960
-11.8876-11.4364-11.0206-10.6653-10.3793-10.1552 -9.9800 -9.8345 -9.6917 -9.5208
 -9.2903 -9.0189 -8.7526 -8.5115 -8.2949 -7.8472 -7.4781 -7.0730 -6.6001 -6.0984
 -5.5917 -5.1011 -4.6480 -4.2393 -3.8746 -3.5493 -3.2589 -2.9989 -2.7682 -2.5684
 -2.3979
-12.1993-11.7201-11.2278-10.7671-10.3624-10.0229 -9.7457 -9.5205 -9.3363 -9.1794
 -9.0266 -8.8395 -8.6127 -8.3812 -8.1637 -7.6979 -7.3103 -6.9112 -6.4565 -5.9795
 -5.5049 -5.0408 -4.6009 -4.1957 -3.8294 -3.5001 -3.2049 -2.9395 -2.7030 -2.4965
 -2.3194
-12.5280-12.1283-11.6326-11.1035-10.5986-10.1477 -9.7615 -9.4379 -9.1685 -8.9412
 -8.7452 -8.5672 -8.3879 -8.2015 -8.0648 -7.5920 -7.1849 -6.7860 -6.3409
