 [Fe/H] = -2.50 [alpha/Fe] = 0.00 BC value = F775W
 -0.5618 -0.5405 -0.5319 -0.5381 -0.5503 -0.5485 -0.4226 -0.3856 -0.3456 -0.2958
 -0.2344 -0.1686 -0.0990 -0.0246  0.0440  0.1737  0.2341  0.2526  0.2510
 -0.5320 -0.4294 -0.3646 -0.3338 -0.3283 -0.3215 -0.3047 -0.2820 -0.2559 -0.2260
 -0.1852 -0.1309 -0.0676 -0.0051  0.0512  0.1555  0.2131  0.2339  0.2336  0.2206
 -0.4718 -0.3840 -0.3127 -0.2584 -0.2230 -0.2087 -0.2113 -0.2101 -0.1945 -0.1664
 -0.1351 -0.0981 -0.0494  0.0040  0.0539  0.1482  0.1983  0.2150  0.2130  0.2002
  0.1801
 -0.4114 -0.3386 -0.2754 -0.2218 -0.1785 -0.1467 -0.1266 -0.1184 -0.1171 -0.1089
 -0.0883 -0.0633 -0.0303  0.0119  0.0550  0.1405  0.1863  0.1995  0.1954  0.1824
  0.1634  0.1395
 -0.3328 -0.2785 -0.2295 -0.1846 -0.1444 -0.1101 -0.0827 -0.0621 -0.0476 -0.0380
 -0.0284 -0.0140  0.0033  0.0292  0.0611  0.1360  0.1788  0.1893  0.1820  0.1673
  0.1482  0.1252  0.0986  0.0691
 -0.2373 -0.2007 -0.1676 -0.1357 -0.1043 -0.0745 -0.0475 -0.0244 -0.0054  0.0107
  0.0250  0.0384  0.0500  0.0649  0.0842  0.1381  0.1770  0.1860  0.1746  0.1564
  0.1354  0.1118  0.0856  0.0568  0.0249 -0.0105 -0.0499 -0.0935 -0.1415 -0.1939
 -0.1327 -0.1084 -0.0897 -0.0715 -0.0520 -0.0308 -0.0092  0.0115  0.0301  0.0466
  0.0619  0.0768  0.0903  0.1027  0.1166  0.1525  0.1818  0.1895  0.1752  0.1519
  0.1267  0.1008  0.0735  0.0446  0.0141 -0.0175 -0.0518 -0.0908 -0.1359 -0.1872
 -0.2413
 -0.0209 -0.0081  0.0002  0.0072  0.0148  0.0250  0.0381  0.0528  0.0675  0.0817
  0.0950  0.1079  0.1207  0.1327  0.1452  0.1736  0.1935  0.1987  0.1831  0.1554
  0.1247  0.0943  0.0640  0.0335  0.0024 -0.0296 -0.0621 -0.0970 -0.1363 -0.1816
 -0.2339
  0.0911  0.0951  0.0964  0.0953  0.0937  0.0940  0.0973  0.1036  0.1118  0.1212
  0.1307  0.1403  0.1498  0.1593  0.1696  0.1943  0.2093  0.2111  0.1957  0.1658
  0.1301  0.0938  0.0588  0.0248 -0.0086 -0.0417 -0.0752 -0.1107 -0.1485 -0.1881
 -0.2295
  0.2034  0.2012  0.1948  0.1881  0.1804  0.1730  0.1675  0.1648  0.1649  0.1673
  0.1712  0.1761  0.1815  0.1872  0.1935  0.2123  0.2247  0.2245  0.2096  0.1807
  0.1429  0.1019  0.0613  0.0223 -0.0150 -0.0509 -0.0860 -0.1209 -0.1601 -0.1967
 -0.2316
  0.3159  0.3102  0.2954  0.2815  0.2704  0.2580  0.2461  0.2358  0.2277  0.2222
  0.2190  0.2177  0.2178  0.2189  0.2208  0.2296  0.2391  0.2376  0.2228  0.1955
  0.1584  0.1158  0.0711  0.0268 -0.0155 -0.0556 -0.0941 -0.1312 -0.1675 -0.2038
 -0.2412
  0.4287  0.4221  0.3982  0.3746  0.3605  0.3447  0.3286  0.3130  0.2985  0.2855
  0.2747  0.2662  0.2598  0.2552  0.2515  0.2462  0.2525  0.2504  0.2353
 [Fe/H] = -2.00 [alpha/Fe] = 0.00 BC value = F775W
 -0.6481 -0.5801 -0.5324 -0.5025 -0.4836 -0.4656 -0.4087 -0.3799 -0.3414 -0.2917
 -0.2308 -0.1635 -0.0930 -0.0241  0.0385  0.1618  0.2324  0.2615  0.2612
 -0.5534 -0.4614 -0.4118 -0.3738 -0.3421 -0.3187 -0.3008 -0.2831 -0.2603 -0.2293
 -0.1878 -0.1347 -0.0741 -0.0139  0.0412  0.1491  0.2133  0.2392  0.2405  0.2284
 -0.5191 -0.4050 -0.3216 -0.2693 -0.2501 -0.2464 -0.2367 -0.2193 -0.1989 -0.1767
 -0.1490 -0.1124 -0.0642 -0.0116  0.0382  0.1368  0.1962  0.2204  0.2206  0.2084
  0.1884
 -0.5001 -0.3901 -0.3019 -0.2343 -0.1866 -0.1583 -0.1509 -0.1563 -0.1543 -0.1379
 -0.1143 -0.0873 -0.0527 -0.0092  0.0344  0.1257  0.1816  0.2047  0.2041  0.1916
  0.1725  0.1483
 -0.4692 -0.3711 -0.2889 -0.2212 -0.1671 -0.1263 -0.0981 -0.0812 -0.0770 -0.0789
 -0.0725 -0.0570 -0.0337 -0.0015  0.0359  0.1184  0.1712  0.1935  0.1917  0.1778
  0.1583  0.1349  0.1077  0.0768
 -0.4180 -0.3353 -0.2644 -0.2036 -0.1516 -0.1083 -0.0736 -0.0470 -0.0273 -0.0141
 -0.0077 -0.0025  0.0057  0.0216  0.0461  0.1166  0.1661  0.1876  0.1845  0.1680
  0.1465  0.1224  0.0956  0.0660  0.0337 -0.0018 -0.0411 -0.0855 -0.1365 -0.1893
 -0.3476 -0.2799 -0.2222 -0.1719 -0.1271 -0.0872 -0.0524 -0.0231  0.0011  0.0211
  0.0376  0.0505  0.0586  0.0664  0.0786  0.1232  0.1668  0.1876  0.1838  0.1640
  0.1388  0.1121  0.0841  0.0546  0.0232 -0.0102 -0.0464 -0.0859 -0.1305 -0.1823
 -0.2366
 -0.2633 -0.2086 -0.1628 -0.1234 -0.0883 -0.0557 -0.0254  0.0024  0.0268  0.0480
  0.0668  0.0835  0.0972  0.1083  0.1181  0.1458  0.1748  0.1930  0.1891  0.1670
  0.1371  0.1061  0.0753  0.0440  0.0122 -0.0206 -0.0552 -0.0917 -0.1312 -0.1764
 -0.2292
 -0.1706 -0.1258 -0.0896 -0.0596 -0.0338 -0.0101  0.0130  0.0357  0.0571  0.0767
  0.0943  0.1104  0.1251  0.1380  0.1496  0.1740  0.1923  0.2035  0.1989  0.1759
  0.1423  0.1060  0.0705  0.0359  0.0018 -0.0321 -0.0665 -0.1019 -0.1390 -0.1790
 -0.2245
 -0.0781 -0.0387 -0.0091  0.0137  0.0320  0.0480  0.0633  0.0789  0.0949  0.1105
  0.1252  0.1386  0.1510  0.1627  0.1738  0.1977  0.2126  0.2178  0.2115  0.1893
  0.1543  0.1140  0.0731  0.0337 -0.0041 -0.0407 -0.0768 -0.1126 -0.1488 -0.1865
 -0.2263
  0.0088  0.0469  0.0745  0.0930  0.1059  0.1158  0.1246  0.1333  0.1425  0.1524
  0.1625  0.1720  0.1810  0.1895  0.1978  0.2176  0.2311  0.2335  0.2249  0.2035
  0.1694  0.1276  0.0829  0.0384 -0.0044 -0.0452 -0.0844 -0.1224 -0.1596 -0.1969
 -0.2352
  0.0859  0.1256  0.1543  0.1731  0.1839  0.1897  0.1936  0.1969  0.2001  0.2036
  0.2078  0.2123  0.2142  0.2199  0.2216  0.2337  0.2478  0.2506  0.2391
 [Fe/H] = -1.50 [alpha/Fe] = 0.00 BC value = F775W
 -0.9188 -0.8111 -0.7265 -0.6589 -0.6018 -0.5483 -0.4920 -0.4297 -0.3648 -0.2981
 -0.2284 -0.1570 -0.0864 -0.0218  0.0361  0.1529  0.2297  0.2681  0.2730
 -0.7863 -0.6709 -0.5821 -0.5152 -0.4638 -0.4215 -0.3820 -0.3398 -0.2953 -0.2479
 -0.1957 -0.1380 -0.0771 -0.0189  0.0340  0.1404  0.2103  0.2447  0.2504  0.2392
 -0.6681 -0.5479 -0.4724 -0.4160 -0.3682 -0.3301 -0.2984 -0.2678 -0.2363 -0.2028
 -0.1655 -0.1217 -0.0711 -0.0189  0.0297  0.1279  0.1927  0.2256  0.2316  0.2208
  0.2010
 -0.6352 -0.4916 -0.3832 -0.3086 -0.2665 -0.2502 -0.2358 -0.2145 -0.1890 -0.1620
 -0.1334 -0.1016 -0.0629 -0.0181  0.0263  0.1175  0.1782  0.2099  0.2162  0.2056
  0.1864  0.1617
 -0.6256 -0.4806 -0.3641 -0.2745 -0.2085 -0.1653 -0.1433 -0.1369 -0.1366 -0.1256
 -0.1039 -0.0777 -0.0483 -0.0130  0.0261  0.1106  0.1677  0.1981  0.2044  0.1934
  0.1738  0.1495  0.1215  0.0896
 -0.6117 -0.4735 -0.3590 -0.2667 -0.1941 -0.1389 -0.0985 -0.0707 -0.0552 -0.0526
 -0.0526 -0.0444 -0.0262 -0.0002  0.0314  0.1081  0.1618  0.1907  0.1966  0.1848
  0.1636  0.1384  0.1106  0.0800  0.0464  0.0100 -0.0307 -0.0770 -0.1287 -0.1813
 -0.5814 -0.4551 -0.3480 -0.2594 -0.1867 -0.1277 -0.0809 -0.0447 -0.0172  0.0030
  0.0151  0.0193  0.0223  0.0310  0.0482  0.1106  0.1605  0.1880  0.1935  0.1807
  0.1571  0.1296  0.1005  0.0697  0.0372  0.0023 -0.0354 -0.0764 -0.1222 -0.1746
 -0.2289
 -0.5318 -0.4191 -0.3224 -0.2412 -0.1732 -0.1161 -0.0683 -0.0287  0.0036  0.0296
  0.0510  0.0676  0.0777  0.0831  0.0895  0.1220  0.1641  0.1897  0.1950  0.1817
  0.1557  0.1247  0.0928  0.0604  0.0273 -0.0069 -0.0429 -0.0811 -0.1221 -0.1683
 -0.2217
 -0.4663 -0.3654 -0.2795 -0.2070 -0.1461 -0.0944 -0.0499 -0.0113  0.0218  0.0500
  0.0739  0.0944  0.1115  0.1242  0.1332  0.1520  0.1752  0.1962  0.2008  0.1874
  0.1597  0.1249  0.0888  0.0532  0.0180 -0.0173 -0.0532 -0.0901 -0.1287 -0.1709
 -0.2167
 -0.3982 -0.3043 -0.2257 -0.1606 -0.1064 -0.0610 -0.0220  0.0125  0.0434  0.0707
  0.0946  0.1154  0.1337  0.1495  0.1625  0.1839  0.1975  0.2079  0.2102  0.1974
  0.1696  0.1323  0.0918  0.0517  0.0128 -0.0250 -0.0624 -0.0997 -0.1374 -0.1766
 -0.2177
 -0.3364 -0.2431 -0.1666 -0.1051 -0.0560 -0.0160  0.0175  0.0468  0.0731  0.0972
  0.1190  0.1382  0.1553  0.1706  0.1840  0.2090  0.2217  0.2257  0.2228  0.2096
  0.1828  0.1449  0.1013  0.0566  0.0131 -0.0287 -0.0692 -0.1085 -0.1472 -0.1860
 -0.2256
 -0.2854 -0.1894 -0.1108 -0.0481  0.0001  0.0371  0.0665  0.0911  0.1126  0.1320
  0.1500  0.1663  0.1811  0.1948  0.1977  0.2273  0.2478  0.2496  0.2386
 [Fe/H] = -1.00 [alpha/Fe] = 0.00 BC value = F775W
 -1.3739 -1.2334 -1.1143 -1.0073 -0.9049 -0.7966 -0.6725 -0.5350 -0.4158 -0.3150
 -0.2272 -0.1492 -0.0791 -0.0176  0.0367  0.1469  0.2259  0.2723  0.2864
 -1.1902 -1.0439 -0.9247 -0.8240 -0.7343 -0.6471 -0.5502 -0.4489 -0.3582 -0.2780
 -0.2045 -0.1360 -0.0727 -0.0158  0.0348  0.1368  0.2087  0.2508  0.2642  0.2563
 -1.0552 -0.9063 -0.7851 -0.6859 -0.6025 -0.5288 -0.4550 -0.3785 -0.3081 -0.2442
 -0.1840 -0.1254 -0.0686 -0.0156  0.0320  0.1275  0.1940  0.2331  0.2465  0.2396
  0.2203
 -0.9036 -0.7596 -0.6569 -0.5731 -0.4983 -0.4330 -0.3736 -0.3151 -0.2598 -0.2086
 -0.1601 -0.1121 -0.0632 -0.0150  0.0298  0.1199  0.1823  0.2190  0.2321  0.2261
  0.2075  0.1820
 -0.8401 -0.6667 -0.5330 -0.4351 -0.3694 -0.3292 -0.2956 -0.2567 -0.2144 -0.1727
 -0.1324 -0.0932 -0.0533 -0.0115  0.0297  0.1150  0.1737  0.2084  0.2209  0.2153
  0.1970  0.1719  0.1425  0.1090
 -0.8216 -0.6406 -0.4928 -0.3766 -0.2889 -0.2257 -0.1833 -0.1585 -0.1453 -0.1285
 -0.1025 -0.0706 -0.0372 -0.0029  0.0331  0.1129  0.1684  0.2012  0.2131  0.2073
  0.1887  0.1630  0.1337  0.1014  0.0659  0.0269 -0.0160 -0.0641 -0.1170 -0.1697
 -0.8162 -0.6345 -0.4826 -0.3594 -0.2623 -0.1876 -0.1313 -0.0896 -0.0601 -0.0434
 -0.0365 -0.0287 -0.0121  0.0129  0.0420  0.1142  0.1664  0.1974  0.2085  0.2025
  0.1834  0.1564  0.1258  0.0933  0.0587  0.0217 -0.0183 -0.0617 -0.1096 -0.1629
 -0.2170
 -0.8053 -0.6294 -0.4792 -0.3546 -0.2539 -0.1737 -0.1106 -0.0614 -0.0230  0.0064
  0.0279  0.0404  0.0460  0.0524  0.0649  0.1195  0.1680  0.1970  0.2076  0.2013
  0.1816  0.1529  0.1202  0.0861  0.0509  0.0144 -0.0240 -0.0645 -0.1080 -0.1559
 -0.2099
 -0.7794 -0.6123 -0.4680 -0.3464 -0.2465 -0.1654 -0.0996 -0.0462 -0.0033  0.0312
  0.0591  0.0813  0.0975  0.1073  0.1133  0.1362  0.1740  0.2006  0.2102  0.2038
  0.1837  0.1533  0.1177  0.0806  0.0434  0.0060 -0.0323 -0.0717 -0.1127 -0.1570
 -0.2046
 -0.7474 -0.5872 -0.4480 -0.3316 -0.2345 -0.1546 -0.0893 -0.0353  0.0096  0.0468
  0.0777  0.1033  0.1245  0.1415  0.1539  0.1708  0.1878  0.2077  0.2162  0.2101
  0.1903  0.1591  0.1208  0.0802  0.0397 -0.0002 -0.0398 -0.0794 -0.1196 -0.1611
 -0.2049
 -0.7194 -0.5594 -0.4215 -0.3073 -0.2130 -0.1356 -0.0723 -0.0199  0.0241  0.0615
  0.0933  0.1202  0.1430  0.1623  0.1783  0.2035  0.2142  0.2215  0.2257  0.2193
  0.2001  0.1691  0.1293  0.0852  0.0407 -0.0027 -0.0452 -0.0866 -0.1276 -0.1687
 -0.2106
 -0.7034 -0.5396 -0.3991 -0.2815 -0.1858 -0.1091 -0.0473  0.0030  0.0449  0.0804
  0.1111  0.1376  0.1604  0.1800  0.1865  0.2343  0.2532  0.2420  0.2387
 [Fe/H] = -0.75 [alpha/Fe] = 0.00 BC value = F775W
 -1.6706 -1.5163 -1.3808 -1.2535 -1.1258 -0.9828 -0.8106 -0.6149 -0.4516 -0.3260
 -0.2267 -0.1448 -0.0752 -0.0148  0.0381  0.1450  0.2236  0.2735  0.2937
 -1.4537 -1.2932 -1.1592 -1.0417 -0.9313 -0.8162 -0.6784 -0.5298 -0.4007 -0.2961
 -0.2090 -0.1343 -0.0693 -0.0127  0.0370  0.1367  0.2087  0.2530  0.2713  0.2664
 -1.2987 -1.1309 -0.9934 -0.8781 -0.7772 -0.6815 -0.5756 -0.4612 -0.3575 -0.2696
 -0.1939 -0.1265 -0.0659 -0.0121  0.0352  0.1294  0.1960  0.2375  0.2541  0.2503
  0.2320
 -1.1430 -0.9928 -0.8620 -0.7497 -0.6532 -0.5680 -0.4851 -0.3969 -0.3137 -0.2406
 -0.1760 -0.1170 -0.0620 -0.0115  0.0338  0.1235  0.1860  0.2246  0.2404  0.2372
  0.2200  0.1945
 -1.0272 -0.8526 -0.6973 -0.6055 -0.5343 -0.4679 -0.4017 -0.3342 -0.2679 -0.2074
 -0.1530 -0.1027 -0.0548 -0.0088  0.0338  0.1196  0.1786  0.2149  0.2297  0.2267
  0.2103  0.1854  0.1555  0.1213
 -0.9601 -0.7546 -0.6003 -0.4809 -0.3915 -0.3277 -0.2853 -0.2515 -0.2137 -0.1705
 -0.1259 -0.0831 -0.0421 -0.0023  0.0365  0.1180  0.1739  0.2081  0.2220  0.2189
  0.2027  0.1777  0.1480  0.1150  0.0785  0.0385 -0.0059 -0.0554 -0.1090 -0.1619
 -0.9335 -0.7334 -0.5678 -0.4340 -0.3291 -0.2488 -0.1881 -0.1430 -0.1124 -0.0939
 -0.0775 -0.0541 -0.0234  0.0099  0.0434  0.1190  0.1721  0.2043  0.2174  0.2140
  0.1977  0.1721  0.1415  0.1083  0.0726  0.0343 -0.0071 -0.0518 -0.1011 -0.1550
 -0.2090
 -0.9329 -0.7313 -0.5609 -0.4202 -0.3068 -0.2174 -0.1478 -0.0938 -0.0516 -0.0196
  0.0020  0.0139  0.0230  0.0371  0.0585  0.1232  0.1733  0.2035  0.2159  0.2123
  0.1957  0.1693  0.1371  0.1023  0.0661  0.0284 -0.0113 -0.0534 -0.0983 -0.1475
 -0.2019
 -0.9271 -0.7285 -0.5587 -0.4158 -0.2987 -0.2046 -0.1296 -0.0700 -0.0226  0.0152
  0.0454  0.0686  0.0843  0.0933  0.1006  0.1342  0.1782  0.2062  0.2176  0.2138
  0.1968  0.1695  0.1352  0.0979  0.0598  0.0211 -0.0185 -0.0593 -0.1018 -0.1470
 -0.1962
 -0.9167 -0.7235 -0.5550 -0.4132 -0.2950 -0.1989 -0.1214 -0.0584 -0.0074  0.0340
  0.0679  0.0956  0.1181  0.1353  0.1472  0.1644  0.1878  0.2121  0.2224  0.2187
  0.2019  0.1741  0.1382  0.0981  0.0570  0.0161 -0.0248 -0.0658 -0.1074 -0.1504
 -0.1956
 -0.9088 -0.7148 -0.5478 -0.4053 -0.2876 -0.1910 -0.1125 -0.0486  0.0038  0.0472
  0.0833  0.1132  0.1381  0.1588  0.1756  0.2002  0.2116  0.2228  0.2305  0.2264
  0.2101  0.1824  0.1455  0.1030  0.0585  0.0143 -0.0292 -0.0718 -0.1142 -0.1567
 -0.2001
 -0.9129 -0.7152 -0.5433 -0.3966 -0.2761 -0.1783 -0.0992 -0.0350  0.0174  0.0608
  0.0974  0.1282  0.1542  0.1760  0.1858  0.2416  0.2496  0.2383  0.2419
 [Fe/H] = -0.50 [alpha/Fe] = 0.00 BC value = F775W
 -1.9922 -1.8341 -1.6895 -1.5465 -1.3937 -1.2113 -0.9809 -0.7129 -0.4935 -0.3374
 -0.2263 -0.1401 -0.0698 -0.0105  0.0408  0.1448  0.2220  0.2746  0.2997
 -1.7432 -1.5762 -1.4329 -1.3019 -1.1718 -1.0258 -0.8403 -0.6318 -0.4515 -0.3151
 -0.2126 -0.1317 -0.0647 -0.0081  0.0409  0.1383  0.2098  0.2570  0.2786  0.2773
 -1.5621 -1.3833 -1.2348 -1.1075 -0.9910 -0.8722 -0.7295 -0.5665 -0.4176 -0.2974
 -0.2031 -0.1266 -0.0622 -0.0073  0.0400  0.1329  0.1995  0.2428  0.2624  0.2616
  0.2451
 -1.4160 -1.2348 -1.0822 -0.9534 -0.8417 -0.7387 -0.6294 -0.5032 -0.3813 -0.2774
 -0.1921 -0.1211 -0.0599 -0.0069  0.0392  0.1286  0.1912  0.2315  0.2496  0.2491
  0.2339  0.2087
 -1.2137 -1.0554 -0.9302 -0.8193 -0.7171 -0.6231 -0.5336 -0.4370 -0.3392 -0.2513
 -0.1763 -0.1121 -0.0555 -0.0052  0.0392  0.1258  0.1851  0.2228  0.2398  0.2391
  0.2248  0.2007  0.1705  0.1356
 -1.0970 -0.9036 -0.7532 -0.6395 -0.5552 -0.4904 -0.4302 -0.3631 -0.2898 -0.2184
 -0.1541 -0.0976 -0.0469 -0.0008  0.0412  0.1247  0.1811  0.2166  0.2325  0.2316
  0.2177  0.1941  0.1644  0.1307  0.0932  0.0518  0.0060 -0.0448 -0.0995 -0.1528
 -1.0579 -0.8474 -0.6756 -0.5386 -0.4318 -0.3494 -0.2863 -0.2384 -0.1997 -0.1624
 -0.1209 -0.0764 -0.0328  0.0082  0.0463  0.1255  0.1796  0.2129  0.2280  0.2268
  0.2129  0.1894  0.1593  0.1254  0.0888  0.0492  0.0066 -0.0398 -0.0907 -0.1455
 -0.1996
 -1.0533 -0.8341 -0.6507 -0.5001 -0.3794 -0.2841 -0.2092 -0.1495 -0.1018 -0.0660
 -0.0416 -0.0232 -0.0021  0.0253  0.0565  0.1290  0.1807  0.2120  0.2262  0.2248
  0.2107  0.1868  0.1559  0.1209  0.0838  0.0448  0.0036 -0.0400 -0.0866 -0.1372
 -0.1924
 -1.0602 -0.8363 -0.6473 -0.4892 -0.3597 -0.2556 -0.1730 -0.1073 -0.0547 -0.0120
  0.0219  0.0468  0.0631  0.0746  0.0874  0.1370  0.1850  0.2143  0.2273  0.2256
  0.2112  0.1866  0.1544  0.1176  0.0788  0.0390 -0.0020 -0.0444 -0.0885 -0.1354
 -0.1861
 -1.0702 -0.8476 -0.6544 -0.4920 -0.3568 -0.2469 -0.1587 -0.0880 -0.0312  0.0148
  0.0524  0.0831  0.1074  0.1252  0.1372  0.1594  0.1922  0.2193  0.2311  0.2293
  0.2150  0.1901  0.1569  0.1181  0.0770  0.0353 -0.0069 -0.0493 -0.0926 -0.1373
 -0.1841
 -1.0840 -0.8582 -0.6645 -0.4972 -0.3587 -0.2447 -0.1525 -0.0783 -0.0183  0.0306
  0.0708  0.1038  0.1312  0.1535  0.1713  0.1962  0.2109  0.2280  0.2381  0.2358
  0.2217  0.1968  0.1630  0.1226  0.0789  0.0344 -0.0100 -0.0540 -0.0979 -0.1421
 -0.1872
 -1.1087 -0.8778 -0.6770 -0.5058 -0.3612 -0.2435 -0.1479 -0.0708 -0.0085  0.0423
  0.0842  0.1189  0.1478  0.1718  0.1897  0.2474  0.2411  0.2404  0.2483
 [Fe/H] = -0.25 [alpha/Fe] = 0.00 BC value = F775W
 -2.3020 -2.1574 -2.0199 -1.8745 -1.7032 -1.4808 -1.1846 -0.8325 -0.5495 -0.3587
 -0.2322 -0.1408 -0.0691 -0.0101  0.0405  0.1418  0.2179  0.2723  0.3023
 -2.0343 -1.8748 -1.7342 -1.5992 -1.4543 -1.2779 -1.0400 -0.7606 -0.5178 -0.3427
 -0.2222 -0.1340 -0.0645 -0.0074  0.0412  0.1369  0.2078  0.2572  0.2828  0.2859
 -1.8303 -1.6533 -1.5041 -1.3722 -1.2447 -1.1037 -0.9219 -0.7017 -0.4952 -0.3341
 -0.2176 -0.1311 -0.0627 -0.0064  0.0411  0.1332  0.1996  0.2449  0.2679  0.2704
  0.2567
 -1.6739 -1.4827 -1.3225 -1.1867 -1.0658 -0.9476 -0.8108 -0.6406 -0.4692 -0.3245
 -0.2136 -0.1290 -0.0617 -0.0061  0.0408  0.1304  0.1931  0.2352  0.2561  0.2583
  0.2458  0.2221
 -1.4978 -1.3269 -1.1726 -1.0367 -0.9171 -0.8084 -0.7002 -0.5720 -0.4338 -0.3085
 -0.2061 -0.1253 -0.0598 -0.0052  0.0411  0.1286  0.1882  0.2276  0.2471  0.2488
  0.2370  0.2146  0.1849  0.1500
 -1.2815 -1.1030 -0.9684 -0.8639 -0.7718 -0.6815 -0.5908 -0.4942 -0.3870 -0.2827
 -0.1920 -0.1172 -0.0551 -0.0026  0.0425  0.1282  0.1853  0.2220  0.2403  0.2417
  0.2302  0.2086  0.1798  0.1460  0.1081  0.0660  0.0193 -0.0329 -0.0882 -0.1419
 -1.1930 -0.9825 -0.8144 -0.6838 -0.5831 -0.5051 -0.4427 -0.3838 -0.3166 -0.2419
 -0.1683 -0.1026 -0.0459  0.0032  0.0462  0.1294  0.1843  0.2188  0.2359  0.2370
  0.2254  0.2041  0.1754  0.1420  0.1050  0.0648  0.0212 -0.0264 -0.0786 -0.1341
 -0.1885
 -1.1693 -0.9420 -0.7539 -0.6014 -0.4801 -0.3839 -0.3069 -0.2435 -0.1904 -0.1465
 -0.1079 -0.0690 -0.0275  0.0144  0.0534  0.1326  0.1857  0.2180  0.2338  0.2347
  0.2229  0.2014  0.1725  0.1385  0.1013  0.0618  0.0197 -0.0249 -0.0729 -0.1251
 -0.1809
 -1.1745 -0.9374 -0.7370 -0.5706 -0.4349 -0.3258 -0.2386 -0.1677 -0.1086 -0.0592
 -0.0200  0.0085  0.0296  0.0494  0.0729  0.1393  0.1900  0.2204  0.2347  0.2350
  0.2228  0.2007  0.1711  0.1359  0.0976  0.0575  0.0156 -0.0279 -0.0734 -0.1217
 -0.1738
 -1.1995 -0.9547 -0.7454 -0.5693 -0.4231 -0.3040 -0.2082 -0.1311 -0.0686 -0.0169
  0.0261  0.0610  0.0878  0.1070  0.1208  0.1543  0.1964  0.2251  0.2381  0.2380
  0.2257  0.2032  0.1729  0.1366  0.0967  0.0550  0.0122 -0.0313 -0.0759 -0.1220
 -0.1704
 -1.2329 -0.9818 -0.7657 -0.5809 -0.4269 -0.2999 -0.1970 -0.1143 -0.0476  0.0067
  0.0514  0.0884  0.1190  0.1436  0.1624  0.1895  0.2101  0.2330  0.2445  0.2437
  0.2313  0.2087  0.1778  0.1404  0.0988  0.0550  0.0104 -0.0345 -0.0795 -0.1252
 -0.1719
 -1.2779 -1.0198 -0.7945 -0.6022 -0.4390 -0.3049 -0.1955 -0.1073 -0.0365  0.0208
  0.0677  0.1063  0.1383  0.1649  0.1977  0.2449  0.2311  0.2441  0.2539
 [Fe/H] =  0.00 [alpha/Fe] = 0.00 BC value = F775W
 -2.5499 -2.4333 -2.3210 -2.1935 -2.0205 -1.7500 -1.3739 -0.9380 -0.5989 -0.3714
 -0.2280 -0.1303 -0.0568  0.0030  0.0527  0.1514  0.2248  0.2785  0.3114
 -2.2849 -2.1483 -2.0263 -1.9024 -1.7532 -1.5477 -1.2469 -0.8874 -0.5796 -0.3630
 -0.2221 -0.1256 -0.0533  0.0048  0.0534  0.1475  0.2167  0.2665  0.2948  0.3012
 -2.0723 -1.9119 -1.7755 -1.6505 -1.5195 -1.3582 -1.1315 -0.8445 -0.5730 -0.3654
 -0.2236 -0.1258 -0.0529  0.0051  0.0532  0.1448  0.2105  0.2567  0.2821  0.2871
  0.2752
 -1.9062 -1.7226 -1.5685 -1.4360 -1.3129 -1.1819 -1.0147 -0.7934 -0.5629 -0.3694
 -0.2281 -0.1282 -0.0541  0.0044  0.0525  0.1427  0.2054  0.2486  0.2720  0.2763
  0.2653  0.2425
 -1.7195 -1.5668 -1.4016 -1.2597 -1.1354 -1.0180 -0.8909 -0.7268 -0.5399 -0.3675
 -0.2312 -0.1307 -0.0555  0.0036  0.0520  0.1413  0.2016  0.2422  0.2641  0.2679
  0.2575  0.2361  0.2062  0.1702
 -1.5154 -1.3624 -1.2289 -1.1030 -0.9843 -0.8728 -0.7650 -0.6438 -0.4996 -0.3538
 -0.2286 -0.1306 -0.0555  0.0037  0.0522  0.1410  0.1991  0.2373  0.2580  0.2616
  0.2514  0.2309  0.2023  0.1678  0.1287  0.0854  0.0366 -0.0179 -0.0745 -0.1294
 -1.3416 -1.1454 -0.9948 -0.8808 -0.7913 -0.7124 -0.6323 -0.5438 -0.4394 -0.3244
 -0.2162 -0.1252 -0.0525  0.0058  0.0539  0.1418  0.1983  0.2342  0.2536  0.2571
  0.2471  0.2270  0.1991  0.1653  0.1274  0.0861  0.0408 -0.0092 -0.0638 -0.1206
 -0.1760
 -1.2821 -1.0573 -0.8741 -0.7289 -0.6154 -0.5251 -0.4513 -0.3879 -0.3248 -0.2555
 -0.1815 -0.1090 -0.0439  0.0114  0.0578  0.1443  0.1995  0.2334  0.2512  0.2545
  0.2446  0.2245  0.1968  0.1632  0.1255  0.0848  0.0411 -0.0056 -0.0558 -0.1104
 -0.1676
 -1.2744 -1.0330 -0.8300 -0.6631 -0.5285 -0.4207 -0.3333 -0.2598 -0.1952 -0.1377
 -0.0883 -0.0465 -0.0082  0.0299  0.0682  0.1495  0.2032  0.2353  0.2515  0.2541
  0.2440  0.2236  0.1955  0.1615  0.1234  0.0824  0.0392 -0.0063 -0.0540 -0.1047
 -0.1592
 -1.3021 -1.0464 -0.8295 -0.6471 -0.4966 -0.3742 -0.2752 -0.1943 -0.1263 -0.0673
 -0.0164  0.0254  0.0579  0.0827  0.1037  0.1584  0.2085  0.2394  0.2541  0.2559
  0.2458  0.2253  0.1969  0.1623  0.1234  0.0815  0.0377 -0.0075 -0.0542 -0.1029
 -0.1535
 -1.3471 -1.0816 -0.8511 -0.6569 -0.4939 -0.3596 -0.2503 -0.1616 -0.0893 -0.0293
  0.0216  0.0647  0.1004  0.1288  0.1505  0.1862  0.2180  0.2460  0.2595  0.2604
  0.2502  0.2297  0.2008  0.1657  0.1257  0.0825  0.0374 -0.0088 -0.0557 -0.1036
 -0.1527
 -1.4081 -1.1327 -0.8909 -0.6836 -0.5088 -0.3637 -0.2449 -0.1487 -0.0709 -0.0077
  0.0445  0.0879  0.1244  0.1548  0.2086  0.2329  0.2317  0.2551  0.2677
 [Fe/H] =  0.25 [alpha/Fe] = 0.00 BC value = F775W
 -2.7182 -2.6372 -2.5635 -2.3929 -2.1279 -1.7977 -1.4268 -1.0355 -0.6629 -0.3990
 -0.2336 -0.1264 -0.0493  0.0112  0.0621  0.1594  0.2309  0.2827  0.3183
 -2.4694 -2.3671 -2.2792 -2.1861 -2.0541 -1.8226 -1.4669 -1.0225 -0.6574 -0.3978
 -0.2315 -0.1236 -0.0469  0.0127  0.0618  0.1554  0.2235  0.2732  0.3041  0.3139
 -2.2619 -2.1314 -2.0232 -1.9222 -1.8044 -1.6341 -1.3652 -1.0052 -0.6667 -0.4106
 -0.2392 -0.1267 -0.0480  0.0123  0.0613  0.1531  0.2185  0.2653  0.2934  0.3016
  0.2931
 -2.0947 -1.9345 -1.8018 -1.6872 -1.5748 -1.4399 -1.2462 -0.9699 -0.6752 -0.4281
 -0.2523 -0.1337 -0.0512  0.0107  0.0603  0.1513  0.2144  0.2587  0.2848  0.2921
  0.2832  0.2618
 -1.9561 -1.7735 -1.6186 -1.4869 -1.3704 -1.2523 -1.1098 -0.9092 -0.6681 -0.4422
 -0.2664 -0.1426 -0.0558  0.0084  0.0591  0.1502  0.2112  0.2532  0.2778  0.2845
  0.2760  0.2559  0.2267  0.1905
 -1.7762 -1.6117 -1.4580 -1.3194 -1.1952 -1.0806 -0.9647 -0.8209 -0.6371 -0.4432
 -0.2764 -0.1513 -0.0606  0.0062  0.0581  0.1500  0.2093  0.2489  0.2721  0.2786
  0.2704  0.2511  0.2234  0.1889  0.1494  0.1050  0.0550 -0.0013 -0.0586 -0.1147
 -1.5091 -1.3507 -1.2252 -1.1243 -1.0262 -0.9256 -0.8228 -0.7131 -0.5793 -0.4247
 -0.2769 -0.1558 -0.0641  0.0047  0.0580  0.1507  0.2089  0.2461  0.2679  0.2742
  0.2662  0.2474  0.2205  0.1872  0.1492  0.1071  0.0607  0.0096 -0.0470 -0.1048
 -0.1613
 -1.3909 -1.1815 -1.0161 -0.8902 -0.7938 -0.7164 -0.6472 -0.5744 -0.4867 -0.3782
 -0.2605 -0.1522 -0.0638  0.0052  0.0592  0.1527  0.2102  0.2455  0.2653  0.2714
  0.2636  0.2450  0.2185  0.1858  0.1486  0.1077  0.0633  0.0153 -0.0367 -0.0934
 -0.1518
 -1.3580 -1.1235 -0.9275 -0.7693 -0.6444 -0.5454 -0.4640 -0.3944 -0.3292 -0.2620
 -0.1904 -0.1182 -0.0492  0.0122  0.0641  0.1569  0.2138  0.2475  0.2654  0.2704
  0.2626  0.2440  0.2173  0.1847  0.1475  0.1069  0.0632  0.0168 -0.0327 -0.0853
 -0.1421
 -1.3761 -1.1238 -0.9075 -0.7269 -0.5793 -0.4602 -0.3639 -0.2834 -0.2129 -0.1480
 -0.0886 -0.0359  0.0088  0.0476  0.0831  0.1627  0.2185  0.2514  0.2676  0.2715
  0.2638  0.2452  0.2185  0.1857  0.1483  0.1073  0.0635  0.0175 -0.0305 -0.0810
 -0.1340
 -1.4241 -1.1566 -0.9237 -0.7263 -0.5613 -0.4256 -0.3151 -0.2248 -0.1494 -0.0843
 -0.0262  0.0248  0.0678  0.1022  0.1296  0.1813  0.2259  0.2575  0.2726  0.2752
  0.2671  0.2487  0.2219  0.1887  0.1508  0.1092  0.0646  0.0180 -0.0300 -0.0796
 -0.1308
 -1.4946 -1.2132 -0.9657 -0.7508 -0.5715 -0.4216 -0.2984 -0.1980 -0.1159 -0.0480
  0.0096  0.0590  0.1015  0.1372  0.2036  0.2127  0.2360  0.2658  0.2804
 [Fe/H] =  0.50 [alpha/Fe] = 0.00 BC value = F775W
 -2.8140 -2.8999 -2.8544 -2.6912 -2.4221 -2.0577 -1.6074 -1.1184 -0.7315 -0.4365
 -0.2451 -0.1245 -0.0419  0.0212  0.0724  0.1703  0.2393  0.2894  0.3265
 -2.5827 -2.5199 -2.4716 -2.4202 -2.2959 -2.0509 -1.6525 -1.1417 -0.7390 -0.4416
 -0.2470 -0.1242 -0.0410  0.0214  0.0717  0.1659  0.2328  0.2820  0.3127  0.3250
 -2.3840 -2.2934 -2.2203 -2.1566 -2.0691 -1.9066 -1.5994 -1.1639 -0.7661 -0.4648
 -0.2616 -0.1310 -0.0439  0.0199  0.0704  0.1633  0.2286  0.2757  0.3057  0.3173
  0.3114
 -2.2214 -2.0945 -1.9950 -1.9122 -1.8256 -1.7011 -1.4873 -1.1547 -0.7942 -0.4963
 -0.2834 -0.1432 -0.0497  0.0170  0.0686  0.1614  0.2249  0.2700  0.2985  0.3090
  0.3026  0.2827
 -2.0904 -1.9329 -1.8033 -1.6965 -1.6017 -1.4945 -1.3436 -1.1071 -0.8075 -0.5261
 -0.3091 -0.1593 -0.0581  0.0129  0.0664  0.1600  0.2220  0.2651  0.2922  0.3023
  0.2961  0.2773  0.2488  0.2125
 -1.9577 -1.7897 -1.6418 -1.5143 -1.4030 -1.2983 -1.1813 -1.0167 -0.7907 -0.5445
 -0.3333 -0.1770 -0.0685  0.0078  0.0641  0.1595  0.2203  0.2612  0.2869  0.2967
  0.2909  0.2729  0.2459  0.2116  0.1717  0.1265  0.0753  0.0183 -0.0404 -0.0979
 -1.7181 -1.5524 -1.4606 -1.3447 -1.2322 -1.1244 -1.0181 -0.8973 -0.7365 -0.5402
 -0.3486 -0.1933 -0.0791  0.0023  0.0618  0.1599  0.2200  0.2588  0.2828  0.2923
  0.2869  0.2694  0.2434  0.2106  0.1726  0.1301  0.0829  0.0303 -0.0280 -0.0866
 -0.1444
 -1.4968 -1.3191 -1.1870 -1.0910 -1.0140 -0.9398 -0.8568 -0.7622 -0.6483 -0.5048
 -0.3460 -0.2018 -0.0876 -0.0029  0.0599  0.1613  0.2213  0.2583  0.2802  0.2892
  0.2841  0.2671  0.2416  0.2097  0.1729  0.1321  0.0872  0.0382 -0.0153 -0.0741
 -0.1334
 -1.4253 -1.2087 -1.0311 -0.8925 -0.7870 -0.7047 -0.6368 -0.5742 -0.5052 -0.4168
 -0.3071 -0.1910 -0.0871 -0.0038  0.0604  0.1646  0.2248  0.2604  0.2802  0.2877
  0.2828  0.2660  0.2406  0.2089  0.1727  0.1326  0.0889  0.0418 -0.0088 -0.0635
 -0.1225
 -1.4247 -1.1853 -0.9797 -0.8094 -0.6726 -0.5644 -0.4770 -0.4027 -0.3356 -0.2702
 -0.2006 -0.1276 -0.0563  0.0088  0.0655  0.1682  0.2291  0.2642  0.2822  0.2883
  0.2832  0.2670  0.2417  0.2101  0.1739  0.1341  0.0908  0.0446 -0.0045 -0.0565
 -0.1116
 -1.4664 -1.2076 -0.9822 -0.7897 -0.6295 -0.4988 -0.3931 -0.3060 -0.2315 -0.1640
 -0.1003 -0.0406  0.0135  0.0601  0.1000  0.1783  0.2352  0.2699  0.2869  0.2914
  0.2857  0.2697  0.2448  0.2131  0.1767  0.1366  0.0930  0.0468 -0.0018 -0.0527
 -0.1057
 -1.5356 -1.2621 -1.0175 -0.8072 -0.6283 -0.4794 -0.3571 -0.2569 -0.1742 -0.1038
 -0.0416  0.0146  0.0648  0.1078  0.1639  0.1949  0.2431  0.2775  0.2943
 [Fe/H] =  0.75 [alpha/Fe] = 0.00 BC value = F775W
 -2.8590 -2.7736 -2.6271 -2.4260 -2.1759 -1.8819 -1.5485 -1.1794 -0.7973 -0.4820
 -0.2640 -0.1260 -0.0349  0.0315  0.0848  0.1845  0.2512  0.2996  0.3361
 -2.6399 -2.6130 -2.6096 -2.5994 -2.4726 -2.1962 -1.7638 -1.2339 -0.8201 -0.4952
 -0.2716 -0.1293 -0.0363  0.0306  0.0829  0.1791  0.2456  0.2934  0.3264  0.3425
 -2.4466 -2.4037 -2.3631 -2.3405 -2.2921 -2.1533 -1.8135 -1.3000 -0.8644 -0.5285
 -0.2931 -0.1409 -0.0419  0.0274  0.0804  0.1757  0.2412  0.2882  0.3194  0.3339
  0.3302
 -2.2846 -2.1962 -2.1362 -2.0929 -2.0432 -1.9439 -1.7253 -1.3369 -0.9141 -0.5731
 -0.3244 -0.1593 -0.0513  0.0225  0.0774  0.1730  0.2374  0.2833  0.3134  0.3270
  0.3233  0.3050
 -2.1578 -2.0342 -1.9398 -1.8683 -1.8074 -1.7247 -1.5780 -1.3100 -0.9508 -0.6180
 -0.3618 -0.1835 -0.0647  0.0158  0.0738  0.1710  0.2343  0.2786  0.3078  0.3211
  0.3179  0.3006  0.2726  0.2363
 -2.0489 -1.9005 -1.7766 -1.6756 -1.5912 -1.5094 -1.4022 -1.2228 -0.9542 -0.6549
 -0.3993 -0.2111 -0.0815  0.0071  0.0695  0.1698  0.2323  0.2748  0.3027  0.3159
  0.3132  0.2968  0.2704  0.2362  0.1958  0.1498  0.0972  0.0387 -0.0198 -0.0788
 -1.8794 -1.7474 -1.6241 -1.5098 -1.4073 -1.3136 -1.2181 -1.0935 -0.9075 -0.6675
 -0.4301 -0.2385 -0.0998 -0.0035  0.0645  0.1695  0.2319  0.2724  0.2985  0.3113
  0.3092  0.2937  0.2684  0.2358  0.1976  0.1546  0.1067  0.0528 -0.0066 -0.0659
 -0.1252
 -1.6024 -1.4795 -1.3811 -1.3017 -1.2246 -1.1375 -1.0450 -0.9445 -0.8154 -0.6419
 -0.4421 -0.2600 -0.1184 -0.0149  0.0589  0.1700  0.2330  0.2719  0.2958  0.3077
  0.3061  0.2914  0.2669  0.2354  0.1988  0.1578  0.1126  0.0629  0.0079 -0.0524
 -0.1126
 -1.4762 -1.2891 -1.1434 -1.0349 -0.9577 -0.8985 -0.8423 -0.7751 -0.6870 -0.5688
 -0.4201 -0.2639 -0.1282 -0.0231  0.0546  0.1722  0.2362  0.2741  0.2957  0.3059
  0.3042  0.2901  0.2661  0.2351  0.1993  0.1595  0.1158  0.0684  0.0168 -0.0394
 -0.1004
 -1.4483 -1.2309 -1.0454 -0.8946 -0.7777 -0.6882 -0.6171 -0.5564 -0.4985 -0.4317
 -0.3436 -0.2353 -0.1239 -0.0266  0.0509  0.1739  0.2401  0.2777  0.2977  0.3060
  0.3038  0.2904  0.2670  0.2365  0.2010  0.1618  0.1190  0.0729  0.0234 -0.0299
 -0.0868
 -1.4739 -1.2361 -1.0260 -0.8465 -0.6984 -0.5796 -0.4849 -0.4068 -0.3383 -0.2741
 -0.2094 -0.1399 -0.0673  0.0026  0.0648  0.1781  0.2452  0.2832  0.3022  0.3087
  0.3055  0.2923  0.2696  0.2393  0.2040  0.1648  0.1223  0.0766  0.0280 -0.0237
 -0.0783
 -1.5375 -1.2808 -1.0506 -0.8502 -0.6791 -0.5369 -0.4208 -0.3260 -0.2469 -0.1776
 -0.1135 -0.0520  0.0061  0.0597  0.0963  0.1848  0.2515  0.2906  0.3092
 [Fe/H] =  1.00 [alpha/Fe] = 0.00 BC value = F775W
 -2.8751 -2.8113 -2.6811 -2.4916 -2.2488 -1.9582 -1.6246 -1.2522 -0.8638 -0.5358
 -0.2912 -0.1324 -0.0297  0.0425  0.0982  0.2000  0.2674  0.3136  0.3471
 -2.6607 -3.1711 -3.3804 -3.3195 -3.0154 -2.4921 -1.8404 -1.3193 -0.9025 -0.5581
 -0.3055 -0.1406 -0.0342  0.0394  0.0952  0.1942  0.2616  0.3088  0.3406  0.3585
 -2.4635 -2.7780 -2.4624 -2.4778 -2.4666 -2.3596 -1.9623 -1.4047 -0.9615 -0.6008
 -0.3356 -0.1584 -0.0437  0.0339  0.0910  0.1902  0.2567  0.3034  0.3350  0.3513
  0.3509
 -2.2955 -2.2489 -2.2303 -2.2274 -2.2163 -2.1506 -1.9411 -1.4970 -1.0316 -0.6574
 -0.3773 -0.1847 -0.0580  0.0262  0.0862  0.1864  0.2524  0.2988  0.3298  0.3456
  0.3453  0.3290
 -2.1655 -2.0807 -2.0262 -1.9950 -1.9734 -1.9239 -1.7949 -1.5070 -1.0930 -0.7169
 -0.4251 -0.2173 -0.0776  0.0157  0.0805  0.1834  0.2486  0.2941  0.3247  0.3407
  0.3407  0.3254  0.2983  0.2619
 -2.0652 -1.9478 -1.8575 -1.7923 -1.7444 -1.6956 -1.6101 -1.4274 -1.1197 -0.7710
 -0.4758 -0.2554 -0.1019  0.0021  0.0734  0.1811  0.2459  0.2900  0.3197  0.3357
  0.3365  0.3224  0.2968  0.2627  0.2222  0.1748  0.1205  0.0622  0.0031 -0.0574
 -1.9528 -1.8256 -1.7161 -1.6233 -1.5475 -1.4818 -1.4089 -1.2912 -1.0849 -0.8013
 -0.5207 -0.2947 -0.1291 -0.0147  0.0646  0.1798  0.2449  0.2873  0.3154  0.3311
  0.3326  0.3198  0.2955  0.2631  0.2250  0.1814  0.1319  0.0765  0.0169 -0.0429
 -0.1037
 -1.7071 -1.6237 -1.5400 -1.4565 -1.3745 -1.2950 -1.2159 -1.1258 -0.9900 -0.7886
 -0.5482 -0.3281 -0.1571 -0.0333  0.0541  0.1789  0.2455  0.2865  0.3125  0.3271
  0.3292  0.3174  0.2945  0.2634  0.2266  0.1852  0.1395  0.0888  0.0324 -0.0284
 -0.0892
 -1.5099 -1.3633 -1.2601 -1.1902 -1.1412 -1.0927 -1.0309 -0.9531 -0.8548 -0.7179
 -0.5378 -0.3447 -0.1776 -0.0492  0.0442  0.1794  0.2482  0.2886  0.3123  0.3250
  0.3267  0.3158  0.2938  0.2636  0.2279  0.1879  0.1439  0.0963  0.0440 -0.0137
 -0.0759
 -1.4479 -1.2600 -1.1030 -0.9812 -0.8929 -0.8297 -0.7822 -0.7386 -0.6844 -0.6034
 -0.4846 -0.3368 -0.1887 -0.0636  0.0332  0.1787  0.2514  0.2919  0.3142  0.3247
  0.3255  0.3154  0.2944  0.2651  0.2302  0.1911  0.1484  0.1023  0.0525 -0.0017
 -0.0600
 -1.4526 -1.2411 -1.0538 -0.8950 -0.7666 -0.6668 -0.5897 -0.5271 -0.4719 -0.4172
 -0.3532 -0.2681 -0.1639 -0.0591  0.0313  0.1788  0.2554  0.2970  0.3184  0.3270
  0.3263  0.3163  0.2962  0.2678  0.2333  0.1947  0.1526  0.1073  0.0589  0.0069
 -0.0486
 -1.5026 -1.2708 -1.0623 -0.8788 -0.7222 -0.5930 -0.4888 -0.4047 -0.3343 -0.2708
 -0.2097 -0.1475 -0.0807 -0.0104  0.0385  0.1797  0.2602  0.3039  0.3249
