 [Fe/H] = -2.50 [alpha/Fe] = 0.00 BC value = F140W
  0.9306  0.9402  0.9494  0.9557  0.9676  0.9848  1.0308  1.0361  1.0349  1.0273
  1.0140  1.0150  0.9903  0.9615  0.9314  0.8377  0.7222  0.6096  0.4915
  1.0268  1.0192  1.0125  1.0066  1.0074  1.0142  1.0180  1.0169  1.0111  1.0007
  0.9849  0.9650  0.9420  0.9158  0.8861  0.7981  0.6959  0.5857  0.4731  0.3600
  1.0407  1.0266  1.0142  1.0038  0.9947  0.9868  0.9848  0.9877  0.9862  0.9767
  0.9612  0.9404  0.9158  0.8885  0.8586  0.7730  0.6745  0.5676  0.4576  0.3473
  0.2375
  1.0593  1.0404  1.0231  1.0071  0.9924  0.9782  0.9645  0.9531  0.9473  0.9434
  0.9341  0.9175  0.8940  0.8660  0.8354  0.7504  0.6551  0.5517  0.4442  0.3362
  0.2289  0.1223
  1.0786  1.0562  1.0354  1.0156  0.9966  0.9778  0.9589  0.9399  0.9219  0.9076
  0.8970  0.8849  0.8678  0.8444  0.8154  0.7308  0.6375  0.5374  0.4326  0.3265
  0.2209  0.1165  0.0130 -0.0897
  1.0937  1.0697  1.0466  1.0247  1.0032  0.9815  0.9595  0.9369  0.9137  0.8910
  0.8705  0.8528  0.8357  0.8159  0.7918  0.7134  0.6219  0.5244  0.4224  0.3181
  0.2139  0.1107  0.0089 -0.0917 -0.1920 -0.2920 -0.3913 -0.4899 -0.5875 -0.6840
  1.0971  1.0760  1.0529  1.0302  1.0077  0.9850  0.9616  0.9374  0.9120  0.8859
  0.8599  0.8350  0.8118  0.7894  0.7660  0.6950  0.6078  0.5128  0.4133  0.3109
  0.2078  0.1054  0.0047 -0.0946 -0.1925 -0.2890 -0.3848 -0.4806 -0.5771 -0.6739
 -0.7682
  1.0870  1.0700  1.0501  1.0289  1.0069  0.9844  0.9613  0.9371  0.9113  0.8845
  0.8565  0.8281  0.8001  0.7730  0.7464  0.6761  0.5940  0.5022  0.4051  0.3048
  0.2029  0.1011  0.0007 -0.0978 -0.1946 -0.2898 -0.3836 -0.4766 -0.5696 -0.6632
 -0.7577
  1.0577  1.0476  1.0338  1.0167  0.9973  0.9766  0.9549  0.9321  0.9075  0.8814
  0.8538  0.8246  0.7947  0.7646  0.7347  0.6601  0.5801  0.4914  0.3967  0.2982
  0.1978  0.0966 -0.0039 -0.1026 -0.1991 -0.2935 -0.3864 -0.4784 -0.5697 -0.6602
 -0.7498
  1.0092  1.0088  1.0016  0.9909  0.9765  0.9594  0.9405  0.9202  0.8981  0.8742
  0.8484  0.8206  0.7911  0.7603  0.7289  0.6494  0.5689  0.4827  0.3902  0.2937
  0.1951  0.0951 -0.0049 -0.1039 -0.2007 -0.2951 -0.3874 -0.4778 -0.5696 -0.6578
 -0.7437
  0.9414  0.9536  0.9535  0.9492  0.9411  0.9297  0.9153  0.8987  0.8802  0.8597
  0.8370  0.8120  0.7848  0.7554  0.7244  0.6429  0.5597  0.4749  0.3844  0.2897
  0.1925  0.0940 -0.0050 -0.1037 -0.2010 -0.2960 -0.3886 -0.4788 -0.5669 -0.6536
 -0.7393
  0.8544  0.8820  0.8895  0.8912  0.8898  0.8851  0.8767  0.8653  0.8515  0.8355
  0.8171  0.7962  0.7726  0.7465  0.7212  0.6406  0.5525  0.4680  0.3793
 [Fe/H] = -2.00 [alpha/Fe] = 0.00 BC value = F140W
  0.9667  0.9739  0.9825  0.9904  0.9998  1.0096  1.0265  1.0267  1.0216  1.0115
  0.9973  0.9863  0.9653  0.9403  0.9125  0.8273  0.7232  0.6126  0.4945
  0.9976  0.9903  0.9848  0.9879  0.9933  0.9984  1.0020  1.0024  0.9976  0.9872
  0.9719  0.9528  0.9310  0.9061  0.8780  0.7950  0.6970  0.5889  0.4767  0.3637
  1.0055  0.9966  0.9879  0.9800  0.9737  0.9757  0.9807  0.9815  0.9770  0.9674
  0.9524  0.9324  0.9090  0.8829  0.8540  0.7712  0.6760  0.5712  0.4618  0.3515
  0.2416
  1.0200  1.0065  0.9931  0.9808  0.9698  0.9600  0.9521  0.9514  0.9531  0.9481
  0.9353  0.9164  0.8926  0.8653  0.8355  0.7519  0.6581  0.5562  0.4492  0.3410
  0.2335  0.1266
  1.0422  1.0239  1.0061  0.9891  0.9730  0.9576  0.9429  0.9294  0.9190  0.9148
  0.9104  0.8984  0.8783  0.8518  0.8214  0.7366  0.6433  0.5435  0.4386  0.3321
  0.2261  0.1213  0.0175 -0.0857
  1.0696  1.0467  1.0248  1.0039  0.9835  0.9635  0.9437  0.9242  0.9052  0.8883
  0.8760  0.8669  0.8545  0.8353  0.8090  0.7246  0.6313  0.5327  0.4297  0.3246
  0.2197  0.1161  0.0139 -0.0872 -0.1874 -0.2869 -0.3862 -0.4854 -0.5850 -0.6816
  1.0976  1.0713  1.0459  1.0217  0.9983  0.9750  0.9514  0.9275  0.9035  0.8802
  0.8584  0.8397  0.8241  0.8082  0.7880  0.7141  0.6216  0.5237  0.4223  0.3184
  0.2143  0.1113  0.0101 -0.0896 -0.1880 -0.2853 -0.3819 -0.4781 -0.5744 -0.6714
 -0.7657
  1.1191  1.0925  1.0655  1.0390  1.0135  0.9881  0.9622  0.9358  0.9085  0.8811
  0.8543  0.8287  0.8054  0.7840  0.7632  0.6987  0.6125  0.5162  0.4160  0.3136
  0.2102  0.1075  0.0066 -0.0925 -0.1897 -0.2854 -0.3800 -0.4737 -0.5670 -0.6606
 -0.7552
  1.1273  1.1042  1.0786  1.0520  1.0255  0.9991  0.9723  0.9446  0.9158  0.8862
  0.8563  0.8267  0.7982  0.7713  0.7457  0.6802  0.6004  0.5079  0.4094  0.3082
  0.2059  0.1035  0.0024 -0.0968 -0.1938 -0.2887 -0.3821 -0.4742 -0.5653 -0.6561
 -0.7472
  1.1178  1.1010  1.0802  1.0566  1.0314  1.0054  0.9788  0.9513  0.9225  0.8925
  0.8614  0.8298  0.7983  0.7676  0.7379  0.6658  0.5884  0.5003  0.4044  0.3050
  0.2040  0.1026  0.0017 -0.0978 -0.1951 -0.2900 -0.3827 -0.4737 -0.5632 -0.6517
 -0.7411
  1.0910  1.0806  1.0666  1.0483  1.0272  1.0036  0.9787  0.9525  0.9249  0.8958
  0.8652  0.8334  0.8008  0.7682  0.7358  0.6571  0.5777  0.4923  0.3994  0.3019
  0.2024  0.1022  0.0021 -0.0973 -0.1951 -0.2906 -0.3836 -0.4743 -0.5630 -0.6502
 -0.7363
  1.0491  1.0445  1.0362  1.0244  1.0090  0.9903  0.9688  0.9454  0.9201  0.8931
  0.8645  0.8340  0.7928  0.7619  0.7394  0.6541  0.5683  0.4839  0.3944
 [Fe/H] = -1.50 [alpha/Fe] = 0.00 BC value = F140W
  1.0114  1.0178  1.0260  1.0343  1.0408  1.0436  1.0412  1.0328  1.0198  1.0037
  0.9858  0.9668  0.9465  0.9231  0.8965  0.8171  0.7218  0.6151  0.4993
  1.0064  1.0079  1.0113  1.0161  1.0204  1.0221  1.0195  1.0119  0.9995  0.9833
  0.9644  0.9436  0.9213  0.8967  0.8692  0.7895  0.6967  0.5928  0.4822  0.3694
  1.0139  1.0078  1.0006  0.9997  1.0017  1.0025  1.0003  0.9940  0.9832  0.9681
  0.9493  0.9276  0.9038  0.8779  0.8495  0.7685  0.6766  0.5755  0.4680  0.3580
  0.2478
  1.0177  1.0098  1.0005  0.9912  0.9831  0.9782  0.9784  0.9761  0.9681  0.9551
  0.9378  0.9163  0.8917  0.8648  0.8355  0.7531  0.6611  0.5617  0.4564  0.3485
  0.2406  0.1333
  1.0275  1.0156  1.0024  0.9890  0.9763  0.9640  0.9523  0.9447  0.9425  0.9378
  0.9255  0.9067  0.8831  0.8557  0.8257  0.7419  0.6494  0.5508  0.4471  0.3407
  0.2342  0.1287  0.0243 -0.0796
  1.0457  1.0296  1.0122  0.9944  0.9769  0.9599  0.9435  0.9277  0.9134  0.9035
  0.8984  0.8897  0.8727  0.8484  0.8189  0.7339  0.6407  0.5423  0.4397  0.3344
  0.2288  0.1244  0.0215 -0.0804 -0.1813 -0.2814 -0.3812 -0.4813 -0.5811 -0.6775
  1.0726  1.0514  1.0297  1.0079  0.9863  0.9651  0.9443  0.9237  0.9035  0.8844
  0.8680  0.8566  0.8469  0.8324  0.8101  0.7283  0.6344  0.5359  0.4339  0.3296
  0.2245  0.1206  0.0185 -0.0820 -0.1811 -0.2792 -0.3766 -0.4735 -0.5703 -0.6674
 -0.7617
  1.1054  1.0795  1.0533  1.0276  1.0024  0.9776  0.9529  0.9284  0.9039  0.8797
  0.8566  0.8355  0.8176  0.8030  0.7872  0.7222  0.6297  0.5311  0.4296  0.3260
  0.2215  0.1177  0.0158 -0.0841 -0.1821 -0.2786 -0.3740 -0.4685 -0.5624 -0.6565
 -0.7513
  1.1385  1.1096  1.0800  1.0508  1.0222  0.9942  0.9666  0.9389  0.9110  0.8830
  0.8554  0.8288  0.8039  0.7813  0.7613  0.7057  0.6238  0.5262  0.4250  0.3221
  0.2182  0.1145  0.0123 -0.0878 -0.1855 -0.2812 -0.3755 -0.4684 -0.5602 -0.6518
 -0.7432
  1.1633  1.1349  1.1048  1.0740  1.0432  1.0129  0.9830  0.9531  0.9228  0.8921
  0.8613  0.8308  0.8013  0.7733  0.7470  0.6860  0.6132  0.5222  0.4226  0.3206
  0.2176  0.1145  0.0123 -0.0882 -0.1862 -0.2819 -0.3755 -0.4672 -0.5575 -0.6467
 -0.7367
  1.1732  1.1491  1.1216  1.0919  1.0612  1.0301  0.9989  0.9677  0.9361  0.9038
  0.8711  0.8379  0.8051  0.7733  0.7427  0.6715  0.5998  0.5153  0.4197  0.3192
  0.2174  0.1152  0.0135 -0.0871 -0.1857 -0.2819 -0.3758 -0.4672 -0.5567 -0.6447
 -0.7314
  1.1673  1.1484  1.1256  1.0995  1.0714  1.0418  1.0112  0.9799  0.9479  0.9152
  0.8817  0.8475  0.8072  0.7740  0.7484  0.6622  0.5836  0.5055  0.4163
 [Fe/H] = -1.00 [alpha/Fe] = 0.00 BC value = F140W
  1.0646  1.0718  1.0800  1.0874  1.0905  1.0869  1.0749  1.0544  1.0295  1.0039
  0.9795  0.9565  0.9340  0.9099  0.8833  0.8070  0.7180  0.6169  0.5058
  1.0568  1.0613  1.0668  1.0720  1.0742  1.0705  1.0588  1.0394  1.0152  0.9890
  0.9630  0.9382  0.9137  0.8881  0.8604  0.7823  0.6939  0.5957  0.4889  0.3772
  1.0503  1.0512  1.0537  1.0567  1.0579  1.0547  1.0450  1.0279  1.0055  0.9800
  0.9533  0.9268  0.9008  0.8740  0.8453  0.7652  0.6761  0.5793  0.4754  0.3669
  0.2567
  1.0513  1.0471  1.0420  1.0407  1.0409  1.0384  1.0307  1.0168  0.9972  0.9736
  0.9475  0.9202  0.8928  0.8649  0.8355  0.7536  0.6634  0.5670  0.4648  0.3585
  0.2506  0.1427
  1.0485  1.0427  1.0361  1.0289  1.0212  1.0138  1.0086  1.0004  0.9862  0.9665
  0.9428  0.9163  0.8883  0.8594  0.8293  0.7461  0.6548  0.5581  0.4567  0.3519
  0.2456  0.1394  0.0341 -0.0706
  1.0519  1.0429  1.0317  1.0196  1.0064  0.9927  0.9795  0.9675  0.9573  0.9477
  0.9327  0.9111  0.8851  0.8563  0.8256  0.7414  0.6490  0.5518  0.4508  0.3469
  0.2416  0.1365  0.0326 -0.0702 -0.1722 -0.2735 -0.3743 -0.4751 -0.5752 -0.6714
  1.0633  1.0510  1.0360  1.0191  1.0015  0.9838  0.9657  0.9472  0.9287  0.9122
  0.9006  0.8906  0.8751  0.8520  0.8233  0.7387  0.6453  0.5476  0.4466  0.3432
  0.2386  0.1341  0.0310 -0.0706 -0.1708 -0.2701 -0.3686 -0.4665 -0.5641 -0.6613
 -0.7553
  1.0841  1.0676  1.0487  1.0278  1.0060  0.9838  0.9616  0.9394  0.9170  0.8948
  0.8740  0.8567  0.8441  0.8318  0.8135  0.7373  0.6434  0.5449  0.4439  0.3409
  0.2367  0.1325  0.0297 -0.0713 -0.1705 -0.2683 -0.3650 -0.4606 -0.5555 -0.6503
 -0.7451
  1.1143  1.0927  1.0694  1.0444  1.0185  0.9924  0.9665  0.9409  0.9152  0.8896
  0.8643  0.8402  0.8184  0.8006  0.7856  0.7311  0.6416  0.5426  0.4412  0.3383
  0.2345  0.1304  0.0273 -0.0739 -0.1728 -0.2698 -0.3653 -0.4594 -0.5524 -0.6449
 -0.7370
  1.1514  1.1245  1.0970  1.0680  1.0384  1.0085  0.9791  0.9502  0.9214  0.8928
  0.8644  0.8363  0.8093  0.7840  0.7615  0.7111  0.6385  0.5424  0.4410  0.3384
  0.2351  0.1315  0.0283 -0.0733 -0.1725 -0.2694 -0.3643 -0.4572 -0.5487 -0.6391
 -0.7288
  1.1875  1.1583  1.1278  1.0955  1.0626  1.0297  0.9971  0.9651  0.9336  0.9022
  0.8710  0.8399  0.8093  0.7797  0.7515  0.6892  0.6252  0.5404  0.4413  0.3392
  0.2363  0.1332  0.0304 -0.0714 -0.1712 -0.2686 -0.3636 -0.4562 -0.5469 -0.6361
 -0.7239
  1.2154  1.1872  1.1559  1.1225  1.0882  1.0533  1.0185  0.9840  0.9499  0.9162
  0.8826  0.8490  0.8156  0.7827  0.7556  0.6654  0.6017  0.5366  0.4421
 [Fe/H] = -0.75 [alpha/Fe] = 0.00 BC value = F140W
  1.0944  1.1026  1.1109  1.1174  1.1186  1.1120  1.0956  1.0695  1.0390  1.0085
  0.9805  0.9548  0.9301  0.9048  0.8778  0.8020  0.7152  0.6176  0.5097
  1.0868  1.0923  1.0984  1.1033  1.1041  1.0980  1.0824  1.0575  1.0276  0.9962
  0.9663  0.9386  0.9122  0.8855  0.8573  0.7792  0.6922  0.5963  0.4925  0.3821
  1.0791  1.0817  1.0854  1.0886  1.0894  1.0846  1.0715  1.0493  1.0211  0.9901
  0.9590  0.9294  0.9014  0.8735  0.8443  0.7640  0.6759  0.5811  0.4793  0.3721
  0.2623
  1.0742  1.0720  1.0726  1.0740  1.0742  1.0704  1.0602  1.0417  1.0164  0.9870
  0.9559  0.9250  0.8954  0.8662  0.8363  0.7543  0.6647  0.5697  0.4691  0.3642
  0.2567  0.1487
  1.0694  1.0642  1.0630  1.0583  1.0549  1.0520  1.0451  1.0312  1.0103  0.9840
  0.9545  0.9235  0.8927  0.8623  0.8316  0.7483  0.6574  0.5617  0.4616  0.3580
  0.2523  0.1461  0.0404 -0.0648
  1.0668  1.0600  1.0526  1.0446  1.0362  1.0267  1.0160  1.0056  0.9930  0.9747
  0.9506  0.9224  0.8919  0.8607  0.8292  0.7448  0.6528  0.5563  0.4563  0.3535
  0.2489  0.1439  0.0396 -0.0637 -0.1662 -0.2681 -0.3696 -0.4709 -0.5711 -0.6673
  1.0703  1.0613  1.0495  1.0362  1.0222  1.0076  0.9918  0.9745  0.9568  0.9416
  0.9286  0.9118  0.8884  0.8598  0.8284  0.7432  0.6503  0.5530  0.4528  0.3503
  0.2465  0.1422  0.0389 -0.0633 -0.1641 -0.2640 -0.3632 -0.4617 -0.5598 -0.6571
 -0.7510
  1.0828  1.0708  1.0556  1.0379  1.0188  0.9991  0.9789  0.9578  0.9356  0.9133
  0.8931  0.8773  0.8645  0.8483  0.8248  0.7429  0.6493  0.5513  0.4508  0.3485
  0.2451  0.1413  0.0383 -0.0632 -0.1631 -0.2615 -0.3589 -0.4552 -0.5507 -0.6460
 -0.7408
  1.1047  1.0887  1.0698  1.0484  1.0251  1.0009  0.9764  0.9519  0.9268  0.9014
  0.8761  0.8524  0.8321  0.8162  0.8016  0.7409  0.6486  0.5499  0.4488  0.3465
  0.2432  0.1396  0.0366 -0.0650 -0.1646 -0.2623 -0.3586 -0.4534 -0.5471 -0.6400
 -0.7326
  1.1369  1.1151  1.0923  1.0667  1.0397  1.0116  0.9835  0.9554  0.9275  0.8995
  0.8716  0.8439  0.8175  0.7935  0.7728  0.7251  0.6489  0.5508  0.4495  0.3472
  0.2443  0.1410  0.0380 -0.0639 -0.1637 -0.2612 -0.3567 -0.4505 -0.5427 -0.6338
 -0.7240
  1.1758  1.1490  1.1210  1.0920  1.0612  1.0296  0.9979  0.9665  0.9356  0.9050
  0.8746  0.8442  0.8144  0.7856  0.7585  0.7006  0.6384  0.5515  0.4509  0.3487
  0.2460  0.1431  0.0404 -0.0616 -0.1618 -0.2598 -0.3554 -0.4488 -0.5402 -0.6301
 -0.7186
  1.2142  1.1846  1.1536  1.1214  1.0876  1.0530  1.0182  0.9838  0.9498  0.9165
  0.8836  0.8509  0.8184  0.7864  0.7587  0.6674  0.6171  0.5520  0.4530
 [Fe/H] = -0.50 [alpha/Fe] = 0.00 BC value = F140W
  1.1237  1.1334  1.1425  1.1485  1.1479  1.1383  1.1178  1.0868  1.0515  1.0169
  0.9849  0.9558  0.9284  0.9013  0.8733  0.7972  0.7119  0.6175  0.5129
  1.1168  1.1239  1.1308  1.1355  1.1347  1.1262  1.1069  1.0773  1.0424  1.0066
  0.9728  0.9417  0.9128  0.8843  0.8552  0.7764  0.6904  0.5973  0.4959  0.3873
  1.1087  1.1129  1.1177  1.1213  1.1214  1.1149  1.0987  1.0720  1.0388  1.0029
  0.9676  0.9346  0.9039  0.8743  0.8442  0.7633  0.6757  0.5826  0.4830  0.3776
  0.2684
  1.1014  1.1026  1.1048  1.1070  1.1071  1.1025  1.0901  1.0675  1.0372  1.0025
  0.9668  0.9322  0.8997  0.8687  0.8378  0.7552  0.6660  0.5722  0.4734  0.3700
  0.2634  0.1554
  1.0957  1.0940  1.0919  1.0918  1.0915  1.0881  1.0790  1.0612  1.0349  1.0029
  0.9681  0.9328  0.8988  0.8664  0.8345  0.7506  0.6600  0.5652  0.4665  0.3643
  0.2595  0.1535  0.0475 -0.0581
  1.0857  1.0829  1.0793  1.0754  1.0706  1.0651  1.0585  1.0468  1.0273  1.0005
  0.9689  0.9347  0.9001  0.8663  0.8333  0.7482  0.6565  0.5607  0.4618  0.3602
  0.2566  0.1520  0.0476 -0.0562 -0.1593 -0.2618 -0.3639 -0.4658 -0.5662 -0.6624
  1.0832  1.0769  1.0685  1.0596  1.0502  1.0399  1.0275  1.0130  0.9973  0.9806
  0.9597  0.9326  0.9012  0.8677  0.8339  0.7474  0.6548  0.5582  0.4588  0.3575
  0.2546  0.1510  0.0476 -0.0549 -0.1564 -0.2569 -0.3567 -0.4559 -0.5547 -0.6521
 -0.7458
  1.0889  1.0799  1.0678  1.0537  1.0385  1.0225  1.0053  0.9861  0.9646  0.9426
  0.9231  0.9065  0.8885  0.8644  0.8343  0.7479  0.6547  0.5572  0.4574  0.3560
  0.2535  0.1505  0.0478 -0.0540 -0.1544 -0.2535 -0.3517 -0.4487 -0.5450 -0.6407
 -0.7356
  1.1025  1.0910  1.0758  1.0578  1.0376  1.0164  0.9944  0.9715  0.9471  0.9214
  0.8956  0.8721  0.8528  0.8371  0.8197  0.7484  0.6549  0.5565  0.4560  0.3544
  0.2520  0.1492  0.0466 -0.0551 -0.1551 -0.2535 -0.3505 -0.4461 -0.5406 -0.6342
 -0.7273
  1.1259  1.1097  1.0917  1.0703  1.0464  1.0208  0.9944  0.9678  0.9407  0.9130
  0.8848  0.8568  0.8306  0.8075  0.7883  0.7389  0.6567  0.5583  0.4574  0.3556
  0.2533  0.1507  0.0483 -0.0534 -0.1535 -0.2516 -0.3478 -0.4424 -0.5354 -0.6272
 -0.7182
  1.1600  1.1382  1.1150  1.0904  1.0629  1.0337  1.0035  0.9733  0.9431  0.9131
  0.8829  0.8527  0.8230  0.7946  0.7684  0.7140  0.6511  0.5605  0.4596  0.3577
  0.2555  0.1531  0.0509 -0.0508 -0.1511 -0.2495 -0.3458 -0.4399 -0.5321 -0.6228
 -0.7121
  1.2008  1.1740  1.1461  1.1168  1.0863  1.0537  1.0202  0.9867  0.9533  0.9205
  0.8881  0.8559  0.8239  0.7924  0.7600  0.6737  0.6381  0.5631  0.4626
 [Fe/H] = -0.25 [alpha/Fe] = 0.00 BC value = F140W
  1.1501  1.1621  1.1726  1.1789  1.1775  1.1660  1.1427  1.1081  1.0694  1.0311
  0.9954  0.9626  0.9321  0.9028  0.8734  0.7959  0.7111  0.6188  0.5173
  1.1449  1.1542  1.1626  1.1675  1.1659  1.1553  1.1332  1.1001  1.0617  1.0223
  0.9849  0.9503  0.9184  0.8878  0.8573  0.7772  0.6912  0.5996  0.5006  0.3941
  1.1369  1.1435  1.1500  1.1543  1.1538  1.1458  1.1271  1.0970  1.0599  1.0202
  0.9813  0.9449  0.9112  0.8793  0.8479  0.7657  0.6781  0.5860  0.4883  0.3845
  0.2762
  1.1291  1.1326  1.1367  1.1399  1.1403  1.1349  1.1207  1.0949  1.0605  1.0218
  0.9822  0.9441  0.9085  0.8752  0.8427  0.7589  0.6697  0.5766  0.4792  0.3772
  0.2715  0.1637
  1.1214  1.1224  1.1240  1.1256  1.1256  1.1218  1.1116  1.0912  1.0610  1.0245
  0.9854  0.9464  0.9092  0.8741  0.8405  0.7553  0.6647  0.5705  0.4729  0.3718
  0.2679  0.1622  0.0560 -0.0502
  1.1101  1.1105  1.1097  1.1084  1.1075  1.1051  1.0980  1.0832  1.0586  1.0261
  0.9890  0.9502  0.9120  0.8754  0.8405  0.7538  0.6621  0.5668  0.4688  0.3681
  0.2653  0.1612  0.0568 -0.0474 -0.1510 -0.2541 -0.3568 -0.4594 -0.5601 -0.6563
  1.1003  1.0969  1.0927  1.0884  1.0838  1.0778  1.0700  1.0595  1.0435  1.0198
  0.9890  0.9533  0.9158  0.8784  0.8422  0.7537  0.6612  0.5649  0.4663  0.3658
  0.2637  0.1607  0.0575 -0.0453 -0.1473 -0.2484 -0.3488 -0.4487 -0.5482 -0.6459
 -0.7394
  1.0999  1.0933  1.0842  1.0741  1.0636  1.0526  1.0397  1.0241  1.0052  0.9852
  0.9650  0.9422  0.9139  0.8807  0.8450  0.7548  0.6616  0.5644  0.4653  0.3647
  0.2629  0.1606  0.0582 -0.0436 -0.1444 -0.2442 -0.3430 -0.4407 -0.5377 -0.6341
 -0.7292
  1.1075  1.0984  1.0861  1.0713  1.0550  1.0379  1.0197  0.9998  0.9770  0.9517
  0.9262  0.9032  0.8835  0.8640  0.8398  0.7564  0.6624  0.5644  0.4643  0.3633
  0.2616  0.1594  0.0574 -0.0440 -0.1443 -0.2432 -0.3409 -0.4372 -0.5325 -0.6268
 -0.7205
  1.1222  1.1108  1.0962  1.0782  1.0576  1.0353  1.0120  0.9878  0.9622  0.9349
  0.9062  0.8776  0.8515  0.8291  0.8103  0.7537  0.6651  0.5667  0.4662  0.3649
  0.2631  0.1611  0.0593 -0.0419 -0.1419 -0.2404 -0.3373 -0.4325 -0.5264 -0.6190
 -0.7107
  1.1471  1.1312  1.1132  1.0927  1.0688  1.0425  1.0148  0.9865  0.9576  0.9282
  0.8981  0.8674  0.8373  0.8090  0.7835  0.7310  0.6642  0.5699  0.4690  0.3675
  0.2656  0.1637  0.0620 -0.0391 -0.1391 -0.2376 -0.3343 -0.4291 -0.5221 -0.6137
 -0.7039
  1.1830  1.1613  1.1386  1.1138  1.0872  1.0577  1.0265  0.9944  0.9622  0.9301
  0.8981  0.8659  0.8339  0.8024  0.7594  0.6883  0.6597  0.5740  0.4727
 [Fe/H] =  0.00 [alpha/Fe] = 0.00 BC value = F140W
  1.1722  1.1869  1.1993  1.2063  1.2048  1.1920  1.1662  1.1282  1.0863  1.0444
  1.0046  0.9676  0.9333  0.9011  0.8696  0.7898  0.7052  0.6146  0.5167
  1.1694  1.1814  1.1915  1.1970  1.1950  1.1828  1.1578  1.1214  1.0798  1.0371
  0.9959  0.9574  0.9217  0.8882  0.8556  0.7731  0.6869  0.5967  0.5006  0.3973
  1.1627  1.1721  1.1804  1.1856  1.1848  1.1751  1.1536  1.1200  1.0794  1.0365
  0.9941  0.9538  0.9165  0.8816  0.8480  0.7635  0.6755  0.5845  0.4891  0.3880
  0.2816
  1.1550  1.1612  1.1675  1.1721  1.1725  1.1660  1.1493  1.1203  1.0821  1.0397
  0.9966  0.9549  0.9157  0.8792  0.8445  0.7583  0.6687  0.5765  0.4810  0.3812
  0.2773  0.1705
  1.1479  1.1510  1.1545  1.1576  1.1583  1.1542  1.1424  1.1192  1.0851  1.0445
  1.0016  0.9589  0.9182  0.8799  0.8438  0.7559  0.6650  0.5715  0.4756  0.3765
  0.2742  0.1696  0.0639 -0.0423
  1.1369  1.1388  1.1407  1.1427  1.1431  1.1401  1.1316  1.1145  1.0860  1.0489
  1.0074  0.9646  0.9228  0.8830  0.8453  0.7553  0.6633  0.5687  0.4721  0.3733
  0.2721  0.1691  0.0653 -0.0388 -0.1427 -0.2461 -0.3495 -0.4528 -0.5536 -0.6499
  1.1207  1.1212  1.1213  1.1211  1.1202  1.1183  1.1133  1.1021  1.0812  1.0502
  1.0122  0.9707  0.9286  0.8876  0.8485  0.7562  0.6632  0.5675  0.4702  0.3714
  0.2708  0.1690  0.0666 -0.0360 -0.1381 -0.2395 -0.3405 -0.4412 -0.5414 -0.6393
 -0.7329
  1.1137  1.1097  1.1044  1.0990  1.0938  1.0876  1.0796  1.0689  1.0540  1.0335
  1.0063  0.9722  0.9335  0.8931  0.8531  0.7582  0.6642  0.5676  0.4695  0.3704
  0.2702  0.1691  0.0677 -0.0336 -0.1343 -0.2344 -0.3337 -0.4322 -0.5299 -0.6271
 -0.7224
  1.1162  1.1092  1.0995  1.0882  1.0764  1.0642  1.0509  1.0352  1.0157  0.9927
  0.9685  0.9445  0.9192  0.8899  0.8556  0.7608  0.6656  0.5680  0.4688  0.3692
  0.2688  0.1680  0.0671 -0.0335 -0.1334 -0.2325 -0.3306 -0.4277 -0.5237 -0.6189
 -0.7133
  1.1248  1.1166  1.1043  1.0892  1.0720  1.0537  1.0346  1.0142  0.9913  0.9652
  0.9367  0.9081  0.8817  0.8582  0.8358  0.7633  0.6689  0.5707  0.4709  0.3707
  0.2703  0.1696  0.0690 -0.0311 -0.1305 -0.2289 -0.3261 -0.4219 -0.5166 -0.6102
 -0.7027
  1.1411  1.1301  1.1163  1.0985  1.0778  1.0548  1.0304  1.0051  0.9786  0.9505
  0.9205  0.8891  0.8582  0.8294  0.8039  0.7473  0.6715  0.5744  0.4741  0.3733
  0.2727  0.1720  0.0716 -0.0283 -0.1274 -0.2255 -0.3223 -0.4176 -0.5114 -0.6038
 -0.6949
  1.1675  1.1521  1.1346  1.1145  1.0913  1.0649  1.0365  1.0069  0.9765  0.9456
  0.9140  0.8816  0.8489  0.8167  0.7599  0.7128  0.6734  0.5791  0.4784
 [Fe/H] =  0.25 [alpha/Fe] = 0.00 BC value = F140W
  1.1880  1.2060  1.2210  1.2281  1.2255  1.2123  1.1882  1.1528  1.1082  1.0632
  1.0196  0.9786  0.9405  0.9049  0.8710  0.7877  0.7023  0.6122  0.5167
  1.1885  1.2035  1.2159  1.2229  1.2220  1.2096  1.1841  1.1462  1.1024  1.0571
  1.0126  0.9702  0.9308  0.8939  0.8588  0.7729  0.6855  0.5957  0.5016  0.4009
  1.1841  1.1965  1.2073  1.2139  1.2136  1.2036  1.1808  1.1454  1.1028  1.0574
  1.0120  0.9683  0.9273  0.8890  0.8528  0.7649  0.6758  0.5849  0.4911  0.3923
  0.2883
  1.1773  1.1869  1.1958  1.2022  1.2033  1.1964  1.1782  1.1470  1.1064  1.0615
  1.0157  0.9708  0.9281  0.8882  0.8507  0.7609  0.6702  0.5781  0.4839  0.3861
  0.2840  0.1784
  1.1704  1.1766  1.1830  1.1882  1.1902  1.1861  1.1731  1.1478  1.1109  1.0675
  1.0218  0.9761  0.9320  0.8905  0.8514  0.7594  0.6676  0.5741  0.4793  0.3819
  0.2812  0.1777  0.0726 -0.0334
  1.1613  1.1663  1.1704  1.1738  1.1752  1.1727  1.1638  1.1450  1.1139  1.0736
  1.0290  0.9831  0.9380  0.8950  0.8543  0.7598  0.6668  0.5722  0.4765  0.3792
  0.2794  0.1775  0.0744 -0.0295 -0.1333 -0.2371 -0.3409 -0.4448 -0.5457 -0.6422
  1.1439  1.1481  1.1517  1.1549  1.1574  1.1566  1.1504  1.1370  1.1129  1.0778
  1.0357  0.9906  0.9452  0.9011  0.8589  0.7615  0.6673  0.5717  0.4751  0.3776
  0.2784  0.1777  0.0760 -0.0261 -0.1280 -0.2297 -0.3312 -0.4323 -0.5331 -0.6311
 -0.7249
  1.1294  1.1291  1.1284  1.1282  1.1278  1.1264  1.1231  1.1161  1.1010  1.0751
  1.0393  0.9972  0.9527  0.9082  0.8650  0.7644  0.6688  0.5723  0.4749  0.3770
  0.2781  0.1780  0.0775 -0.0232 -0.1237 -0.2237 -0.3232 -0.4222 -0.5206 -0.6186
 -0.7141
  1.1266  1.1219  1.1153  1.1083  1.1017  1.0949  1.0868  1.0765  1.0625  1.0437
  1.0195  0.9895  0.9536  0.9132  0.8709  0.7680  0.6706  0.5730  0.4745  0.3758
  0.2767  0.1770  0.0770 -0.0228 -0.1221 -0.2209 -0.3191 -0.4166 -0.5133 -0.6093
 -0.7045
  1.1314  1.1247  1.1146  1.1023  1.0891  1.0755  1.0614  1.0458  1.0272  1.0045
  0.9787  0.9512  0.9240  0.8960  0.8657  0.7733  0.6745  0.5761  0.4767  0.3773
  0.2781  0.1785  0.0790 -0.0202 -0.1188 -0.2166 -0.3137 -0.4099 -0.5052 -0.5995
 -0.6928
  1.1414  1.1337  1.1221  1.1068  1.0890  1.0696  1.0493  1.0282  1.0055  0.9801
  0.9516  0.9207  0.8898  0.8606  0.8338  0.7669  0.6790  0.5801  0.4801  0.3800
  0.2803  0.1808  0.0814 -0.0174 -0.1155 -0.2128 -0.3093 -0.4047 -0.4989 -0.5920
 -0.6840
  1.1588  1.1488  1.1352  1.1186  1.0980  1.0747  1.0494  1.0231  0.9958  0.9672
  0.9370  0.9049  0.8718  0.8390  0.7752  0.7488  0.6841  0.5850  0.4847
 [Fe/H] =  0.50 [alpha/Fe] = 0.00 BC value = F140W
  1.1964  1.2431  1.2704  1.2804  1.2748  1.2550  1.2225  1.1796  1.1324  1.0845
  1.0375  0.9926  0.9506  0.9114  0.8744  0.7866  0.6993  0.6092  0.5155
  1.2009  1.2201  1.2347  1.2444  1.2460  1.2360  1.2116  1.1729  1.1274  1.0797
  1.0321  0.9861  0.9429  0.9025  0.8644  0.7738  0.6845  0.5944  0.5004  0.4015
  1.1997  1.2163  1.2291  1.2378  1.2392  1.2302  1.2077  1.1720  1.1282  1.0809
  1.0328  0.9858  0.9411  0.8993  0.8600  0.7674  0.6764  0.5850  0.4922  0.3955
  0.2935
  1.1949  1.2081  1.2200  1.2286  1.2311  1.2246  1.2061  1.1741  1.1322  1.0856
  1.0374  0.9895  0.9435  0.9001  0.8593  0.7646  0.6721  0.5795  0.4860  0.3901
  0.2899  0.1858
  1.1889  1.1987  1.2084  1.2161  1.2197  1.2163  1.2027  1.1760  1.1375  1.0923
  1.0444  0.9960  0.9488  0.9038  0.8615  0.7642  0.6705  0.5765  0.4823  0.3865
  0.2876  0.1855  0.0813 -0.0243
  1.1826  1.1893  1.1960  1.2019  1.2054  1.2040  1.1951  1.1750  1.1419  1.0993
  1.0524  1.0040  0.9561  0.9098  0.8659  0.7655  0.6705  0.5755  0.4803  0.3843
  0.2862  0.1856  0.0833 -0.0200 -0.1237 -0.2274 -0.3316 -0.4354 -0.5365 -0.6333
  1.1657  1.1718  1.1812  1.1869  1.1898  1.1891  1.1829  1.1686  1.1427  1.1051
  1.0603  1.0126  0.9644  0.9173  0.8720  0.7682  0.6716  0.5757  0.4795  0.3832
  0.2855  0.1859  0.0852 -0.0163 -0.1179 -0.2194 -0.3209 -0.4224 -0.5237 -0.6217
 -0.7158
  1.1467  1.1510  1.1554  1.1599  1.1640  1.1667  1.1649  1.1560  1.1373  1.1069
  1.0666  1.0208  0.9731  0.9256  0.8793  0.7722  0.6738  0.5768  0.4797  0.3828
  0.2853  0.1865  0.0868 -0.0131 -0.1130 -0.2127 -0.3122 -0.4114 -0.5103 -0.6089
 -0.7045
  1.1373  1.1358  1.1335  1.1318  1.1309  1.1295  1.1268  1.1221  1.1127  1.0941
  1.0641  1.0246  0.9799  0.9332  0.8867  0.7769  0.6761  0.5779  0.4797  0.3819
  0.2841  0.1856  0.0866 -0.0125 -0.1111 -0.2094 -0.3073 -0.4048 -0.5018 -0.5984
 -0.6944
  1.1381  1.1334  1.1259  1.1173  1.1088  1.1007  1.0920  1.0817  1.0688  1.0522
  1.0304  1.0030  0.9705  0.9332  0.8921  0.7837  0.6805  0.5811  0.4820  0.3834
  0.2853  0.1870  0.0885 -0.0098 -0.1075 -0.2046 -0.3012 -0.3972 -0.4927 -0.5875
 -0.6816
  1.1446  1.1393  1.1291  1.1162  1.1017  1.0865  1.0710  1.0549  1.0369  1.0159
  0.9911  0.9628  0.9330  0.9027  0.8719  0.7861  0.6861  0.5854  0.4854  0.3859
  0.2873  0.1889  0.0908 -0.0070 -0.1042 -0.2005 -0.2962 -0.3912 -0.4855 -0.5790
 -0.6716
  1.1561  1.1496  1.1390  1.1240  1.1059  1.0856  1.0641  1.0419  1.0187  0.9938
  0.9665  0.9361  0.9037  0.8711  0.8261  0.7841  0.6929  0.5908  0.4899
 [Fe/H] =  0.75 [alpha/Fe] = 0.00 BC value = F140W
  1.1972  1.2492  1.2815  1.2960  1.2944  1.2784  1.2492  1.2082  1.1583  1.1075
  1.0573  1.0089  0.9632  0.9202  0.8799  0.7865  0.6964  0.6058  0.5131
  1.2058  1.2291  1.2474  1.2609  1.2681  1.2635  1.2417  1.2017  1.1543  1.1042
  1.0538  1.0045  0.9577  0.9136  0.8722  0.7759  0.6840  0.5929  0.5006  0.4046
  1.2084  1.2246  1.2450  1.2568  1.2609  1.2547  1.2347  1.2002  1.1555  1.1064
  1.0559  1.0058  0.9577  0.9123  0.8697  0.7712  0.6774  0.5850  0.4925  0.3976
  0.2979
  1.2065  1.2236  1.2390  1.2503  1.2549  1.2503  1.2329  1.2016  1.1596  1.1117
  1.0615  1.0109  0.9617  0.9148  0.8707  0.7698  0.6746  0.5808  0.4875  0.3930
  0.2947  0.1926
  1.2021  1.2160  1.2293  1.2401  1.2459  1.2437  1.2307  1.2040  1.1650  1.1188
  1.0691  1.0184  0.9683  0.9201  0.8744  0.7705  0.6739  0.5789  0.4847  0.3901
  0.2931  0.1926  0.0895 -0.0153
  1.1970  1.2073  1.2177  1.2269  1.2329  1.2331  1.2247  1.2041  1.1701  1.1263
  1.0778  1.0273  0.9768  0.9275  0.8803  0.7729  0.6747  0.5787  0.4834  0.3885
  0.2921  0.1930  0.0918 -0.0107 -0.1140 -0.2176 -0.3217 -0.4257 -0.5261 -0.6231
  1.1873  1.1970  1.2055  1.2127  1.2177  1.2187  1.2137  1.1993  1.1722  1.1329
  1.0864  1.0367  0.9862  0.9362  0.8879  0.7769  0.6766  0.5796  0.4834  0.3878
  0.2917  0.1936  0.0939 -0.0068 -0.1078 -0.2090 -0.3103 -0.4119 -0.5133 -0.6110
 -0.7054
  1.1651  1.1734  1.1824  1.1916  1.1988  1.2017  1.1987  1.1886  1.1687  1.1364
  1.0938  1.0458  0.9958  0.9456  0.8965  0.7822  0.6795  0.5813  0.4841  0.3879
  0.2917  0.1943  0.0958 -0.0034 -0.1027 -0.2018 -0.3009 -0.4000 -0.4991 -0.5980
 -0.6935
  1.1480  1.1509  1.1542  1.1582  1.1628  1.1669  1.1695  1.1673  1.1560  1.1325
  1.0967  1.0523  1.0040  0.9544  0.9050  0.7881  0.6825  0.5828  0.4845  0.3872
  0.2906  0.1934  0.0956 -0.0026 -0.1005 -0.1981 -0.2955 -0.3926 -0.4896 -0.5865
 -0.6830
  1.1439  1.1420  1.1381  1.1343  1.1314  1.1291  1.1261  1.1218  1.1153  1.1041
  1.0828  1.0497  1.0080  0.9617  0.9138  0.7961  0.6877  0.5862  0.4869  0.3888
  0.2917  0.1947  0.0975  0.0002 -0.0967 -0.1931 -0.2889 -0.3844 -0.4796 -0.5745
 -0.6691
  1.1479  1.1439  1.1362  1.1263  1.1158  1.1055  1.0954  1.0847  1.0721  1.0570
  1.0383  1.0142  0.9844  0.9495  0.9107  0.8031  0.6942  0.5908  0.4903  0.3912
  0.2934  0.1963  0.0995  0.0027 -0.0935 -0.1889 -0.2837 -0.3779 -0.4717 -0.5651
 -0.6581
  1.1557  1.1515  1.1428  1.1299  1.1144  1.0976  1.0804  1.0629  1.0445  1.0243
  1.0014  0.9749  0.9454  0.9138  0.8957  0.8091  0.7020  0.5966  0.4947
 [Fe/H] =  1.00 [alpha/Fe] = 0.00 BC value = F140W
  1.1902  1.2542  1.2957  1.3170  1.3201  1.3068  1.2785  1.2367  1.1847  1.1313
  1.0783  1.0264  0.9771  0.9306  0.8868  0.7869  0.6937  0.6022  0.5095
  1.2031  1.2409  1.2672  1.2832  1.2898  1.2879  1.2730  1.2314  1.1821  1.1299
  1.0769  1.0246  0.9743  0.9268  0.8820  0.7790  0.6838  0.5913  0.4988  0.4042
  1.2099  1.2356  1.2547  1.2705  1.2789  1.2770  1.2637  1.2301  1.1841  1.1333
  1.0806  1.0278  0.9765  0.9277  0.8816  0.7763  0.6790  0.5849  0.4921  0.3983
  0.3010
  1.2116  1.2329  1.2520  1.2667  1.2746  1.2730  1.2587  1.2301  1.1883  1.1394
  1.0873  1.0343  0.9822  0.9320  0.8845  0.7765  0.6775  0.5821  0.4883  0.3947
  0.2986  0.1983
  1.2093  1.2277  1.2450  1.2592  1.2678  1.2680  1.2570  1.2317  1.1935  1.1468
  1.0958  1.0430  0.9902  0.9390  0.8900  0.7787  0.6781  0.5813  0.4865  0.3927
  0.2974  0.1987  0.0971 -0.0067
  1.2055  1.2200  1.2347  1.2477  1.2568  1.2592  1.2522  1.2324  1.1986  1.1545
  1.1050  1.0527  0.9999  0.9478  0.8975  0.7826  0.6799  0.5820  0.4862  0.3917
  0.2968  0.1995  0.0996 -0.0019 -0.1042 -0.2076 -0.3118 -0.4148 -0.5146 -0.6117
  1.2003  1.2119  1.2232  1.2338  1.2422  1.2460  1.2426  1.2288  1.2015  1.1615
  1.1140  1.0628  1.0102  0.9578  0.9065  0.7880  0.6827  0.5836  0.4868  0.3916
  0.2967  0.2004  0.1020  0.0022 -0.0980 -0.1986 -0.2997 -0.4012 -0.5018 -0.5992
 -0.6937
  1.1817  1.1949  1.2070  1.2178  1.2259  1.2297  1.2281  1.2191  1.1991  1.1658
  1.1220  1.0725  1.0207  0.9682  0.9165  0.7948  0.6865  0.5859  0.4881  0.3920
  0.2970  0.2012  0.1040  0.0058 -0.0928 -0.1914 -0.2898 -0.3885 -0.4876 -0.5860
 -0.6811
  1.1583  1.1667  1.1756  1.1852  1.1953  1.2044  1.2080  1.2034  1.1894  1.1638
  1.1262  1.0800  1.0296  0.9778  0.9259  0.8020  0.6905  0.5880  0.4890  0.3918
  0.2960  0.2003  0.1039  0.0067 -0.0905 -0.1874 -0.2841 -0.3806 -0.4771 -0.5739
 -0.6703
  1.1482  1.1500  1.1509  1.1528  1.1562  1.1599  1.1633  1.1654  1.1630  1.1506
  1.1234  1.0836  1.0369  0.9870  0.9360  0.8112  0.6967  0.5919  0.4917  0.3936
  0.2971  0.2015  0.1057  0.0095 -0.0866 -0.1822 -0.2773 -0.3720 -0.4665 -0.5611
 -0.6557
  1.1487  1.1472  1.1425  1.1366  1.1311  1.1266  1.1224  1.1175  1.1112  1.1031
  1.0904  1.0673  1.0321  0.9887  0.9415  0.8201  0.7042  0.5969  0.4951  0.3960
  0.2987  0.2027  0.1072  0.0117 -0.0834 -0.1780 -0.2719 -0.3652 -0.4581 -0.5509
 -0.6436
  1.1543  1.1525  1.1454  1.1351  1.1230  1.1105  1.0982  1.0859  1.0728  1.0580
  1.0411  1.0209  0.9955  0.9640  0.9424  0.8287  0.7130  0.6030  0.4992
