 [Fe/H] = -2.50 [alpha/Fe] = 0.00 BC value = BX   
 -5.9852 -5.4694 -5.1810 -5.0793 -5.1082 -5.1535 -4.9508 -4.7741 -4.5899 -4.3855
 -4.1559 -3.9127 -3.6724 -3.4217 -3.1757 -2.5631 -1.9818 -1.5404 -1.1438
 -5.7473 -5.3708 -5.0864 -4.8849 -4.7424 -4.6071 -4.4566 -4.2933 -4.1209 -3.9389
 -3.7332 -3.4999 -3.2528 -3.0110 -2.7803 -2.2398 -1.7678 -1.3844 -1.0959 -0.8744
 -5.4987 -5.1293 -4.8148 -4.5505 -4.3352 -4.1703 -4.0444 -3.9137 -3.7539 -3.5703
 -3.3807 -3.1785 -2.9577 -2.7382 -2.5312 -2.0636 -1.6512 -1.3107 -1.0525 -0.8544
 -0.6944
 -5.3006 -4.9523 -4.6416 -4.3641 -4.1179 -3.9031 -3.7195 -3.5663 -3.4293 -3.2762
 -3.0979 -2.9140 -2.7213 -2.5237 -2.3362 -1.9217 -1.5630 -1.2604 -1.0269 -0.8475
 -0.7020 -0.5779
 -5.1048 -4.7902 -4.4999 -4.2300 -3.9796 -3.7496 -3.5410 -3.3542 -3.1871 -3.0349
 -2.8828 -2.7185 -2.5462 -2.3671 -2.1943 -1.8181 -1.4999 -1.2284 -1.0144 -0.8496
 -0.7162 -0.6020 -0.5004 -0.4083
 -4.9004 -4.6245 -4.3643 -4.1145 -3.8745 -3.6464 -3.4319 -3.2329 -3.0504 -2.8826
 -2.7260 -2.5748 -2.4230 -2.2643 -2.1049 -1.7493 -1.4589 -1.2107 -1.0107 -0.8567
 -0.7334 -0.6282 -0.5343 -0.4485 -0.3652 -0.2862 -0.2148 -0.1535 -0.1042 -0.0681
 -4.6966 -4.4530 -4.2251 -4.0022 -3.7820 -3.5660 -3.3569 -3.1572 -2.9696 -2.7953
 -2.6331 -2.4808 -2.3351 -2.1915 -2.0483 -1.7129 -1.4359 -1.2039 -1.0129 -0.8656
 -0.7501 -0.6532 -0.5673 -0.4885 -0.4148 -0.3455 -0.2809 -0.2212 -0.1667 -0.1205
 -0.0938
 -4.4966 -4.2837 -4.0829 -3.8863 -3.6906 -3.4938 -3.2971 -3.1046 -2.9195 -2.7435
 -2.5788 -2.4251 -2.2803 -2.1416 -2.0077 -1.6960 -1.4273 -1.2050 -1.0198 -0.8749
 -0.7639 -0.6740 -0.5961 -0.5249 -0.4584 -0.3953 -0.3344 -0.2774 -0.2264 -0.1830
 -0.1482
 -4.3063 -4.1197 -3.9394 -3.7650 -3.5921 -3.4165 -3.2379 -3.0582 -2.8808 -2.7086
 -2.5442 -2.3895 -2.2445 -2.1074 -1.9771 -1.6816 -1.4240 -1.2079 -1.0279 -0.8835
 -0.7735 -0.6882 -0.6174 -0.5544 -0.4958 -0.4399 -0.3867 -0.3371 -0.2911 -0.2484
 -0.2087
 -4.1258 -3.9610 -3.8031 -3.6452 -3.4901 -3.3347 -3.1759 -3.0133 -2.8489 -2.6851
 -2.5251 -2.3715 -2.2261 -2.0895 -1.9607 -1.6728 -1.4253 -1.2142 -1.0383 -0.8948
 -0.7836 -0.6991 -0.6326 -0.5768 -0.5264 -0.4788 -0.4332 -0.3893 -0.3502 -0.3101
 -0.2714
 -3.9550 -3.8076 -3.6740 -3.5244 -3.3828 -3.2426 -3.1016 -2.9573 -2.8093 -2.6587
 -2.5078 -2.3592 -2.2157 -2.0794 -1.9509 -1.6659 -1.4253 -1.2193 -1.0467 -0.9049
 -0.7930 -0.7075 -0.6423 -0.5909 -0.5476 -0.5083 -0.4712 -0.4353 -0.4002 -0.3667
 -0.3354
 -3.7939 -3.6595 -3.5521 -3.4014 -3.2689 -3.1397 -3.0123 -2.8841 -2.7530 -2.6187
 -2.4815 -2.3430 -2.2057 -2.0723 -1.9477 -1.6609 -1.4240 -1.2232 -1.0531
 [Fe/H] = -2.00 [alpha/Fe] = 0.00 BC value = BX   
 -6.0120 -5.5790 -5.2753 -5.0775 -4.9560 -4.8613 -4.6953 -4.5380 -4.3612 -4.1581
 -3.9273 -3.6797 -3.4323 -3.1934 -2.9677 -2.4398 -1.9499 -1.5406 -1.1768
 -5.6058 -5.2589 -5.0071 -4.7888 -4.5914 -4.4165 -4.2580 -4.1044 -3.9429 -3.7638
 -3.5610 -3.3345 -3.0984 -2.8720 -2.6614 -2.1912 -1.7723 -1.4067 -1.1145 -0.8841
 -5.3490 -4.9510 -4.6378 -4.3995 -4.2307 -4.0915 -3.9392 -3.7746 -3.6073 -3.4389
 -3.2595 -3.0617 -2.8464 -2.6340 -2.4378 -2.0131 -1.6492 -1.3304 -1.0694 -0.8652
 -0.7009
 -5.2192 -4.8185 -4.4861 -4.2111 -3.9850 -3.8008 -3.6572 -3.5320 -3.3820 -3.2063
 -3.0284 -2.8496 -2.6590 -2.4616 -2.2774 -1.8832 -1.5587 -1.2776 -1.0427 -0.8565
 -0.7063 -0.5794
 -5.1310 -4.7443 -4.4141 -4.1295 -3.8829 -3.6691 -3.4831 -3.3206 -3.1805 -3.0428
 -2.8785 -2.7021 -2.5245 -2.3432 -2.1676 -1.7950 -1.4967 -1.2434 -1.0294 -0.8574
 -0.7187 -0.6014 -0.4981 -0.4048
 -5.0494 -4.6873 -4.3702 -4.0891 -3.8374 -3.6107 -3.4064 -3.2220 -3.0535 -2.8991
 -2.7548 -2.6042 -2.4416 -2.2699 -2.1007 -1.7401 -1.4579 -1.2233 -1.0249 -0.8638
 -0.7345 -0.6258 -0.5302 -0.4434 -0.3634 -0.2894 -0.2212 -0.1572 -0.0988 -0.0606
 -4.9608 -4.6285 -4.3326 -4.0633 -3.8154 -3.5859 -3.3737 -3.1781 -2.9971 -2.8284
 -2.6703 -2.5210 -2.3767 -2.2262 -2.0695 -1.7117 -1.4367 -1.2135 -1.0259 -0.8725
 -0.7503 -0.6496 -0.5617 -0.4819 -0.4079 -0.3388 -0.2747 -0.2154 -0.1608 -0.1144
 -0.0880
 -4.8650 -4.5619 -4.2901 -4.0386 -3.8011 -3.5760 -3.3630 -3.1624 -2.9746 -2.7987
 -2.6330 -2.4768 -2.3298 -2.1877 -2.0467 -1.7081 -1.4297 -1.2116 -1.0307 -0.8817
 -0.7641 -0.6698 -0.5895 -0.5173 -0.4503 -0.3871 -0.3280 -0.2727 -0.2212 -0.1767
 -0.1419
 -4.7632 -4.4847 -4.2347 -4.0030 -3.7813 -3.5664 -3.3582 -3.1583 -2.9681 -2.7882
 -2.6183 -2.4580 -2.3065 -2.1627 -2.0251 -1.7069 -1.4326 -1.2136 -1.0363 -0.8897
 -0.7739 -0.6837 -0.6102 -0.5459 -0.4867 -0.4308 -0.3779 -0.3278 -0.2809 -0.2383
 -0.2023
 -4.6684 -4.4093 -4.1758 -3.9603 -3.7549 -3.5544 -3.3566 -3.1624 -2.9742 -2.7936
 -2.6217 -2.4588 -2.3044 -2.1581 -2.0195 -1.7082 -1.4421 -1.2223 -1.0454 -0.9003
 -0.7841 -0.6949 -0.6255 -0.5680 -0.5168 -0.4691 -0.4237 -0.3803 -0.3389 -0.3003
 -0.2647
 -4.5754 -4.3328 -4.1105 -3.9070 -3.7148 -3.5290 -3.3449 -3.1617 -2.9805 -2.8033
 -2.6321 -2.4683 -2.3122 -2.1641 -2.0239 -1.7113 -1.4501 -1.2321 -1.0544 -0.9100
 -0.7937 -0.7036 -0.6354 -0.5822 -0.5379 -0.4983 -0.4613 -0.4257 -0.3914 -0.3586
 -0.3280
 -4.4834 -4.2532 -4.0411 -3.8451 -3.6619 -3.4871 -3.3166 -3.1468 -2.9772 -2.8085
 -2.6423 -2.4806 -2.3255 -2.1752 -2.0383 -1.7162 -1.4566 -1.2430 -1.0633
 [Fe/H] = -1.50 [alpha/Fe] = 0.00 BC value = BX   
 -6.1750 -5.8280 -5.5391 -5.2947 -5.0807 -4.8797 -4.6759 -4.4599 -4.2351 -4.0004
 -3.7533 -3.4993 -3.2504 -3.0213 -2.8113 -2.3455 -1.9266 -1.5512 -1.2162
 -5.7860 -5.4109 -5.0941 -4.8321 -4.6126 -4.4193 -4.2356 -4.0486 -3.8559 -3.6540
 -3.4377 -3.2071 -2.9737 -2.7549 -2.5558 -2.1277 -1.7607 -1.4313 -1.1446 -0.9109
 -5.4020 -5.0272 -4.7422 -4.4971 -4.2744 -4.0777 -3.8998 -3.7286 -3.5569 -3.3801
 -3.1926 -2.9892 -2.7737 -2.5643 -2.3728 -1.9699 -1.6392 -1.3501 -1.0965 -0.8856
 -0.7144
 -5.2453 -4.8142 -4.4693 -4.1998 -3.9960 -3.8387 -3.6803 -3.5113 -3.3421 -3.1745
 -3.0047 -2.8265 -2.6333 -2.4351 -2.2496 -1.8624 -1.5552 -1.2943 -1.0667 -0.8741
 -0.7164 -0.5844
 -5.2079 -4.7583 -4.3880 -4.0859 -3.8391 -3.6409 -3.4839 -3.3495 -3.2145 -3.0523
 -2.8800 -2.7089 -2.5349 -2.3517 -2.1720 -1.7937 -1.5007 -1.2585 -1.0502 -0.8724
 -0.7258 -0.6031 -0.4967 -0.4018
 -5.2228 -4.7663 -4.3857 -4.0686 -3.8028 -3.5785 -3.3870 -3.2207 -3.0754 -2.9466
 -2.8073 -2.6442 -2.4722 -2.2995 -2.1276 -1.7536 -1.4676 -1.2373 -1.0425 -0.8766
 -0.7392 -0.6248 -0.5260 -0.4376 -0.3569 -0.2835 -0.2153 -0.1502 -0.0915 -0.0551
 -5.2571 -4.8028 -4.4185 -4.0941 -3.8169 -3.5767 -3.3665 -3.1804 -3.0129 -2.8591
 -2.7177 -2.5830 -2.4372 -2.2750 -2.1074 -1.7347 -1.4500 -1.2261 -1.0403 -0.8834
 -0.7535 -0.6465 -0.5551 -0.4737 -0.3990 -0.3298 -0.2661 -0.2072 -0.1526 -0.1057
 -0.0793
 -5.2857 -4.8447 -4.4656 -4.1396 -3.8563 -3.6064 -3.3836 -3.1826 -3.0000 -2.8321
 -2.6748 -2.5269 -2.3887 -2.2504 -2.1020 -1.7336 -1.4441 -1.2222 -1.0417 -0.8909
 -0.7665 -0.6655 -0.5812 -0.5071 -0.4393 -0.3761 -0.3175 -0.2628 -0.2119 -0.1677
 -0.1325
 -5.2873 -4.8699 -4.5056 -4.1863 -3.9033 -3.6490 -3.4180 -3.2067 -3.0126 -2.8333
 -2.6659 -2.5083 -2.3598 -2.2195 -2.0831 -1.7435 -1.4467 -1.2218 -1.0437 -0.8967
 -0.7760 -0.6793 -0.6011 -0.5344 -0.4742 -0.4181 -0.3656 -0.3162 -0.2703 -0.2292
 -0.1930
 -5.2716 -4.8832 -4.5378 -4.2307 -3.9543 -3.7011 -3.4667 -3.2491 -3.0468 -2.8587
 -2.6829 -2.5179 -2.3621 -2.2148 -2.0751 -1.7530 -1.4644 -1.2306 -1.0507 -0.9051
 -0.7859 -0.6909 -0.6164 -0.5559 -0.5033 -0.4551 -0.4100 -0.3672 -0.3268 -0.2893
 -0.2549
 -5.2372 -4.8755 -4.5506 -4.2589 -3.9934 -3.7474 -3.5159 -3.2970 -3.0904 -2.8962
 -2.7140 -2.5429 -2.3815 -2.2284 -2.0838 -1.7594 -1.4809 -1.2459 -1.0603 -0.9138
 -0.7951 -0.7001 -0.6268 -0.5702 -0.5241 -0.4837 -0.4467 -0.4116 -0.3780 -0.3463
 -0.3169
 -5.1901 -4.8517 -4.5455 -4.2682 -4.0146 -3.7782 -3.5546 -3.3405 -3.1351 -2.9389
 -2.7528 -2.5771 -2.4087 -2.2511 -2.1092 -1.7627 -1.4962 -1.2677 -1.0725
 [Fe/H] = -1.00 [alpha/Fe] = 0.00 BC value = BX   
 -6.4741 -6.2163 -5.9722 -5.7310 -5.4825 -5.2087 -4.8926 -4.5398 -4.2116 -3.9124
 -3.6339 -3.3716 -3.1266 -2.9055 -2.7064 -2.2803 -1.9118 -1.5722 -1.2620
 -6.0364 -5.7403 -5.4694 -5.2160 -4.9710 -4.7217 -4.4487 -4.1610 -3.8875 -3.6301
 -3.3816 -3.1385 -2.9059 -2.6916 -2.4981 -2.0914 -1.7544 -1.4561 -1.1864 -0.9501
 -5.7326 -5.3979 -5.0966 -4.8256 -4.5785 -4.3458 -4.1111 -3.8696 -3.6364 -3.4133
 -3.1944 -2.9742 -2.7548 -2.5466 -2.3569 -1.9615 -1.6450 -1.3740 -1.1332 -0.9201
 -0.7395
 -5.4612 -5.1010 -4.8064 -4.5412 -4.2929 -4.0652 -3.8523 -3.6429 -3.4394 -3.2432
 -3.0504 -2.8547 -2.6530 -2.4531 -2.2663 -1.8765 -1.5720 -1.3186 -1.0981 -0.9034
 -0.7366 -0.5964
 -5.3684 -4.9298 -4.5658 -4.2694 -4.0340 -3.8461 -3.6683 -3.4832 -3.2970 -3.1159
 -2.9396 -2.7639 -2.5823 -2.3948 -2.2120 -1.8238 -1.5252 -1.2829 -1.0764 -0.8962
 -0.7409 -0.6100 -0.4983 -0.4001
 -5.3940 -4.9074 -4.4975 -4.1593 -3.8847 -3.6615 -3.4788 -3.3270 -3.1910 -3.0391
 -2.8710 -2.7006 -2.5314 -2.3586 -2.1829 -1.7945 -1.4969 -1.2613 -1.0643 -0.8951
 -0.7497 -0.6270 -0.5228 -0.4314 -0.3492 -0.2744 -0.2059 -0.1411 -0.0826 -0.0456
 -5.4948 -4.9699 -4.5270 -4.1593 -3.8562 -3.6057 -3.3969 -3.2199 -3.0670 -2.9342
 -2.8088 -2.6664 -2.5045 -2.3374 -2.1703 -1.7829 -1.4823 -1.2493 -1.0586 -0.8975
 -0.7604 -0.6450 -0.5478 -0.4632 -0.3873 -0.3178 -0.2545 -0.1961 -0.1416 -0.0943
 -0.0671
 -5.6428 -5.0871 -4.6149 -4.2213 -3.8947 -3.6223 -3.3924 -3.1956 -3.0235 -2.8699
 -2.7297 -2.6005 -2.4720 -2.3276 -2.1696 -1.7856 -1.4786 -1.2445 -1.0572 -0.9017
 -0.7710 -0.6618 -0.5710 -0.4933 -0.4241 -0.3607 -0.3025 -0.2489 -0.1999 -0.1553
 -0.1192
 -5.7901 -5.2232 -4.7323 -4.3182 -3.9713 -3.6798 -3.4306 -3.2149 -3.0252 -2.8556
 -2.7006 -2.5564 -2.4211 -2.2916 -2.1583 -1.7976 -1.4821 -1.2434 -1.0570 -0.9049
 -0.7788 -0.6746 -0.5893 -0.5182 -0.4562 -0.3998 -0.3479 -0.2995 -0.2551 -0.2152
 -0.1797
 -5.9090 -5.3582 -4.8651 -4.4416 -4.0798 -3.7710 -3.5047 -3.2716 -3.0649 -2.8792
 -2.7102 -2.5540 -2.4077 -2.2696 -2.1378 -1.8141 -1.5013 -1.2523 -1.0630 -0.9117
 -0.7877 -0.6863 -0.6048 -0.5390 -0.4838 -0.4347 -0.3900 -0.3481 -0.3091 -0.2733
 -0.2411
 -5.9726 -5.4550 -4.9810 -4.5632 -4.1974 -3.8788 -3.5993 -3.3514 -3.1295 -2.9290
 -2.7461 -2.5778 -2.4213 -2.2745 -2.1357 -1.8190 -1.5264 -1.2702 -1.0731 -0.9199
 -0.7962 -0.6959 -0.6161 -0.5538 -0.5041 -0.4622 -0.4250 -0.3905 -0.3582 -0.3281
 -0.3005
 -5.9848 -5.5055 -5.0633 -4.6633 -4.3057 -3.9870 -3.7017 -3.4441 -3.2103 -2.9971
 -2.8019 -2.6221 -2.4555 -2.3001 -2.1520 -1.8123 -1.5574 -1.2971 -1.0873
 [Fe/H] = -0.75 [alpha/Fe] = 0.00 BC value = BX   
 -6.6747 -6.4627 -6.2523 -6.0313 -5.7872 -5.4896 -5.1088 -4.6551 -4.2426 -3.8942
 -3.5942 -3.3275 -3.0865 -2.8687 -2.6733 -2.2586 -1.9076 -1.5866 -1.2873
 -6.2063 -5.9637 -5.7310 -5.4993 -5.2576 -4.9872 -4.6588 -4.2921 -3.9489 -3.6460
 -3.3739 -3.1238 -2.8918 -2.6799 -2.4883 -2.0874 -1.7592 -1.4700 -1.2102 -0.9760
 -5.8682 -5.5880 -5.3275 -5.0800 -4.8386 -4.5914 -4.3158 -4.0145 -3.7244 -3.4590
 -3.2143 -2.9826 -2.7614 -2.5544 -2.3654 -1.9711 -1.6574 -1.3907 -1.1545 -0.9430
 -0.7587
 -5.6293 -5.3224 -5.0351 -4.7675 -4.5178 -4.2805 -4.0425 -3.7907 -3.5431 -3.3107
 -3.0922 -2.8816 -2.6747 -2.4745 -2.2877 -1.8955 -1.5894 -1.3363 -1.1170 -0.9229
 -0.7526 -0.6075
 -5.4994 -5.1129 -4.7596 -4.4983 -4.2693 -4.0476 -3.8297 -3.6118 -3.3961 -3.1900
 -2.9943 -2.8044 -2.6148 -2.4249 -2.2417 -1.8491 -1.5457 -1.3009 -1.0932 -0.9122
 -0.7538 -0.6181 -0.5023 -0.4014
 -5.4791 -5.0065 -4.6144 -4.2898 -4.0233 -3.8055 -3.6268 -3.4618 -3.2862 -3.1020
 -2.9201 -2.7440 -2.5703 -2.3941 -2.2174 -1.8238 -1.5192 -1.2790 -1.0792 -0.9080
 -0.7596 -0.6323 -0.5239 -0.4298 -0.3461 -0.2706 -0.2011 -0.1357 -0.0774 -0.0401
 -5.5630 -5.0476 -4.6066 -4.2369 -3.9313 -3.6794 -3.4701 -3.2936 -3.1439 -3.0099
 -2.8679 -2.7079 -2.5407 -2.3744 -2.2072 -1.8148 -1.5057 -1.2667 -1.0721 -0.9080
 -0.7677 -0.6478 -0.5463 -0.4588 -0.3814 -0.3113 -0.2477 -0.1894 -0.1347 -0.0875
 -0.0597
 -5.7358 -5.1693 -4.6838 -4.2765 -3.9383 -3.6584 -3.4255 -3.2287 -3.0590 -2.9099
 -2.7768 -2.6521 -2.5179 -2.3658 -2.2056 -1.8191 -1.5032 -1.2618 -1.0699 -0.9105
 -0.7764 -0.6629 -0.5676 -0.4867 -0.4158 -0.3519 -0.2936 -0.2404 -0.1917 -0.1474
 -0.1109
 -5.9473 -5.3413 -4.8170 -4.3739 -4.0052 -3.6991 -3.4430 -3.2257 -3.0385 -2.8738
 -2.7253 -2.5885 -2.4606 -2.3348 -2.1995 -1.8313 -1.5082 -1.2612 -1.0692 -0.9129
 -0.7829 -0.6746 -0.5847 -0.5101 -0.4460 -0.3889 -0.3370 -0.2891 -0.2452 -0.2057
 -0.1710
 -6.1524 -5.5414 -4.9917 -4.5212 -4.1240 -3.7918 -3.5122 -3.2736 -3.0668 -2.8848
 -2.7216 -2.5722 -2.4328 -2.3012 -2.1747 -1.8499 -1.5276 -1.2710 -1.0752 -0.9193
 -0.7913 -0.6860 -0.6000 -0.5303 -0.4725 -0.4223 -0.3774 -0.3359 -0.2976 -0.2627
 -0.2314
 -6.2971 -5.7074 -5.1670 -4.6852 -4.2709 -3.9174 -3.6161 -3.3566 -3.1303 -2.9300
 -2.7505 -2.5874 -2.4369 -2.2962 -2.1629 -1.8544 -1.5552 -1.2896 -1.0860 -0.9275
 -0.7997 -0.6956 -0.6118 -0.5453 -0.4926 -0.4490 -0.4112 -0.3769 -0.3451 -0.3159
 -0.2893
 -6.3722 -5.8213 -5.3060 -4.8365 -4.4214 -4.0580 -3.7415 -3.4646 -3.2202 -3.0026
 -2.8069 -2.6292 -2.4663 -2.3155 -2.1641 -1.8448 -1.5910 -1.3170 -1.1016
 [Fe/H] = -0.50 [alpha/Fe] = 0.00 BC value = BX   
 -6.8882 -6.7155 -6.5393 -6.3463 -6.1241 -5.8210 -5.3844 -4.8229 -4.3076 -3.8984
 -3.5748 -3.3016 -3.0621 -2.8480 -2.6556 -2.2487 -1.9099 -1.6028 -1.3161
 -6.3954 -6.1991 -6.0056 -5.8049 -5.5813 -5.3063 -4.9335 -4.4784 -4.0458 -3.6832
 -3.3826 -3.1236 -2.8919 -2.6824 -2.4927 -2.0951 -1.7721 -1.4906 -1.2361 -1.0052
 -6.0165 -5.7910 -5.5748 -5.3611 -5.1396 -4.8917 -4.5829 -4.2132 -3.8485 -3.5256
 -3.2477 -3.0024 -2.7791 -2.5735 -2.3856 -1.9914 -1.6780 -1.4129 -1.1789 -0.9690
 -0.7824
 -5.7642 -5.4968 -5.2489 -5.0139 -4.7847 -4.5516 -4.2933 -3.9919 -3.6844 -3.4001
 -3.1464 -2.9171 -2.7041 -2.5040 -2.3179 -1.9237 -1.6147 -1.3599 -1.1398 -0.9453
 -0.7729 -0.6231
 -5.5765 -5.2675 -5.0034 -4.7557 -4.5156 -4.2826 -4.0509 -3.8008 -3.5410 -3.2925
 -3.0637 -2.8526 -2.6527 -2.4606 -2.2777 -1.8820 -1.5733 -1.3248 -1.1142 -0.9312
 -0.7705 -0.6302 -0.5097 -0.4052
 -5.5297 -5.1180 -4.7726 -4.4872 -4.2502 -4.0445 -3.8459 -3.6371 -3.4167 -3.1988
 -2.9927 -2.7994 -2.6145 -2.4334 -2.2561 -1.8595 -1.5480 -1.3024 -1.0985 -0.9241
 -0.7728 -0.6412 -0.5279 -0.4301 -0.3440 -0.2675 -0.1970 -0.1300 -0.0718 -0.0344
 -5.6011 -5.1199 -4.7049 -4.3546 -4.0631 -3.8196 -3.6148 -3.4394 -3.2783 -3.1128
 -2.9364 -2.7580 -2.5846 -2.4153 -2.2467 -1.8520 -1.5353 -1.2895 -1.0901 -0.9218
 -0.7780 -0.6538 -0.5473 -0.4560 -0.3762 -0.3049 -0.2410 -0.1822 -0.1270 -0.0800
 -0.0519
 -5.7654 -5.2218 -4.7505 -4.3495 -4.0144 -3.7356 -3.5024 -3.3042 -3.1327 -2.9831
 -2.8485 -2.7135 -2.5642 -2.4048 -2.2445 -1.8570 -1.5336 -1.2844 -1.0868 -0.9228
 -0.7845 -0.6666 -0.5663 -0.4812 -0.4077 -0.3426 -0.2841 -0.2309 -0.1818 -0.1383
 -0.1018
 -6.0074 -5.4011 -4.8756 -4.4276 -4.0521 -3.7399 -3.4799 -3.2612 -3.0740 -2.9105
 -2.7649 -2.6331 -2.5091 -2.3816 -2.2410 -1.8693 -1.5397 -1.2843 -1.0857 -0.9243
 -0.7897 -0.6767 -0.5820 -0.5028 -0.4357 -0.3771 -0.3248 -0.2772 -0.2340 -0.1951
 -0.1609
 -6.2878 -5.6472 -5.0726 -4.5796 -4.1635 -3.8168 -3.5281 -3.2855 -3.0786 -2.8994
 -2.7407 -2.5969 -2.4637 -2.3384 -2.2164 -1.8889 -1.5601 -1.2953 -1.0922 -0.9305
 -0.7976 -0.6875 -0.5967 -0.5222 -0.4608 -0.4087 -0.3631 -0.3218 -0.2841 -0.2501
 -0.2198
 -6.5279 -5.8872 -5.3005 -4.7745 -4.3252 -3.9457 -3.6273 -3.3589 -3.1296 -2.9309
 -2.7557 -2.5985 -2.4545 -2.3203 -2.1932 -1.8935 -1.5887 -1.3151 -1.1039 -0.9391
 -0.8060 -0.6972 -0.6086 -0.5374 -0.4806 -0.4344 -0.3955 -0.3610 -0.3298 -0.3014
 -0.2760
 -6.6874 -6.0748 -5.5007 -4.9772 -4.5105 -4.1086 -3.7649 -3.4714 -3.2189 -2.9991
 -2.8051 -2.6317 -2.4745 -2.3299 -2.1714 -1.8831 -1.6255 -1.3437 -1.1208
 [Fe/H] = -0.25 [alpha/Fe] = 0.00 BC value = BX   
 -7.1106 -6.9682 -6.8207 -6.6541 -6.4604 -6.1648 -5.6885 -5.0315 -4.4092 -3.9301
 -3.5713 -3.2855 -3.0435 -2.8310 -2.6401 -2.2395 -1.9103 -1.6160 -1.3420
 -6.5948 -6.4348 -6.2754 -6.1058 -5.9071 -5.6427 -5.2466 -4.7107 -4.1779 -3.7427
 -3.4045 -3.1304 -2.8953 -2.6865 -2.4980 -2.1026 -1.7840 -1.5084 -1.2603 -1.0339
 -6.1795 -5.9976 -5.8210 -5.6427 -5.4494 -5.2149 -4.8909 -4.4587 -4.0069 -3.6122
 -3.2917 -3.0270 -2.7978 -2.5921 -2.4050 -2.0105 -1.6973 -1.4340 -1.2024 -0.9951
 -0.8090
 -5.8775 -5.6629 -5.4605 -5.2644 -5.0660 -4.8501 -4.5851 -4.2389 -3.8611 -3.5098
 -3.2098 -2.9558 -2.7333 -2.5316 -2.3459 -1.9502 -1.6385 -1.3828 -1.1624 -0.9684
 -0.7958 -0.6429
 -5.6949 -5.4374 -5.1995 -4.9765 -4.7614 -4.5462 -4.3159 -4.0381 -3.7249 -3.4186
 -3.1437 -2.9036 -2.6898 -2.4935 -2.3104 -1.9128 -1.5996 -1.3481 -1.1357 -0.9515
 -0.7896 -0.6465 -0.5214 -0.4122
 -5.5794 -5.2396 -4.9636 -4.7323 -4.5180 -4.3038 -4.0861 -3.8534 -3.5941 -3.3305
 -3.0836 -2.8608 -2.6584 -2.4700 -2.2914 -1.8931 -1.5757 -1.3256 -1.1188 -0.9419
 -0.7886 -0.6540 -0.5363 -0.4340 -0.3442 -0.2649 -0.1931 -0.1241 -0.0655 -0.0275
 -5.6151 -5.1840 -4.8157 -4.5084 -4.2522 -4.0351 -3.8443 -3.6602 -3.4597 -3.2427
 -3.0262 -2.8224 -2.6332 -2.4549 -2.2831 -1.8873 -1.5645 -1.3125 -1.1092 -0.9378
 -0.7909 -0.6636 -0.5528 -0.4567 -0.3733 -0.2997 -0.2346 -0.1747 -0.1182 -0.0710
 -0.0427
 -5.7518 -5.2511 -4.8145 -4.4409 -4.1267 -3.8625 -3.6377 -3.4425 -3.2684 -3.1077
 -2.9491 -2.7832 -2.6124 -2.4446 -2.2816 -1.8934 -1.5644 -1.3079 -1.1053 -0.9376
 -0.7955 -0.6739 -0.5692 -0.4793 -0.4019 -0.3343 -0.2746 -0.2212 -0.1723 -0.1275
 -0.0909
 -5.9809 -5.4110 -4.9118 -4.4818 -4.1174 -3.8116 -3.5550 -3.3367 -3.1472 -2.9799
 -2.8314 -2.6973 -2.5670 -2.4286 -2.2799 -1.9058 -1.5721 -1.3088 -1.1041 -0.9382
 -0.7995 -0.6824 -0.5831 -0.4989 -0.4275 -0.3662 -0.3126 -0.2646 -0.2215 -0.1828
 -0.1487
 -6.3020 -5.6668 -5.1043 -4.6175 -4.2034 -3.8560 -3.5658 -3.3219 -3.1144 -2.9346
 -2.7761 -2.6339 -2.5042 -2.3823 -2.2606 -1.9264 -1.5938 -1.3217 -1.1113 -0.9443
 -0.8069 -0.6925 -0.5970 -0.5175 -0.4513 -0.3959 -0.3486 -0.3067 -0.2692 -0.2358
 -0.2062
 -6.6286 -5.9656 -5.3610 -4.8234 -4.3618 -3.9717 -3.6453 -3.3721 -3.1410 -2.9431
 -2.7705 -2.6171 -2.4778 -2.3490 -2.2276 -1.9336 -1.6237 -1.3434 -1.1246 -0.9536
 -0.8156 -0.7021 -0.6089 -0.5327 -0.4709 -0.4207 -0.3794 -0.3439 -0.3127 -0.2848
 -0.2600
 -6.8846 -6.2331 -5.6222 -5.0651 -4.5686 -4.1423 -3.7808 -3.4762 -3.2184 -2.9977
 -2.8060 -2.6370 -2.4853 -2.3468 -2.1809 -1.9274 -1.6618 -1.3739 -1.1440
 [Fe/H] =  0.00 [alpha/Fe] = 0.00 BC value = BX   
 -7.3534 -7.2312 -7.1029 -6.9542 -6.7583 -6.4588 -5.9564 -5.2354 -4.5412 -3.9983
 -3.6071 -3.3099 -3.0667 -2.8549 -2.6674 -2.2695 -1.9421 -1.6519 -1.3821
 -6.8197 -6.6843 -6.5490 -6.4025 -6.2228 -5.9672 -5.5526 -4.9532 -4.3374 -3.8344
 -3.4601 -3.1720 -2.9345 -2.7275 -2.5414 -2.1475 -1.8270 -1.5499 -1.3013 -1.0738
 -6.3732 -6.2212 -6.0737 -5.9234 -5.7546 -5.5359 -5.2055 -4.7236 -4.1927 -3.7270
 -3.3642 -3.0808 -2.8467 -2.6423 -2.4575 -2.0640 -1.7468 -1.4791 -1.2438 -1.0331
 -0.8441
 -6.0239 -5.8477 -5.6804 -5.5173 -5.3486 -5.1540 -4.8916 -4.5124 -4.0670 -3.6456
 -3.2974 -3.0187 -2.7874 -2.5853 -2.4018 -2.0077 -1.6911 -1.4293 -1.2034 -1.0041
 -0.8273 -0.6699
 -5.7809 -5.5749 -5.3771 -5.1910 -5.0096 -4.8201 -4.6006 -4.3050 -3.9406 -3.5708
 -3.2448 -2.9741 -2.7467 -2.5474 -2.3658 -1.9708 -1.6526 -1.3942 -1.1753 -0.9846
 -0.8174 -0.6695 -0.5391 -0.4250
 -5.6435 -5.3836 -5.1581 -4.9469 -4.7441 -4.5444 -4.3390 -4.1006 -3.8074 -3.4918
 -3.1958 -2.9385 -2.7176 -2.5225 -2.3439 -1.9490 -1.6274 -1.3700 -1.1563 -0.9724
 -0.8127 -0.6728 -0.5498 -0.4421 -0.3482 -0.2661 -0.1905 -0.1190 -0.0607 -0.0222
 -5.6158 -5.2453 -4.9406 -4.6937 -4.4870 -4.2976 -4.1064 -3.9024 -3.6670 -3.4046
 -3.1439 -2.9058 -2.6950 -2.5062 -2.3321 -1.9404 -1.6141 -1.3548 -1.1442 -0.9656
 -0.8119 -0.6786 -0.5623 -0.4608 -0.3728 -0.2969 -0.2296 -0.1674 -0.1094 -0.0629
 -0.0347
 -5.7125 -5.2626 -4.8730 -4.5441 -4.2701 -4.0385 -3.8377 -3.6570 -3.4781 -3.2845
 -3.0775 -2.8702 -2.6749 -2.4951 -2.3275 -1.9425 -1.6120 -1.3480 -1.1379 -0.9631
 -0.8138 -0.6858 -0.5753 -0.4798 -0.3976 -0.3267 -0.2649 -0.2105 -0.1615 -0.1161
 -0.0802
 -5.9044 -5.3842 -4.9271 -4.5321 -4.1963 -3.9134 -3.6728 -3.4637 -3.2765 -3.1048
 -2.9451 -2.7922 -2.6382 -2.4808 -2.3239 -1.9511 -1.6180 -1.3478 -1.1350 -0.9618
 -0.8158 -0.6919 -0.5865 -0.4966 -0.4201 -0.3551 -0.2993 -0.2506 -0.2077 -0.1694
 -0.1357
 -6.2148 -5.6150 -5.0896 -4.6325 -4.2404 -3.9084 -3.6286 -3.3911 -3.1857 -3.0041
 -2.8415 -2.6960 -2.5638 -2.4383 -2.3104 -1.9692 -1.6382 -1.3604 -1.1418 -0.9670
 -0.8224 -0.7008 -0.5989 -0.5134 -0.4419 -0.3823 -0.3324 -0.2895 -0.2521 -0.2194
 -0.1910
 -6.5959 -5.9365 -5.3418 -4.8231 -4.3747 -3.9934 -3.6723 -3.4020 -3.1730 -2.9760
 -2.8036 -2.6506 -2.5131 -2.3876 -2.2698 -1.9779 -1.6666 -1.3825 -1.1557 -0.9765
 -0.8310 -0.7103 -0.6104 -0.5280 -0.4606 -0.4057 -0.3612 -0.3243 -0.2927 -0.2656
 -0.2421
 -6.9496 -6.2767 -5.6492 -5.0816 -4.5820 -4.1524 -3.7887 -3.4824 -3.2242 -3.0045
 -2.8152 -2.6495 -2.5020 -2.3684 -2.2021 -1.9772 -1.7032 -1.4141 -1.1767
 [Fe/H] =  0.25 [alpha/Fe] = 0.00 BC value = BX   
 -7.5969 -7.4922 -7.3802 -7.2001 -6.9247 -6.5406 -6.0379 -5.4090 -4.6983 -4.0986
 -3.6648 -3.3468 -3.0958 -2.8843 -2.6954 -2.2997 -1.9733 -1.6878 -1.4241
 -7.0513 -6.9357 -6.8193 -6.6895 -6.5214 -6.2676 -5.8315 -5.1844 -4.5185 -3.9529
 -3.5334 -3.2228 -2.9771 -2.7688 -2.5839 -2.1916 -1.8701 -1.5920 -1.3433 -1.1164
 -6.5785 -6.4494 -6.3244 -6.1952 -6.0442 -5.8364 -5.5037 -4.9855 -4.3941 -3.8631
 -3.4520 -3.1421 -2.8976 -2.6910 -2.5072 -2.1155 -1.7959 -1.5250 -1.2872 -1.0741
 -0.8851
 -6.1883 -6.0408 -5.9008 -5.7638 -5.6190 -5.4426 -5.1877 -4.7873 -4.2874 -3.7989
 -3.3985 -3.0885 -2.8432 -2.6371 -2.4543 -2.0624 -1.7430 -1.4768 -1.2468 -1.0435
 -0.8630 -0.7020
 -5.8962 -5.7195 -5.5563 -5.4018 -5.2503 -5.0857 -4.8807 -4.5787 -4.1727 -3.7404
 -3.3586 -3.0516 -2.8056 -2.5997 -2.4178 -2.0258 -1.7050 -1.4414 -1.2176 -1.0219
 -0.8498 -0.6977 -0.5627 -0.4433
 -5.7283 -5.5030 -5.3018 -5.1191 -4.9468 -4.7762 -4.5923 -4.3581 -4.0402 -3.6727
 -3.3213 -3.0241 -2.7795 -2.5742 -2.3935 -2.0024 -1.6789 -1.4158 -1.1968 -1.0072
 -0.8418 -0.6969 -0.5692 -0.4564 -0.3574 -0.2698 -0.1905 -0.1153 -0.0566 -0.0167
 -5.6184 -5.3252 -5.0871 -4.8917 -4.7078 -4.5250 -4.3393 -4.1387 -3.8897 -3.5888
 -3.2788 -2.9989 -2.7606 -2.5578 -2.3790 -1.9907 -1.6639 -1.3988 -1.1824 -0.9979
 -0.8380 -0.6990 -0.5777 -0.4712 -0.3781 -0.2968 -0.2255 -0.1613 -0.1008 -0.0544
 -0.0255
 -5.6648 -5.2676 -4.9336 -4.6617 -4.4405 -4.2540 -4.0839 -3.9109 -3.7162 -3.4822
 -3.2234 -2.9709 -2.7448 -2.5473 -2.3719 -1.9891 -1.6599 -1.3906 -1.1741 -0.9931
 -0.8375 -0.7033 -0.5874 -0.4867 -0.3993 -0.3237 -0.2584 -0.2015 -0.1507 -0.1038
 -0.0683
 -5.8127 -5.3433 -4.9330 -4.5824 -4.2886 -4.0427 -3.8318 -3.6463 -3.4723 -3.2961
 -3.1083 -2.9133 -2.7194 -2.5363 -2.3677 -1.9936 -1.6641 -1.3892 -1.1695 -0.9899
 -0.8376 -0.7072 -0.5959 -0.5005 -0.4186 -0.3486 -0.2891 -0.2381 -0.1938 -0.1552
 -0.1207
 -6.0795 -5.5341 -5.0544 -4.6372 -4.2791 -3.9758 -3.7190 -3.4976 -3.3014 -3.1214
 -2.9540 -2.7972 -2.6492 -2.5051 -2.3610 -2.0082 -1.6820 -1.4013 -1.1757 -0.9940
 -0.8430 -0.7151 -0.6068 -0.5155 -0.4383 -0.3733 -0.3192 -0.2737 -0.2351 -0.2021
 -0.1740
 -6.4590 -5.8350 -5.2807 -4.7966 -4.3775 -4.0190 -3.7150 -3.4569 -3.2354 -3.0412
 -2.8672 -2.7104 -2.5692 -2.4410 -2.3206 -2.0194 -1.7081 -1.4235 -1.1902 -1.0037
 -0.8514 -0.7243 -0.6179 -0.5294 -0.4559 -0.3953 -0.3460 -0.3059 -0.2728 -0.2452
 -0.2223
 -6.8777 -6.2074 -5.5958 -5.0454 -4.5674 -4.1536 -3.8010 -3.5024 -3.2494 -3.0331
 -2.8454 -2.6801 -2.5329 -2.4007 -2.2465 -2.0272 -1.7424 -1.4558 -1.2130
 [Fe/H] =  0.50 [alpha/Fe] = 0.00 BC value = BX   
 -7.8240 -7.9385 -7.8790 -7.6635 -7.3078 -6.8259 -6.2302 -5.5498 -4.8648 -4.2305
 -3.7512 -3.4064 -3.1441 -2.9280 -2.7404 -2.3429 -2.0171 -1.7317 -1.4701
 -7.2781 -7.1858 -7.0837 -6.9682 -6.8064 -6.5223 -6.0435 -5.3727 -4.7012 -4.0955
 -3.6309 -3.2930 -3.0347 -2.8227 -2.6378 -2.2469 -1.9240 -1.6429 -1.3900 -1.1609
 -6.7892 -6.6818 -6.5741 -6.4618 -6.3219 -6.1158 -5.7692 -5.2175 -4.5940 -4.0178
 -3.5608 -3.2206 -2.9612 -2.7495 -2.5657 -2.1764 -1.8550 -1.5799 -1.3385 -1.1221
 -0.9289
 -6.3672 -6.2424 -6.1242 -6.0075 -5.8797 -5.7140 -5.4594 -5.0412 -4.5019 -3.9661
 -3.5168 -3.1738 -2.9104 -2.6973 -2.5136 -2.1250 -1.8042 -1.5334 -1.2987 -1.0908
 -0.9053 -0.7398
 -6.0255 -5.8789 -5.7423 -5.6127 -5.4845 -5.3382 -5.1435 -4.8383 -4.4005 -3.9187
 -3.4869 -3.1431 -2.8753 -2.6595 -2.4754 -2.0874 -1.7660 -1.4978 -1.2687 -1.0675
 -0.8896 -0.7322 -0.5923 -0.4678
 -5.7926 -5.6053 -5.4395 -5.2877 -5.1438 -4.9990 -4.8342 -4.6066 -4.2724 -3.8617
 -3.4603 -3.1216 -2.8516 -2.6330 -2.4480 -2.0609 -1.7382 -1.4707 -1.2459 -1.0506
 -0.8787 -0.7279 -0.5951 -0.4773 -0.3729 -0.2799 -0.1947 -0.1171 -0.0548 -0.0125
 -5.6502 -5.3951 -5.2267 -5.0441 -4.8750 -4.7140 -4.5517 -4.3655 -4.1138 -3.7834
 -3.4271 -3.1041 -2.8355 -2.6156 -2.4301 -2.0446 -1.7206 -1.4515 -1.2291 -1.0387
 -0.8721 -0.7267 -0.5997 -0.4881 -0.3898 -0.3032 -0.2271 -0.1580 -0.0939 -0.0471
 -0.0167
 -5.6189 -5.2805 -5.0108 -4.8016 -4.6297 -4.4715 -4.3086 -4.1350 -3.9342 -3.6777
 -3.3781 -3.0829 -2.8235 -2.6056 -2.4202 -2.0377 -1.7134 -1.4411 -1.2184 -1.0313
 -0.8691 -0.7281 -0.6061 -0.5000 -0.4074 -0.3264 -0.2563 -0.1955 -0.1413 -0.0918
 -0.0564
 -5.7193 -5.2987 -4.9375 -4.6378 -4.3944 -4.1948 -4.0250 -3.8697 -3.7094 -3.5205
 -3.2919 -3.0436 -2.8064 -2.5965 -2.4142 -2.0367 -1.7140 -1.4376 -1.2119 -1.0259
 -0.8670 -0.7297 -0.6119 -0.5107 -0.4234 -0.3479 -0.2834 -0.2285 -0.1816 -0.1410
 -0.1050
 -5.9329 -5.4401 -5.0079 -4.6345 -4.3183 -4.0540 -3.8313 -3.6377 -3.4632 -3.2968
 -3.1250 -2.9442 -2.7606 -2.5821 -2.4137 -2.0465 -1.7278 -1.4479 -1.2167 -1.0285
 -0.8709 -0.7362 -0.6212 -0.5237 -0.4407 -0.3699 -0.3105 -0.2608 -0.2194 -0.1850
 -0.1563
 -6.2748 -5.6963 -5.1906 -4.7497 -4.3690 -4.0439 -3.7684 -3.5335 -3.3286 -3.1441
 -2.9727 -2.8115 -2.6601 -2.5182 -2.3829 -2.0588 -1.7496 -1.4684 -1.2308 -1.0376
 -0.8787 -0.7449 -0.6317 -0.5366 -0.4569 -0.3902 -0.3352 -0.2903 -0.2541 -0.2249
 -0.2016
 -6.7134 -6.0646 -5.4804 -4.9693 -4.5238 -4.1402 -3.8121 -3.5328 -3.2940 -3.0870
 -2.9034 -2.7378 -2.5876 -2.4523 -2.3218 -2.0736 -1.7794 -1.4991 -1.2542
 [Fe/H] =  0.75 [alpha/Fe] = 0.00 BC value = BX   
 -8.0131 -7.9555 -7.7871 -7.5197 -7.1635 -6.7273 -6.2193 -5.6463 -5.0179 -4.3823
 -3.8644 -3.4885 -3.2099 -2.9882 -2.7979 -2.3972 -2.0701 -1.7824 -1.5200
 -7.4786 -7.4051 -7.3285 -7.2290 -7.0254 -6.6766 -6.1599 -5.5060 -4.8700 -4.2552
 -3.7531 -3.3833 -3.1080 -2.8890 -2.7027 -2.3127 -1.9869 -1.7023 -1.4484 -1.2180
 -6.9855 -6.8971 -6.8122 -6.7165 -6.5849 -6.3730 -5.9940 -5.3971 -4.7751 -4.1838
 -3.6893 -3.3171 -3.0384 -2.8184 -2.6327 -2.2462 -1.9239 -1.6442 -1.3978 -1.1773
 -0.9774
 -6.5448 -6.4406 -6.3428 -6.2446 -6.1298 -5.9682 -5.7072 -5.2640 -4.6970 -4.1386
 -3.6524 -3.2758 -2.9903 -2.7666 -2.5799 -2.1947 -1.8744 -1.5996 -1.3594 -1.1464
 -0.9551 -0.7837
 -6.1672 -6.0444 -5.9302 -5.8216 -5.7115 -5.5772 -5.3862 -5.0733 -4.6090 -4.0970
 -3.6291 -3.2500 -2.9576 -2.7283 -2.5392 -2.1544 -1.8351 -1.5638 -1.3291 -1.1224
 -0.9381 -0.7741 -0.6283 -0.4986
 -5.8736 -5.7223 -5.5854 -5.4586 -5.3375 -5.2123 -5.0604 -4.8364 -4.4900 -4.0482
 -3.6080 -3.2333 -2.9359 -2.7009 -2.5087 -2.1236 -1.8045 -1.5347 -1.3047 -1.1036
 -0.9252 -0.7672 -0.6280 -0.5047 -0.3948 -0.2958 -0.2036 -0.1194 -0.0567 -0.0107
 -5.7055 -5.5033 -5.3260 -5.1699 -5.0276 -4.8920 -4.7512 -4.5779 -4.3267 -3.9750
 -3.5813 -3.2197 -2.9214 -2.6826 -2.4872 -2.1018 -1.7831 -1.5127 -1.2853 -1.0891
 -0.9159 -0.7632 -0.6295 -0.5122 -0.4085 -0.3164 -0.2345 -0.1588 -0.0905 -0.0422
 -0.0092
 -5.5884 -5.3278 -5.1163 -4.9449 -4.7903 -4.6353 -4.4831 -4.3253 -4.1320 -3.8672
 -3.5372 -3.2037 -2.9131 -2.6724 -2.4743 -2.0887 -1.7714 -1.4991 -1.2717 -1.0788
 -0.9102 -0.7619 -0.6329 -0.5207 -0.4225 -0.3362 -0.2606 -0.1943 -0.1347 -0.0817
 -0.0458
 -5.6349 -5.2623 -4.9551 -4.7095 -4.5193 -4.3667 -4.2293 -4.0855 -3.9215 -3.7187
 -3.4602 -3.1717 -2.8988 -2.6636 -2.4661 -2.0814 -1.7670 -1.4927 -1.2626 -1.0706
 -0.9055 -0.7610 -0.6360 -0.5283 -0.4352 -0.3542 -0.2842 -0.2240 -0.1727 -0.1283
 -0.0896
 -5.7976 -5.3532 -4.9659 -4.6370 -4.3659 -4.1454 -3.9629 -3.8061 -3.6619 -3.5105
 -3.3285 -3.1097 -2.8773 -2.6594 -2.4673 -2.0853 -1.7749 -1.4998 -1.2652 -1.0710
 -0.9072 -0.7656 -0.6435 -0.5391 -0.4500 -0.3735 -0.3083 -0.2532 -0.2074 -0.1696
 -0.1389
 -6.0778 -5.5577 -5.1008 -4.7032 -4.3618 -4.0741 -3.8332 -3.6286 -3.4489 -3.2845
 -3.1255 -2.9609 -2.7893 -2.6180 -2.4542 -2.0955 -1.7909 -1.5169 -1.2778 -1.0788
 -0.9135 -0.7731 -0.6528 -0.5507 -0.4645 -0.3917 -0.3308 -0.2802 -0.2391 -0.2067
 -0.1820
 -6.4884 -5.8826 -5.3479 -4.8813 -4.4753 -4.1259 -3.8278 -3.5744 -3.3568 -3.1656
 -2.9917 -2.8294 -2.6768 -2.5329 -2.4268 -2.1120 -1.8150 -1.5440 -1.3004
 [Fe/H] =  1.00 [alpha/Fe] = 0.00 BC value = BX   
 -8.1556 -8.0457 -7.8432 -7.5578 -7.1981 -6.7719 -6.2856 -5.7453 -5.1564 -4.5432
 -3.9975 -3.5893 -3.2911 -3.0597 -2.8664 -2.4640 -2.1306 -1.8391 -1.5739
 -7.6368 -7.9964 -8.0797 -7.9152 -7.5279 -6.9397 -6.2307 -5.6146 -5.0217 -4.4219
 -3.8931 -3.4917 -3.1956 -2.9666 -2.7766 -2.3872 -2.0571 -1.7676 -1.5101 -1.2769
 -7.1484 -7.3523 -7.0241 -6.9478 -6.8243 -6.6026 -6.1425 -5.5211 -4.9330 -4.3508
 -3.8345 -3.4308 -3.1294 -2.8977 -2.7077 -2.3229 -2.0000 -1.7155 -1.4634 -1.2382
 -1.0339
 -6.6998 -6.6176 -6.5427 -6.4648 -6.3625 -6.2015 -5.9253 -5.4412 -4.8663 -4.3067
 -3.8018 -3.3942 -3.0837 -2.8458 -2.6532 -2.2701 -1.9518 -1.6736 -1.4273 -1.2085
 -1.0121 -0.8342
 -6.3011 -6.2001 -6.1078 -6.0201 -5.9266 -5.8004 -5.6067 -5.2804 -4.7928 -4.2677
 -3.7798 -3.3716 -3.0534 -2.8071 -2.6101 -2.2260 -1.9108 -1.6377 -1.3976 -1.1850
 -0.9945 -0.8233 -0.6706 -0.5340
 -5.9674 -5.8435 -5.7304 -5.6259 -5.5248 -5.4148 -5.2701 -5.0443 -4.6846 -4.2227
 -3.7611 -3.3579 -3.0336 -2.7795 -2.5767 -2.1899 -1.8767 -1.6066 -1.3720 -1.1650
 -0.9803 -0.8149 -0.6682 -0.5386 -0.4234 -0.3172 -0.2172 -0.1304 -0.0636 -0.0124
 -5.7351 -5.5700 -5.4248 -5.2964 -5.1780 -5.0631 -4.9383 -4.7732 -4.5205 -4.1531
 -3.7356 -3.3467 -3.0204 -2.7609 -2.5525 -2.1619 -1.8504 -1.5814 -1.3503 -1.1485
 -0.9691 -0.8088 -0.6677 -0.5435 -0.4346 -0.3373 -0.2478 -0.1644 -0.0928 -0.0411
 -0.0042
 -5.5892 -5.3917 -5.2130 -5.0512 -4.9043 -4.7693 -4.6388 -4.4985 -4.3133 -4.0446
 -3.6941 -3.3316 -3.0124 -2.7501 -2.5370 -2.1424 -1.8329 -1.5642 -1.3336 -1.1355
 -0.9608 -0.8054 -0.6685 -0.5493 -0.4451 -0.3531 -0.2722 -0.1993 -0.1323 -0.0758
 -0.0378
 -5.5591 -5.2393 -4.9918 -4.8042 -4.6600 -4.5287 -4.3918 -4.2473 -4.0892 -3.8877
 -3.6170 -3.3018 -2.9997 -2.7405 -2.5264 -2.1287 -1.8221 -1.5534 -1.3215 -1.1243
 -0.9534 -0.8021 -0.6694 -0.5544 -0.4548 -0.3680 -0.2924 -0.2268 -0.1693 -0.1187
 -0.0767
 -5.6744 -5.2739 -4.9309 -4.6491 -4.4261 -4.2512 -4.1112 -3.9889 -3.8617 -3.7074
 -3.5065 -3.2546 -2.9861 -2.7389 -2.5267 -2.1267 -1.8229 -1.5558 -1.3211 -1.1221
 -0.9525 -0.8044 -0.6749 -0.5631 -0.4672 -0.3846 -0.3137 -0.2527 -0.2013 -0.1585
 -0.1235
 -5.8976 -5.4275 -5.0149 -4.6585 -4.3580 -4.1103 -3.9076 -3.7382 -3.5915 -3.4555
 -3.3127 -3.1408 -2.9357 -2.7224 -2.5246 -2.1325 -1.8318 -1.5675 -1.3307 -1.1277
 -0.9566 -0.8100 -0.6827 -0.5731 -0.4799 -0.4008 -0.3339 -0.2773 -0.2305 -0.1930
 -0.1640
 -6.2530 -5.6988 -5.2138 -4.7903 -4.4238 -4.1105 -3.8463 -3.6238 -3.4337 -3.2653
 -3.1101 -2.9602 -2.8060 -2.6461 -2.5201 -2.1461 -1.8488 -1.5885 -1.3503
