 [Fe/H] = -2.50 [alpha/Fe] = 0.00 BC value =  V   
 -2.5162 -1.9646 -1.6984 -1.7099 -1.9964 -2.3643 -2.6459 -2.4938 -2.3444 -2.1859
 -2.0181 -1.8815 -1.7015 -1.5232 -1.3586 -1.0020 -0.7019 -0.4839 -0.3179
 -3.3300 -2.9886 -2.7395 -2.5735 -2.4634 -2.3604 -2.2486 -2.1327 -2.0162 -1.8973
 -1.7652 -1.6155 -1.4566 -1.3029 -1.1607 -0.8541 -0.6141 -0.4361 -0.3091 -0.2158
 -3.1066 -2.7858 -2.5319 -2.3325 -2.1803 -2.0716 -1.9937 -1.9104 -1.8061 -1.6877
 -1.5691 -1.4456 -1.3094 -1.1726 -1.0459 -0.7801 -0.5742 -0.4205 -0.3088 -0.2250
 -0.1593
 -2.9303 -2.6416 -2.4040 -2.2063 -2.0417 -1.9060 -1.7954 -1.7067 -1.6283 -1.5368
 -1.4273 -1.3162 -1.2005 -1.0799 -0.9651 -0.7258 -0.5453 -0.4114 -0.3127 -0.2370
 -0.1763 -0.1257
 -2.7630 -2.5107 -2.2969 -2.1125 -1.9518 -1.8116 -1.6898 -1.5837 -1.4899 -1.4042
 -1.3166 -1.2202 -1.1201 -1.0140 -0.9099 -0.6886 -0.5242 -0.4048 -0.3175 -0.2496
 -0.1940 -0.1469 -0.1060 -0.0683
 -2.5982 -2.3798 -2.1920 -2.0258 -1.8765 -1.7416 -1.6196 -1.5095 -1.4098 -1.3174
 -1.2295 -1.1426 -1.0561 -0.9650 -0.8720 -0.6645 -0.5091 -0.3983 -0.3200 -0.2601
 -0.2104 -0.1677 -0.1300 -0.0961 -0.0642 -0.0361 -0.0138  0.0010  0.0071  0.0037
 -2.4446 -2.2505 -2.0856 -1.9381 -1.8029 -1.6779 -1.5617 -1.4540 -1.3543 -1.2616
 -1.1737 -1.0886 -1.0059 -0.9242 -0.8418 -0.6503 -0.4993 -0.3917 -0.3184 -0.2655
 -0.2228 -0.1857 -0.1525 -0.1222 -0.0940 -0.0660 -0.0409 -0.0220 -0.0121 -0.0125
 -0.0219
 -2.3050 -2.1297 -1.9807 -1.8483 -1.7271 -1.6134 -1.5055 -1.4037 -1.3081 -1.2176
 -1.1321 -1.0502 -0.9707 -0.8931 -0.8165 -0.6394 -0.4941 -0.3864 -0.3136 -0.2648
 -0.2285 -0.1981 -0.1709 -0.1455 -0.1214 -0.0982 -0.0744 -0.0531 -0.0381 -0.0324
 -0.0378
 -2.1831 -2.0221 -1.8811 -1.7582 -1.6476 -1.5440 -1.4453 -1.3509 -1.2611 -1.1754
 -1.0936 -1.0153 -0.9400 -0.8666 -0.7944 -0.6271 -0.4883 -0.3822 -0.3077 -0.2590
 -0.2266 -0.2027 -0.1823 -0.1633 -0.1448 -0.1262 -0.1079 -0.0919 -0.0783 -0.0671
 -0.0579
 -2.0789 -1.9277 -1.7958 -1.6760 -1.5702 -1.4741 -1.3835 -1.2966 -1.2133 -1.1335
 -1.0568 -0.9831 -0.9119 -0.8431 -0.7759 -0.6173 -0.4835 -0.3792 -0.3036 -0.2527
 -0.2205 -0.2001 -0.1859 -0.1739 -0.1621 -0.1496 -0.1366 -0.1232 -0.1149 -0.1024
 -0.0870
 -1.9924 -1.8465 -1.7248 -1.6056 -1.4989 -1.4047 -1.3191 -1.2387 -1.1616 -1.0877
 -1.0166 -0.9482 -0.8820 -0.8179 -0.7554 -0.6073 -0.4777 -0.3752 -0.2994 -0.2469
 -0.2132 -0.1931 -0.1821 -0.1758 -0.1710 -0.1656 -0.1592 -0.1515 -0.1428 -0.1340
 -0.1262
 -1.9236 -1.7785 -1.6681 -1.5474 -1.4375 -1.3409 -1.2555 -1.1781 -1.1059 -1.0375
 -0.9718 -0.9088 -0.8481 -0.7892 -0.7329 -0.5971 -0.4709 -0.3702 -0.2951
 [Fe/H] = -2.00 [alpha/Fe] = 0.00 BC value =  V   
 -3.9785 -3.4033 -2.9880 -2.7244 -2.6053 -2.5583 -2.5202 -2.3632 -2.2079 -2.0480
 -1.8803 -1.7201 -1.5475 -1.3848 -1.2368 -0.9220 -0.6644 -0.4661 -0.3132
 -3.7042 -3.2962 -3.0027 -2.7556 -2.5421 -2.3625 -2.2098 -2.0740 -1.9448 -1.8143
 -1.6763 -1.5275 -1.3737 -1.2273 -1.0940 -0.8163 -0.5984 -0.4292 -0.3039 -0.2091
 -3.3913 -2.9607 -2.6385 -2.4057 -2.2497 -2.1290 -2.0050 -1.8783 -1.7567 -1.6404
 -1.5236 -1.3993 -1.2639 -1.1288 -1.0047 -0.7511 -0.5594 -0.4125 -0.3023 -0.2187
 -0.1527
 -3.2226 -2.8090 -2.4888 -2.2427 -2.0551 -1.9138 -1.8135 -1.7341 -1.6404 -1.5290
 -1.4157 -1.3049 -1.1888 -1.0661 -0.9505 -0.7094 -0.5338 -0.4027 -0.3046 -0.2292
 -0.1684 -0.1178
 -3.1045 -2.7181 -2.4129 -2.1711 -1.9780 -1.8231 -1.6979 -1.5957 -1.5142 -1.4382
 -1.3450 -1.2410 -1.1348 -1.0249 -0.9156 -0.6847 -0.5176 -0.3965 -0.3080 -0.2402
 -0.1848 -0.1378 -0.0970 -0.0611
 -2.9995 -2.6449 -2.3597 -2.1288 -1.9387 -1.7802 -1.6468 -1.5330 -1.4336 -1.3455
 -1.2659 -1.1832 -1.0927 -0.9946 -0.8938 -0.6710 -0.5075 -0.3915 -0.3097 -0.2492
 -0.1998 -0.1574 -0.1200 -0.0865 -0.0562 -0.0292 -0.0067  0.0091  0.0137  0.0095
 -2.8993 -2.5749 -2.3111 -2.0933 -1.9100 -1.7533 -1.6176 -1.4990 -1.3937 -1.2979
 -1.2089 -1.1253 -1.0455 -0.9627 -0.8744 -0.6637 -0.5013 -0.3868 -0.3083 -0.2536
 -0.2109 -0.1742 -0.1415 -0.1116 -0.0839 -0.0583 -0.0357 -0.0170 -0.0051 -0.0059
 -0.0155
 -2.8071 -2.5085 -2.2636 -2.0583 -1.8827 -1.7299 -1.5952 -1.4751 -1.3674 -1.2692
 -1.1776 -1.0910 -1.0091 -0.9299 -0.8511 -0.6585 -0.4983 -0.3825 -0.3042 -0.2526
 -0.2159 -0.1859 -0.1589 -0.1341 -0.1105 -0.0879 -0.0670 -0.0482 -0.0326 -0.0255
 -0.0314
 -2.7263 -2.4476 -2.2160 -2.0208 -1.8525 -1.7042 -1.5716 -1.4521 -1.3439 -1.2449
 -1.1534 -1.0671 -0.9849 -0.9059 -0.8292 -0.6491 -0.4955 -0.3787 -0.2985 -0.2468
 -0.2137 -0.1899 -0.1698 -0.1512 -0.1331 -0.1151 -0.0976 -0.0809 -0.0661 -0.0550
 -0.0512
 -2.6691 -2.4051 -2.1808 -1.9902 -1.8256 -1.6803 -1.5496 -1.4310 -1.3229 -1.2241
 -1.1330 -1.0481 -0.9676 -0.8904 -0.8157 -0.6417 -0.4935 -0.3775 -0.2947 -0.2405
 -0.2075 -0.1871 -0.1731 -0.1614 -0.1500 -0.1381 -0.1258 -0.1131 -0.1008 -0.0899
 -0.0798
 -2.6324 -2.3799 -2.1586 -1.9684 -1.8034 -1.6584 -1.5282 -1.4098 -1.3018 -1.2028
 -1.1120 -1.0281 -0.9497 -0.8751 -0.8033 -0.6354 -0.4907 -0.3761 -0.2917 -0.2348
 -0.1998 -0.1798 -0.1692 -0.1633 -0.1587 -0.1538 -0.1479 -0.1409 -0.1332 -0.1253
 -0.1184
 -2.6116 -2.3692 -2.1526 -1.9599 -1.7909 -1.6425 -1.5102 -1.3906 -1.2816 -1.1818
 -1.0904 -1.0068 -0.9280 -0.8554 -0.7920 -0.6302 -0.4871 -0.3745 -0.2895
 [Fe/H] = -1.50 [alpha/Fe] = 0.00 BC value =  V   
 -5.1742 -4.6158 -4.1351 -3.7223 -3.3661 -3.0487 -2.7532 -2.4720 -2.2192 -1.9960
 -1.7939 -1.6069 -1.4335 -1.2784 -1.1402 -0.8538 -0.6275 -0.4466 -0.3043
 -4.7245 -4.1749 -3.6985 -3.2956 -2.9579 -2.6718 -2.4208 -2.1919 -1.9868 -1.8031
 -1.6327 -1.4690 -1.3114 -1.1663 -1.0364 -0.7730 -0.5736 -0.4166 -0.2947 -0.2016
 -4.1703 -3.6753 -3.2936 -2.9664 -2.6732 -2.4178 -2.1956 -1.9986 -1.8231 -1.6657
 -1.5199 -1.3779 -1.2356 -1.0990 -0.9745 -0.7235 -0.5397 -0.3994 -0.2914 -0.2080
 -0.1420
 -3.8567 -3.3239 -2.9110 -2.5982 -2.3674 -2.1941 -2.0314 -1.8674 -1.7108 -1.5677
 -1.4368 -1.3127 -1.1874 -1.0606 -0.9411 -0.6963 -0.5204 -0.3902 -0.2920 -0.2165
 -0.1559 -0.1054
 -3.7061 -3.1671 -2.7449 -2.4192 -2.1674 -1.9762 -1.8337 -1.7226 -1.6219 -1.5058
 -1.3829 -1.2652 -1.1523 -1.0379 -0.9244 -0.6838 -0.5106 -0.3859 -0.2942 -0.2252
 -0.1701 -0.1236 -0.0832 -0.0480
 -3.6281 -3.0960 -2.6750 -2.3474 -2.0922 -1.8914 -1.7315 -1.6021 -1.4980 -1.4149
 -1.3316 -1.2334 -1.1277 -1.0214 -0.9157 -0.6799 -0.5064 -0.3837 -0.2961 -0.2324
 -0.1829 -0.1411 -0.1044 -0.0717 -0.0424 -0.0157  0.0057  0.0191  0.0232  0.0198
 -3.5727 -3.0592 -2.6464 -2.3216 -2.0656 -1.8608 -1.6947 -1.5572 -1.4412 -1.3409
 -1.2543 -1.1770 -1.0960 -1.0053 -0.9085 -0.6807 -0.5056 -0.3821 -0.2962 -0.2362
 -0.1923 -0.1561 -0.1242 -0.0952 -0.0685 -0.0442 -0.0230 -0.0057  0.0050  0.0040
 -0.0056
 -3.5189 -3.0324 -2.6343 -2.3155 -2.0608 -1.8543 -1.6843 -1.5413 -1.4188 -1.3118
 -1.2154 -1.1277 -1.0485 -0.9724 -0.8918 -0.6824 -0.5070 -0.3809 -0.2943 -0.2360
 -0.1964 -0.1663 -0.1401 -0.1162 -0.0936 -0.0723 -0.0529 -0.0356 -0.0214 -0.0153
 -0.0216
 -3.4594 -3.0053 -2.6262 -2.3159 -2.0635 -1.8564 -1.6836 -1.5366 -1.4094 -1.2975
 -1.1970 -1.1047 -1.0190 -0.9396 -0.8641 -0.6773 -0.5079 -0.3790 -0.2903 -0.2317
 -0.1945 -0.1696 -0.1499 -0.1322 -0.1151 -0.0983 -0.0822 -0.0669 -0.0536 -0.0449
 -0.0411
 -3.4099 -2.9927 -2.6331 -2.3308 -2.0793 -1.8697 -1.6930 -1.5417 -1.4101 -1.2941
 -1.1900 -1.0953 -1.0074 -0.9249 -0.8473 -0.6694 -0.5098 -0.3802 -0.2878 -0.2267
 -0.1890 -0.1669 -0.1527 -0.1416 -0.1310 -0.1201 -0.1091 -0.0978 -0.0870 -0.0776
 -0.0689
 -3.3723 -2.9881 -2.6494 -2.3565 -2.1061 -1.8927 -1.7101 -1.5527 -1.4157 -1.2951
 -1.1875 -1.0904 -1.0012 -0.9179 -0.8395 -0.6622 -0.5091 -0.3820 -0.2866 -0.2220
 -0.1820 -0.1598 -0.1487 -0.1431 -0.1392 -0.1351 -0.1304 -0.1247 -0.1182 -0.1118
 -0.1063
 -3.3514 -2.9936 -2.6747 -2.3918 -2.1441 -1.9273 -1.7381 -1.5727 -1.4280 -1.3008
 -1.1883 -1.0877 -0.9932 -0.9094 -0.8407 -0.6557 -0.5058 -0.3844 -0.2867
 [Fe/H] = -1.00 [alpha/Fe] = 0.00 BC value =  V   
 -6.1032 -5.6022 -5.1398 -4.7037 -4.2788 -3.8354 -3.3449 -2.8202 -2.3783 -2.0299
 -1.7589 -1.5418 -1.3595 -1.2040 -1.0688 -0.7975 -0.5911 -0.4255 -0.2911
 -5.7310 -5.1758 -4.6714 -4.2134 -3.7920 -3.3869 -2.9627 -2.5419 -2.1795 -1.8827
 -1.6419 -1.4427 -1.2727 -1.1245 -0.9943 -0.7348 -0.5447 -0.3977 -0.2802 -0.1875
 -5.4095 -4.8515 -4.3350 -3.8670 -3.4479 -3.0699 -2.7075 -2.3560 -2.0468 -1.7864
 -1.5691 -1.3852 -1.2245 -1.0818 -0.9549 -0.7006 -0.5183 -0.3818 -0.2751 -0.1913
 -0.1249
 -4.8842 -4.3780 -3.9503 -3.5567 -3.1822 -2.8346 -2.5153 -2.2162 -1.9476 -1.7158
 -1.5186 -1.3490 -1.1984 -1.0618 -0.9379 -0.6856 -0.5053 -0.3741 -0.2744 -0.1971
 -0.1361 -0.0859
 -4.5337 -3.9713 -3.5025 -3.1183 -2.8107 -2.5629 -2.3296 -2.0922 -1.8643 -1.6589
 -1.4789 -1.3220 -1.1822 -1.0532 -0.9333 -0.6825 -0.5010 -0.3716 -0.2759 -0.2034
 -0.1473 -0.1012 -0.0618 -0.0278
 -4.3835 -3.7618 -3.2531 -2.8480 -2.5255 -2.2676 -2.0600 -1.8905 -1.7442 -1.5965
 -1.4451 -1.3007 -1.1691 -1.0484 -0.9342 -0.6864 -0.5021 -0.3717 -0.2780 -0.2090
 -0.1571 -0.1157 -0.0801 -0.0488 -0.0211  0.0026  0.0219  0.0338  0.0367  0.0333
 -4.3445 -3.6975 -3.1614 -2.7335 -2.3971 -2.1306 -1.9155 -1.7384 -1.5913 -1.4717
 -1.3709 -1.2684 -1.1570 -1.0441 -0.9359 -0.6937 -0.5067 -0.3734 -0.2797 -0.2128
 -0.1645 -0.1277 -0.0968 -0.0694 -0.0445 -0.0223 -0.0032  0.0115  0.0198  0.0180
  0.0087
 -4.3434 -3.6951 -3.1456 -2.7010 -2.3500 -2.0741 -1.8538 -1.6741 -1.5239 -1.3967
 -1.2879 -1.1959 -1.1134 -1.0268 -0.9335 -0.7022 -0.5136 -0.3761 -0.2805 -0.2142
 -0.1684 -0.1358 -0.1102 -0.0877 -0.0671 -0.0479 -0.0307 -0.0160 -0.0050 -0.0003
 -0.0070
 -4.3299 -3.7026 -3.1574 -2.7071 -2.3464 -2.0614 -1.8340 -1.6491 -1.4954 -1.3649
 -1.2515 -1.1514 -1.0627 -0.9836 -0.9075 -0.7059 -0.5199 -0.3785 -0.2796 -0.2124
 -0.1677 -0.1385 -0.1181 -0.1015 -0.0862 -0.0715 -0.0577 -0.0450 -0.0343 -0.0279
 -0.0260
 -4.3067 -3.7189 -3.1907 -2.7452 -2.3791 -2.0836 -1.8473 -1.6548 -1.4949 -1.3591
 -1.2412 -1.1370 -1.0432 -0.9579 -0.8800 -0.7008 -0.5279 -0.3842 -0.2805 -0.2103
 -0.1648 -0.1370 -0.1206 -0.1097 -0.1005 -0.0915 -0.0827 -0.0737 -0.0654 -0.0587
 -0.0549
 -4.2703 -3.7281 -3.2314 -2.7992 -2.4326 -2.1303 -1.8835 -1.6808 -1.5123 -1.3693
 -1.2455 -1.1364 -1.0387 -0.9499 -0.8682 -0.6897 -0.5309 -0.3908 -0.2829 -0.2084
 -0.1603 -0.1319 -0.1175 -0.1111 -0.1079 -0.1053 -0.1024 -0.0988 -0.0947 -0.0907
 -0.0878
 -4.2327 -3.7350 -3.2761 -2.8650 -2.5065 -2.2001 -1.9423 -1.7267 -1.5460 -1.3930
 -1.2613 -1.1461 -1.0436 -0.9513 -0.8721 -0.6726 -0.5289 -0.3983 -0.2868
 [Fe/H] = -0.75 [alpha/Fe] = 0.00 BC value =  V   
 -6.4677 -6.0106 -5.5887 -5.1882 -4.7922 -4.3399 -3.7703 -3.0967 -2.5224 -2.0862
 -1.7665 -1.5273 -1.3375 -1.1788 -1.0425 -0.7738 -0.5731 -0.4143 -0.2829
 -6.1077 -5.5964 -5.1302 -4.7007 -4.2924 -3.8678 -3.3623 -2.8183 -2.3418 -1.9626
 -1.6710 -1.4459 -1.2649 -1.1126 -0.9807 -0.7201 -0.5315 -0.3868 -0.2721 -0.1795
 -5.8522 -5.3054 -4.8032 -4.3432 -3.9219 -3.5192 -3.0878 -2.6352 -2.2278 -1.8896
 -1.6191 -1.4039 -1.2285 -1.0799 -0.9504 -0.6926 -0.5088 -0.3730 -0.2667 -0.1822
 -0.1150
 -5.4778 -4.9892 -4.5164 -4.0657 -3.6435 -3.2524 -2.8764 -2.4944 -2.1415 -1.8385
 -1.5877 -1.3827 -1.2127 -1.0673 -0.9397 -0.6824 -0.4987 -0.3663 -0.2657 -0.1869
 -0.1248 -0.0743
 -5.1006 -4.5325 -4.0336 -3.6721 -3.3428 -3.0164 -2.6894 -2.3678 -2.0639 -1.7940
 -1.5635 -1.3699 -1.2065 -1.0652 -0.9399 -0.6832 -0.4968 -0.3646 -0.2670 -0.1924
 -0.1346 -0.0881 -0.0488 -0.0152
 -4.8123 -4.1456 -3.6503 -3.2491 -2.9203 -2.6452 -2.4101 -2.1885 -1.9631 -1.7411
 -1.5372 -1.3581 -1.2028 -1.0670 -0.9452 -0.6902 -0.5003 -0.3658 -0.2693 -0.1975
 -0.1432 -0.1008 -0.0653 -0.0345 -0.0077  0.0156  0.0335  0.0437  0.0457  0.0419
 -4.6713 -4.0236 -3.4781 -3.0345 -2.6788 -2.3897 -2.1483 -1.9416 -1.7663 -1.6178
 -1.4786 -1.3366 -1.1972 -1.0685 -0.9513 -0.7003 -0.5074 -0.3689 -0.2716 -0.2013
 -0.1499 -0.1113 -0.0802 -0.0533 -0.0293 -0.0082  0.0094  0.0229  0.0299  0.0273
  0.0181
 -4.6857 -4.0130 -3.4320 -2.9540 -2.5709 -2.2661 -2.0194 -1.8142 -1.6394 -1.4905
 -1.3663 -1.2625 -1.1644 -1.0610 -0.9548 -0.7114 -0.5169 -0.3738 -0.2736 -0.2033
 -0.1538 -0.1185 -0.0920 -0.0699 -0.0501 -0.0321 -0.0162 -0.0030  0.0066  0.0098
  0.0027
 -4.7091 -4.0378 -3.4442 -2.9439 -2.5388 -2.2170 -1.9606 -1.7523 -1.5788 -1.4314
 -1.3042 -1.1946 -1.1008 -1.0177 -0.9356 -0.7192 -0.5258 -0.3787 -0.2745 -0.2028
 -0.1540 -0.1213 -0.0991 -0.0823 -0.0677 -0.0541 -0.0416 -0.0304 -0.0212 -0.0155
 -0.0158
 -4.7172 -4.0781 -3.4897 -2.9828 -2.5627 -2.2245 -1.9556 -1.7383 -1.5602 -1.4104
 -1.2818 -1.1694 -1.0700 -0.9818 -0.9028 -0.7183 -0.5371 -0.3870 -0.2778 -0.2026
 -0.1526 -0.1208 -0.1017 -0.0898 -0.0809 -0.0728 -0.0651 -0.0576 -0.0508 -0.0456
 -0.0433
 -4.7004 -4.1001 -3.5428 -3.0435 -2.6192 -2.2693 -1.9863 -1.7570 -1.5696 -1.4132
 -1.2798 -1.1637 -1.0609 -0.9688 -0.8853 -0.7061 -0.5429 -0.3964 -0.2825 -0.2027
 -0.1499 -0.1174 -0.0996 -0.0914 -0.0878 -0.0857 -0.0838 -0.0813 -0.0786 -0.0762
 -0.0749
 -4.6748 -4.1171 -3.5936 -3.1167 -2.6995 -2.3439 -2.0481 -1.8045 -1.6039 -1.4368
 -1.2951 -1.1726 -1.0649 -0.9690 -0.8831 -0.6826 -0.5432 -0.4069 -0.2886
 [Fe/H] = -0.50 [alpha/Fe] = 0.00 BC value =  V   
 -6.7341 -6.3175 -5.9369 -5.5831 -5.2502 -4.8341 -4.2248 -3.4212 -2.7053 -2.1704
 -1.7970 -1.5289 -1.3259 -1.1621 -1.0240 -0.7540 -0.5566 -0.4022 -0.2750
 -6.3821 -5.9155 -5.4953 -5.1144 -4.7539 -4.3555 -3.8095 -3.1508 -2.5469 -2.0707
 -1.7199 -1.4629 -1.2662 -1.1072 -0.9723 -0.7086 -0.5195 -0.3773 -0.2636 -0.1707
 -6.1521 -5.6420 -5.1786 -4.7601 -4.3757 -3.9902 -3.5219 -2.9731 -2.4547 -2.0227
 -1.6885 -1.4357 -1.2408 -1.0832 -0.9495 -0.6868 -0.5002 -0.3639 -0.2579 -0.1726
 -0.1043
 -5.9258 -5.4153 -4.9355 -4.4914 -4.0820 -3.6966 -3.2925 -2.8323 -2.3843 -1.9944
 -1.6779 -1.4298 -1.2351 -1.0777 -0.9444 -0.6808 -0.4926 -0.3581 -0.2566 -0.1763
 -0.1127 -0.0615
 -5.4435 -5.0002 -4.6030 -4.2181 -3.8350 -3.4577 -3.0891 -2.7020 -2.3163 -1.9677
 -1.6727 -1.4327 -1.2398 -1.0822 -0.9492 -0.6847 -0.4929 -0.3572 -0.2578 -0.1811
 -0.1212 -0.0735 -0.0341 -0.0008
 -5.0710 -4.5365 -4.0976 -3.7368 -3.4284 -3.1456 -2.8583 -2.5494 -2.2313 -1.9296
 -1.6623 -1.4356 -1.2474 -1.0913 -0.9588 -0.6944 -0.4987 -0.3595 -0.2602 -0.1858
 -0.1288 -0.0846 -0.0487 -0.0181  0.0080  0.0298  0.0462  0.0555  0.0566  0.0521
 -4.9313 -4.3238 -3.8106 -3.3896 -3.0451 -2.7542 -2.4984 -2.2653 -2.0460 -1.8336
 -1.6244 -1.4272 -1.2522 -1.1007 -0.9700 -0.7070 -0.5082 -0.3643 -0.2631 -0.1896
 -0.1350 -0.0938 -0.0617 -0.0349 -0.0117  0.0083  0.0248  0.0366  0.0419  0.0384
  0.0288
 -4.9329 -4.2777 -3.7078 -3.2322 -2.8458 -2.5308 -2.2666 -2.0359 -1.8299 -1.6509
 -1.4996 -1.3655 -1.2341 -1.1032 -0.9798 -0.7205 -0.5201 -0.3713 -0.2664 -0.1923
 -0.1390 -0.1005 -0.0721 -0.0497 -0.0305 -0.0135  0.0009  0.0126  0.0207  0.0220
  0.0141
 -4.9869 -4.3097 -3.7058 -3.1895 -2.7648 -2.4219 -2.1440 -1.9128 -1.7147 -1.5419
 -1.3926 -1.2669 -1.1614 -1.0661 -0.9701 -0.7316 -0.5315 -0.3787 -0.2692 -0.1931
 -0.1401 -0.1035 -0.0786 -0.0608 -0.0464 -0.0337 -0.0225 -0.0128 -0.0054 -0.0015
 -0.0035
 -5.0351 -4.3766 -3.7608 -3.2219 -2.7679 -2.3983 -2.1014 -1.8609 -1.6621 -1.4934
 -1.3477 -1.2212 -1.1119 -1.0176 -0.9345 -0.7369 -0.5455 -0.3897 -0.2749 -0.1947
 -0.1403 -0.1043 -0.0816 -0.0678 -0.0584 -0.0508 -0.0442 -0.0381 -0.0330 -0.0297
 -0.0293
 -5.0523 -4.4231 -3.8310 -3.2866 -2.8188 -2.4294 -2.1128 -1.8577 -1.6501 -1.4777
 -1.3313 -1.2045 -1.0935 -0.9955 -0.9086 -0.7252 -0.5553 -0.4017 -0.2823 -0.1971
 -0.1395 -0.1026 -0.0808 -0.0697 -0.0649 -0.0627 -0.0614 -0.0602 -0.0590 -0.0583
 -0.0589
 -5.0490 -4.4537 -3.8886 -3.3670 -2.8994 -2.5001 -2.1675 -1.8957 -1.6737 -1.4910
 -1.3377 -1.2066 -1.0923 -0.9914 -0.8924 -0.6965 -0.5609 -0.4147 -0.2914
 [Fe/H] = -0.25 [alpha/Fe] = 0.00 BC value =  V   
 -6.9091 -6.5310 -6.1926 -5.8894 -5.6294 -5.2707 -4.6590 -3.7716 -2.9337 -2.2990
 -1.8597 -1.5542 -1.3311 -1.1577 -1.0145 -0.7407 -0.5437 -0.3919 -0.2680
 -6.5636 -6.1390 -5.7651 -5.4377 -5.1373 -4.7947 -4.2582 -3.5217 -2.7976 -2.2181
 -1.7996 -1.5019 -1.2830 -1.1127 -0.9723 -0.7027 -0.5114 -0.3693 -0.2567 -0.1636
 -6.3442 -5.8743 -5.4557 -5.0885 -4.7614 -4.4272 -3.9682 -3.3545 -2.7276 -2.1939
 -1.7872 -1.4892 -1.2681 -1.0969 -0.9564 -0.6862 -0.4954 -0.3576 -0.2513 -0.1652
 -0.0953
 -6.1792 -5.6838 -5.2304 -4.8235 -4.4595 -4.1178 -3.7262 -3.2148 -2.6753 -2.1894
 -1.7974 -1.4986 -1.2732 -1.0986 -0.9566 -0.6840 -0.4904 -0.3529 -0.2502 -0.1687
 -0.1031 -0.0503
 -5.8754 -5.4361 -5.0101 -4.6042 -4.2215 -3.8607 -3.5027 -3.0794 -2.6177 -2.1829
 -1.8130 -1.5181 -1.2892 -1.1106 -0.9661 -0.6909 -0.4930 -0.3531 -0.2516 -0.1732
 -0.1109 -0.0614 -0.0209  0.0135
 -5.3781 -4.9299 -4.5636 -4.2463 -3.9404 -3.6227 -3.2879 -2.9314 -2.5430 -2.1616
 -1.8215 -1.5376 -1.3094 -1.1279 -0.9809 -0.7032 -0.5010 -0.3567 -0.2544 -0.1778
 -0.1182 -0.0715 -0.0341 -0.0030  0.0233  0.0448  0.0606  0.0688  0.0694  0.0643
 -5.1347 -4.5914 -4.1410 -3.7764 -3.4744 -3.2095 -2.9591 -2.6959 -2.4054 -2.1011
 -1.8085 -1.5481 -1.3278 -1.1468 -0.9980 -0.7179 -0.5129 -0.3633 -0.2582 -0.1820
 -0.1244 -0.0802 -0.0460 -0.0181  0.0054  0.0252  0.0411  0.0518  0.0558  0.0517
  0.0416
 -5.0887 -4.4797 -3.9540 -3.5168 -3.1597 -2.8620 -2.6013 -2.3591 -2.1267 -1.9100
 -1.7079 -1.5141 -1.3290 -1.1611 -1.0151 -0.7340 -0.5272 -0.3727 -0.2631 -0.1855
 -0.1289 -0.0869 -0.0556 -0.0314 -0.0116  0.0052  0.0190  0.0299  0.0364  0.0364
  0.0278
 -5.1425 -4.4962 -3.9169 -3.4203 -3.0084 -2.6705 -2.3892 -2.1447 -1.9225 -1.7196
 -1.5413 -1.3906 -1.2602 -1.1381 -1.0174 -0.7479 -0.5405 -0.3825 -0.2679 -0.1876
 -0.1308 -0.0905 -0.0619 -0.0415 -0.0259 -0.0131 -0.0025  0.0062  0.0124  0.0149
  0.0113
 -5.2327 -4.5783 -3.9715 -3.4341 -2.9764 -2.5989 -2.2903 -2.0345 -1.8163 -1.6244
 -1.4546 -1.3069 -1.1818 -1.0761 -0.9824 -0.7594 -0.5565 -0.3959 -0.2760 -0.1911
 -0.1325 -0.0924 -0.0656 -0.0483 -0.0369 -0.0287 -0.0223 -0.0171 -0.0132 -0.0114
 -0.0126
 -5.2923 -4.6591 -4.0555 -3.4997 -3.0143 -2.6044 -2.2678 -1.9936 -1.7674 -1.5771
 -1.4129 -1.2700 -1.1453 -1.0376 -0.9444 -0.7503 -0.5700 -0.4100 -0.2858 -0.1957
 -0.1336 -0.0924 -0.0662 -0.0510 -0.0432 -0.0396 -0.0381 -0.0374 -0.0373 -0.0380
 -0.0401
 -5.3219 -4.7153 -4.1325 -3.5873 -3.0916 -2.6631 -2.3035 -2.0081 -1.7668 -1.5679
 -1.4009 -1.2579 -1.1336 -1.0247 -0.9034 -0.7206 -0.5810 -0.4248 -0.2973
 [Fe/H] =  0.00 [alpha/Fe] = 0.00 BC value =  V   
 -7.0027 -6.6608 -6.3646 -6.1128 -5.8782 -5.5653 -4.9763 -4.0505 -3.1530 -2.4352
 -1.9353 -1.5917 -1.3464 -1.1593 -1.0102 -0.7297 -0.5311 -0.3800 -0.2577
 -6.6637 -6.2790 -5.9510 -5.6781 -5.4353 -5.1447 -4.6229 -3.8425 -3.0386 -2.3717
 -1.8894 -1.5506 -1.3069 -1.1225 -0.9745 -0.6972 -0.5023 -0.3586 -0.2460 -0.1526
 -6.4494 -6.0180 -5.6442 -5.3295 -5.0613 -4.7829 -4.3496 -3.7013 -2.9944 -2.3703
 -1.8946 -1.5509 -1.3014 -1.1134 -0.9638 -0.6841 -0.4883 -0.3476 -0.2402 -0.1531
 -0.0817
 -6.3101 -5.8424 -5.4241 -5.0613 -4.7516 -4.4668 -4.1088 -3.5769 -2.9660 -2.3911
 -1.9252 -1.5753 -1.3167 -1.1219 -0.9685 -0.6845 -0.4847 -0.3433 -0.2385 -0.1554
 -0.0879 -0.0335
 -6.0652 -5.6788 -5.2487 -4.8574 -4.5087 -4.1941 -3.8750 -3.4443 -2.9255 -2.4087
 -1.9627 -1.6112 -1.3444 -1.1417 -0.9829 -0.6934 -0.4887 -0.3438 -0.2394 -0.1589
 -0.0945 -0.0429 -0.0015  0.0323
 -5.6971 -5.3179 -4.9686 -4.6291 -4.2961 -3.9697 -3.6494 -3.2925 -2.8601 -2.4070
 -1.9928 -1.6488 -1.3777 -1.1679 -1.0033 -0.7074 -0.4983 -0.3483 -0.2421 -0.1628
 -0.1007 -0.0516 -0.0128  0.0186  0.0444  0.0651  0.0790  0.0849  0.0842  0.0776
 -5.3135 -4.8451 -4.4709 -4.1718 -3.9163 -3.6709 -3.4075 -3.1063 -2.7569 -2.3748
 -2.0044 -1.6788 -1.4107 -1.1970 -1.0271 -0.7245 -0.5120 -0.3563 -0.2463 -0.1668
 -0.1062 -0.0593 -0.0230  0.0057  0.0290  0.0482  0.0625  0.0709  0.0725  0.0669
  0.0554
 -5.1865 -4.6348 -4.1703 -3.7936 -3.4903 -3.2349 -3.0031 -2.7727 -2.5202 -2.2451
 -1.9600 -1.6835 -1.4348 -1.2247 -1.0525 -0.7432 -0.5280 -0.3674 -0.2523 -0.1707
 -0.1107 -0.0655 -0.0315 -0.0057  0.0144  0.0306  0.0431  0.0518  0.0561  0.0535
  0.0433
 -5.2114 -4.6061 -4.0728 -3.6213 -3.2499 -2.9447 -2.6843 -2.4467 -2.2144 -1.9864
 -1.7730 -1.5785 -1.3976 -1.2269 -1.0696 -0.7607 -0.5435 -0.3795 -0.2590 -0.1739
 -0.1133 -0.0692 -0.0373 -0.0144  0.0022  0.0148  0.0244  0.0312  0.0350  0.0350
  0.0286
 -5.3188 -4.6855 -4.1085 -3.5998 -3.1679 -2.8096 -2.5123 -2.2583 -2.0302 -1.8170
 -1.6195 -1.4443 -1.2944 -1.1653 -1.0484 -0.7796 -0.5621 -0.3955 -0.2698 -0.1795
 -0.1163 -0.0721 -0.0415 -0.0209 -0.0076  0.0012  0.0070  0.0107  0.0124  0.0114
  0.0078
 -5.4197 -4.7954 -4.1999 -3.6592 -3.1835 -2.7796 -2.4439 -2.1650 -1.9288 -1.7224
 -1.5375 -1.3722 -1.2277 -1.1040 -0.9984 -0.7784 -0.5798 -0.4124 -0.2826 -0.1867
 -0.1195 -0.0737 -0.0433 -0.0244 -0.0137 -0.0086 -0.0071 -0.0074 -0.0091 -0.0121
 -0.0169
 -5.4860 -4.8842 -4.3017 -3.7532 -3.2554 -2.8201 -2.4517 -2.1456 -1.8917 -1.6789
 -1.4968 -1.3378 -1.1982 -1.0763 -0.9196 -0.7571 -0.5966 -0.4302 -0.2974
 [Fe/H] =  0.25 [alpha/Fe] = 0.00 BC value =  V   
 -7.0381 -6.7347 -6.4844 -6.2432 -5.9499 -5.5505 -5.0016 -4.2685 -3.3893 -2.6130
 -2.0482 -1.6583 -1.3831 -1.1796 -1.0180 -0.7263 -0.5235 -0.3721 -0.2510
 -6.7073 -6.3643 -6.0848 -5.8669 -5.6808 -5.4311 -4.9346 -4.1253 -3.2944 -2.5618
 -2.0130 -1.6265 -1.3518 -1.1482 -0.9890 -0.6993 -0.4989 -0.3522 -0.2385 -0.1448
 -6.4950 -6.1037 -5.7768 -5.5170 -5.3073 -5.0824 -4.6860 -4.0206 -3.2683 -2.5762
 -2.0335 -1.6388 -1.3553 -1.1456 -0.9829 -0.6893 -0.4869 -0.3421 -0.2328 -0.1443
 -0.0705
 -6.3647 -5.9301 -5.5519 -5.2381 -4.9858 -4.7583 -4.4452 -3.9148 -3.2618 -2.6163
 -2.0818 -1.6772 -1.3810 -1.1613 -0.9923 -0.6919 -0.4848 -0.3384 -0.2309 -0.1460
 -0.0765 -0.0198
 -6.2573 -5.8027 -5.3913 -5.0310 -4.7291 -4.4692 -4.1997 -3.7880 -3.2387 -2.6561
 -2.1388 -1.7293 -1.4207 -1.1895 -1.0123 -0.7027 -0.4902 -0.3396 -0.2317 -0.1490
 -0.0823 -0.0283  0.0150  0.0498
 -5.9966 -5.5968 -5.2132 -4.8542 -4.5255 -4.2299 -3.9570 -3.6284 -3.1822 -2.6734
 -2.1890 -1.7850 -1.4676 -1.2256 -1.0394 -0.7189 -0.5013 -0.3451 -0.2346 -0.1526
 -0.0880 -0.0363  0.0048  0.0376  0.0640  0.0844  0.0978  0.1024  0.1007  0.0928
 -5.5018 -5.1224 -4.8059 -4.5372 -4.2766 -4.0113 -3.7366 -3.4436 -3.0840 -2.6556
 -2.2202 -1.8330 -1.5154 -1.2658 -1.0712 -0.7385 -0.5165 -0.3545 -0.2395 -0.1565
 -0.0932 -0.0435 -0.0045  0.0261  0.0504  0.0695  0.0833  0.0910  0.0909  0.0842
  0.0714
 -5.2611 -4.7726 -4.3770 -4.0685 -3.8244 -3.6168 -3.4174 -3.1949 -2.9182 -2.5832
 -2.2167 -1.8637 -1.5570 -1.3057 -1.1052 -0.7605 -0.5342 -0.3674 -0.2468 -0.1610
 -0.0978 -0.0495 -0.0124  0.0158  0.0376  0.0545  0.0669  0.0747  0.0774  0.0728
  0.0613
 -5.2260 -4.6697 -4.1906 -3.7973 -3.4821 -3.2273 -3.0084 -2.8028 -2.5869 -2.3451
 -2.0851 -1.8207 -1.5647 -1.3329 -1.1350 -0.7819 -0.5516 -0.3814 -0.2552 -0.1653
 -0.1009 -0.0533 -0.0180  0.0079  0.0270  0.0409  0.0508  0.0570  0.0594  0.0573
  0.0486
 -5.3184 -4.7213 -4.1834 -3.7192 -3.3319 -3.0139 -2.7500 -2.5194 -2.3014 -2.0814
 -1.8640 -1.6579 -1.4703 -1.2990 -1.1407 -0.8071 -0.5724 -0.3995 -0.2683 -0.1727
 -0.1051 -0.0570 -0.0226  0.0016  0.0181  0.0289  0.0355  0.0390  0.0396  0.0371
  0.0308
 -5.4474 -4.8398 -4.2698 -3.7577 -3.3128 -2.9370 -2.6237 -2.3600 -2.1296 -1.9178
 -1.7162 -1.5276 -1.3587 -1.2122 -1.0852 -0.8177 -0.5933 -0.4184 -0.2835 -0.1823
 -0.1102 -0.0600 -0.0255 -0.0024  0.0120  0.0200  0.0231  0.0231  0.0207  0.0162
  0.0092
 -5.5559 -4.9600 -4.3896 -3.8520 -3.3725 -2.9526 -2.5958 -2.2966 -2.0438 -1.8260
 -1.6320 -1.4561 -1.2975 -1.1576 -0.9685 -0.8137 -0.6143 -0.4381 -0.3008
 [Fe/H] =  0.50 [alpha/Fe] = 0.00 BC value =  V   
 -7.0170 -7.2149 -7.1873 -6.9576 -6.5463 -5.9713 -5.2486 -4.4232 -3.6074 -2.8132
 -2.1893 -1.7499 -1.4414 -1.2150 -1.0412 -0.7311 -0.5224 -0.3678 -0.2466
 -6.6993 -6.4052 -6.1776 -6.0153 -5.8983 -5.6658 -5.1517 -4.3331 -3.5245 -2.7659
 -2.1611 -1.7263 -1.4165 -1.1896 -1.0157 -0.7086 -0.5007 -0.3493 -0.2297 -0.1332
 -6.4902 -6.1400 -5.8675 -5.6641 -5.5099 -5.3318 -4.9619 -4.2814 -3.5151 -2.7899
 -2.1935 -1.7491 -1.4284 -1.1930 -1.0137 -0.7011 -0.4903 -0.3401 -0.2277 -0.1375
 -0.0618
 -6.3628 -5.9666 -5.6335 -5.3724 -5.1769 -5.0018 -4.7263 -4.2044 -3.5255 -2.8437
 -2.2540 -1.8000 -1.4642 -1.2160 -1.0280 -0.7052 -0.4894 -0.3369 -0.2258 -0.1386
 -0.0668 -0.0076
 -6.2820 -5.8514 -5.4708 -5.1514 -4.9024 -4.6965 -4.4723 -4.0877 -3.5222 -2.8979
 -2.3266 -1.8662 -1.5155 -1.2529 -1.0539 -0.7179 -0.4958 -0.3387 -0.2265 -0.1410
 -0.0718 -0.0152  0.0305  0.0669
 -6.1483 -5.7266 -5.3368 -4.9872 -4.6856 -4.4350 -4.2136 -3.9200 -3.4772 -2.9332
 -2.3958 -1.9370 -1.5759 -1.2993 -1.0884 -0.7363 -0.5079 -0.3449 -0.2294 -0.1442
 -0.0770 -0.0225  0.0212  0.0559  0.0833  0.1041  0.1171  0.1215  0.1186  0.1093
 -5.7469 -5.3493 -5.0852 -4.7844 -4.4964 -4.2261 -3.9765 -3.7219 -3.3790 -2.9299
 -2.4455 -2.0032 -1.6378 -1.3509 -1.1289 -0.7591 -0.5243 -0.3554 -0.2348 -0.1481
 -0.0819 -0.0293  0.0126  0.0454  0.0712  0.0912  0.1051  0.1122  0.1108  0.1031
  0.0888
 -5.3408 -4.9241 -4.6009 -4.3520 -4.1450 -3.9495 -3.7426 -3.5110 -3.2317 -2.8744
 -2.4596 -2.0511 -1.6940 -1.4033 -1.1725 -0.7851 -0.5436 -0.3698 -0.2432 -0.1529
 -0.0865 -0.0351  0.0050  0.0360  0.0599  0.0781  0.0911  0.0987  0.1002  0.0939
  0.0813
 -5.2192 -4.7165 -4.2983 -3.9672 -3.7118 -3.5099 -3.3381 -3.1715 -2.9758 -2.7181
 -2.4012 -2.0567 -1.7289 -1.4453 -1.2122 -0.8111 -0.5627 -0.3853 -0.2531 -0.1581
 -0.0899 -0.0389 -0.0003  0.0288  0.0505  0.0664  0.0773  0.0837  0.0854  0.0816
  0.0707
 -5.2710 -4.7139 -4.2230 -3.8105 -3.4756 -3.2084 -2.9902 -2.7994 -2.6144 -2.4138
 -2.1866 -1.9422 -1.6958 -1.4605 -1.2468 -0.8424 -0.5860 -0.4050 -0.2682 -0.1671
 -0.0951 -0.0432 -0.0051  0.0226  0.0423  0.0558  0.0642  0.0684  0.0686  0.0648
  0.0565
 -5.4054 -4.8194 -4.2829 -3.8086 -3.4053 -3.0705 -2.7951 -2.5634 -2.3570 -2.1578
 -1.9546 -1.7508 -1.5553 -1.3755 -1.2121 -0.8676 -0.6103 -0.4259 -0.2857 -0.1791
 -0.1020 -0.0474 -0.0089  0.0181  0.0362  0.0475  0.0532  0.0546  0.0523  0.0470
  0.0382
 -5.5409 -4.9597 -4.4034 -3.8949 -3.4420 -3.0522 -2.7231 -2.4470 -2.2116 -2.0025
 -1.8072 -1.6201 -1.4433 -1.2827 -1.1081 -0.8867 -0.6356 -0.4480 -0.3056
 [Fe/H] =  0.75 [alpha/Fe] = 0.00 BC value =  V   
 -6.9407 -6.9553 -6.8272 -6.5713 -6.2007 -5.7269 -5.1601 -4.5092 -3.7823 -3.0178
 -2.3547 -1.8664 -1.5207 -1.2702 -1.0786 -0.7451 -0.5279 -0.3685 -0.2444
 -6.6404 -6.4011 -6.2369 -6.1329 -6.0269 -5.7792 -5.2568 -4.4642 -3.7146 -2.9734
 -2.3328 -1.8502 -1.5026 -1.2489 -1.0571 -0.7273 -0.5090 -0.3517 -0.2319 -0.1349
 -6.4357 -6.1082 -5.9238 -5.7796 -5.6779 -5.5402 -5.1837 -4.4701 -3.7190 -3.0003
 -2.3707 -1.8820 -1.5224 -1.2582 -1.0590 -0.7217 -0.5005 -0.3433 -0.2267 -0.1338
 -0.0563
 -6.3096 -5.9589 -5.6781 -5.4746 -5.3353 -5.2070 -4.9683 -4.4483 -3.7483 -3.0603
 -2.4394 -1.9430 -1.5674 -1.2884 -1.0780 -0.7270 -0.5002 -0.3405 -0.2246 -0.1345
 -0.0600  0.0019
 -6.2396 -5.8444 -5.5055 -5.2353 -5.0419 -4.8881 -4.7049 -4.3448 -3.7655 -3.1225
 -2.5221 -2.0202 -1.6297 -1.3339 -1.1101 -0.7411 -0.5070 -0.3425 -0.2251 -0.1363
 -0.0643 -0.0048  0.0438  0.0824
 -6.1707 -5.7584 -5.3862 -5.0645 -4.8036 -4.6041 -4.4307 -4.1706 -3.7377 -3.1731
 -2.6018 -2.1033 -1.7019 -1.3906 -1.1526 -0.7620 -0.5196 -0.3491 -0.2281 -0.1390
 -0.0688 -0.0113  0.0353  0.0724  0.1014  0.1230  0.1360  0.1400  0.1373  0.1267
 -5.9297 -5.5710 -5.2315 -4.9126 -4.6252 -4.3779 -4.1714 -3.9574 -3.6390 -3.1832
 -2.6660 -2.1815 -1.7754 -1.4533 -1.2022 -0.7886 -0.5369 -0.3602 -0.2337 -0.1427
 -0.0732 -0.0175  0.0274  0.0629  0.0906  0.1117  0.1262  0.1332  0.1314  0.1229
  0.1073
 -5.4441 -5.1179 -4.8427 -4.6089 -4.3908 -4.1690 -3.9506 -3.7363 -3.4829 -3.1332
 -2.6936 -2.2438 -1.8464 -1.5174 -1.2556 -0.8196 -0.5578 -0.3755 -0.2428 -0.1477
 -0.0776 -0.0230  0.0203  0.0542  0.0805  0.1003  0.1143  0.1224  0.1234  0.1161
  0.1025
 -5.2106 -4.7698 -4.4192 -4.1492 -3.9471 -3.7864 -3.6391 -3.4799 -3.2802 -3.0097
 -2.6603 -2.2681 -1.8935 -1.5701 -1.3048 -0.8510 -0.5790 -0.3922 -0.2540 -0.1536
 -0.0812 -0.0268  0.0152  0.0475  0.0720  0.0902  0.1027  0.1099  0.1116  0.1069
  0.0945
 -5.1976 -4.6882 -4.2511 -3.8936 -3.6145 -3.3992 -3.2285 -3.0827 -2.9393 -2.7653
 -2.5280 -2.2325 -1.9147 -1.6152 -1.3550 -0.8886 -0.6052 -0.4134 -0.2705 -0.1640
 -0.0873 -0.0315  0.0102  0.0414  0.0643  0.0807  0.0913  0.0969  0.0977  0.0932
  0.0836
 -5.3086 -4.7594 -4.2626 -3.8330 -3.4763 -3.1881 -2.9571 -2.7662 -2.5965 -2.4294
 -2.2466 -2.0376 -1.8111 -1.5827 -1.3661 -0.9252 -0.6332 -0.4361 -0.2897 -0.1778
 -0.0956 -0.0367  0.0058  0.0366  0.0583  0.0729  0.0815  0.0851  0.0841  0.0786
  0.0684
 -5.4637 -4.8999 -4.3712 -3.8941 -3.4767 -3.1240 -2.8314 -2.5890 -2.3826 -2.1967
 -2.0162 -1.8313 -1.6455 -1.4635 -1.3381 -0.9608 -0.6630 -0.4603 -0.3116
 [Fe/H] =  1.00 [alpha/Fe] = 0.00 BC value =  V   
 -6.8238 -6.8311 -6.7095 -6.4724 -6.1318 -5.6978 -5.1799 -4.5860 -3.9246 -3.2164
 -2.5357 -2.0039 -1.6204 -1.3419 -1.1321 -0.7726 -0.5401 -0.3746 -0.2444
 -6.5364 -6.9053 -7.0112 -6.8811 -6.5387 -6.0051 -5.3118 -4.5593 -3.8700 -3.1732
 -2.5179 -1.9956 -1.6099 -1.3270 -1.1144 -0.7577 -0.5254 -0.3600 -0.2358 -0.1356
 -6.3314 -6.4191 -5.9504 -5.8691 -5.8161 -5.7137 -5.3205 -4.5910 -3.8829 -3.1958
 -2.5592 -2.0351 -1.6375 -1.3425 -1.1207 -0.7532 -0.5188 -0.3533 -0.2311 -0.1344
 -0.0544
 -6.2026 -5.9071 -5.6881 -5.5483 -5.4651 -5.3789 -5.1701 -4.6358 -3.9318 -3.2562
 -2.6322 -2.1044 -1.6911 -1.3799 -1.1448 -0.7595 -0.5190 -0.3509 -0.2291 -0.1346
 -0.0576  0.0074
 -6.1367 -5.7865 -5.4992 -5.2871 -5.1526 -5.0489 -4.9022 -4.5637 -3.9731 -3.3245
 -2.7161 -2.1877 -1.7628 -1.4340 -1.1835 -0.7751 -0.5256 -0.3527 -0.2293 -0.1364
 -0.0612  0.0016  0.0534  0.0947
 -6.0989 -5.7156 -5.3780 -5.0993 -4.8901 -4.7447 -4.6158 -4.3864 -3.9622 -3.3855
 -2.8020 -2.2786 -1.8442 -1.5002 -1.2339 -0.7988 -0.5384 -0.3592 -0.2319 -0.1385
 -0.0649 -0.0041  0.0457  0.0859  0.1173  0.1396  0.1528  0.1581  0.1554  0.1443
 -5.9848 -5.6131 -5.2724 -4.9639 -4.7014 -4.4935 -4.3350 -4.1599 -3.8648 -3.4069
 -2.8735 -2.3659 -1.9273 -1.5732 -1.2926 -0.8297 -0.5566 -0.3705 -0.2375 -0.1416
 -0.0686 -0.0095  0.0386  0.0773  0.1079  0.1306  0.1455  0.1525  0.1515  0.1428
  0.1263
 -5.5735 -5.2972 -5.0293 -4.7703 -4.5245 -4.2968 -4.0961 -3.9198 -3.6969 -3.3625
 -2.9121 -2.4359 -2.0067 -1.6470 -1.3554 -0.8666 -0.5792 -0.3865 -0.2470 -0.1466
 -0.0726 -0.0146  0.0321  0.0693  0.0982  0.1200  0.1355  0.1443  0.1455  0.1384
  0.1241
 -5.2080 -4.8377 -4.5568 -4.3439 -4.1752 -4.0193 -3.8572 -3.6854 -3.4913 -3.2357
 -2.8855 -2.4702 -2.0638 -1.7083 -1.4134 -0.9040 -0.6031 -0.4039 -0.2589 -0.1528
 -0.0761 -0.0181  0.0274  0.0632  0.0906  0.1112  0.1255  0.1342  0.1366  0.1318
  0.1189
 -5.1116 -4.6596 -4.2805 -3.9823 -3.7583 -3.5910 -3.4616 -3.3486 -3.2258 -3.0541
 -2.7972 -2.4646 -2.1041 -1.7661 -1.4733 -0.9484 -0.6327 -0.4265 -0.2764 -0.1642
 -0.0827 -0.0229  0.0224  0.0572  0.0834  0.1026  0.1156  0.1231  0.1252  0.1211
  0.1111
 -5.1785 -4.6743 -4.2254 -3.8462 -3.5396 -3.2996 -3.1136 -2.9650 -2.8370 -2.7105
 -2.5573 -2.3434 -2.0731 -1.7847 -1.5134 -0.9928 -0.6649 -0.4510 -0.2969 -0.1795
 -0.0921 -0.0288  0.0176  0.0522  0.0775  0.0954  0.1069  0.1130  0.1138  0.1094
  0.0996
 -5.3291 -4.7970 -4.3052 -3.8659 -3.4897 -3.1785 -2.9261 -2.7215 -2.5508 -2.3975
 -2.2471 -2.0844 -1.8978 -1.6919 -1.5337 -1.0372 -0.6997 -0.4774 -0.3204
