 [Fe/H] = -4.00 [alpha/Fe] = 0.40 BC value = F606W
  1.2235  3.0904  4.2033  3.0379 -0.1262 -4.4274 -3.4525 -1.6158 -0.4924 -0.3275
 -0.1644 -0.0724 -0.4498 -0.9316 -1.0827 -0.6556
 -1.7315 -0.8224 -0.0734 -0.3081 -1.4143 -3.2832 -2.8403 -1.9827 -1.3230 -1.0302
 -0.8042 -0.6840 -0.7920 -0.9606 -0.9831 -0.6175 -0.3821 -0.2397 -0.2294
 -2.8929 -2.5475 -2.1154 -1.9037 -1.9122 -2.3100 -2.1603 -1.8887 -1.5900 -1.3272
 -1.1273 -1.0063 -0.9579 -0.9321 -0.8695 -0.5713 -0.3648 -0.2348 -0.1751 -0.1279
 -0.0379
 -2.2607 -2.0849 -1.9227 -1.7489 -1.6200 -1.5077 -1.4125 -1.3337 -1.2935 -1.2187
 -1.1335 -1.0394 -0.9476 -0.8459 -0.7419 -0.5170 -0.3494 -0.2342 -0.1550 -0.1004
 -0.0595 -0.0275 -0.0006
 -1.9643 -1.8355 -1.7110 -1.5805 -1.4651 -1.3584 -1.2626 -1.1782 -1.1040 -1.0359
 -0.9668 -0.8924 -0.8163 -0.7378 -0.6572 -0.4732 -0.3348 -0.2380 -0.1691 -0.1186
 -0.0800 -0.0492 -0.0235 -0.0028  0.0126
 -1.6805 -1.5905 -1.4992 -1.4048 -1.3093 -1.2161 -1.1282 -1.0470 -0.9730 -0.9055
 -0.8428 -0.7816 -0.7183 -0.6558 -0.5902 -0.4381 -0.3208 -0.2383 -0.1790 -0.1340
 -0.0988 -0.0702 -0.0463 -0.0260 -0.0089  0.0040
 -1.4092 -1.3499 -1.2873 -1.2218 -1.1525 -1.0808 -1.0093 -0.9401 -0.8743 -0.8123
 -0.7543 -0.6996 -0.6467 -0.5949 -0.5409 -0.4117 -0.3074 -0.2351 -0.1847 -0.1466
 -0.1159 -0.0905 -0.0689 -0.0500 -0.0335 -0.0196 -0.0090 -0.0058 -0.0125 -0.0262
 -1.1504 -1.1137 -1.0753 -1.0354 -0.9921 -0.9447 -0.8940 -0.8420 -0.7897 -0.7379
 -0.6876 -0.6391 -0.5925 -0.5474 -0.5028 -0.3916 -0.2971 -0.2288 -0.1841 -0.1530
 -0.1285 -0.1078 -0.0898 -0.0737 -0.0591 -0.0459 -0.0339 -0.0264 -0.0273 -0.0383
 -0.0570
 -0.9166 -0.8951 -0.8744 -0.8543 -0.8322 -0.8070 -0.7779 -0.7448 -0.7086 -0.6703
 -0.6304 -0.5899 -0.5497 -0.5102 -0.4711 -0.3750 -0.2883 -0.2222 -0.1786 -0.1518
 -0.1337 -0.1193 -0.1064 -0.0946 -0.0834 -0.0727 -0.0632 -0.0543 -0.0497 -0.0537
 -0.0689
 -0.7058 -0.6985 -0.6923 -0.6871 -0.6808 -0.6727 -0.6615 -0.6463 -0.6266 -0.6025
 -0.5746 -0.5437 -0.5110 -0.4774 -0.4433 -0.3581 -0.2787 -0.2148 -0.1710 -0.1447
 -0.1307 -0.1226 -0.1164 -0.1104 -0.1041 -0.0974 -0.0907 -0.0847 -0.0801 -0.0800
 -0.0848
 -0.5185 -0.5248 -0.5304 -0.5354 -0.5405 -0.5444 -0.5464 -0.5456 -0.5409 -0.5310
 -0.5158 -0.4960 -0.4725 -0.4462 -0.4177 -0.3423 -0.2696 -0.2080 -0.1637 -0.1360
 -0.1223 -0.1179 -0.1178 -0.1185 -0.1186 -0.1175 -0.1155 -0.1130 -0.1106 -0.1094
 -0.1091
 -0.3641 -0.3740 -0.3858 -0.3992 -0.4128 -0.4251 -0.4365 -0.4459 -0.4524 -0.4541
 -0.4506 -0.4423 -0.4294 -0.4121 -0.3908 -0.3269 -0.2600 -0.2010 -0.1564 -0.1277
 -0.1125 -0.1084 -0.1116 -0.1181 -0.1249 -0.1304 -0.1344 -0.1371 -0.1388 -0.1402
 -0.1426
 -0.2426 -0.2462 -0.2585 -0.2785 -0.2977 -0.3148 -0.3334 -0.3500 -0.3641 -0.3742
 -0.3803 -0.3826 -0.3815 -0.3751 -0.3625 -0.3120 -0.2499 -0.1938 -0.1491
 [Fe/H] = -3.00 [alpha/Fe] = 0.40 BC value = F606W
 -2.5938 -2.2548 -2.0474 -1.9581 -1.9636 -2.2733 -2.0335 -1.8177 -1.6537 -1.5246
 -1.3508 -1.1760 -1.0994 -1.0714 -1.0018 -0.6699
 -2.5159 -2.1817 -1.9522 -1.8173 -1.7618 -1.8855 -1.7484 -1.6149 -1.4976 -1.3912
 -1.2665 -1.1400 -1.0485 -0.9748 -0.8845 -0.6017 -0.3874 -0.2396 -0.1396
 -2.4252 -2.1040 -1.8645 -1.6988 -1.5977 -1.5892 -1.5125 -1.4321 -1.3483 -1.2613
 -1.1714 -1.0788 -0.9837 -0.8862 -0.7865 -0.5447 -0.3620 -0.2337 -0.1453 -0.0834
 -0.0383
 -2.3217 -2.0217 -1.7843 -1.6026 -1.4714 -1.3844 -1.3258 -1.2693 -1.2058 -1.1350
 -1.0656 -0.9923 -0.9049 -0.8054 -0.7078 -0.4989 -0.3420 -0.2308 -0.1528 -0.0968
 -0.0550 -0.0226  0.0040
 -2.2054 -1.9348 -1.7116 -1.5287 -1.3828 -1.2711 -1.1883 -1.1265 -1.0701 -1.0122
 -0.9490 -0.8805 -0.8122 -0.7325 -0.6484 -0.4643 -0.3274 -0.2309 -0.1622 -0.1115
 -0.0728 -0.0420 -0.0171  0.0030  0.0179
 -2.0763 -1.8433 -1.6464 -1.4771 -1.3319 -1.2113 -1.1149 -1.0382 -0.9750 -0.9187
 -0.8612 -0.7986 -0.7374 -0.6729 -0.6018 -0.4385 -0.3154 -0.2306 -0.1710 -0.1260
 -0.0907 -0.0622 -0.0386 -0.0189 -0.0026  0.0099
 -1.9260 -1.7315 -1.5661 -1.4199 -1.2878 -1.1696 -1.0676 -0.9831 -0.9128 -0.8514
 -0.7937 -0.7364 -0.6780 -0.6240 -0.5634 -0.4185 -0.3048 -0.2274 -0.1759 -0.1377
 -0.1070 -0.0817 -0.0605 -0.0422 -0.0264 -0.0134 -0.0036 -0.0011 -0.0084 -0.0222
 -1.7618 -1.6012 -1.4656 -1.3455 -1.2336 -1.1278 -1.0292 -0.9420 -0.8675 -0.8034
 -0.7456 -0.6902 -0.6350 -0.5834 -0.5308 -0.4018 -0.2956 -0.2216 -0.1750 -0.1435
 -0.1190 -0.0984 -0.0808 -0.0653 -0.0514 -0.0392 -0.0293 -0.0223 -0.0229 -0.0344
 -0.0533
 -1.4832 -1.4278 -1.3504 -1.2533 -1.1627 -1.0746 -0.9875 -0.9042 -0.8291 -0.7635
 -0.7057 -0.6525 -0.6012 -0.5511 -0.5032 -0.3860 -0.2876 -0.2147 -0.1673 -0.1421
 -0.1206 -0.1097 -0.0972 -0.0860 -0.0755 -0.0656 -0.0568 -0.0523 -0.0525 -0.0569
 -0.0652
 -1.3931 -1.2872 -1.2066 -1.1486 -1.0757 -1.0050 -0.9334 -0.8610 -0.7904 -0.7254
 -0.6678 -0.6164 -0.5684 -0.5223 -0.4780 -0.3697 -0.2776 -0.2076 -0.1612 -0.1349
 -0.1211 -0.1131 -0.1072 -0.1016 -0.0960 -0.0900 -0.0842 -0.0788 -0.0750 -0.0746
 -0.0810
 -1.2366 -1.1513 -1.0864 -1.0401 -0.9811 -0.9236 -0.8668 -0.8079 -0.7475 -0.6877
 -0.6317 -0.5815 -0.5363 -0.4941 -0.4537 -0.3551 -0.2683 -0.2005 -0.1539 -0.1260
 -0.1128 -0.1088 -0.1089 -0.1100 -0.1106 -0.1101 -0.1088 -0.1070 -0.1053 -0.1048
 -0.1051
 -1.0638 -1.0199 -0.9736 -0.9250 -0.8829 -0.8437 -0.8025 -0.7429 -0.6944 -0.6441
 -0.5938 -0.5460 -0.5028 -0.4637 -0.4272 -0.3400 -0.2583 -0.1932 -0.1465 -0.1175
 -0.1030 -0.0996 -0.1032 -0.1100 -0.1172 -0.1232 -0.1279 -0.1312 -0.1334 -0.1355
 -0.1385
 -0.8745 -0.8933 -0.8680 -0.8033 -0.7813 -0.7653 -0.7198 -0.6855 -0.6478 -0.5913
 -0.5498 -0.5081 -0.4681 -0.4315 -0.3985 -0.3244 -0.2476 -0.1857 -0.1390
 [Fe/H] = -2.50 [alpha/Fe] = 0.40 BC value = F606W
 -3.6420 -3.4313 -3.2754 -2.9579 -2.4940 -2.1088 -1.9462 -1.9105 -1.8443 -1.7012
 -1.5287 -1.3495 -1.1921 -1.0623 -0.9347 -0.6452
 -3.2060 -2.8936 -2.6612 -2.3973 -2.1033 -1.8625 -1.7240 -1.6459 -1.5639 -1.4554
 -1.3329 -1.2006 -1.0691 -0.9472 -0.8313 -0.5782 -0.3791 -0.2346 -0.1240
 -2.8803 -2.5034 -2.2192 -1.9856 -1.7953 -1.6452 -1.5273 -1.4306 -1.3438 -1.2590
 -1.1703 -1.0725 -0.9644 -0.8533 -0.7483 -0.5248 -0.3531 -0.2279 -0.1365 -0.0726
 -0.0327
 -2.6649 -2.2607 -1.9494 -1.7228 -1.5700 -1.4569 -1.3561 -1.2646 -1.1840 -1.1120
 -1.0409 -0.9652 -0.8780 -0.7806 -0.6857 -0.4850 -0.3340 -0.2244 -0.1469 -0.0908
 -0.0487 -0.0165  0.0086
 -2.5598 -2.1655 -1.8518 -1.6089 -1.4274 -1.2976 -1.2104 -1.1479 -1.0845 -1.0144
 -0.9447 -0.8787 -0.8099 -0.7291 -0.6435 -0.4588 -0.3218 -0.2241 -0.1552 -0.1046
 -0.0658 -0.0352 -0.0105  0.0101  0.0250
 -2.4858 -2.1149 -1.8146 -1.5744 -1.3846 -1.2384 -1.1292 -1.0486 -0.9888 -0.9377
 -0.8800 -0.8156 -0.7535 -0.6874 -0.6131 -0.4417 -0.3136 -0.2242 -0.1629 -0.1180
 -0.0829 -0.0546 -0.0313 -0.0120  0.0036  0.0154
 -2.4005 -2.0635 -1.7868 -1.5604 -1.3746 -1.2226 -1.1008 -1.0057 -0.9311 -0.8699
 -0.8159 -0.7621 -0.7053 -0.6489 -0.5856 -0.4290 -0.3071 -0.2225 -0.1673 -0.1286
 -0.0982 -0.0733 -0.0524 -0.0347 -0.0196 -0.0073  0.0017  0.0036 -0.0040 -0.0180
 -2.2895 -1.9912 -1.7443 -1.5393 -1.3665 -1.2190 -1.0932 -0.9880 -0.9027 -0.8326
 -0.7718 -0.7157 -0.6611 -0.6099 -0.5563 -0.4164 -0.3006 -0.2185 -0.1667 -0.1338
 -0.1095 -0.0894 -0.0722 -0.0572 -0.0440 -0.0324 -0.0234 -0.0171 -0.0183 -0.0302
 -0.0492
 -2.1577 -1.8971 -1.6806 -1.4998 -1.3453 -1.2096 -1.0884 -0.9807 -0.8876 -0.8097
 -0.7436 -0.6847 -0.6295 -0.5767 -0.5275 -0.4014 -0.2933 -0.2127 -0.1617 -0.1324
 -0.1141 -0.1001 -0.0881 -0.0774 -0.0675 -0.0583 -0.0503 -0.0443 -0.0416 -0.0452
 -0.0613
 -2.0092 -1.7851 -1.5970 -1.4392 -1.3039 -1.1834 -1.0729 -0.9703 -0.8763 -0.7931
 -0.7215 -0.6598 -0.6040 -0.5515 -0.5026 -0.3844 -0.2833 -0.2056 -0.1540 -0.1254
 -0.1112 -0.1034 -0.0978 -0.0928 -0.0877 -0.0824 -0.0773 -0.0727 -0.0697 -0.0700
 -0.0769
 -1.8594 -1.6697 -1.5056 -1.3667 -1.2482 -1.1427 -1.0450 -0.9518 -0.8631 -0.7799
 -0.7049 -0.6394 -0.5822 -0.5305 -0.4825 -0.3702 -0.2735 -0.1988 -0.1468 -0.1167
 -0.1031 -0.0992 -0.0997 -0.1011 -0.1021 -0.1022 -0.1016 -0.1006 -0.0996 -0.0998
 -0.1007
 -1.7124 -1.5533 -1.4110 -1.2875 -1.1812 -1.0881 -1.0024 -0.9203 -0.8402 -0.7624
 -0.6885 -0.6209 -0.5612 -0.5090 -0.4621 -0.3566 -0.2637 -0.1911 -0.1398 -0.1082
 -0.0932 -0.0901 -0.0941 -0.1013 -0.1088 -0.1153 -0.1206 -0.1245 -0.1275 -0.1302
 -0.1339
 -1.5681 -1.4359 -1.3168 -1.2069 -1.1103 -1.0254 -0.9486 -0.8763 -0.8057 -0.7360
 -0.6676 -0.6021 -0.5413 -0.4874 -0.4414 -0.3436 -0.2539 -0.1825 -0.1330
 [Fe/H] = -2.00 [alpha/Fe] = 0.40 BC value = F606W
 -4.3517 -3.8985 -3.5355 -3.2745 -2.9933 -2.7119 -2.4212 -2.1373 -1.8748 -1.6525
 -1.4610 -1.2924 -1.1430 -1.0092 -0.8566 -0.6015
 -4.0947 -3.6270 -3.2166 -2.8609 -2.5566 -2.2901 -2.0473 -1.8202 -1.6162 -1.4421
 -1.2895 -1.1495 -1.0179 -0.8964 -0.7755 -0.5443 -0.3635 -0.2263 -0.1278
 -3.7947 -3.3169 -2.8940 -2.5319 -2.2294 -1.9788 -1.7679 -1.5803 -1.4169 -1.2771
 -1.1537 -1.0378 -0.9237 -0.8138 -0.7123 -0.5005 -0.3392 -0.2186 -0.1318 -0.0695
 -0.0232
 -3.4517 -2.9682 -2.5677 -2.2875 -2.0117 -1.7781 -1.5830 -1.4176 -1.2769 -1.1575
 -1.0536 -0.9573 -0.8604 -0.7614 -0.6670 -0.4701 -0.3230 -0.2148 -0.1373 -0.0812
 -0.0386 -0.0069  0.0171
 -3.1861 -2.6986 -2.3130 -2.0163 -1.7864 -1.6024 -1.4467 -1.3067 -1.1803 -1.0703
 -0.9763 -0.8932 -0.8127 -0.7268 -0.6396 -0.4531 -0.3149 -0.2149 -0.1443 -0.0935
 -0.0550 -0.0246 -0.0004  0.0194  0.0335
 -3.0871 -2.5951 -2.1910 -1.8759 -1.6344 -1.4493 -1.3060 -1.1921 -1.0974 -1.0113
 -0.9239 -0.8437 -0.7710 -0.6992 -0.6212 -0.4438 -0.3112 -0.2165 -0.1511 -0.1053
 -0.0705 -0.0428 -0.0201 -0.0015  0.0132  0.0240
 -3.0465 -2.5563 -2.1510 -1.8254 -1.5675 -1.3650 -1.2081 -1.0882 -0.9976 -0.9298
 -0.8701 -0.8051 -0.7380 -0.6724 -0.6046 -0.4377 -0.3089 -0.2173 -0.1556 -0.1145
 -0.0844 -0.0602 -0.0401 -0.0232 -0.0090  0.0023  0.0102  0.0110  0.0029 -0.0109
 -3.0027 -2.5351 -2.1404 -1.8194 -1.5617 -1.3553 -1.1901 -1.0589 -0.9559 -0.8741
 -0.8078 -0.7518 -0.6977 -0.6423 -0.5841 -0.4316 -0.3060 -0.2162 -0.1565 -0.1194
 -0.0945 -0.0751 -0.0588 -0.0446 -0.0324 -0.0219 -0.0140 -0.0089 -0.0110 -0.0232
 -0.0423
 -2.9319 -2.4966 -2.1253 -1.8186 -1.5684 -1.3648 -1.1975 -1.0593 -0.9461 -0.8541
 -0.7781 -0.7134 -0.6564 -0.6045 -0.5550 -0.4212 -0.3018 -0.2129 -0.1539 -0.1188
 -0.0988 -0.0851 -0.0738 -0.0639 -0.0550 -0.0468 -0.0400 -0.0352 -0.0336 -0.0381
 -0.0545
 -2.8199 -2.4234 -2.0844 -1.7998 -1.5650 -1.3707 -1.2080 -1.0694 -0.9507 -0.8502
 -0.7656 -0.6940 -0.6314 -0.5751 -0.5246 -0.4036 -0.2934 -0.2070 -0.1480 -0.1133
 -0.0963 -0.0881 -0.0830 -0.0786 -0.0744 -0.0700 -0.0661 -0.0628 -0.0610 -0.0624
 -0.0701
 -2.6761 -2.3326 -2.0287 -1.7686 -1.5509 -1.3689 -1.2142 -1.0800 -0.9617 -0.8572
 -0.7658 -0.6871 -0.6192 -0.5593 -0.5054 -0.3871 -0.2836 -0.2007 -0.1416 -0.1057
 -0.0889 -0.0841 -0.0846 -0.0866 -0.0883 -0.0893 -0.0897 -0.0898 -0.0901 -0.0915
 -0.0936
 -2.5134 -2.2210 -1.9553 -1.7221 -1.5229 -1.3539 -1.2089 -1.0817 -0.9676 -0.8641
 -0.7704 -0.6866 -0.6132 -0.5492 -0.4927 -0.3733 -0.2730 -0.1931 -0.1349 -0.0977
 -0.0795 -0.0752 -0.0791 -0.0867 -0.0948 -0.1021 -0.1082 -0.1132 -0.1174 -0.1213
 -0.1260
 -2.3345 -2.0913 -1.8692 -1.6670 -1.4861 -1.3284 -1.1931 -1.0733 -0.9649 -0.8653
 -0.7730 -0.6880 -0.6109 -0.5425 -0.4865 -0.3622 -0.2616 -0.1842 -0.1279
 [Fe/H] = -1.50 [alpha/Fe] = 0.40 BC value = F606W
 -5.2653 -4.9354 -4.6106 -4.2775 -3.9567 -3.5794 -3.1121 -2.5594 -2.0838 -1.7178
 -1.4434 -1.2358 -1.0722 -0.9364 -0.8190 -0.5764
 -4.9285 -4.5107 -4.1242 -3.7592 -3.4154 -3.0598 -2.6569 -2.2119 -1.8326 -1.5335
 -1.3018 -1.1200 -0.9723 -0.8477 -0.7392 -0.5176 -0.3467 -0.2150 -0.1178
 -4.6538 -4.1868 -3.7590 -3.3681 -3.0083 -2.6685 -2.3190 -1.9566 -1.6468 -1.3963
 -1.1966 -1.0353 -0.9009 -0.7854 -0.6838 -0.4775 -0.3224 -0.2056 -0.1192 -0.0565
 -0.0097
 -4.4412 -3.9637 -3.5150 -3.1042 -2.7355 -2.4055 -2.0984 -1.7935 -1.5264 -1.3062
 -1.1278 -0.9817 -0.8580 -0.7495 -0.6528 -0.4561 -0.3104 -0.2026 -0.1237 -0.0667
 -0.0246  0.0079  0.0323
 -4.1047 -3.6329 -3.2539 -2.8882 -2.5408 -2.2220 -1.9380 -1.6755 -1.4400 -1.2411
 -1.0776 -0.9432 -0.8294 -0.7284 -0.6363 -0.4463 -0.3061 -0.2037 -0.1299 -0.0773
 -0.0386 -0.0087  0.0148  0.0336  0.0465
 -3.7968 -3.3138 -2.9069 -2.5629 -2.2694 -2.0161 -1.7902 -1.5726 -1.3694 -1.1903
 -1.0385 -0.9122 -0.8062 -0.7132 -0.6267 -0.4425 -0.3057 -0.2066 -0.1364 -0.0873
 -0.0522 -0.0251 -0.0033  0.0142  0.0278  0.0368
 -3.6921 -3.1665 -2.7166 -2.3415 -2.0331 -1.7792 -1.5718 -1.4031 -1.2597 -1.1289
 -1.0030 -0.8872 -0.7859 -0.6982 -0.6185 -0.4411 -0.3064 -0.2094 -0.1416 -0.0955
 -0.0641 -0.0406 -0.0215 -0.0057  0.0071  0.0169  0.0230  0.0223  0.0135 -0.0001
 -3.6865 -3.1357 -2.6559 -2.2562 -1.9302 -1.6660 -1.4515 -1.2763 -1.1329 -1.0183
 -0.9267 -0.8448 -0.7631 -0.6832 -0.6083 -0.4398 -0.3069 -0.2108 -0.1445 -0.1007
 -0.0728 -0.0535 -0.0383 -0.0255 -0.0146 -0.0057  0.0005  0.0032  0.0001 -0.0123
 -0.0309
 -3.7037 -3.1527 -2.6611 -2.2440 -1.9028 -1.6278 -1.4058 -1.2253 -1.0781 -0.9576
 -0.8591 -0.7793 -0.7134 -0.6519 -0.5903 -0.4367 -0.3062 -0.2104 -0.1445 -0.1021
 -0.0738 -0.0621 -0.0517 -0.0431 -0.0356 -0.0290 -0.0240 -0.0200 -0.0199 -0.0270
 -0.0434
 -3.6810 -3.1554 -2.6716 -2.2553 -1.9083 -1.6265 -1.3989 -1.2135 -1.0612 -0.9356
 -0.8315 -0.7447 -0.6717 -0.6098 -0.5554 -0.4250 -0.3023 -0.2071 -0.1411 -0.0991
 -0.0758 -0.0648 -0.0597 -0.0565 -0.0536 -0.0509 -0.0486 -0.0471 -0.0472 -0.0503
 -0.0591
 -3.6061 -3.1201 -2.6700 -2.2677 -1.9267 -1.6452 -1.4157 -1.2271 -1.0711 -0.9401
 -0.8296 -0.7363 -0.6569 -0.5886 -0.5294 -0.4065 -0.2953 -0.2033 -0.1367 -0.0939
 -0.0705 -0.0617 -0.0611 -0.0637 -0.0666 -0.0690 -0.0711 -0.0728 -0.0749 -0.0782
 -0.0820
 -3.4810 -3.0452 -2.6372 -2.2608 -1.9361 -1.6627 -1.4359 -1.2482 -1.0910 -0.9574
 -0.8422 -0.7426 -0.6566 -0.5825 -0.5180 -0.3891 -0.2844 -0.1970 -0.1312 -0.0872
 -0.0627 -0.0540 -0.0561 -0.0636 -0.0725 -0.0810 -0.0886 -0.0951 -0.1009 -0.1066
 -0.1131
 -3.3073 -2.9321 -2.5735 -2.2348 -1.9327 -1.6727 -1.4530 -1.2684 -1.1121 -0.9781
 -0.8610 -0.7577 -0.6664 -0.5862 -0.5212 -0.3728 -0.2696 -0.1882 -0.1246
 [Fe/H] = -1.00 [alpha/Fe] = 0.40 BC value = F606W
 -5.8249 -5.5542 -5.2987 -5.0484 -4.8802 -4.5870 -4.0422 -3.2358 -2.5657 -1.8862
 -1.4918 -1.2233 -1.0333 -0.8869 -0.7670 -0.5346
 -5.4557 -5.1304 -4.8360 -4.5631 -4.3249 -4.0208 -3.5390 -2.8649 -2.2350 -1.7397
 -1.3839 -1.1340 -0.9547 -0.8177 -0.7056 -0.4880 -0.3252 -0.1990 -0.1020
 -5.1887 -4.8146 -4.4788 -4.1749 -3.8880 -3.5787 -3.1561 -2.5939 -2.0700 -1.6407
 -1.3151 -1.0777 -0.9042 -0.7722 -0.6649 -0.4575 -0.3047 -0.1897 -0.1031 -0.0389
  0.0080
 -5.0239 -4.6068 -4.2271 -3.8838 -3.5694 -3.2606 -2.8935 -2.4228 -1.9722 -1.5892
 -1.2854 -1.0544 -0.8818 -0.7504 -0.6449 -0.4431 -0.2964 -0.1877 -0.1072 -0.0477
 -0.0042  0.0286  0.0526
 -4.8710 -4.4473 -4.0461 -3.6729 -3.3293 -3.0093 -2.6860 -2.2935 -1.9016 -1.5568
 -1.2727 -1.0483 -0.8755 -0.7427 -0.6371 -0.4381 -0.2946 -0.1895 -0.1129 -0.0569
 -0.0163  0.0138  0.0367  0.0545  0.0659
 -4.5166 -4.1566 -3.8169 -3.4801 -3.1423 -2.8158 -2.5040 -2.1785 -1.8392 -1.5292
 -1.2649 -1.0489 -0.8772 -0.7428 -0.6361 -0.4380 -0.2961 -0.1930 -0.1190 -0.0657
 -0.0277 -0.0001  0.0210  0.0372  0.0497  0.0568
 -4.2042 -3.7826 -3.4274 -3.1232 -2.8493 -2.5876 -2.3209 -2.0464 -1.7645 -1.4941
 -1.2535 -1.0494 -0.8815 -0.7466 -0.6385 -0.4401 -0.2990 -0.1968 -0.1242 -0.0731
 -0.0376 -0.0128  0.0055  0.0199  0.0309  0.0386  0.0420  0.0393  0.0290  0.0150
 -4.1004 -3.6138 -3.1929 -2.8381 -2.5389 -2.2778 -2.0405 -1.8188 -1.6046 -1.4020
 -1.2116 -1.0367 -0.8819 -0.7509 -0.6421 -0.4428 -0.3019 -0.1999 -0.1280 -0.0784
 -0.0451 -0.0233 -0.0084  0.0029  0.0118  0.0185  0.0224  0.0225  0.0170  0.0033
 -0.0148
 -4.1297 -3.5996 -3.1256 -2.7180 -2.3755 -2.0889 -1.8433 -1.6256 -1.4266 -1.2469
 -1.0936 -0.9648 -0.8501 -0.7427 -0.6431 -0.4453 -0.3043 -0.2018 -0.1298 -0.0809
 -0.0494 -0.0304 -0.0193 -0.0121 -0.0066 -0.0023  0.0002  0.0007 -0.0028 -0.0103
 -0.0262
 -4.1998 -3.6557 -3.1515 -2.7037 -2.3214 -2.0034 -1.7396 -1.5167 -1.3238 -1.1538
 -1.0052 -0.8796 -0.7775 -0.6935 -0.6178 -0.4443 -0.3041 -0.2013 -0.1288 -0.0801
 -0.0499 -0.0332 -0.0259 -0.0233 -0.0223 -0.0218 -0.0221 -0.0232 -0.0259 -0.0317
 -0.0426
 -4.2509 -3.7227 -3.2142 -2.7487 -2.3406 -1.9955 -1.7102 -1.4753 -1.2788 -1.1118
 -0.9679 -0.8441 -0.7390 -0.6516 -0.5792 -0.4332 -0.3038 -0.2008 -0.1272 -0.0776
 -0.0474 -0.0320 -0.0276 -0.0294 -0.0335 -0.0380 -0.0424 -0.0466 -0.0513 -0.0573
 -0.0658
 -4.2406 -3.7400 -3.2573 -2.7973 -2.3831 -2.0244 -1.7240 -1.4762 -1.2718 -1.1015
 -0.9571 -0.8335 -0.7273 -0.6364 -0.5590 -0.4126 -0.2970 -0.1987 -0.1243 -0.0734
 -0.0423 -0.0272 -0.0243 -0.0296 -0.0387 -0.0486 -0.0582 -0.0670 -0.0752 -0.0836
 -0.0927
 -4.1694 -3.7128 -3.2583 -2.8241 -2.4198 -2.0628 -1.7577 -1.5019 -1.2902 -1.1145
 -0.9667 -0.8405 -0.7316 -0.6373 -0.5572 -0.3825 -0.2837 -0.1950 -0.1201
 [Fe/H] = -0.75 [alpha/Fe] = 0.30 BC value = F606W
 -5.9480 -5.6888 -5.4466 -5.2170 -5.0950 -4.8311 -4.2724 -3.4143 -2.6722 -1.9363
 -1.5089 -1.2221 -1.0211 -0.8704 -0.7485 -0.5156
 -5.5790 -5.2707 -4.9958 -4.7479 -4.5460 -4.2693 -3.7833 -3.0616 -2.3607 -1.8054
 -1.4123 -1.1413 -0.9502 -0.8075 -0.6928 -0.4742 -0.3129 -0.1893 -0.0934
 -5.3138 -4.9590 -4.6454 -4.3679 -4.1111 -3.8274 -3.4060 -2.8018 -2.2121 -1.7228
 -1.3564 -1.0945 -0.9072 -0.7678 -0.6569 -0.4473 -0.2946 -0.1805 -0.0942 -0.0295
  0.0184
 -5.1524 -4.7537 -4.3954 -4.0770 -3.7904 -3.5055 -3.1405 -2.6349 -2.1283 -1.6885
 -1.3412 -1.0817 -0.8921 -0.7513 -0.6408 -0.4349 -0.2871 -0.1782 -0.0976 -0.0375
  0.0066  0.0394  0.0630
 -5.0238 -4.6062 -4.2178 -3.8630 -3.5414 -3.2420 -2.9250 -2.5049 -2.0665 -1.6708
 -1.3431 -1.0870 -0.8937 -0.7487 -0.6364 -0.4315 -0.2858 -0.1798 -0.1026 -0.0458
 -0.0044  0.0260  0.0496  0.0666  0.0766
 -4.7371 -4.3808 -4.0303 -3.6858 -3.3507 -3.0340 -2.7291 -2.3854 -2.0079 -1.6539
 -1.3484 -1.0995 -0.9044 -0.7547 -0.6390 -0.4328 -0.2880 -0.1831 -0.1081 -0.0538
 -0.0147  0.0134  0.0343  0.0501  0.0613  0.0674
 -4.3557 -3.9690 -3.6474 -3.3674 -3.1035 -2.8337 -2.5482 -2.2546 -1.9381 -1.6276
 -1.3484 -1.1114 -0.9183 -0.7655 -0.6459 -0.4363 -0.2915 -0.1870 -0.1129 -0.0605
 -0.0236  0.0020  0.0204  0.0342  0.0445  0.0516  0.0539  0.0493  0.0380  0.0234
 -4.1967 -3.7354 -3.3422 -3.0171 -2.7426 -2.4978 -2.2674 -2.0368 -1.7969 -1.5547
 -1.3226 -1.1114 -0.9293 -0.7777 -0.6550 -0.4408 -0.2954 -0.1905 -0.1166 -0.0654
 -0.0304 -0.0073  0.0080  0.0188  0.0269  0.0325  0.0350  0.0341  0.0270  0.0124
 -0.0062
 -4.1985 -3.6854 -3.2308 -2.8431 -2.5202 -2.2485 -2.0104 -1.7906 -1.5795 -1.3814
 -1.2075 -1.0533 -0.9114 -0.7804 -0.6634 -0.4455 -0.2989 -0.1933 -0.1186 -0.0679
 -0.0345 -0.0137 -0.0017  0.0053  0.0100  0.0131  0.0144  0.0135  0.0095 -0.0004
 -0.0183
 -4.2722 -3.7330 -3.2380 -2.8017 -2.4302 -2.1208 -1.8615 -1.6376 -1.4366 -1.2524
 -1.0874 -0.9474 -0.8329 -0.7361 -0.6475 -0.4482 -0.3002 -0.1938 -0.1184 -0.0674
 -0.0350 -0.0164 -0.0076 -0.0048 -0.0044 -0.0049 -0.0064 -0.0089 -0.0129 -0.0203
 -0.0327
 -4.3465 -3.8159 -3.3050 -2.8408 -2.4338 -2.0895 -1.8037 -1.5658 -1.3636 -1.1874
 -1.0317 -0.8953 -0.7795 -0.6841 -0.6054 -0.4432 -0.3022 -0.1946 -0.1178 -0.0657
 -0.0332 -0.0157 -0.0094 -0.0103 -0.0147 -0.0199 -0.0254 -0.0310 -0.0371 -0.0446
 -0.0546
 -4.3681 -3.8614 -3.3677 -2.8991 -2.4774 -2.1113 -1.8032 -1.5485 -1.3374 -1.1597
 -1.0072 -0.8749 -0.7602 -0.6619 -0.5789 -0.4233 -0.2990 -0.1942 -0.1162 -0.0625
 -0.0290 -0.0116 -0.0067 -0.0106 -0.0194 -0.0297 -0.0402 -0.0501 -0.0597 -0.0695
 -0.0802
 -4.3298 -3.8571 -3.3906 -2.9429 -2.5248 -2.1533 -1.8346 -1.5670 -1.3456 -1.1617
 -1.0066 -0.8739 -0.7590 -0.6593 -0.5680 -0.3885 -0.2906 -0.1926 -0.1136
 [Fe/H] = -0.50 [alpha/Fe] = 0.20 BC value = F606W
 -6.0682 -5.8165 -5.5818 -5.3654 -5.2750 -5.0253 -4.4521 -3.6429 -2.7630 -2.0585
 -1.5268 -1.2222 -1.0102 -0.8530 -0.7296 -0.4972
 -5.6982 -5.4009 -5.1393 -4.9103 -4.7360 -4.4803 -3.9918 -3.2335 -2.4733 -1.8677
 -1.4405 -1.1494 -0.9464 -0.7970 -0.6795 -0.4593 -0.2995 -0.1783 -0.0841
 -5.4330 -5.0911 -4.7938 -4.5378 -4.3066 -4.0474 -3.6299 -2.9919 -2.3460 -1.8000
 -1.3965 -1.1116 -0.9106 -0.7634 -0.6484 -0.4353 -0.2826 -0.1695 -0.0840 -0.0190
  0.0297
 -5.2726 -4.8871 -4.5453 -4.2479 -3.9868 -3.7265 -3.3664 -2.8353 -2.2779 -1.7834
 -1.3948 -1.1088 -0.9028 -0.7522 -0.6363 -0.4252 -0.2759 -0.1671 -0.0866 -0.0262
  0.0187  0.0516  0.0754
 -5.1592 -4.7479 -4.3709 -4.0325 -3.7325 -3.4558 -3.1479 -2.7083 -2.2285 -1.7824
 -1.4116 -1.1251 -0.9121 -0.7551 -0.6357 -0.4235 -0.2754 -0.1684 -0.0909 -0.0335
  0.0087  0.0396  0.0623  0.0787  0.0886
 -4.9426 -4.5704 -4.2085 -3.8632 -3.5375 -3.2366 -2.9442 -2.5868 -2.1760 -1.7781
 -1.4311 -1.1495 -0.9315 -0.7671 -0.6422 -0.4264 -0.2782 -0.1717 -0.0957 -0.0406
 -0.0005  0.0282  0.0493  0.0647  0.0752  0.0804
 -4.5228 -4.1677 -3.8693 -3.5988 -3.3298 -3.0498 -2.7583 -2.4555 -2.1102 -1.7614
 -1.4433 -1.1731 -0.9548 -0.7846 -0.6537 -0.4319 -0.2828 -0.1758 -0.1002 -0.0467
 -0.0085  0.0182  0.0369  0.0504  0.0600  0.0659  0.0668  0.0610  0.0488  0.0334
 -4.3022 -3.8636 -3.4987 -3.2020 -2.9515 -2.7249 -2.5011 -2.2595 -1.9911 -1.7084
 -1.4340 -1.1871 -0.9766 -0.8047 -0.6685 -0.4384 -0.2878 -0.1799 -0.1038 -0.0512
 -0.0147  0.0099  0.0259  0.0367  0.0441  0.0486  0.0499  0.0474  0.0388  0.0232
  0.0038
 -4.2690 -3.7710 -3.3359 -2.9706 -2.6694 -2.4160 -2.1893 -1.9720 -1.7522 -1.5368
 -1.3370 -1.1505 -0.9761 -0.8193 -0.6844 -0.4456 -0.2926 -0.1836 -0.1064 -0.0536
 -0.0185  0.0041  0.0173  0.0247  0.0289  0.0310  0.0310  0.0288  0.0229  0.0115
 -0.0076
 -4.3339 -3.8018 -3.3179 -2.8947 -2.5380 -2.2414 -1.9911 -1.7695 -1.5624 -1.3647
 -1.1843 -1.0301 -0.9008 -0.7867 -0.6800 -0.4519 -0.2956 -0.1853 -0.1070 -0.0536
 -0.0192  0.0015  0.0121  0.0158  0.0160  0.0145  0.0118  0.0079  0.0021 -0.0068
 -0.0209
 -4.4251 -3.8895 -3.3818 -2.9218 -2.5203 -2.1816 -1.8999 -1.6630 -1.4571 -1.2722
 -1.1040 -0.9552 -0.8284 -0.7244 -0.6377 -0.4539 -0.2999 -0.1876 -0.1075 -0.0527
 -0.0179  0.0018  0.0103  0.0107  0.0067  0.0010 -0.0056 -0.0125 -0.0202 -0.0294
 -0.0411
 -4.4734 -3.9586 -3.4590 -2.9847 -2.5597 -2.1905 -1.8804 -1.6230 -1.4078 -1.2242
 -1.0636 -0.9220 -0.7982 -0.6922 -0.6033 -0.4362 -0.3008 -0.1890 -0.1072 -0.0505
 -0.0145  0.0052  0.0124  0.0103  0.0025 -0.0079 -0.0191 -0.0303 -0.0413 -0.0527
 -0.0650
 -4.4630 -3.9781 -3.5007 -3.0432 -2.6137 -2.2331 -1.9049 -1.6299 -1.4018 -1.2118
 -1.0507 -0.9115 -0.7901 -0.6843 -0.5768 -0.3988 -0.2983 -0.1895 -0.1061
 [Fe/H] = -0.25 [alpha/Fe] = 0.10 BC value = F606W
 -6.2068 -5.9531 -5.7196 -5.5075 -5.4276 -5.1718 -4.5858 -3.7007 -2.8333 -2.0986
 -1.5910 -1.2507 -1.0190 -0.8490 -0.7101 -0.4765
 -5.8325 -5.5377 -5.2817 -5.0629 -4.9037 -4.6565 -4.1573 -3.3664 -2.5691 -1.9206
 -1.4660 -1.1571 -0.9426 -0.7869 -0.6655 -0.4427 -0.2846 -0.1653 -0.0731
 -5.5645 -5.2277 -4.9386 -4.6959 -4.4826 -4.2402 -3.8163 -3.1543 -2.4595 -1.8672
 -1.4317 -1.1270 -0.9138 -0.7586 -0.6391 -0.4218 -0.2689 -0.1566 -0.0723 -0.0073
  0.0416
 -5.4028 -5.0231 -4.6903 -4.4065 -4.1642 -3.9228 -3.5628 -3.0122 -2.4109 -1.8667
 -1.4418 -1.1327 -0.9123 -0.7525 -0.6309 -0.4138 -0.2629 -0.1541 -0.0740 -0.0135
  0.0320  0.0654  0.0893
 -5.2972 -4.8885 -4.5175 -4.1902 -3.9068 -3.6497 -3.3466 -2.8927 -2.3757 -1.8822
 -1.4720 -1.1587 -0.9287 -0.7605 -0.6341 -0.4140 -0.2630 -0.1552 -0.0775 -0.0199
  0.0231  0.0545  0.0774  0.0937  0.1028
 -5.1299 -4.7410 -4.3708 -4.0259 -3.7094 -3.4228 -3.1413 -2.7731 -2.3327 -1.8930
 -1.5058 -1.1939 -0.9558 -0.7782 -0.6448 -0.4189 -0.2667 -0.1584 -0.0817 -0.0260
  0.0149  0.0444  0.0657  0.0809  0.0909  0.0952
 -4.7129 -4.3791 -4.0864 -3.8065 -3.5247 -3.2388 -2.9508 -2.6415 -2.2721 -1.8871
 -1.5311 -1.2291 -0.9880 -0.8023 -0.6608 -0.4263 -0.2724 -0.1629 -0.0859 -0.0314
  0.0078  0.0355  0.0548  0.0682  0.0773  0.0821  0.0818  0.0745  0.0614  0.0450
 -4.4281 -4.0083 -3.6669 -3.3932 -3.1619 -2.9477 -2.7235 -2.4668 -2.1718 -1.8510
 -1.5374 -1.2561 -1.0194 -0.8294 -0.6809 -0.4352 -0.2789 -0.1678 -0.0897 -0.0356
  0.0022  0.0282  0.0451  0.0561  0.0632  0.0669  0.0672  0.0629  0.0526  0.0359
  0.0156
 -4.3570 -3.8696 -3.4490 -3.1036 -2.8233 -2.5878 -2.3740 -2.1619 -1.9354 -1.7015
 -1.4694 -1.2452 -1.0366 -0.8546 -0.7033 -0.4453 -0.2854 -0.1726 -0.0929 -0.0383
 -0.0014  0.0228  0.0376  0.0457  0.0498  0.0512  0.0500  0.0463  0.0387  0.0255
  0.0051
 -4.4064 -3.8781 -3.4008 -2.9899 -2.6474 -2.3648 -2.1249 -1.9073 -1.6955 -1.4868
 -1.2942 -1.1250 -0.9764 -0.8399 -0.7122 -0.4550 -0.2902 -0.1757 -0.0943 -0.0387
 -0.0023  0.0204  0.0328  0.0379  0.0384  0.0365  0.0328  0.0274  0.0199  0.0092
 -0.0069
 -4.5061 -3.9633 -3.4565 -2.9995 -2.6043 -2.2730 -1.9976 -1.7635 -1.5552 -1.3619
 -1.1820 -1.0216 -0.8851 -0.7722 -0.6756 -0.4643 -0.2968 -0.1796 -0.0962 -0.0387
 -0.0016  0.0203  0.0310  0.0333  0.0303  0.0245  0.0171  0.0089 -0.0004 -0.0114
 -0.0251
 -4.5726 -4.0488 -3.5383 -3.0620 -2.6344 -2.2654 -1.9557 -1.6980 -1.4807 -1.2919
 -1.1235 -0.9726 -0.8398 -0.7268 -0.6322 -0.4512 -0.3019 -0.1829 -0.0973 -0.0376
  0.0009  0.0230  0.0325  0.0328  0.0266  0.0167  0.0050 -0.0071 -0.0197 -0.0328
 -0.0470
 -4.5866 -4.0877 -3.5988 -3.1297 -2.6916 -2.3030 -1.9696 -1.6899 -1.4576 -1.2630
 -1.0966 -0.9514 -0.8235 -0.7116 -0.5820 -0.4157 -0.3055 -0.1856 -0.0976
 [Fe/H] =  0.00 [alpha/Fe] = 0.00 BC value = F606W
 -6.4531 -6.1791 -5.9201 -5.6627 -5.3576 -4.9557 -4.4179 -3.7127 -2.8727 -2.1263
 -1.6021 -1.2493 -1.0005 -0.8324 -0.6988 -0.4544
 -6.0147 -5.7088 -5.4442 -5.2217 -5.0223 -4.7686 -4.2663 -3.4447 -2.6308 -1.9573
 -1.4833 -1.1618 -0.9394 -0.7767 -0.6521 -0.4263 -0.2685 -0.1510 -0.0606
 -5.7402 -5.3953 -5.1010 -4.8582 -4.6496 -4.4088 -3.9591 -3.2680 -2.5395 -1.9148
 -1.4569 -1.1378 -0.9148 -0.7532 -0.6294 -0.4078 -0.2541 -0.1423 -0.0589  0.0056
  0.0543
 -5.5743 -5.1883 -4.8520 -4.5692 -4.3332 -4.0974 -3.7222 -3.1480 -2.5092 -1.9272
 -1.4756 -1.1498 -0.9184 -0.7510 -0.6244 -0.4014 -0.2487 -0.1395 -0.0599  0.0004
  0.0463  0.0802  0.1044
 -5.4699 -5.0546 -4.6796 -4.3523 -4.0745 -3.8260 -3.5151 -3.0427 -2.4914 -1.9580
 -1.5165 -1.1832 -0.9402 -0.7633 -0.6308 -0.4031 -0.2493 -0.1404 -0.0626 -0.0050
  0.0386  0.0707  0.0938  0.1097  0.1178
 -5.2616 -4.9231 -4.5417 -4.1912 -3.8767 -3.5960 -3.3159 -2.9312 -2.4622 -1.9841
 -1.5626 -1.2270 -0.9735 -0.7857 -0.6451 -0.4097 -0.2536 -0.1436 -0.0662 -0.0102
  0.0314  0.0617  0.0833  0.0985  0.1086  0.1116
 -4.9349 -4.6047 -4.2987 -3.9994 -3.7036 -3.4121 -3.1254 -2.8045 -2.4109 -1.9916
 -1.6010 -1.2722 -1.0127 -0.8149 -0.6652 -0.4192 -0.2604 -0.1484 -0.0702 -0.0150
  0.0250  0.0538  0.0737  0.0873  0.0961  0.1006  0.0989  0.0900  0.0759  0.0584
 -4.5911 -4.1798 -3.8516 -3.5905 -3.3681 -3.1537 -2.9203 -2.6469 -2.3259 -1.9708
 -1.6215 -1.3102 -1.0523 -0.8480 -0.6898 -0.4305 -0.2684 -0.1540 -0.0741 -0.0188
  0.0200  0.0472  0.0652  0.0768  0.0838  0.0874  0.0866  0.0806  0.0685  0.0507
  0.0293
 -4.4835 -3.9949 -3.5818 -3.2478 -2.9809 -2.7578 -2.5541 -2.3462 -2.1120 -1.8547
 -1.5860 -1.3226 -1.0836 -0.8812 -0.7175 -0.4435 -0.2767 -0.1599 -0.0779 -0.0217
  0.0166  0.0423  0.0585  0.0676  0.0721  0.0733  0.0713  0.0661  0.0569  0.0416
  0.0201
 -4.5161 -3.9803 -3.5028 -3.0962 -2.7623 -2.4890 -2.2561 -2.0407 -1.8249 -1.6092
 -1.4061 -1.2209 -1.0489 -0.8869 -0.7378 -0.4565 -0.2836 -0.1646 -0.0803 -0.0226
  0.0156  0.0400  0.0543  0.0609  0.0624  0.0605  0.0562  0.0496  0.0404  0.0277
  0.0095
 -4.6153 -4.0600 -3.5460 -3.0859 -2.6922 -2.3650 -2.0935 -1.8605 -1.6488 -1.4473
 -1.2582 -1.0895 -0.9456 -0.8232 -0.7147 -0.4722 -0.2927 -0.1704 -0.0835 -0.0235
  0.0156  0.0396  0.0524  0.0569  0.0554  0.0501  0.0424  0.0332  0.0224  0.0092
 -0.0063
 -4.6926 -4.1523 -3.6281 -3.1432 -2.7095 -2.3380 -2.0279 -1.7696 -1.5499 -1.3560
 -1.1800 -1.0210 -0.8816 -0.7630 -0.6637 -0.4668 -0.3017 -0.1758 -0.0863 -0.0237
  0.0173  0.0416  0.0535  0.0562  0.0521  0.0433  0.0318  0.0189  0.0052 -0.0097
 -0.0260
 -4.7202 -4.2049 -3.6991 -3.2140 -2.7657 -2.3679 -2.0283 -1.7450 -1.5094 -1.3110
 -1.1398 -0.9889 -0.8553 -0.7386 -0.5848 -0.4403 -0.3106 -0.1808 -0.0887
 [Fe/H] =  0.25 [alpha/Fe] = 0.00 BC value = F606W
 -6.3936 -6.1532 -5.9413 -5.6765 -5.2394 -4.6519 -4.1649 -3.8382 -3.0636 -2.3029
 -1.7143 -1.3155 -1.0417 -0.8352 -0.6931 -0.4433
 -6.0236 -5.7530 -5.5295 -5.3256 -5.0837 -4.7495 -4.2792 -3.6379 -2.8521 -2.1325
 -1.5974 -1.2294 -0.9754 -0.7940 -0.6555 -0.4175 -0.2561 -0.1384 -0.0484
 -5.7570 -5.4494 -5.1982 -5.0047 -4.8479 -4.6480 -4.2284 -3.5186 -2.7766 -2.0992
 -1.5795 -1.2131 -0.9574 -0.7745 -0.6375 -0.4022 -0.2441 -0.1300 -0.0455  0.0192
  0.0693
 -5.5938 -5.2424 -4.9474 -4.7139 -4.5321 -4.3475 -4.0124 -3.4298 -2.7600 -2.1241
 -1.6117 -1.2363 -0.9699 -0.7785 -0.6367 -0.3978 -0.2397 -0.1275 -0.0461  0.0151
  0.0629  0.0988  0.1236
 -5.5000 -5.1117 -4.7707 -4.4868 -4.2618 -4.0682 -3.8029 -3.3390 -2.7594 -2.1704
 -1.6684 -1.2833 -1.0024 -0.7987 -0.6483 -0.4012 -0.2410 -0.1285 -0.0484  0.0105
  0.0553  0.0887  0.1126  0.1287  0.1372
 -5.4188 -5.0167 -4.6490 -4.3240 -4.0513 -3.8218 -3.5908 -3.2304 -2.7433 -2.2147
 -1.7318 -1.3425 -1.0481 -0.8305 -0.6693 -0.4098 -0.2463 -0.1320 -0.0518  0.0058
  0.0488  0.0807  0.1034  0.1188  0.1283  0.1309
 -5.1920 -4.8416 -4.5026 -4.1830 -3.8884 -3.6235 -3.3834 -3.0946 -2.6979 -2.2375
 -1.7876 -1.4048 -1.1011 -0.8706 -0.6975 -0.4220 -0.2542 -0.1374 -0.0560  0.0014
  0.0429  0.0733  0.0947  0.1090  0.1178  0.1216  0.1191  0.1087  0.0937  0.0749
 -4.7500 -4.4179 -4.1409 -3.9056 -3.6766 -3.4426 -3.1991 -2.9387 -2.6166 -2.2281
 -1.8250 -1.4592 -1.1552 -0.9157 -0.7315 -0.4369 -0.2635 -0.1440 -0.0604 -0.0025
  0.0382  0.0671  0.0869  0.0997  0.1071  0.1103  0.1088  0.1019  0.0878  0.0690
  0.0463
 -4.5367 -4.1045 -3.7548 -3.4840 -3.2721 -3.0934 -2.9212 -2.7250 -2.4749 -2.1690
 -1.8297 -1.4969 -1.2035 -0.9614 -0.7690 -0.4545 -0.2736 -0.1513 -0.0651 -0.0058
  0.0347  0.0625  0.0807  0.0916  0.0971  0.0986  0.0962  0.0899  0.0790  0.0615
  0.0388
 -4.5151 -4.0207 -3.5922 -3.2414 -2.9626 -2.7400 -2.5501 -2.3695 -2.1750 -1.9520
 -1.7098 -1.4612 -1.2176 -0.9947 -0.8036 -0.4732 -0.2828 -0.1574 -0.0687 -0.0076
  0.0333  0.0601  0.0768  0.0857  0.0889  0.0879  0.0835  0.0760  0.0653  0.0505
  0.0299
 -4.6070 -4.0794 -3.5981 -3.1797 -2.8308 -2.5460 -2.3112 -2.1059 -1.9087 -1.7051
 -1.5006 -1.3050 -1.1263 -0.9630 -0.8121 -0.4974 -0.2951 -0.1649 -0.0736 -0.0098
  0.0325  0.0592  0.0748  0.0819  0.0828  0.0791  0.0718  0.0621  0.0499  0.0351
  0.0170
 -4.7198 -4.1894 -3.6846 -3.2245 -2.8211 -2.4792 -2.1945 -1.9551 -1.7449 -1.5491
 -1.3596 -1.1800 -1.0178 -0.8771 -0.7559 -0.5066 -0.3090 -0.1726 -0.0782 -0.0116
  0.0328  0.0603  0.0753  0.0810  0.0798  0.0733  0.0629  0.0499  0.0352  0.0187
  0.0002
 -4.7974 -4.2834 -3.7855 -3.3084 -2.8766 -2.4941 -2.1674 -1.8928 -1.6603 -1.4591
 -1.2778 -1.1114 -0.9599 -0.8253 -0.6350 -0.5008 -0.3245 -0.1805 -0.0825
 [Fe/H] =  0.50 [alpha/Fe] = 0.00 BC value = F606W
 -6.3317 -7.3662 -7.6953 -7.3676 -6.4474 -5.3664 -4.4819 -3.9158 -3.2337 -2.4893
 -1.8520 -1.4049 -1.0967 -0.8725 -0.6942 -0.4284
 -5.9830 -6.1702 -6.1580 -5.9669 -5.6150 -5.1184 -4.4910 -3.7716 -3.0510 -2.3248
 -1.7361 -1.3194 -1.0309 -0.8247 -0.6721 -0.4140 -0.2476 -0.1274 -0.0370
 -5.7290 -5.4664 -5.2627 -5.1201 -5.0314 -4.8479 -4.4131 -3.7003 -2.9851 -2.2932
 -1.7237 -1.3104 -1.0188 -0.8105 -0.6567 -0.4017 -0.2371 -0.1193 -0.0305  0.0365
  0.0862
 -5.5697 -5.2547 -5.0094 -4.8273 -4.6965 -4.5551 -4.2482 -3.6586 -2.9822 -2.3250
 -1.7665 -1.3438 -1.0398 -0.8211 -0.6603 -0.3992 -0.2334 -0.1169 -0.0330  0.0297
  0.0787  0.1156  0.1411
 -5.4808 -5.1258 -4.8245 -4.5877 -4.4149 -4.2704 -4.0423 -3.5923 -2.9951 -2.3816
 -1.8337 -1.4028 -1.0828 -0.8494 -0.6777 -0.4043 -0.2355 -0.1182 -0.0350  0.0258
  0.0718  0.1066  0.1317  0.1482  0.1561
 -5.4278 -5.0451 -4.7026 -4.4126 -4.1877 -4.0083 -3.8209 -3.4904 -2.9949 -2.4367
 -1.9105 -1.4756 -1.1406 -0.8911 -0.7060 -0.4153 -0.2416 -0.1221 -0.0383  0.0216
  0.0660  0.0993  0.1234  0.1396  0.1490  0.1510
 -5.3187 -4.9475 -4.6006 -4.2862 -4.0135 -3.7888 -3.5976 -3.3446 -2.9576 -2.4735
 -1.9824 -1.5517 -1.2071 -0.9425 -0.7432 -0.4307 -0.2504 -0.1280 -0.0425  0.0174
  0.0607  0.0926  0.1155  0.1308  0.1400  0.1437  0.1404  0.1295  0.1133  0.0931
 -4.9623 -4.6137 -4.3829 -4.1163 -3.8598 -3.6184 -3.3969 -3.1747 -2.8740 -2.4751
 -2.0349 -1.6225 -1.2748 -0.9994 -0.7873 -0.4502 -0.2613 -0.1354 -0.0475  0.0134
  0.0562  0.0868  0.1084  0.1225  0.1308  0.1342  0.1324  0.1245  0.1089  0.0891
  0.0651
 -4.6003 -4.2328 -3.9484 -3.7307 -3.5506 -3.3806 -3.1999 -2.9963 -2.7490 -2.4302
 -2.0541 -1.6751 -1.3368 -1.0576 -0.8354 -0.4737 -0.2734 -0.1438 -0.0530  0.0098
  0.0527  0.0824  0.1026  0.1153  0.1221  0.1243  0.1221  0.1152  0.1029  0.0835
  0.0598
 -4.4981 -4.0504 -3.6776 -3.3844 -3.1612 -2.9874 -2.8410 -2.6983 -2.5260 -2.2943
 -2.0060 -1.6870 -1.3776 -1.1057 -0.8804 -0.4988 -0.2853 -0.1512 -0.0577  0.0073
  0.0511  0.0802  0.0990  0.1101  0.1151  0.1154  0.1116  0.1039  0.0921  0.0755
  0.0526
 -4.5563 -4.0605 -3.6197 -3.2490 -2.9503 -2.7149 -2.5254 -2.3604 -2.1985 -2.0179
 -1.8094 -1.5824 -1.3505 -1.1263 -0.9203 -0.5309 -0.3015 -0.1606 -0.0640  0.0039
  0.0496  0.0790  0.0970  0.1066  0.1098  0.1080  0.1019  0.0924  0.0796  0.0633
  0.0430
 -4.6820 -4.1658 -3.6868 -3.2590 -2.8945 -2.5932 -2.3475 -2.1421 -1.9588 -1.7791
 -1.5920 -1.4013 -1.2161 -1.0446 -0.8880 -0.5577 -0.3205 -0.1707 -0.0703  0.0005
  0.0487  0.0793  0.0971  0.1055  0.1070  0.1031  0.0945  0.0824  0.0674  0.0498
  0.0294
 -4.7937 -4.2886 -3.7986 -3.3445 -2.9356 -2.5819 -2.2833 -2.0335 -1.8207 -1.6308
 -1.4512 -1.2764 -1.1088 -0.9551 -0.7835 -0.5792 -0.3423 -0.1815 -0.0766
 [Fe/H] =  0.75 [alpha/Fe] = 0.00 BC value = F606W
 -6.2168 -6.6457 -6.6213 -6.1213 -5.3269 -4.5898 -4.1528 -3.9556 -3.3619 -2.6768
 -2.0084 -1.5134 -1.1681 -0.9249 -0.7335 -0.4337
 -5.8947 -5.9235 -5.8253 -5.6134 -5.2995 -4.8937 -4.4051 -3.8417 -3.2065 -2.5172
 -1.8960 -1.4316 -1.1050 -0.8730 -0.7007 -0.4170 -0.2427 -0.1191 -0.0264
 -5.6562 -5.4438 -5.2991 -5.2116 -5.1354 -4.9404 -4.4999 -3.8121 -3.1541 -2.4868
 -1.8889 -1.4299 -1.1000 -0.8632 -0.6895 -0.4084 -0.2338 -0.1116 -0.0220  0.0457
  0.0985
 -5.5013 -5.2068 -5.0427 -4.9158 -4.8344 -4.7298 -4.4371 -3.8229 -3.1632 -2.5194
 -1.9360 -1.4723 -1.1296 -0.8807 -0.6979 -0.4079 -0.2315 -0.1094 -0.0219  0.0429
  0.0924  0.1301  0.1571
 -5.4147 -5.1010 -4.8470 -4.6631 -4.5429 -4.4417 -4.2484 -3.8053 -3.1927 -2.5799
 -2.0099 -1.5413 -1.1827 -0.9175 -0.7216 -0.4151 -0.2342 -0.1109 -0.0237  0.0396
  0.0875  0.1236  0.1500  0.1672  0.1750
 -5.3749 -5.0232 -4.7174 -4.4712 -4.2975 -4.1667 -4.0178 -3.7134 -3.2101 -2.6404
 -2.0944 -1.6243 -1.2520 -0.9692 -0.7578 -0.4287 -0.2410 -0.1150 -0.0269  0.0359
  0.0823  0.1172  0.1427  0.1600  0.1696  0.1711
 -5.3286 -4.9653 -4.6324 -4.3410 -4.1035 -3.9255 -3.7796 -3.5595 -3.1865 -2.6892
 -2.1741 -1.7114 -1.3302 -1.0317 -0.8046 -0.4482 -0.2509 -0.1213 -0.0312  0.0321
  0.0776  0.1113  0.1357  0.1522  0.1621  0.1658  0.1619  0.1502  0.1342  0.1126
 -5.1210 -4.8070 -4.5067 -4.2217 -3.9628 -3.7398 -3.5574 -3.3742 -3.0999 -2.7008
 -2.2379 -1.7922 -1.4088 -1.1003 -0.8589 -0.4734 -0.2633 -0.1293 -0.0365  0.0281
  0.0734  0.1060  0.1293  0.1449  0.1541  0.1579  0.1561  0.1475  0.1313  0.1109
  0.0854
 -4.6882 -4.4026 -4.1613 -3.9558 -3.7634 -3.5670 -3.3732 -3.1853 -2.9648 -2.6588
 -2.2673 -1.8565 -1.4842 -1.1699 -0.9176 -0.5038 -0.2781 -0.1387 -0.0427  0.0241
  0.0700  0.1019  0.1240  0.1384  0.1466  0.1497  0.1478  0.1409  0.1277  0.1072
  0.0825
 -4.4821 -4.0908 -3.7802 -3.5425 -3.3670 -3.2291 -3.1028 -2.9654 -2.7910 -2.5526
 -2.2411 -1.8844 -1.5355 -1.2280 -0.9723 -0.5361 -0.2936 -0.1475 -0.0483  0.0209
  0.0680  0.0997  0.1207  0.1337  0.1405  0.1422  0.1393  0.1320  0.1198  0.1020
  0.0774
 -4.4818 -4.0269 -3.6344 -3.3146 -3.0680 -2.8810 -2.7352 -2.6119 -2.4897 -2.3373
 -2.1249 -1.8562 -1.5615 -1.2781 -1.0280 -0.5760 -0.3145 -0.1589 -0.0558  0.0165
  0.0658  0.0982  0.1187  0.1305  0.1359  0.1359  0.1314  0.1227  0.1100  0.0927
  0.0710
 -4.5922 -4.1051 -3.6585 -3.2702 -2.9490 -2.6924 -2.4895 -2.3240 -2.1776 -2.0315
 -1.8678 -1.6766 -1.4663 -1.2510 -1.0438 -0.6159 -0.3391 -0.1718 -0.0636  0.0118
  0.0639  0.0978  0.1185  0.1295  0.1334  0.1317  0.1252  0.1146  0.1003  0.0822
  0.0602
 -4.7298 -4.2368 -3.7670 -3.3376 -2.9596 -2.6404 -2.3776 -2.1617 -1.9790 -1.8142
 -1.6520 -1.4826 -1.3095 -1.1374 -1.0197 -0.6558 -0.3674 -0.1862 -0.0717
 [Fe/H] =  1.00 [alpha/Fe] = 0.00 BC value = F606W
 -6.0734 -5.2485 -4.2741 -3.9339 -3.8910 -4.0501 -4.1554 -3.9605 -3.4675 -2.8407
 -2.1757 -1.6350 -1.2520 -0.9800 -0.7822 -0.4435
 -5.7729 -5.7930 -5.6997 -5.5051 -5.2193 -4.8516 -4.4100 -3.9017 -3.3309 -2.7011
 -2.0689 -1.5627 -1.1974 -0.9357 -0.7432 -0.4304 -0.2413 -0.1137 -0.0166
 -5.5447 -5.8628 -5.9586 -5.8549 -5.5719 -5.1272 -4.5425 -3.8901 -3.2900 -2.6707
 -2.0653 -1.5692 -1.2009 -0.9334 -0.7367 -0.4246 -0.2360 -0.1071 -0.0144  0.0559
  0.1096
 -5.3888 -5.4580 -5.0506 -4.9835 -4.9488 -4.8768 -4.5528 -3.9257 -3.3065 -2.6973
 -2.1146 -1.6196 -1.2396 -0.9588 -0.7514 -0.4261 -0.2355 -0.1063 -0.0144  0.0536
  0.1050  0.1444  0.1725
 -5.3000 -5.0365 -4.8392 -4.7150 -4.6483 -4.5867 -4.4208 -3.9678 -3.3542 -2.7567
 -2.1909 -1.6967 -1.3022 -1.0045 -0.7822 -0.4359 -0.2391 -0.1080 -0.0161  0.0507
  0.1006  0.1387  0.1666  0.1848  0.1927
 -5.2660 -4.9546 -4.6952 -4.5024 -4.3841 -4.3006 -4.1856 -3.9028 -3.3934 -2.8217
 -2.2747 -1.7850 -1.3813 -1.0660 -0.8269 -0.4529 -0.2467 -0.1124 -0.0191  0.0474
  0.0963  0.1331  0.1603  0.1789  0.1891  0.1902
 -5.2518 -4.9140 -4.6112 -4.3579 -4.1673 -4.0399 -3.9359 -3.7451 -3.3837 -2.8792
 -2.3583 -1.8783 -1.4688 -1.1390 -0.8833 -0.4773 -0.2578 -0.1190 -0.0234  0.0439
  0.0922  0.1279  0.1540  0.1722  0.1834  0.1869  0.1824  0.1716  0.1554  0.1330
 -5.1615 -4.8368 -4.5348 -4.2575 -4.0192 -3.8308 -3.6932 -3.5468 -3.2964 -2.8996
 -2.4271 -1.9660 -1.5561 -1.2181 -0.9479 -0.5089 -0.2723 -0.1275 -0.0288  0.0400
  0.0884  0.1234  0.1485  0.1658  0.1767  0.1813  0.1790  0.1698  0.1541  0.1334
  0.1068
 -4.7994 -4.5597 -4.3248 -4.0954 -3.8761 -3.6719 -3.4923 -3.3396 -3.1486 -2.8606
 -2.4646 -2.0356 -1.6383 -1.2972 -1.0165 -0.5473 -0.2904 -0.1379 -0.0354  0.0358
  0.0852  0.1196  0.1438  0.1601  0.1697  0.1737  0.1727  0.1658  0.1521  0.1316
  0.1063
 -4.4733 -4.1473 -3.9006 -3.7145 -3.5681 -3.4326 -3.2907 -3.1400 -2.9710 -2.7494
 -2.4427 -2.0710 -1.6978 -1.3630 -1.0801 -0.5874 -0.3103 -0.1480 -0.0417  0.0323
  0.0831  0.1176  0.1410  0.1561  0.1646  0.1676  0.1657  0.1591  0.1471  0.1287
  0.1033
 -4.3954 -3.9926 -3.6537 -3.3891 -3.1932 -3.0495 -2.9401 -2.8451 -2.7407 -2.5919
 -2.3661 -2.0694 -1.7403 -1.4243 -1.1449 -0.6355 -0.3368 -0.1619 -0.0502  0.0270
  0.0804  0.1159  0.1390  0.1532  0.1606  0.1624  0.1593  0.1518  0.1397  0.1223
  0.0998
 -4.4691 -4.0200 -3.6155 -3.2734 -2.9991 -2.7877 -2.6268 -2.5005 -2.3927 -2.2854
 -2.1523 -1.9614 -1.7152 -1.4469 -1.1894 -0.6841 -0.3675 -0.1781 -0.0596  0.0214
  0.0776  0.1150  0.1386  0.1522  0.1585  0.1589  0.1543  0.1454  0.1322  0.1146
  0.0925
 -4.6103 -4.1424 -3.7024 -3.3047 -2.9635 -2.6834 -2.4587 -2.2793 -2.1313 -1.9989
 -1.8678 -1.7229 -1.5528 -1.3615 -1.2136 -0.7332 -0.4024 -0.1966 -0.0699
