 [Fe/H] = -4.00 [alpha/Fe] = 0.40 BC value = F555W
 -0.1482  1.6917  2.9921  2.1078 -0.9270 -5.7805 -4.4418 -2.2895 -1.1136 -1.0790
 -0.9082 -0.7752 -1.1820 -1.6577 -1.7078 -1.0894
 -3.1733 -2.2584 -1.3898 -1.4557 -2.4411 -4.5410 -3.9114 -2.8786 -2.1355 -1.8331
 -1.5645 -1.4049 -1.5039 -1.6425 -1.5916 -1.0472 -0.7003 -0.4954 -0.4579
 -4.2428 -3.8668 -3.3633 -3.0549 -2.9681 -3.3956 -3.1666 -2.8130 -2.4393 -2.1113
 -1.8576 -1.6962 -1.6140 -1.5447 -1.4273 -0.9769 -0.6604 -0.4698 -0.3723 -0.2911
 -0.1524
 -3.3567 -3.1335 -2.9284 -2.6898 -2.5081 -2.3444 -2.2074 -2.0926 -2.0252 -1.9136
 -1.7876 -1.6493 -1.5124 -1.3643 -1.2149 -0.8785 -0.6308 -0.4566 -0.3330 -0.2423
 -0.1714 -0.1126 -0.0609
 -2.9732 -2.8066 -2.6449 -2.4668 -2.3033 -2.1458 -2.0014 -1.8730 -1.7596 -1.6549
 -1.5491 -1.4365 -1.3211 -1.2035 -1.0851 -0.8101 -0.5990 -0.4494 -0.3410 -0.2583
 -0.1921 -0.1364 -0.0873 -0.0444 -0.0076
 -2.6076 -2.4866 -2.3629 -2.2326 -2.0956 -1.9562 -1.8194 -1.6914 -1.5750 -1.4696
 -1.3719 -1.2770 -1.1798 -1.0834 -0.9848 -0.7566 -0.5738 -0.4426 -0.3469 -0.2724
 -0.2116 -0.1597 -0.1138 -0.0725 -0.0351 -0.0025
 -2.2599 -2.1735 -2.0824 -1.9872 -1.8850 -1.7756 -1.6614 -1.5478 -1.4395 -1.3388
 -1.2463 -1.1602 -1.0776 -0.9967 -0.9140 -0.7180 -0.5552 -0.4362 -0.3507 -0.2846
 -0.2299 -0.1825 -0.1403 -0.1015 -0.0657 -0.0330 -0.0041  0.0168  0.0267  0.0271
 -1.9301 -1.8673 -1.8034 -1.7386 -1.6695 -1.5933 -1.5093 -1.4199 -1.3287 -1.2396
 -1.1552 -1.0761 -1.0020 -0.9313 -0.8618 -0.6914 -0.5438 -0.4304 -0.3504 -0.2915
 -0.2438 -0.2022 -0.1647 -0.1299 -0.0970 -0.0660 -0.0364 -0.0119  0.0035  0.0076
  0.0016
 -1.6318 -1.5857 -1.5418 -1.5000 -1.4570 -1.4100 -1.3562 -1.2946 -1.2264 -1.1546
 -1.0823 -1.0121 -0.9452 -0.8816 -0.8200 -0.6713 -0.5361 -0.4271 -0.3476 -0.2921
 -0.2506 -0.2159 -0.1845 -0.1550 -0.1265 -0.0989 -0.0728 -0.0475 -0.0272 -0.0162
 -0.0175
 -1.3670 -1.3354 -1.3074 -1.2827 -1.2585 -1.2332 -1.2037 -1.1676 -1.1235 -1.0717
 -1.0150 -0.9562 -0.8975 -0.8403 -0.7848 -0.6518 -0.5276 -0.4232 -0.3441 -0.2880
 -0.2496 -0.2211 -0.1967 -0.1738 -0.1513 -0.1287 -0.1064 -0.0850 -0.0654 -0.0507
 -0.0413
 -1.1369 -1.1189 -1.1032 -1.0896 -1.0784 -1.0676 -1.0552 -1.0390 -1.0163 -0.9852
 -0.9463 -0.9018 -0.8539 -0.8044 -0.7548 -0.6335 -0.5200 -0.4198 -0.3414 -0.2838
 -0.2447 -0.2191 -0.2006 -0.1849 -0.1694 -0.1533 -0.1367 -0.1197 -0.1031 -0.0880
 -0.0737
 -0.9553 -0.9362 -0.9246 -0.9198 -0.9177 -0.9163 -0.9152 -0.9124 -0.9054 -0.8903
 -0.8676 -0.8386 -0.8046 -0.7667 -0.7258 -0.6174 -0.5108 -0.4155 -0.3377 -0.2798
 -0.2391 -0.2130 -0.1972 -0.1870 -0.1787 -0.1699 -0.1602 -0.1493 -0.1377 -0.1260
 -0.1155
 -0.8222 -0.7873 -0.7716 -0.7733 -0.7764 -0.7793 -0.7854 -0.7913 -0.7945 -0.7921
 -0.7837 -0.7698 -0.7510 -0.7272 -0.6979 -0.6038 -0.5000 -0.4103 -0.3330
 [Fe/H] = -3.00 [alpha/Fe] = 0.40 BC value = F555W
 -3.6614 -3.2856 -3.0356 -2.9046 -2.8918 -3.3045 -3.0353 -2.7817 -2.5807 -2.4125
 -2.1824 -1.9510 -1.8343 -1.7627 -1.6388 -1.1615
 -3.5069 -3.1433 -2.8822 -2.7140 -2.6350 -2.7972 -2.6340 -2.4675 -2.3145 -2.1697
 -1.9988 -1.8251 -1.6920 -1.5755 -1.4382 -1.0369 -0.7226 -0.4989 -0.3411
 -3.3457 -3.0007 -2.7379 -2.5459 -2.4190 -2.4055 -2.3033 -2.1923 -2.0739 -1.9494
 -1.8200 -1.6867 -1.5502 -1.4115 -1.2710 -0.9325 -0.6664 -0.4727 -0.3341 -0.2322
 -0.1535
 -3.1778 -2.8578 -2.6027 -2.4003 -2.2438 -2.1294 -2.0432 -1.9562 -1.8588 -1.7517
 -1.6462 -1.5357 -1.4090 -1.2707 -1.1372 -0.8483 -0.6217 -0.4540 -0.3320 -0.2404
 -0.1681 -0.1085 -0.0566
 -3.0032 -2.7146 -2.4766 -2.2772 -2.1093 -1.9689 -1.8537 -1.7592 -1.6692 -1.5765
 -1.4773 -1.3722 -1.2683 -1.1532 -1.0368 -0.7843 -0.5885 -0.4428 -0.3349 -0.2521
 -0.1855 -0.1295 -0.0811 -0.0386 -0.0022
 -2.8219 -2.5711 -2.3596 -2.1766 -2.0155 -1.8732 -1.7475 -1.6375 -1.5402 -1.4505
 -1.3594 -1.2624 -1.1670 -1.0682 -0.9652 -0.7383 -0.5638 -0.4350 -0.3396 -0.2650
 -0.2040 -0.1519 -0.1062 -0.0653 -0.0286  0.0037
 -2.6290 -2.4160 -2.2344 -2.0741 -1.9293 -1.7963 -1.6737 -1.5609 -1.4581 -1.3635
 -1.2733 -1.1842 -1.0945 -1.0090 -0.9176 -0.7082 -0.5461 -0.4278 -0.3424 -0.2763
 -0.2214 -0.1739 -0.1319 -0.0936 -0.0584 -0.0265  0.0016  0.0218  0.0311  0.0313
 -2.4346 -2.2536 -2.0994 -1.9628 -1.8372 -1.7193 -1.6072 -1.5007 -1.3997 -1.3049
 -1.2154 -1.1291 -1.0443 -0.9638 -0.8825 -0.6906 -0.5353 -0.4214 -0.3414 -0.2825
 -0.2347 -0.1931 -0.1557 -0.1214 -0.0892 -0.0590 -0.0316 -0.0075  0.0083  0.0119
  0.0057
 -2.1235 -2.0548 -1.9607 -1.8439 -1.7366 -1.6352 -1.5368 -1.4410 -1.3479 -1.2576
 -1.1709 -1.0879 -1.0076 -0.9298 -0.8547 -0.6775 -0.5300 -0.4171 -0.3355 -0.2827
 -0.2379 -0.2065 -0.1752 -0.1462 -0.1184 -0.0915 -0.0662 -0.0457 -0.0304 -0.0198
 -0.0135
 -2.0375 -1.9122 -1.8077 -1.7222 -1.6289 -1.5417 -1.4573 -1.3741 -1.2916 -1.2097
 -1.1290 -1.0505 -0.9745 -0.9011 -0.8303 -0.6638 -0.5236 -0.4137 -0.3334 -0.2781
 -0.2402 -0.2117 -0.1875 -0.1650 -0.1430 -0.1211 -0.0995 -0.0788 -0.0600 -0.0448
 -0.0372
 -1.8995 -1.7862 -1.6888 -1.6057 -1.5220 -1.4443 -1.3713 -1.2999 -1.2290 -1.1577
 -1.0859 -1.0143 -0.9439 -0.8754 -0.8091 -0.6523 -0.5183 -0.4109 -0.3305 -0.2735
 -0.2353 -0.2100 -0.1917 -0.1762 -0.1612 -0.1457 -0.1298 -0.1135 -0.0975 -0.0831
 -0.0694
 -1.7708 -1.6770 -1.5872 -1.5012 -1.4265 -1.3598 -1.2964 -1.2183 -1.1576 -1.0968
 -1.0353 -0.9729 -0.9099 -0.8474 -0.7861 -0.6405 -0.5117 -0.4073 -0.3271 -0.2691
 -0.2294 -0.2040 -0.1886 -0.1788 -0.1708 -0.1625 -0.1534 -0.1431 -0.1321 -0.1210
 -0.1111
 -1.6515 -1.5845 -1.5030 -1.4087 -1.3423 -1.2883 -1.2069 -1.1513 -1.0969 -1.0274
 -0.9754 -0.9228 -0.8690 -0.8143 -0.7613 -0.6284 -0.5038 -0.4029 -0.3232
 [Fe/H] = -2.50 [alpha/Fe] = 0.40 BC value = F555W
 -4.6186 -4.3648 -4.1907 -3.8667 -3.3992 -3.0169 -2.8705 -2.8392 -2.7467 -2.5510
 -2.3252 -2.0932 -1.8859 -1.7086 -1.5336 -1.1270
 -4.0847 -3.7383 -3.4880 -3.2134 -2.9111 -2.6649 -2.5248 -2.4381 -2.3329 -2.1877
 -2.0240 -1.8470 -1.6701 -1.5050 -1.3480 -0.9992 -0.7126 -0.4945 -0.3231
 -3.6785 -3.2749 -2.9745 -2.7288 -2.5277 -2.3666 -2.2354 -2.1212 -2.0118 -1.8990
 -1.7768 -1.6406 -1.4914 -1.3407 -1.1993 -0.8962 -0.6538 -0.4671 -0.3251 -0.2206
 -0.1488
 -3.4000 -2.9746 -2.6502 -2.4129 -2.2490 -2.1220 -2.0023 -1.8885 -1.7834 -1.6849
 -1.5836 -1.4740 -1.3498 -1.2157 -1.0875 -0.8180 -0.6087 -0.4474 -0.3269 -0.2353
 -0.1626 -0.1030 -0.0525
 -3.2492 -2.8374 -2.5151 -2.2657 -2.0750 -1.9311 -1.8255 -1.7400 -1.6477 -1.5454
 -1.4444 -1.3472 -1.2453 -1.1300 -1.0126 -0.7646 -0.5773 -0.4354 -0.3286 -0.2459
 -0.1792 -0.1232 -0.0749 -0.0318  0.0049
 -3.1384 -2.7509 -2.4433 -2.1992 -2.0045 -1.8487 -1.7230 -1.6201 -1.5344 -1.4539
 -1.3625 -1.2636 -1.1685 -1.0696 -0.9638 -0.7303 -0.5562 -0.4276 -0.3321 -0.2577
 -0.1967 -0.1448 -0.0992 -0.0587 -0.0225  0.0093
 -3.0261 -2.6717 -2.3860 -2.1548 -1.9655 -1.8081 -1.6756 -1.5626 -1.4639 -1.3752
 -1.2918 -1.2062 -1.1166 -1.0271 -0.9310 -0.7094 -0.5424 -0.4213 -0.3342 -0.2678
 -0.2131 -0.1659 -0.1241 -0.0863 -0.0516 -0.0203  0.0071  0.0267  0.0357  0.0357
 -2.9017 -2.5835 -2.3240 -2.1103 -1.9312 -1.7787 -1.6464 -1.5299 -1.4260 -1.3314
 -1.2429 -1.1577 -1.0732 -0.9918 -0.9068 -0.6978 -0.5339 -0.4157 -0.3330 -0.2733
 -0.2256 -0.1843 -0.1474 -0.1134 -0.0817 -0.0521 -0.0255 -0.0021  0.0131  0.0163
  0.0100
 -2.7728 -2.4874 -2.2530 -2.0579 -1.8916 -1.7471 -1.6191 -1.5039 -1.3991 -1.3027
 -1.2124 -1.1262 -1.0428 -0.9619 -0.8839 -0.6905 -0.5300 -0.4115 -0.3294 -0.2732
 -0.2316 -0.1972 -0.1663 -0.1376 -0.1103 -0.0841 -0.0594 -0.0372 -0.0186 -0.0071
 -0.0093
 -2.6441 -2.3880 -2.1746 -1.9957 -1.8420 -1.7065 -1.5847 -1.4737 -1.3715 -1.2763
 -1.1867 -1.1015 -1.0194 -0.9398 -0.8635 -0.6808 -0.5266 -0.4083 -0.3245 -0.2684
 -0.2305 -0.2022 -0.1783 -0.1561 -0.1346 -0.1132 -0.0924 -0.0724 -0.0543 -0.0399
 -0.0328
 -2.5332 -2.3014 -2.1017 -1.9330 -1.7884 -1.6608 -1.5455 -1.4394 -1.3410 -1.2492
 -1.1623 -1.0796 -1.0001 -0.9233 -0.8491 -0.6734 -0.5239 -0.4072 -0.3218 -0.2634
 -0.2254 -0.2005 -0.1825 -0.1673 -0.1527 -0.1377 -0.1224 -0.1068 -0.0916 -0.0778
 -0.0648
 -2.4447 -2.2294 -2.0399 -1.8754 -1.7337 -1.6105 -1.5001 -1.3987 -1.3044 -1.2162
 -1.1331 -1.0542 -0.9784 -0.9052 -0.8342 -0.6664 -0.5206 -0.4050 -0.3193 -0.2589
 -0.2192 -0.1944 -0.1795 -0.1700 -0.1623 -0.1544 -0.1459 -0.1362 -0.1259 -0.1155
 -0.1062
 -2.3786 -2.1720 -1.9908 -1.8279 -1.6855 -1.5614 -1.4519 -1.3533 -1.2623 -1.1775
 -1.0979 -1.0228 -0.9514 -0.8827 -0.8188 -0.6598 -0.5167 -0.4017 -0.3170
 [Fe/H] = -2.00 [alpha/Fe] = 0.40 BC value = F555W
 -5.3384 -4.8542 -4.4583 -4.1611 -3.8517 -3.5485 -3.2398 -2.9382 -2.6551 -2.4061
 -2.1805 -1.9715 -1.7796 -1.6037 -1.3993 -1.0546
 -4.9365 -4.4350 -4.0002 -3.6263 -3.3065 -3.0257 -2.7686 -2.5262 -2.3038 -2.1055
 -1.9213 -1.7434 -1.5709 -1.4099 -1.2488 -0.9398 -0.6885 -0.4860 -0.3320
 -4.5322 -4.0206 -3.5773 -3.2033 -2.8918 -2.6318 -2.4100 -2.2096 -2.0301 -1.8689
 -1.7173 -1.5670 -1.4146 -1.2672 -1.1319 -0.8505 -0.6308 -0.4568 -0.3228 -0.2209
 -0.1406
 -4.1255 -3.6110 -3.1896 -2.8921 -2.6075 -2.3669 -2.1640 -1.9884 -1.8340 -1.6963
 -1.5685 -1.4423 -1.3107 -1.1756 -1.0486 -0.7867 -0.5892 -0.4363 -0.3183 -0.2271
 -0.1537 -0.0946 -0.0449
 -3.8241 -3.3081 -2.9023 -2.5925 -2.3533 -2.1607 -1.9946 -1.8411 -1.6998 -1.5728
 -1.4578 -1.3492 -1.2383 -1.1185 -0.9989 -0.7484 -0.5637 -0.4245 -0.3185 -0.2361
 -0.1695 -0.1136 -0.0654 -0.0228  0.0131
 -3.7025 -3.1820 -2.7625 -2.4385 -2.1907 -1.9992 -1.8474 -1.7210 -1.6085 -1.4994
 -1.3878 -1.2825 -1.1827 -1.0801 -0.9701 -0.7275 -0.5491 -0.4183 -0.3209 -0.2462
 -0.1854 -0.1337 -0.0886 -0.0486 -0.0131  0.0178
 -3.6443 -3.1254 -2.7051 -2.3724 -2.1109 -1.9053 -1.7430 -1.6132 -1.5077 -1.4206
 -1.3364 -1.2425 -1.1459 -1.0504 -0.9516 -0.7172 -0.5413 -0.4144 -0.3228 -0.2547
 -0.2002 -0.1535 -0.1122 -0.0750 -0.0412 -0.0108  0.0156  0.0343  0.0430  0.0431
 -3.5922 -3.0930 -2.6809 -2.3514 -2.0898 -1.8814 -1.7135 -1.5763 -1.4618 -1.3631
 -1.2755 -1.1947 -1.1126 -1.0271 -0.9370 -0.7131 -0.5374 -0.4115 -0.3227 -0.2596
 -0.2113 -0.1706 -0.1342 -0.1010 -0.0701 -0.0415 -0.0160  0.0062  0.0206  0.0237
  0.0173
 -3.5277 -3.0562 -2.6623 -2.3423 -2.0846 -1.8765 -1.7060 -1.5640 -1.4436 -1.3390
 -1.2448 -1.1577 -1.0756 -0.9972 -0.9187 -0.7113 -0.5363 -0.4092 -0.3205 -0.2598
 -0.2169 -0.1825 -0.1523 -0.1242 -0.0978 -0.0724 -0.0490 -0.0278 -0.0104  0.0004
 -0.0021
 -3.4409 -3.0014 -2.6329 -2.3278 -2.0786 -1.8739 -1.7036 -1.5594 -1.4353 -1.3264
 -1.2285 -1.1382 -1.0529 -0.9718 -0.8953 -0.7051 -0.5357 -0.4065 -0.3163 -0.2557
 -0.2157 -0.1872 -0.1636 -0.1420 -0.1212 -0.1008 -0.0810 -0.0622 -0.0453 -0.0320
 -0.0257
 -3.3448 -2.9499 -2.6068 -2.3168 -2.0753 -1.8743 -1.7046 -1.5592 -1.4327 -1.3211
 -1.2207 -1.1286 -1.0422 -0.9601 -0.8820 -0.6989 -0.5368 -0.4072 -0.3140 -0.2511
 -0.2109 -0.1854 -0.1676 -0.1528 -0.1388 -0.1246 -0.1102 -0.0958 -0.0817 -0.0692
 -0.0573
 -3.2548 -2.9000 -2.5833 -2.3081 -2.0736 -1.8747 -1.7050 -1.5583 -1.4297 -1.3158
 -1.2135 -1.1205 -1.0341 -0.9524 -0.8744 -0.6936 -0.5359 -0.4081 -0.3127 -0.2469
 -0.2047 -0.1793 -0.1645 -0.1554 -0.1483 -0.1411 -0.1333 -0.1247 -0.1154 -0.1062
 -0.0980
 -3.1739 -2.8551 -2.5675 -2.3089 -2.0794 -1.8795 -1.7078 -1.5582 -1.4265 -1.3098
 -1.2052 -1.1107 -1.0243 -0.9438 -0.8725 -0.6892 -0.5330 -0.4092 -0.3124
 [Fe/H] = -1.50 [alpha/Fe] = 0.40 BC value = F555W
 -6.2320 -5.8727 -5.5181 -5.1546 -4.7983 -4.3853 -3.8835 -3.2993 -2.7943 -2.4009
 -2.0954 -1.8526 -1.6510 -1.4780 -1.3248 -1.0040
 -5.7834 -5.3361 -4.9211 -4.5280 -4.1546 -3.7694 -3.3390 -2.8694 -2.4668 -2.1448
 -1.8861 -1.6712 -1.4864 -1.3250 -1.1825 -0.8902 -0.6601 -0.4734 -0.3250
 -5.4211 -4.9209 -4.4645 -4.0481 -3.6644 -3.3013 -2.9304 -2.5490 -2.2209 -1.9515
 -1.7289 -1.5380 -1.3687 -1.2173 -1.0827 -0.8099 -0.6033 -0.4407 -0.3116 -0.2102
 -0.1292
 -5.1451 -4.6271 -4.1483 -3.7149 -3.3278 -2.9809 -2.6577 -2.3381 -2.0566 -1.8210
 -1.6238 -1.4530 -1.2979 -1.1549 -1.0254 -0.7631 -0.5694 -0.4215 -0.3058 -0.2147
 -0.1418 -0.0814 -0.0311
 -4.7756 -4.2567 -3.8409 -3.4502 -3.0853 -2.7537 -2.4584 -2.1846 -1.9377 -1.7265
 -1.5480 -1.3938 -1.2535 -1.1204 -0.9957 -0.7389 -0.5514 -0.4118 -0.3050 -0.2218
 -0.1550 -0.0992 -0.0515 -0.0097  0.0253
 -4.4520 -3.9194 -3.4759 -3.1053 -2.7927 -2.5253 -2.2884 -2.0606 -1.8464 -1.6558
 -1.4909 -1.3483 -1.2208 -1.0999 -0.9820 -0.7290 -0.5434 -0.4080 -0.3070 -0.2298
 -0.1686 -0.1174 -0.0728 -0.0337  0.0009  0.0301
 -4.3341 -3.7603 -3.2762 -2.8767 -2.5503 -2.2831 -2.0654 -1.8879 -1.7350 -1.5916
 -1.4494 -1.3158 -1.1947 -1.0835 -0.9751 -0.7274 -0.5412 -0.4071 -0.3095 -0.2370
 -0.1811 -0.1349 -0.0944 -0.0581 -0.0255  0.0035  0.0282  0.0456  0.0537  0.0542
 -4.3175 -3.7172 -3.2045 -2.7826 -2.4409 -2.1656 -1.9428 -1.7605 -1.6095 -1.4852
 -1.3803 -1.2799 -1.1753 -1.0706 -0.9691 -0.7304 -0.5426 -0.4074 -0.3112 -0.2418
 -0.1906 -0.1498 -0.1144 -0.0822 -0.0526 -0.0255 -0.0016  0.0184  0.0320  0.0350
  0.0291
 -4.3342 -3.7289 -3.2013 -2.7612 -2.4049 -2.1197 -1.8907 -1.7048 -1.5520 -1.4237
 -1.3139 -1.2191 -1.1341 -1.0492 -0.9604 -0.7351 -0.5462 -0.4084 -0.3113 -0.2435
 -0.1930 -0.1602 -0.1306 -0.1037 -0.0785 -0.0547 -0.0329 -0.0123  0.0039  0.0119
  0.0094
 -4.3268 -3.7413 -3.2151 -2.7706 -2.4053 -2.1115 -1.8758 -1.6847 -1.5277 -1.3963
 -1.2834 -1.1839 -1.0942 -1.0125 -0.9349 -0.7347 -0.5494 -0.4085 -0.3093 -0.2413
 -0.1955 -0.1644 -0.1407 -0.1201 -0.1005 -0.0815 -0.0634 -0.0463 -0.0312 -0.0196
 -0.0142
 -4.2872 -3.7363 -3.2359 -2.7974 -2.4307 -2.1312 -1.8890 -1.6915 -1.5287 -1.3921
 -1.2749 -1.1720 -1.0790 -0.9933 -0.9137 -0.7289 -0.5545 -0.4118 -0.3088 -0.2384
 -0.1923 -0.1632 -0.1443 -0.1300 -0.1170 -0.1041 -0.0913 -0.0784 -0.0661 -0.0554
 -0.0452
 -4.2217 -3.7156 -3.2499 -2.8272 -2.4661 -2.1646 -1.9167 -1.7129 -1.5437 -1.4009
 -1.2784 -1.1711 -1.0750 -0.9870 -0.9050 -0.7207 -0.5563 -0.4159 -0.3094 -0.2354
 -0.1872 -0.1580 -0.1417 -0.1324 -0.1259 -0.1198 -0.1134 -0.1062 -0.0985 -0.0910
 -0.0846
 -4.1355 -3.6824 -3.2572 -2.8619 -2.5118 -2.2111 -1.9579 -1.7463 -1.5689 -1.4188
 -1.2898 -1.1774 -1.0775 -0.9870 -0.9088 -0.7101 -0.5548 -0.4208 -0.3111
 [Fe/H] = -1.00 [alpha/Fe] = 0.40 BC value = F555W
 -6.9042 -6.5958 -6.3049 -6.0201 -5.8051 -5.4603 -4.8494 -3.9690 -3.2472 -2.5148
 -2.0884 -1.7895 -1.5675 -1.3881 -1.2369 -0.9340
 -6.4327 -6.0711 -5.7428 -5.4361 -5.1565 -4.8022 -4.2623 -3.5263 -2.8449 -2.3147
 -1.9311 -1.6530 -1.4424 -1.2726 -1.1289 -0.8436 -0.6282 -0.4539 -0.3110
 -6.0815 -5.6695 -5.2997 -4.9627 -4.6389 -4.2841 -3.8123 -3.1999 -2.6342 -2.1747
 -1.8247 -1.5620 -1.3592 -1.1953 -1.0564 -0.7823 -0.5795 -0.4226 -0.2971 -0.1960
 -0.1151
 -5.8506 -5.3910 -4.9756 -4.5999 -4.2524 -3.9061 -3.4994 -2.9898 -2.5046 -2.0948
 -1.7692 -1.5165 -1.3179 -1.1562 -1.0194 -0.7501 -0.5539 -0.4062 -0.2909 -0.1987
 -0.1245 -0.0634 -0.0131
 -5.6547 -5.1798 -4.7370 -4.3294 -3.9552 -3.6052 -3.2507 -2.8294 -2.4095 -2.0414
 -1.7382 -1.4953 -1.3004 -1.1404 -1.0045 -0.7364 -0.5422 -0.3990 -0.2898 -0.2039
 -0.1353 -0.0790 -0.0315  0.0096  0.0433
 -5.2696 -4.8552 -4.4694 -4.0933 -3.7228 -3.3691 -3.0340 -2.6869 -2.3262 -1.9967
 -1.7158 -1.4843 -1.2947 -1.1372 -1.0024 -0.7342 -0.5392 -0.3973 -0.2917 -0.2103
 -0.1464 -0.0943 -0.0502 -0.0120  0.0216  0.0491
 -4.9375 -4.4573 -4.0529 -3.7071 -3.3986 -3.1093 -2.8220 -2.5318 -2.2337 -1.9473
 -1.6922 -1.4748 -1.2925 -1.1392 -1.0067 -0.7390 -0.5416 -0.3987 -0.2946 -0.2165
 -0.1565 -0.1087 -0.0687 -0.0336 -0.0026  0.0245  0.0467  0.0624  0.0691  0.0692
 -4.8187 -4.2726 -3.8029 -3.4073 -3.0737 -2.7841 -2.5249 -2.2887 -2.0640 -1.8497
 -1.6456 -1.4566 -1.2879 -1.1412 -1.0126 -0.7475 -0.5475 -0.4020 -0.2976 -0.2214
 -0.1645 -0.1210 -0.0855 -0.0547 -0.0268 -0.0017  0.0201  0.0376  0.0489  0.0508
  0.0454
 -4.8355 -4.2435 -3.7210 -3.2750 -2.9009 -2.5883 -2.3220 -2.0891 -1.8796 -1.6918
 -1.5299 -1.3901 -1.2604 -1.1352 -1.0161 -0.7579 -0.5558 -0.4066 -0.3002 -0.2243
 -0.1696 -0.1297 -0.0991 -0.0733 -0.0499 -0.0282 -0.0087  0.0083  0.0208  0.0288
  0.0272
 -4.9057 -4.2921 -3.7358 -3.2492 -2.8372 -2.4955 -2.2127 -1.9755 -1.7721 -1.5945
 -1.4392 -1.3057 -1.1929 -1.0941 -0.9991 -0.7654 -0.5635 -0.4108 -0.3012 -0.2244
 -0.1709 -0.1338 -0.1076 -0.0873 -0.0693 -0.0525 -0.0367 -0.0221 -0.0097 -0.0006
  0.0028
 -4.9748 -4.3710 -3.8027 -3.2928 -2.8521 -2.4827 -2.1787 -1.9293 -1.7221 -1.5472
 -1.3970 -1.2666 -1.1531 -1.0540 -0.9663 -0.7660 -0.5741 -0.4182 -0.3043 -0.2245
 -0.1703 -0.1344 -0.1114 -0.0961 -0.0841 -0.0730 -0.0624 -0.0518 -0.0421 -0.0341
 -0.0289
 -5.0030 -4.4215 -3.8725 -3.3597 -2.9053 -2.5166 -2.1937 -1.9289 -1.7117 -1.5318
 -1.3802 -1.2502 -1.1368 -1.0365 -0.9465 -0.7546 -0.5806 -0.4267 -0.3085 -0.2246
 -0.1680 -0.1318 -0.1104 -0.0988 -0.0922 -0.0873 -0.0826 -0.0776 -0.0724 -0.0675
 -0.0636
 -4.9910 -4.4503 -3.9238 -3.4294 -2.9757 -2.5790 -2.2429 -1.9633 -1.7335 -1.5438
 -1.3854 -1.2510 -1.1347 -1.0325 -0.9397 -0.7312 -0.5830 -0.4363 -0.3138
 [Fe/H] = -0.75 [alpha/Fe] = 0.30 BC value = F555W
 -7.0751 -6.7789 -6.5010 -6.2354 -6.0644 -5.7424 -5.1067 -4.1577 -3.3503 -2.5548
 -2.0942 -1.7771 -1.5457 -1.3634 -1.2108 -0.9097
 -6.6056 -6.2604 -5.9508 -5.6683 -5.4231 -5.0912 -4.5367 -3.7375 -2.9722 -2.3760
 -1.9534 -1.6546 -1.4337 -1.2595 -1.1138 -0.8283 -0.6143 -0.4446 -0.3046
 -6.2567 -5.8629 -5.5143 -5.2031 -4.9078 -4.5742 -4.0940 -3.4258 -2.7828 -2.2571
 -1.8640 -1.5770 -1.3617 -1.1917 -1.0499 -0.7735 -0.5706 -0.4151 -0.2905 -0.1893
 -0.1072
 -6.0284 -5.5864 -5.1915 -4.8398 -4.5184 -4.1914 -3.7786 -3.2226 -2.6710 -2.1981
 -1.8260 -1.5443 -1.3297 -1.1600 -1.0191 -0.7453 -0.5473 -0.3992 -0.2837 -0.1909
 -0.1160 -0.0546 -0.0044
 -5.8531 -5.3842 -4.9538 -4.5637 -4.2097 -3.8758 -3.5206 -3.0629 -2.5875 -2.1622
 -1.8117 -1.5360 -1.3211 -1.1502 -1.0087 -0.7346 -0.5371 -0.3922 -0.2821 -0.1951
 -0.1255 -0.0686 -0.0200  0.0208  0.0533
 -5.5320 -5.1219 -4.7241 -4.3387 -3.9690 -3.6214 -3.2872 -2.9154 -2.5093 -2.1300
 -1.8042 -1.5379 -1.3248 -1.1530 -1.0105 -0.7348 -0.5353 -0.3906 -0.2834 -0.2006
 -0.1352 -0.0824 -0.0381 -0.0001  0.0323  0.0591
 -5.1207 -4.6762 -4.3057 -3.9838 -3.6838 -3.3829 -3.0722 -2.7577 -2.4203 -2.0893
 -1.7924 -1.5404 -1.3324 -1.1617 -1.0190 -0.7414 -0.5389 -0.3925 -0.2861 -0.2060
 -0.1442 -0.0953 -0.0549 -0.0202  0.0103  0.0370  0.0582  0.0720  0.0779  0.0774
 -4.9444 -4.4225 -3.9785 -3.6100 -3.2978 -3.0208 -2.7650 -2.5174 -2.2638 -2.0061
 -1.7582 -1.5327 -1.3372 -1.1712 -1.0298 -0.7518 -0.5463 -0.3966 -0.2891 -0.2105
 -0.1514 -0.1062 -0.0701 -0.0395 -0.0123  0.0119  0.0323  0.0490  0.0588  0.0597
  0.0539
 -4.9324 -4.3564 -3.8509 -3.4211 -3.0624 -2.7602 -2.4971 -2.2586 -2.0350 -1.8269
 -1.6426 -1.4761 -1.3196 -1.1729 -1.0390 -0.7642 -0.5562 -0.4024 -0.2921 -0.2135
 -0.1563 -0.1142 -0.0824 -0.0565 -0.0337 -0.0130  0.0053  0.0210  0.0332  0.0387
  0.0350
 -5.0018 -4.3937 -3.8449 -3.3667 -2.9616 -2.6242 -2.3418 -2.0998 -1.8857 -1.6922
 -1.5196 -1.3715 -1.2467 -1.1357 -1.0289 -0.7747 -0.5657 -0.4081 -0.2943 -0.2141
 -0.1578 -0.1181 -0.0902 -0.0693 -0.0517 -0.0358 -0.0211 -0.0079  0.0034  0.0108
  0.0127
 -5.0914 -4.4841 -3.9121 -3.4015 -2.9593 -2.5874 -2.2794 -2.0238 -1.8082 -1.6221
 -1.4590 -1.3160 -1.1923 -1.0861 -0.9934 -0.7797 -0.5786 -0.4173 -0.2989 -0.2153
 -0.1579 -0.1193 -0.0940 -0.0775 -0.0655 -0.0550 -0.0454 -0.0361 -0.0278 -0.0213
 -0.0175
 -5.1481 -4.5596 -3.9973 -3.4740 -3.0105 -2.6125 -2.2797 -2.0057 -1.7795 -1.5904
 -1.4294 -1.2902 -1.1685 -1.0616 -0.9671 -0.7690 -0.5881 -0.4277 -0.3048 -0.2167
 -0.1567 -0.1175 -0.0936 -0.0803 -0.0731 -0.0684 -0.0646 -0.0606 -0.0567 -0.0531
 -0.0509
 -5.1647 -4.6071 -4.0667 -3.5571 -3.0884 -2.6762 -2.3255 -2.0328 -1.7918 -1.5927
 -1.4260 -1.2843 -1.1618 -1.0542 -0.9500 -0.7426 -0.5942 -0.4393 -0.3120
 [Fe/H] = -0.50 [alpha/Fe] = 0.20 BC value = F555W
 -7.2397 -6.9524 -6.6836 -6.4318 -6.2910 -5.9775 -5.3154 -4.4125 -3.4391 -2.6778
 -2.1030 -1.7680 -1.5255 -1.3382 -1.1853 -0.8867
 -6.7717 -6.4379 -6.1420 -5.8784 -5.6600 -5.3448 -4.7774 -3.9256 -3.0879 -2.4359
 -1.9772 -1.6584 -1.4265 -1.2467 -1.0990 -0.8129 -0.6015 -0.4354 -0.2984
 -6.4246 -6.0434 -5.7107 -5.4206 -5.1501 -4.8375 -4.3525 -3.6365 -2.9248 -2.3362
 -1.9035 -1.5933 -1.3655 -1.1888 -1.0436 -0.7640 -0.5611 -0.4070 -0.2835 -0.1821
 -0.0990
 -6.1984 -5.7689 -5.3897 -5.0584 -4.7614 -4.4557 -4.0407 -3.4470 -2.8329 -2.2984
 -1.8819 -1.5727 -1.3425 -1.1645 -1.0191 -0.7400 -0.5399 -0.3916 -0.2762 -0.1828
 -0.1068 -0.0449  0.0061
 -6.0363 -5.5735 -5.1540 -4.7797 -4.4460 -4.1316 -3.7792 -3.2921 -2.7649 -2.2820
 -1.8846 -1.5768 -1.3426 -1.1608 -1.0134 -0.7323 -0.5312 -0.3848 -0.2739 -0.1859
 -0.1151 -0.0573 -0.0093  0.0309  0.0638
 -5.7840 -5.3566 -4.9461 -4.5592 -4.1979 -3.8631 -3.5356 -3.1428 -2.6947 -2.2647
 -1.8928 -1.5917 -1.3554 -1.1697 -1.0193 -0.7349 -0.5307 -0.3834 -0.2747 -0.1904
 -0.1235 -0.0697 -0.0249  0.0130  0.0451  0.0712
 -5.3231 -4.9120 -4.5664 -4.2546 -3.9477 -3.6333 -3.3123 -2.9824 -2.6098 -2.2346
 -1.8945 -1.6067 -1.3727 -1.1849 -1.0319 -0.7438 -0.5359 -0.3857 -0.2770 -0.1952
 -0.1315 -0.0811 -0.0400 -0.0052  0.0248  0.0505  0.0705  0.0833  0.0884  0.0870
 -5.0802 -4.5803 -4.1639 -3.8228 -3.5334 -3.2726 -3.0206 -2.7583 -2.4713 -2.1685
 -1.8752 -1.6122 -1.3880 -1.2018 -1.0478 -0.7564 -0.5449 -0.3906 -0.2801 -0.1993
 -0.1380 -0.0908 -0.0536 -0.0227  0.0041  0.0274  0.0468  0.0619  0.0703  0.0704
  0.0637
 -5.0317 -4.4698 -3.9817 -3.5717 -3.2316 -2.9442 -2.6888 -2.4498 -2.2151 -1.9869
 -1.7737 -1.5728 -1.3839 -1.2132 -1.0634 -0.7710 -0.5565 -0.3979 -0.2839 -0.2023
 -0.1426 -0.0981 -0.0646 -0.0380 -0.0155  0.0044  0.0215  0.0359  0.0463  0.0505
  0.0457
 -5.0896 -4.4883 -3.9488 -3.4810 -3.0871 -2.7587 -2.4814 -2.2383 -2.0154 -1.8064
 -1.6167 -1.4532 -1.3129 -1.1848 -1.0615 -0.7843 -0.5681 -0.4054 -0.2872 -0.2036
 -0.1443 -0.1019 -0.0717 -0.0496 -0.0319 -0.0166 -0.0031  0.0088  0.0183  0.0244
  0.0246
 -5.1925 -4.5795 -4.0095 -3.5010 -3.0615 -2.6922 -2.3849 -2.1270 -1.9049 -1.7081
 -1.5312 -1.3748 -1.2401 -1.1260 -1.0260 -0.7944 -0.5831 -0.4166 -0.2935 -0.2059
 -0.1452 -0.1036 -0.0756 -0.0573 -0.0446 -0.0344 -0.0257 -0.0177 -0.0109 -0.0059
 -0.0039
 -5.2725 -4.6746 -4.1045 -3.5740 -3.1054 -2.7024 -2.3654 -2.0862 -1.8535 -1.6566
 -1.4861 -1.3367 -1.2058 -1.0916 -0.9921 -0.7855 -0.5960 -0.4291 -0.3012 -0.2088
 -0.1451 -0.1027 -0.0759 -0.0602 -0.0517 -0.0468 -0.0436 -0.0407 -0.0381 -0.0361
 -0.0354
 -5.3130 -4.7416 -4.1884 -3.6672 -3.1858 -2.7637 -2.4025 -2.1011 -1.8519 -1.6452
 -1.4713 -1.3222 -1.1928 -1.0792 -0.9598 -0.7576 -0.6068 -0.4429 -0.3103
 [Fe/H] = -0.25 [alpha/Fe] = 0.10 BC value = F555W
 -7.4176 -7.1302 -6.8637 -6.6180 -6.4858 -6.1582 -5.4725 -4.4759 -3.5085 -2.7125
 -2.1664 -1.7946 -1.5327 -1.3324 -1.1593 -0.8618
 -6.9488 -6.6182 -6.3286 -6.0762 -5.8720 -5.5605 -4.9724 -4.0736 -3.1880 -2.4882
 -2.0002 -1.6632 -1.4202 -1.2349 -1.0839 -0.7962 -0.5878 -0.4251 -0.2912
 -6.6019 -6.2257 -5.9013 -5.6247 -5.3716 -5.0728 -4.5727 -3.8195 -3.0472 -2.4066
 -1.9397 -1.6091 -1.3697 -1.1859 -1.0369 -0.7535 -0.5507 -0.3980 -0.2761 -0.1745
 -0.0910
 -6.3769 -5.9527 -5.5818 -5.2635 -4.9845 -4.6950 -4.2734 -3.6483 -2.9788 -2.3881
 -1.9323 -1.5992 -1.3550 -1.1685 -1.0183 -0.7337 -0.5316 -0.3834 -0.2682 -0.1743
 -0.0973 -0.0343  0.0173
 -6.2233 -5.7625 -5.3483 -4.9842 -4.6658 -4.3684 -4.0155 -3.5036 -2.9283 -2.3908
 -1.9503 -1.6143 -1.3629 -1.1709 -1.0175 -0.7291 -0.5243 -0.3767 -0.2654 -0.1764
 -0.1042 -0.0454  0.0033  0.0439  0.0762
 -6.0201 -5.5742 -5.1543 -4.7669 -4.4138 -4.0909 -3.7693 -3.3574 -2.8700 -2.3908
 -1.9744 -1.6409 -1.3838 -1.1855 -1.0277 -0.7342 -0.5253 -0.3755 -0.2656 -0.1800
 -0.1115 -0.0563 -0.0108  0.0274  0.0593  0.0848
 -5.5537 -5.1663 -4.8276 -4.5054 -4.1838 -3.8610 -3.5391 -3.1963 -2.7915 -2.3732
 -1.9905 -1.6682 -1.4102 -1.2070 -1.0445 -0.7454 -0.5320 -0.3783 -0.2676 -0.1841
 -0.1185 -0.0664 -0.0243  0.0109  0.0408  0.0656  0.0847  0.0963  0.1005  0.0982
 -5.2386 -4.7574 -4.3646 -4.0469 -3.7769 -3.5279 -3.2727 -2.9904 -2.6704 -2.3236
 -1.9869 -1.6869 -1.4352 -1.2308 -1.0650 -0.7604 -0.5429 -0.3842 -0.2709 -0.1879
 -0.1244 -0.0751 -0.0363 -0.0047  0.0221  0.0448  0.0634  0.0769  0.0838  0.0828
  0.0752
 -5.1503 -4.5976 -4.1222 -3.7301 -3.4090 -3.1372 -2.8922 -2.6558 -2.4115 -2.1606
 -1.9110 -1.6698 -1.4465 -1.2515 -1.0864 -0.7776 -0.5567 -0.3930 -0.2754 -0.1912
 -0.1289 -0.0819 -0.0462 -0.0184  0.0045  0.0238  0.0400  0.0532  0.0619  0.0643
  0.0583
 -5.1912 -4.5923 -4.0575 -3.5991 -3.2162 -2.8985 -2.6285 -2.3864 -2.1563 -1.9337
 -1.7292 -1.5486 -1.3876 -1.2373 -1.0948 -0.7937 -0.5703 -0.4024 -0.2799 -0.1930
 -0.1308 -0.0855 -0.0527 -0.0287 -0.0103  0.0049  0.0175  0.0281  0.0360  0.0403
  0.0386
 -5.2997 -4.6782 -4.1074 -3.5995 -3.1634 -2.7981 -2.4940 -2.2360 -2.0088 -1.8015
 -1.6109 -1.4417 -1.2966 -1.1734 -1.0640 -0.8091 -0.5877 -0.4158 -0.2880 -0.1965
 -0.1325 -0.0877 -0.0568 -0.0360 -0.0218 -0.0114 -0.0032  0.0036  0.0089  0.0121
  0.0122
 -5.3947 -4.7859 -4.2031 -3.6686 -3.1954 -2.7901 -2.4509 -2.1689 -1.9318 -1.7277
 -1.5477 -1.3880 -1.2475 -1.1262 -1.0217 -0.8040 -0.6040 -0.4307 -0.2979 -0.2011
 -0.1336 -0.0878 -0.0577 -0.0391 -0.0286 -0.0228 -0.0196 -0.0176 -0.0164 -0.0161
 -0.0172
 -5.4559 -4.8685 -4.3015 -3.7667 -3.2749 -2.8435 -2.4757 -2.1681 -1.9131 -1.7003
 -1.5196 -1.3634 -1.2268 -1.1069 -0.9679 -0.7784 -0.6192 -0.4471 -0.3096
 [Fe/H] =  0.00 [alpha/Fe] = 0.00 BC value = F555W
 -7.7097 -7.4047 -7.1134 -6.8041 -6.4271 -5.9382 -5.3018 -4.4897 -3.5473 -2.7374
 -2.1729 -1.7872 -1.5071 -1.3089 -1.1459 -0.8368
 -7.1727 -6.8311 -6.5328 -6.2769 -6.0360 -5.7105 -5.1048 -4.1627 -3.2542 -2.5262
 -2.0170 -1.6662 -1.4152 -1.2230 -1.0693 -0.7795 -0.5730 -0.4140 -0.2833
 -6.8227 -6.4378 -6.1075 -5.8305 -5.5814 -5.2807 -4.7449 -3.9500 -3.1353 -2.4586
 -1.9673 -1.6213 -1.3718 -1.1821 -1.0292 -0.7422 -0.5395 -0.3884 -0.2681 -0.1670
 -0.0831
 -6.5975 -6.1657 -5.7897 -5.4711 -5.1971 -4.9102 -4.4659 -3.8057 -3.0887 -2.4553
 -1.9708 -1.6198 -1.3642 -1.1708 -1.0159 -0.7259 -0.5223 -0.3744 -0.2600 -0.1659
 -0.0877 -0.0234  0.0291
 -6.4484 -5.9792 -5.5589 -5.1927 -4.8780 -4.5863 -4.2198 -3.6787 -3.0589 -2.4753
 -2.0008 -1.6434 -1.3787 -1.1783 -1.0195 -0.7241 -0.5164 -0.3680 -0.2566 -0.1670
 -0.0934 -0.0331  0.0165  0.0573  0.0894
 -6.1965 -5.8075 -5.3742 -4.9792 -4.6260 -4.3061 -3.9808 -3.5433 -3.0172 -2.4925
 -2.0383 -1.6793 -1.4062 -1.1979 -1.0337 -0.7318 -0.5186 -0.3670 -0.2563 -0.1697
 -0.0996 -0.0427  0.0038  0.0425  0.0749  0.0996
 -5.8246 -5.4419 -5.0885 -4.7443 -4.4063 -4.0752 -3.7502 -3.3884 -2.9502 -2.4903
 -2.0686 -1.7172 -1.4399 -1.2246 -1.0545 -0.7455 -0.5269 -0.3702 -0.2581 -0.1731
 -0.1057 -0.0516 -0.0081  0.0278  0.0578  0.0825  0.1006  0.1109  0.1142  0.1109
 -5.4402 -4.9668 -4.5872 -4.2827 -4.0221 -3.7719 -3.5042 -3.1991 -2.8452 -2.4572
 -2.0801 -1.7475 -1.4733 -1.2542 -1.0791 -0.7630 -0.5397 -0.3770 -0.2614 -0.1766
 -0.1111 -0.0595 -0.0189  0.0139  0.0411  0.0640  0.0818  0.0938  0.0991  0.0971
  0.0885
 -5.3125 -4.7560 -4.2858 -3.9032 -3.5940 -3.3334 -3.0970 -2.8626 -2.6062 -2.3262
 -2.0352 -1.7524 -1.4978 -1.2825 -1.1053 -0.7827 -0.5557 -0.3872 -0.2665 -0.1800
 -0.1154 -0.0658 -0.0278  0.0017  0.0254  0.0449  0.0605  0.0723  0.0796  0.0802
  0.0731
 -5.3359 -4.7266 -4.1880 -3.7306 -3.3532 -3.0422 -2.7766 -2.5341 -2.2973 -2.0647
 -1.8465 -1.6471 -1.4611 -1.2853 -1.1232 -0.8016 -0.5717 -0.3986 -0.2722 -0.1825
 -0.1175 -0.0694 -0.0338 -0.0075  0.0123  0.0279  0.0403  0.0498  0.0561  0.0586
  0.0548
 -5.4428 -4.8061 -4.2244 -3.7099 -3.2717 -2.9070 -2.6038 -2.3442 -2.1110 -1.8931
 -1.6912 -1.5118 -1.3580 -1.2249 -1.1036 -0.8221 -0.5915 -0.4146 -0.2822 -0.1872
 -0.1200 -0.0721 -0.0380 -0.0144  0.0019  0.0133  0.0216  0.0275  0.0315  0.0326
  0.0309
 -5.5462 -4.9181 -4.3180 -3.7716 -3.2891 -2.8782 -2.5357 -2.2505 -2.0087 -1.7973
 -1.6079 -1.4387 -1.2906 -1.1635 -1.0544 -0.8231 -0.6110 -0.4321 -0.2945 -0.1935
 -0.1225 -0.0732 -0.0397 -0.0178 -0.0045  0.0029  0.0066  0.0082  0.0084  0.0070
  0.0039
 -5.6170 -5.0107 -4.4236 -3.8693 -3.3645 -2.9216 -2.5456 -2.2323 -1.9721 -1.7538
 -1.5669 -1.4038 -1.2606 -1.1353 -0.9756 -0.8046 -0.6302 -0.4511 -0.3091
 [Fe/H] =  0.25 [alpha/Fe] = 0.00 BC value = F555W
 -7.6776 -7.4050 -7.1638 -6.8214 -6.2692 -5.5763 -5.0120 -4.6345 -3.7489 -2.9125
 -2.2793 -1.8471 -1.5437 -1.3079 -1.1380 -0.8255
 -7.2172 -6.9133 -6.6607 -6.4129 -6.1093 -5.6968 -5.1331 -4.3843 -3.4903 -2.7038
 -2.1294 -1.7317 -1.4505 -1.2420 -1.0759 -0.7751 -0.5648 -0.4059 -0.2771
 -6.8757 -6.5320 -6.2501 -6.0287 -5.8376 -5.5785 -5.0667 -4.2379 -3.3922 -2.6493
 -2.0913 -1.6971 -1.4163 -1.2075 -1.0436 -0.7442 -0.5362 -0.3823 -0.2612 -0.1599
 -0.0739
 -6.6531 -6.2611 -5.9320 -5.6687 -5.4542 -5.2215 -4.8127 -4.1311 -3.3646 -2.6625
 -2.1107 -1.7082 -1.4185 -1.2033 -1.0356 -0.7317 -0.5215 -0.3696 -0.2533 -0.1579
 -0.0774 -0.0105  0.0436
 -6.5133 -6.0775 -5.6973 -5.3803 -5.1234 -4.8893 -4.5664 -4.0232 -3.3575 -2.7022
 -2.1590 -1.7465 -1.4437 -1.2185 -1.0443 -0.7325 -0.5174 -0.3641 -0.2500 -0.1585
 -0.0827 -0.0200  0.0312  0.0731  0.1060
 -6.3983 -5.9413 -5.5273 -5.1637 -4.8576 -4.5920 -4.3149 -3.8936 -3.3338 -2.7420
 -2.2164 -1.7990 -1.4836 -1.2467 -1.0643 -0.7425 -0.5212 -0.3638 -0.2496 -0.1607
 -0.0882 -0.0286  0.0199  0.0597  0.0921  0.1169
 -6.1324 -5.7294 -5.3419 -4.9787 -4.6454 -4.3447 -4.0659 -3.7303 -3.2760 -2.7593
 -2.2671 -1.8554 -1.5311 -1.2833 -1.0918 -0.7586 -0.5311 -0.3679 -0.2516 -0.1638
 -0.0937 -0.0369  0.0091  0.0464  0.0771  0.1018  0.1194  0.1285  0.1310  0.1264
 -5.6336 -5.2498 -4.9288 -4.6555 -4.3900 -4.1194 -3.8394 -3.5412 -3.1758 -2.7409
 -2.2984 -1.9040 -1.5796 -1.3242 -1.1244 -0.7788 -0.5457 -0.3762 -0.2555 -0.1672
 -0.0988 -0.0442 -0.0007  0.0340  0.0622  0.0851  0.1026  0.1140  0.1178  0.1148
  0.1049
 -5.3915 -4.8976 -4.4961 -4.1818 -3.9322 -3.7193 -3.5151 -3.2882 -3.0073 -2.6672
 -2.2947 -1.9350 -1.6218 -1.3647 -1.1591 -0.8018 -0.5635 -0.3883 -0.2618 -0.1710
 -0.1031 -0.0502 -0.0090  0.0230  0.0484  0.0686  0.0842  0.0952  0.1011  0.0998
  0.0915
 -5.3546 -4.7933 -4.3082 -3.9087 -3.5874 -3.3269 -3.1028 -2.8927 -2.6727 -2.4268
 -2.1618 -1.8917 -1.6298 -1.3924 -1.1895 -0.8244 -0.5816 -0.4017 -0.2692 -0.1744
 -0.1056 -0.0539 -0.0147  0.0147  0.0370  0.0540  0.0666  0.0755  0.0806  0.0811
  0.0751
 -5.4455 -4.8438 -4.3005 -3.8302 -3.4366 -3.1126 -2.8431 -2.6073 -2.3847 -2.1602
 -1.9383 -1.7276 -1.5353 -1.3593 -1.1961 -0.8509 -0.6037 -0.4199 -0.2815 -0.1809
 -0.1092 -0.0573 -0.0193  0.0081  0.0275  0.0411  0.0501  0.0559  0.0587  0.0584
  0.0542
 -5.5751 -4.9627 -4.3875 -3.8695 -3.4182 -3.0360 -2.7165 -2.4471 -2.2114 -1.9947
 -1.7885 -1.5956 -1.4226 -1.2723 -1.1415 -0.8631 -0.6264 -0.4398 -0.2964 -0.1897
 -0.1135 -0.0597 -0.0219  0.0041  0.0212  0.0316  0.0368  0.0388  0.0383  0.0355
  0.0301
 -5.6874 -5.0859 -4.5100 -3.9664 -3.4803 -3.0534 -2.6898 -2.3841 -2.1253 -1.9022
 -1.7033 -1.5230 -1.3605 -1.2171 -1.0257 -0.8610 -0.6497 -0.4614 -0.3139
 [Fe/H] =  0.50 [alpha/Fe] = 0.00 BC value = F555W
 -7.6401 -8.7870 -9.1183 -8.7014 -7.6428 -6.4125 -5.3947 -4.7314 -3.9363 -3.1042
 -2.4164 -1.9348 -1.5976 -1.3465 -1.1406 -0.8126
 -7.2029 -7.4066 -7.3788 -7.1435 -6.7217 -6.1320 -5.3907 -4.5441 -3.7098 -2.9039
 -2.2706 -1.8229 -1.5080 -1.2765 -1.0983 -0.7792 -0.5633 -0.4016 -0.2731
 -6.8748 -6.5790 -6.3492 -6.1841 -6.0625 -5.8213 -5.2919 -4.4520 -3.6247 -2.8542
 -2.2402 -1.7973 -1.4811 -1.2489 -1.0703 -0.7537 -0.5384 -0.3800 -0.2532 -0.1492
 -0.0639
 -6.6558 -6.3043 -6.0296 -5.8232 -5.6651 -5.4803 -5.0983 -4.3994 -3.6149 -2.8775
 -2.2719 -1.8196 -1.4922 -1.2513 -1.0671 -0.7442 -0.5257 -0.3685 -0.2493 -0.1521
 -0.0697 -0.0006  0.0554
 -6.5190 -6.1217 -5.7865 -5.5224 -5.3231 -5.1423 -4.8575 -4.3210 -3.6256 -2.9313
 -2.3326 -1.8706 -1.5279 -1.2741 -1.0809 -0.7471 -0.5231 -0.3638 -0.2460 -0.1523
 -0.0740 -0.0087  0.0449  0.0882  0.1215
 -6.4302 -5.9976 -5.6148 -5.2925 -5.0399 -4.8290 -4.5974 -4.2017 -3.6222 -2.9861
 -2.4058 -1.9375 -1.5797 -1.3112 -1.1069 -0.7591 -0.5280 -0.3641 -0.2457 -0.1540
 -0.0788 -0.0164  0.0347  0.0762  0.1095  0.1344
 -6.2906 -5.8658 -5.4728 -5.1197 -4.8144 -4.5592 -4.3318 -4.0299 -3.5764 -3.0218
 -2.4757 -2.0091 -1.6409 -1.3582 -1.1419 -0.7777 -0.5392 -0.3690 -0.2476 -0.1566
 -0.0837 -0.0239  0.0248  0.0642  0.0961  0.1213  0.1387  0.1477  0.1491  0.1433
 -5.8843 -5.4825 -5.2152 -4.9101 -4.6176 -4.3424 -4.0875 -3.8266 -3.4760 -3.0182
 -2.5258 -2.0761 -1.7037 -1.4105 -1.1832 -0.8011 -0.5553 -0.3784 -0.2520 -0.1599
 -0.0884 -0.0308  0.0158  0.0529  0.0828  0.1066  0.1243  0.1352  0.1379  0.1339
  0.1228
 -5.4749 -5.0529 -4.7245 -4.4708 -4.2592 -4.0590 -3.8469 -3.6101 -3.3253 -2.9615
 -2.5399 -2.1245 -1.7607 -1.4637 -1.2275 -0.8280 -0.5748 -0.3921 -0.2593 -0.1639
 -0.0926 -0.0365  0.0079  0.0429  0.0704  0.0921  0.1083  0.1191  0.1240  0.1212
  0.1118
 -5.3516 -4.8430 -4.4187 -4.0816 -3.8205 -3.6132 -3.4364 -3.2651 -3.0650 -2.8027
 -2.4806 -2.1301 -1.7960 -1.5063 -1.2679 -0.8550 -0.5947 -0.4071 -0.2682 -0.1682
 -0.0954 -0.0401  0.0025  0.0353  0.0603  0.0793  0.0931  0.1022  0.1066  0.1055
  0.0976
 -5.4012 -4.8389 -4.3420 -3.9231 -3.5821 -3.3089 -3.0853 -2.8894 -2.7000 -2.4952
 -2.2637 -2.0145 -1.7628 -1.5221 -1.3031 -0.8874 -0.6192 -0.4272 -0.2825 -0.1762
 -0.0999 -0.0440 -0.0022  0.0288  0.0515  0.0679  0.0787  0.0853  0.0878  0.0861
  0.0800
 -5.5348 -4.9436 -4.4014 -3.9209 -3.5112 -3.1702 -2.8889 -2.6519 -2.4405 -2.2368
 -2.0292 -1.8210 -1.6210 -1.4369 -1.2691 -0.9136 -0.6451 -0.4492 -0.2999 -0.1873
 -0.1058 -0.0476 -0.0056  0.0244  0.0453  0.0590  0.0669  0.0703  0.0699  0.0663
  0.0592
 -5.6728 -5.0854 -4.5232 -4.0085 -3.5491 -3.1527 -2.8173 -2.5352 -2.2942 -2.0801
 -1.8801 -1.6886 -1.5075 -1.3430 -1.1659 -0.9336 -0.6724 -0.4731 -0.3204
 [Fe/H] =  0.75 [alpha/Fe] = 0.00 BC value = F555W
 -7.5384 -7.9858 -7.9081 -7.2935 -6.3796 -5.5453 -5.0386 -4.7906 -4.0836 -3.3028
 -2.5769 -2.0459 -1.6722 -1.4035 -1.1872 -0.8261
 -7.1316 -7.1491 -7.0191 -6.7570 -6.3764 -5.8890 -5.3054 -4.6350 -3.8878 -3.1090
 -2.4363 -1.9396 -1.5872 -1.3313 -1.1353 -0.7930 -0.5687 -0.4026 -0.2714
 -6.8211 -6.5795 -6.4134 -6.3073 -6.1963 -5.9391 -5.4017 -4.5888 -3.8188 -3.0629
 -2.4128 -1.9221 -1.5677 -1.3085 -1.1121 -0.7729 -0.5473 -0.3832 -0.2564 -0.1520
 -0.0619
 -6.6069 -6.2768 -6.0909 -5.9443 -5.8394 -5.6956 -5.3274 -4.5948 -3.8236 -3.0897
 -2.4503 -1.9536 -1.5871 -1.3173 -1.1132 -0.7658 -0.5369 -0.3730 -0.2495 -0.1498
 -0.0653  0.0064  0.0653
 -6.4717 -6.1197 -5.8365 -5.6303 -5.4880 -5.3548 -5.1075 -4.5727 -3.8539 -3.1505
 -2.5195 -2.0150 -1.6324 -1.3474 -1.1320 -0.7702 -0.5351 -0.3688 -0.2463 -0.1496
 -0.0686 -0.0003  0.0563  0.1017  0.1360
 -6.3933 -5.9964 -5.6555 -5.3825 -5.1860 -5.0280 -4.8382 -4.4670 -3.8718 -3.2138
 -2.6028 -2.0929 -1.6953 -1.3934 -1.1643 -0.7839 -0.5407 -0.3694 -0.2458 -0.1508
 -0.0726 -0.0071  0.0471  0.0911  0.1257  0.1511
 -6.3179 -5.9029 -5.5280 -5.2035 -4.9392 -4.7359 -4.5572 -4.2888 -3.8436 -3.2653
 -2.6834 -2.1769 -1.7683 -1.4507 -1.2073 -0.8049 -0.5526 -0.3748 -0.2477 -0.1529
 -0.0769 -0.0138  0.0381  0.0801  0.1137  0.1398  0.1575  0.1665  0.1679  0.1610
 -6.0719 -5.7097 -5.3667 -5.0441 -4.7529 -4.5016 -4.2903 -4.0701 -3.7426 -3.2756
 -2.7484 -2.2559 -1.8428 -1.5143 -1.2576 -0.8321 -0.5697 -0.3848 -0.2523 -0.1559
 -0.0810 -0.0200  0.0298  0.0698  0.1018  0.1269  0.1453  0.1563  0.1588  0.1541
  0.1417
 -5.5814 -5.2508 -4.9715 -4.7338 -4.5116 -4.2853 -4.0622 -3.8425 -3.5825 -3.2245
 -2.7763 -2.3188 -1.9146 -1.5792 -1.3118 -0.8640 -0.5909 -0.3995 -0.2603 -0.1600
 -0.0850 -0.0255  0.0224  0.0605  0.0906  0.1140  0.1314  0.1428  0.1474  0.1438
  0.1334
 -5.3456 -4.8990 -4.5427 -4.2673 -4.0604 -3.8952 -3.7435 -3.5795 -3.3747 -3.0983
 -2.7422 -2.3432 -1.9621 -1.6326 -1.3616 -0.8961 -0.6129 -0.4159 -0.2704 -0.1648
 -0.0878 -0.0289  0.0173  0.0535  0.0814  0.1028  0.1183  0.1284  0.1329  0.1311
  0.1218
 -5.3307 -4.8155 -4.3720 -4.0083 -3.7233 -3.5026 -3.3268 -3.1762 -3.0283 -2.8499
 -2.6078 -2.3070 -1.9836 -1.6783 -1.4126 -0.9346 -0.6402 -0.4376 -0.2863 -0.1741
 -0.0930 -0.0331  0.0124  0.0471  0.0732  0.0925  0.1057  0.1137  0.1169  0.1147
  0.1074
 -5.4401 -4.8853 -4.3824 -3.9464 -3.5833 -3.2892 -3.0525 -2.8563 -2.6819 -2.5104
 -2.3234 -2.1101 -1.8790 -1.6457 -1.4241 -0.9719 -0.6696 -0.4614 -0.3056 -0.1871
 -0.1003 -0.0375  0.0085  0.0424  0.0670  0.0842  0.0951  0.1007  0.1016  0.0979
  0.0895
 -5.5960 -5.0260 -4.4910 -4.0076 -3.5838 -3.2247 -2.9260 -2.6780 -2.4663 -2.2757
 -2.0907 -1.9015 -1.7115 -1.5253 -1.3961 -1.0080 -0.7011 -0.4873 -0.3283
 [Fe/H] =  1.00 [alpha/Fe] = 0.00 BC value = F555W
 -7.3984 -6.3876 -5.2165 -4.8074 -4.7569 -4.9536 -5.0803 -4.8046 -4.2087 -3.4813
 -2.7522 -2.1740 -1.7632 -1.4669 -1.2461 -0.8480
 -7.0178 -7.0287 -6.9058 -6.6629 -6.3124 -5.8651 -5.3305 -4.7170 -4.0345 -3.3091
 -2.6179 -2.0779 -1.6873 -1.4032 -1.1890 -0.8207 -0.5813 -0.4092 -0.2719
 -6.7205 -7.0991 -7.2074 -7.0732 -6.7209 -6.1720 -5.4599 -4.6890 -3.9794 -3.2650
 -2.5990 -2.0685 -1.6759 -1.3874 -1.1701 -0.8042 -0.5646 -0.3924 -0.2614 -0.1540
 -0.0624
 -6.5065 -6.5987 -6.1215 -6.0384 -5.9825 -5.8744 -5.4686 -4.7206 -3.9931 -3.2882
 -2.6402 -2.1080 -1.7035 -1.4026 -1.1759 -0.7985 -0.5566 -0.3844 -0.2555 -0.1519
 -0.0647  0.0103  0.0721
 -6.3692 -6.0719 -5.8505 -5.7085 -5.6228 -5.5322 -5.3154 -4.7662 -4.0433 -3.3501
 -2.7139 -2.1777 -1.7575 -1.4402 -1.2000 -0.8042 -0.5554 -0.3807 -0.2525 -0.1514
 -0.0677  0.0039  0.0640  0.1121  0.1483
 -6.2948 -5.9430 -5.6535 -5.4389 -5.3017 -5.1945 -5.0419 -4.6927 -4.0857 -3.4200
 -2.7988 -2.2618 -1.8297 -1.4948 -1.2389 -0.8195 -0.5611 -0.3814 -0.2517 -0.1526
 -0.0711 -0.0021  0.0557  0.1026  0.1393  0.1658
 -6.2498 -5.8642 -5.5242 -5.2430 -5.0310 -4.8823 -4.7488 -4.5116 -4.0747 -3.4826
 -2.8860 -2.3534 -1.9120 -1.5616 -1.2899 -0.8433 -0.5733 -0.3867 -0.2533 -0.1541
 -0.0746 -0.0080  0.0474  0.0928  0.1291  0.1563  0.1745  0.1847  0.1862  0.1790
 -6.1305 -5.7554 -5.4115 -5.0999 -4.8343 -4.6230 -4.4605 -4.2796 -3.9752 -3.5045
 -2.9588 -2.4417 -1.9959 -1.6354 -1.3492 -0.8746 -0.5913 -0.3970 -0.2578 -0.1565
 -0.0780 -0.0135  0.0399  0.0833  0.1183  0.1453  0.1644  0.1758  0.1792  0.1742
  0.1611
 -5.7140 -5.4342 -5.1626 -4.8998 -4.6502 -4.4187 -4.2139 -4.0327 -3.8031 -3.4592
 -2.9980 -2.5126 -2.0760 -1.7100 -1.4127 -0.9121 -0.6142 -0.4123 -0.2661 -0.1605
 -0.0814 -0.0185  0.0331  0.0747  0.1077  0.1333  0.1524  0.1647  0.1696  0.1664
  0.1554
 -5.3450 -4.9692 -4.6833 -4.4660 -4.2935 -4.1338 -3.9677 -3.7912 -3.5919 -3.3293
 -2.9707 -2.5472 -2.1337 -1.7720 -1.4714 -0.9502 -0.6387 -0.4296 -0.2770 -0.1655
 -0.0841 -0.0215  0.0284  0.0683  0.0995  0.1234  0.1408  0.1525  0.1579  0.1562
  0.1466
 -5.2468 -4.7886 -4.4032 -4.0992 -3.8699 -3.6980 -3.5643 -3.4472 -3.3200 -3.1433
 -2.8804 -2.5412 -2.1743 -1.8304 -1.5320 -0.9953 -0.6693 -0.4527 -0.2940 -0.1758
 -0.0896 -0.0257  0.0236  0.0622  0.0918  0.1140  0.1298  0.1398  0.1443  0.1426
  0.1351
 -5.3119 -4.8016 -4.3464 -3.9608 -3.6481 -3.4025 -3.2113 -3.0578 -2.9253 -2.7944
 -2.6368 -2.4182 -2.1428 -1.8491 -1.5726 -1.0404 -0.7025 -0.4783 -0.3147 -0.1902
 -0.0979 -0.0307  0.0194  0.0573  0.0857  0.1064  0.1202  0.1285  0.1313  0.1287
  0.1208
 -5.4621 -4.9236 -4.4254 -3.9797 -3.5971 -3.2799 -3.0216 -2.8117 -2.6360 -2.4781
 -2.3234 -2.1564 -1.9657 -1.7555 -1.5932 -1.0855 -0.7383 -0.5064 -0.3391
