 [Fe/H] = -4.00 [alpha/Fe] = 0.40 BC value = F625W
  1.8786  3.7440  4.7970  3.4993  0.2466 -4.0491 -3.1536 -1.4096 -0.3250 -0.1489
  0.0332  0.1232 -0.2203 -0.6949 -0.8435 -0.4519
 -1.3468 -0.4516  0.2792  0.0006 -1.1295 -2.9771 -2.5560 -1.7293 -1.0844 -0.7923
 -0.5636 -0.4442 -0.5415 -0.7093 -0.7399 -0.4145 -0.2100 -0.0968 -0.1078
 -2.6241 -2.2931 -1.8604 -1.6502 -1.6548 -2.0351 -1.8826 -1.6125 -1.3173 -1.0609
 -0.8669 -0.7489 -0.7045 -0.6839 -0.6338 -0.3756 -0.2059 -0.1017 -0.0623 -0.0332
  0.0378
 -1.9533 -1.7805 -1.6218 -1.4531 -1.3294 -1.2231 -1.1334 -1.0593 -1.0237 -0.9547
 -0.8766 -0.7911 -0.7092 -0.6186 -0.5252 -0.3352 -0.1970 -0.1070 -0.0486 -0.0114
  0.0135  0.0303  0.0424
 -1.6601 -1.5343 -1.4136 -1.2880 -1.1787 -1.0792 -0.9909 -0.9139 -0.8469 -0.7860
 -0.7245 -0.6587 -0.5923 -0.5243 -0.4545 -0.3002 -0.1898 -0.1159 -0.0658 -0.0313
 -0.0073  0.0096  0.0217  0.0290  0.0310
 -1.3806 -1.2938 -1.2065 -1.1169 -1.0277 -0.9422 -0.8629 -0.7908 -0.7258 -0.6671
 -0.6129 -0.5603 -0.5062 -0.4535 -0.3982 -0.2720 -0.1807 -0.1196 -0.0778 -0.0477
 -0.0260 -0.0102  0.0012  0.0090  0.0135  0.0138
 -1.1150 -1.0590 -1.0005 -0.9398 -0.8764 -0.8121 -0.7494 -0.6900 -0.6342 -0.5821
 -0.5336 -0.4878 -0.4436 -0.4009 -0.3563 -0.2506 -0.1697 -0.1181 -0.0846 -0.0606
 -0.0426 -0.0291 -0.0192 -0.0119 -0.0071 -0.0050 -0.0063 -0.0152 -0.0341 -0.0582
 -0.8631 -0.8299 -0.7956 -0.7604 -0.7226 -0.6819 -0.6392 -0.5966 -0.5545 -0.5132
 -0.4730 -0.4339 -0.3961 -0.3594 -0.3232 -0.2334 -0.1600 -0.1116 -0.0838 -0.0667
 -0.0544 -0.0450 -0.0379 -0.0327 -0.0290 -0.0268 -0.0258 -0.0295 -0.0418 -0.0641
 -0.0924
 -0.6377 -0.6195 -0.6027 -0.5870 -0.5701 -0.5508 -0.5287 -0.5039 -0.4772 -0.4491
 -0.4193 -0.3886 -0.3575 -0.3263 -0.2951 -0.2183 -0.1509 -0.1035 -0.0768 -0.0644
 -0.0586 -0.0551 -0.0527 -0.0511 -0.0500 -0.0496 -0.0504 -0.0520 -0.0580 -0.0724
 -0.0978
 -0.4365 -0.4323 -0.4297 -0.4285 -0.4268 -0.4240 -0.4188 -0.4106 -0.3990 -0.3840
 -0.3659 -0.3448 -0.3213 -0.2961 -0.2697 -0.2025 -0.1410 -0.0945 -0.0670 -0.0555
 -0.0542 -0.0572 -0.0611 -0.0648 -0.0680 -0.0709 -0.0738 -0.0774 -0.0826 -0.0923
 -0.1068
 -0.2607 -0.2693 -0.2778 -0.2862 -0.2952 -0.3036 -0.3107 -0.3157 -0.3178 -0.3156
 -0.3090 -0.2982 -0.2838 -0.2661 -0.2455 -0.1876 -0.1313 -0.0862 -0.0575 -0.0442
 -0.0436 -0.0508 -0.0609 -0.0711 -0.0802 -0.0879 -0.0949 -0.1013 -0.1078 -0.1157
 -0.1245
 -0.1186 -0.1305 -0.1447 -0.1608 -0.1774 -0.1932 -0.2087 -0.2229 -0.2348 -0.2430
 -0.2471 -0.2468 -0.2420 -0.2326 -0.2188 -0.1723 -0.1214 -0.0779 -0.0483 -0.0336
 -0.0315 -0.0392 -0.0529 -0.0689 -0.0845 -0.0984 -0.1108 -0.1217 -0.1316 -0.1414
 -0.1521
 -0.0101 -0.0160 -0.0304 -0.0523 -0.0734 -0.0928 -0.1149 -0.1351 -0.1535 -0.1687
 -0.1805 -0.1893 -0.1953 -0.1956 -0.1896 -0.1564 -0.1113 -0.0696 -0.0394
 [Fe/H] = -3.00 [alpha/Fe] = 0.40 BC value = F625W
 -2.3004 -1.9566 -1.7463 -1.6584 -1.6615 -1.9590 -1.7226 -1.5147 -1.3592 -1.2364
 -1.0696 -0.9012 -0.8254 -0.8019 -0.7419 -0.4450
 -2.2237 -1.8863 -1.6556 -1.5226 -1.4674 -1.5862 -1.4520 -1.3241 -1.2134 -1.1135
 -0.9962 -0.8774 -0.7918 -0.7259 -0.6458 -0.3945 -0.2126 -0.0946 -0.0199
 -2.1349 -1.8118 -1.5724 -1.4090 -1.3102 -1.3022 -1.2287 -1.1528 -1.0748 -0.9946
 -0.9124 -0.8284 -0.7426 -0.6551 -0.5661 -0.3529 -0.1996 -0.0980 -0.0324  0.0096
  0.0369
 -2.0340 -1.7331 -1.4967 -1.3176 -1.1900 -1.1070 -1.0527 -1.0010 -0.9433 -0.8796
 -0.8183 -0.7542 -0.6777 -0.5895 -0.5028 -0.3202 -0.1897 -0.1025 -0.0451 -0.0070
  0.0187  0.0359  0.0477
 -1.9210 -1.6502 -1.4285 -1.2484 -1.1067 -1.0006 -0.9240 -0.8686 -0.8190 -0.7686
 -0.7138 -0.6548 -0.5971 -0.5290 -0.4559 -0.2964 -0.1829 -0.1081 -0.0580 -0.0236
  0.0004  0.0172  0.0285  0.0350  0.0363
 -1.7959 -1.5631 -1.3678 -1.2014 -1.0603 -0.9451 -0.8555 -0.7866 -0.7314 -0.6833
 -0.6344 -0.5812 -0.5303 -0.4771 -0.4174 -0.2784 -0.1765 -0.1114 -0.0690 -0.0390
 -0.0173 -0.0018  0.0091  0.0162  0.0199  0.0197
 -1.6502 -1.4559 -1.2922 -1.1488 -1.0204 -0.9070 -0.8113 -0.7346 -0.6730 -0.6205
 -0.5720 -0.5240 -0.4754 -0.4319 -0.3824 -0.2624 -0.1691 -0.1102 -0.0750 -0.0510
 -0.0331 -0.0199 -0.0105 -0.0040  0.0000  0.0011 -0.0010 -0.0107 -0.0302 -0.0545
 -1.4913 -1.3306 -1.1964 -1.0788 -0.9703 -0.8687 -0.7754 -0.6950 -0.6288 -0.5740
 -0.5259 -0.4801 -0.4346 -0.3929 -0.3507 -0.2461 -0.1606 -0.1046 -0.0741 -0.0565
 -0.0444 -0.0353 -0.0287 -0.0243 -0.0214 -0.0202 -0.0215 -0.0256 -0.0376 -0.0604
 -0.0888
 -1.2017 -1.1573 -1.0861 -0.9909 -0.9032 -0.8188 -0.7363 -0.6588 -0.5908 -0.5339
 -0.4857 -0.4424 -0.4010 -0.3608 -0.3230 -0.2293 -0.1514 -0.0965 -0.0653 -0.0542
 -0.0448 -0.0452 -0.0433 -0.0424 -0.0422 -0.0425 -0.0442 -0.0502 -0.0609 -0.0757
 -0.0943
 -1.1320 -1.0244 -0.9450 -0.8911 -0.8203 -0.7526 -0.6850 -0.6175 -0.5529 -0.4953
 -0.4465 -0.4049 -0.3671 -0.3310 -0.2968 -0.2118 -0.1399 -0.0875 -0.0572 -0.0453
 -0.0442 -0.0475 -0.0518 -0.0560 -0.0600 -0.0636 -0.0674 -0.0717 -0.0777 -0.0870
 -0.1032
 -0.9833 -0.8967 -0.8324 -0.7883 -0.7305 -0.6752 -0.6215 -0.5667 -0.5113 -0.4577
 -0.4091 -0.3679 -0.3325 -0.3005 -0.2702 -0.1954 -0.1287 -0.0784 -0.0475 -0.0341
 -0.0340 -0.0415 -0.0519 -0.0626 -0.0722 -0.0807 -0.0884 -0.0955 -0.1027 -0.1112
 -0.1208
 -0.8172 -0.7743 -0.7283 -0.6797 -0.6382 -0.6004 -0.5614 -0.5052 -0.4608 -0.4155
 -0.3714 -0.3312 -0.2967 -0.2674 -0.2410 -0.1782 -0.1170 -0.0692 -0.0381 -0.0233
 -0.0219 -0.0302 -0.0444 -0.0608 -0.0769 -0.0914 -0.1044 -0.1159 -0.1264 -0.1368
 -0.1481
 -0.6336 -0.6571 -0.6327 -0.5654 -0.5435 -0.5281 -0.4855 -0.4531 -0.4182 -0.3660
 -0.3295 -0.2939 -0.2612 -0.2331 -0.2092 -0.1602 -0.1048 -0.0599 -0.0290
 [Fe/H] = -2.50 [alpha/Fe] = 0.40 BC value = F625W
 -3.4302 -3.2058 -3.0339 -2.6970 -2.2173 -1.8212 -1.6491 -1.6064 -1.5407 -1.4038
 -1.2402 -1.0684 -0.9186 -0.7968 -0.6793 -0.4209
 -2.9806 -2.6557 -2.4115 -2.1357 -1.8324 -1.5854 -1.4424 -1.3619 -1.2816 -1.1782
 -1.0632 -0.9394 -0.8173 -0.7052 -0.5995 -0.3740 -0.2046 -0.0887 -0.0036
 -2.6451 -2.2568 -1.9639 -1.7237 -1.5289 -1.3763 -1.2577 -1.1620 -1.0782 -0.9983
 -0.9165 -0.8278 -0.7302 -0.6302 -0.5357 -0.3375 -0.1915 -0.0915 -0.0228  0.0210
  0.0432
 -2.4237 -2.0091 -1.6911 -1.4610 -1.3068 -1.1939 -1.0950 -1.0067 -0.9305 -0.8641
 -0.8001 -0.7336 -0.6573 -0.5718 -0.4879 -0.3114 -0.1830 -0.0956 -0.0383 -0.0001
  0.0258  0.0427  0.0528
 -2.3164 -1.9126 -1.5931 -1.3476 -1.1661 -1.0382 -0.9543 -0.8960 -0.8385 -0.7756
 -0.7140 -0.6568 -0.5986 -0.5300 -0.4561 -0.2957 -0.1791 -0.1010 -0.0502 -0.0158
  0.0081  0.0247  0.0355  0.0424  0.0437
 -2.2422 -1.8626 -1.5572 -1.3149 -1.1254 -0.9815 -0.8763 -0.8010 -0.7473 -0.7034
 -0.6542 -0.5995 -0.5477 -0.4933 -0.4312 -0.2853 -0.1767 -0.1050 -0.0603 -0.0302
 -0.0088  0.0064  0.0169  0.0234  0.0263  0.0253
 -2.1574 -1.8122 -1.5310 -1.3029 -1.1175 -0.9676 -0.8497 -0.7601 -0.6921 -0.6384
 -0.5927 -0.5479 -0.5011 -0.4558 -0.4046 -0.2754 -0.1734 -0.1055 -0.0659 -0.0412
 -0.0237 -0.0111 -0.0021  0.0037  0.0069  0.0074  0.0045 -0.0060 -0.0260 -0.0503
 -2.0475 -1.7411 -1.4900 -1.2836 -1.1114 -0.9660 -0.8435 -0.7432 -0.6643 -0.6019
 -0.5495 -0.5023 -0.4571 -0.4161 -0.3738 -0.2617 -0.1675 -0.1022 -0.0654 -0.0462
 -0.0343 -0.0258 -0.0198 -0.0159 -0.0138 -0.0134 -0.0156 -0.0206 -0.0332 -0.0563
 -0.0849
 -1.9178 -1.6492 -1.4283 -1.2458 -1.0919 -0.9582 -0.8401 -0.7366 -0.6490 -0.5782
 -0.5204 -0.4705 -0.4247 -0.3816 -0.3429 -0.2434 -0.1582 -0.0954 -0.0596 -0.0440
 -0.0380 -0.0353 -0.0339 -0.0335 -0.0340 -0.0352 -0.0377 -0.0421 -0.0499 -0.0642
 -0.0905
 -1.7723 -1.5408 -1.3479 -1.1878 -1.0525 -0.9336 -0.8259 -0.7271 -0.6379 -0.5607
 -0.4967 -0.4437 -0.3973 -0.3545 -0.3159 -0.2232 -0.1451 -0.0862 -0.0502 -0.0356
 -0.0340 -0.0375 -0.0422 -0.0469 -0.0516 -0.0559 -0.0605 -0.0657 -0.0725 -0.0825
 -0.0993
 -1.6263 -1.4302 -1.2613 -1.1194 -0.9999 -0.8951 -0.7995 -0.7096 -0.6251 -0.5471
 -0.4785 -0.4207 -0.3725 -0.3305 -0.2925 -0.2057 -0.1318 -0.0765 -0.0406 -0.0247
 -0.0240 -0.0316 -0.0424 -0.0534 -0.0636 -0.0727 -0.0812 -0.0891 -0.0971 -0.1064
 -0.1166
 -1.4838 -1.3198 -1.1731 -1.0463 -0.9381 -0.8445 -0.7598 -0.6800 -0.6033 -0.5300
 -0.4615 -0.4004 -0.3485 -0.3053 -0.2684 -0.1885 -0.1188 -0.0659 -0.0311 -0.0139
 -0.0119 -0.0205 -0.0351 -0.0519 -0.0683 -0.0834 -0.0971 -0.1093 -0.1206 -0.1316
 -0.1436
 -1.3448 -1.2096 -1.0871 -0.9740 -0.8748 -0.7884 -0.7113 -0.6400 -0.5716 -0.5054
 -0.4414 -0.3812 -0.3269 -0.2808 -0.2436 -0.1716 -0.1061 -0.0544 -0.0217
 [Fe/H] = -2.00 [alpha/Fe] = 0.40 BC value = F625W
 -4.1759 -3.7015 -3.3212 -3.0503 -2.7566 -2.4627 -2.1596 -1.8667 -1.5982 -1.3748
 -1.1866 -1.0242 -0.8825 -0.7577 -0.6126 -0.3829
 -3.9498 -3.4598 -3.0264 -2.6498 -2.3281 -2.0477 -1.7944 -1.5600 -1.3523 -1.1789
 -1.0307 -0.8983 -0.7763 -0.6651 -0.5537 -0.3465 -0.1904 -0.0796 -0.0058
 -3.6585 -3.1589 -2.7124 -2.3286 -2.0082 -1.7441 -1.5240 -1.3305 -1.1648 -1.0266
 -0.9081 -0.8003 -0.6968 -0.5982 -0.5076 -0.3194 -0.1801 -0.0819 -0.0167  0.0258
  0.0540
 -3.3020 -2.7988 -2.3792 -2.0867 -1.7969 -1.5519 -1.3484 -1.1782 -1.0357 -0.9179
 -0.8188 -0.7302 -0.6440 -0.5570 -0.4743 -0.3016 -0.1748 -0.0860 -0.0275  0.0109
  0.0370  0.0533  0.0623
 -3.0174 -2.5114 -2.1111 -1.8030 -1.5648 -1.3748 -1.2154 -1.0735 -0.9469 -0.8388
 -0.7492 -0.6730 -0.6024 -0.5286 -0.4538 -0.2931 -0.1745 -0.0919 -0.0382 -0.0035
  0.0201  0.0362  0.0466  0.0527  0.0530
 -2.9085 -2.3973 -1.9784 -1.6526 -1.4039 -1.2147 -1.0699 -0.9568 -0.8648 -0.7830
 -0.7011 -0.6276 -0.5636 -0.5031 -0.4379 -0.2881 -0.1756 -0.0974 -0.0474 -0.0163
  0.0045  0.0191  0.0288  0.0345  0.0364  0.0344
 -2.8633 -2.3531 -1.9329 -1.5973 -1.3332 -1.1276 -0.9700 -0.8515 -0.7639 -0.7005
 -0.6469 -0.5896 -0.5313 -0.4758 -0.4202 -0.2828 -0.1756 -0.1004 -0.0533 -0.0261
 -0.0090  0.0028  0.0109  0.0158  0.0180  0.0172  0.0129  0.0014 -0.0191 -0.0434
 -2.8160 -2.3286 -1.9192 -1.5886 -1.3253 -1.1163 -0.9507 -0.8211 -0.7214 -0.6445
 -0.5842 -0.5353 -0.4894 -0.4436 -0.3968 -0.2745 -0.1726 -0.0999 -0.0547 -0.0309
 -0.0185 -0.0108 -0.0058 -0.0029 -0.0018 -0.0026 -0.0060 -0.0123 -0.0260 -0.0495
 -0.0781
 -2.7420 -2.2872 -1.9017 -1.5858 -1.3305 -1.1247 -0.9575 -0.8209 -0.7108 -0.6235
 -0.5536 -0.4961 -0.4470 -0.4038 -0.3642 -0.2593 -0.1658 -0.0958 -0.0516 -0.0298
 -0.0219 -0.0196 -0.0191 -0.0197 -0.0212 -0.0235 -0.0273 -0.0330 -0.0420 -0.0573
 -0.0840
 -2.6266 -2.2121 -1.8594 -1.5656 -1.3259 -1.1298 -0.9674 -0.8306 -0.7150 -0.6187
 -0.5398 -0.4751 -0.4205 -0.3727 -0.3314 -0.2370 -0.1530 -0.0876 -0.0444 -0.0232
 -0.0185 -0.0215 -0.0268 -0.0325 -0.0380 -0.0434 -0.0492 -0.0557 -0.0638 -0.0750
 -0.0927
 -2.4790 -2.1208 -1.8043 -1.5351 -1.3120 -1.1277 -0.9732 -0.8408 -0.7255 -0.6249
 -0.5385 -0.4661 -0.4057 -0.3542 -0.3094 -0.2163 -0.1380 -0.0773 -0.0356 -0.0137
 -0.0094 -0.0160 -0.0269 -0.0386 -0.0496 -0.0597 -0.0692 -0.0784 -0.0877 -0.0982
 -0.1096
 -2.3118 -2.0091 -1.7334 -1.4917 -1.2867 -1.1144 -0.9686 -0.8426 -0.7312 -0.6314
 -0.5421 -0.4639 -0.3971 -0.3409 -0.2932 -0.1985 -0.1227 -0.0652 -0.0256 -0.0033
  0.0020 -0.0053 -0.0198 -0.0370 -0.0541 -0.0700 -0.0847 -0.0980 -0.1105 -0.1229
 -0.1359
 -2.1274 -1.8786 -1.6505 -1.4420 -1.2555 -1.0936 -0.9562 -0.8363 -0.7294 -0.6328
 -0.5445 -0.4643 -0.3928 -0.3313 -0.2828 -0.1836 -0.1071 -0.0513 -0.0144
 [Fe/H] = -1.50 [alpha/Fe] = 0.40 BC value = F625W
 -5.1140 -4.7779 -4.4473 -4.1074 -3.7805 -3.3925 -2.9080 -2.3307 -1.8357 -1.4593
 -1.1826 -0.9791 -0.8225 -0.6951 -0.5864 -0.3669
 -4.8055 -4.3766 -3.9778 -3.6001 -3.2442 -2.8750 -2.4545 -1.9886 -1.5939 -1.2869
 -1.0544 -0.8776 -0.7386 -0.6241 -0.5257 -0.3271 -0.1774 -0.0678  0.0066
 -4.5500 -4.0707 -3.6273 -3.2196 -2.8432 -2.4873 -2.1204 -1.7400 -1.4174 -1.1603
 -0.9602 -0.8039 -0.6788 -0.5744 -0.4840 -0.3015 -0.1665 -0.0691 -0.0025  0.0410
  0.0696
 -4.3475 -3.8602 -3.3958 -2.9659 -2.5776 -2.2294 -1.9057 -1.5849 -1.3062 -1.0795
 -0.9000 -0.7580 -0.6431 -0.5460 -0.4613 -0.2901 -0.1642 -0.0740 -0.0125  0.0274
  0.0531  0.0699  0.0792
 -3.9972 -3.5177 -3.1315 -2.7518 -2.3872 -2.0503 -1.7500 -1.4735 -1.2271 -1.0218
 -0.8564 -0.7247 -0.6182 -0.5281 -0.4484 -0.2859 -0.1661 -0.0805 -0.0226  0.0146
  0.0382  0.0537  0.0631  0.0679  0.0669
 -3.6678 -3.1762 -2.7599 -2.4058 -2.1017 -1.8373 -1.6001 -1.3721 -1.1604 -0.9758
 -0.8220 -0.6972 -0.5966 -0.5132 -0.4389 -0.2839 -0.1691 -0.0869 -0.0315  0.0033
  0.0245  0.0381  0.0468  0.0513  0.0519  0.0478
 -3.5533 -3.0143 -2.5513 -2.1648 -1.8466 -1.5841 -1.3693 -1.1945 -1.0467 -0.9134
 -0.7873 -0.6736 -0.5768 -0.4968 -0.4283 -0.2814 -0.1707 -0.0913 -0.0382 -0.0056
  0.0127  0.0237  0.0305  0.0341  0.0349  0.0324  0.0262  0.0130 -0.0083 -0.0324
 -3.5458 -2.9780 -2.4815 -2.0682 -1.7317 -1.4596 -1.2392 -1.0598 -0.9140 -0.7986
 -0.7080 -0.6292 -0.5528 -0.4800 -0.4146 -0.2766 -0.1699 -0.0929 -0.0416 -0.0110
  0.0045  0.0118  0.0155  0.0170  0.0166  0.0141  0.0089  0.0001 -0.0147 -0.0386
 -0.0668
 -3.5617 -2.9927 -2.4825 -2.0499 -1.6973 -1.4146 -1.1875 -1.0039 -0.8554 -0.7351
 -0.6385 -0.5621 -0.5010 -0.4460 -0.3931 -0.2682 -0.1659 -0.0912 -0.0412 -0.0121
  0.0044  0.0043  0.0038  0.0017 -0.0013 -0.0053 -0.0109 -0.0176 -0.0283 -0.0461
 -0.0731
 -3.5354 -2.9917 -2.4891 -2.0567 -1.6980 -1.4085 -1.1764 -0.9887 -0.8358 -0.7111
 -0.6094 -0.5264 -0.4585 -0.4027 -0.3557 -0.2510 -0.1570 -0.0852 -0.0366 -0.0084
  0.0029  0.0026 -0.0029 -0.0098 -0.0168 -0.0239 -0.0316 -0.0399 -0.0500 -0.0630
 -0.0818
 -3.4540 -2.9509 -2.4836 -2.0653 -1.7126 -1.4234 -1.1899 -0.9996 -0.8436 -0.7140
 -0.6060 -0.5165 -0.4422 -0.3801 -0.3279 -0.2278 -0.1434 -0.0767 -0.0295 -0.0014
  0.0096  0.0071 -0.0028 -0.0151 -0.0274 -0.0391 -0.0503 -0.0612 -0.0725 -0.0849
 -0.0980
 -3.3194 -2.8695 -2.4468 -2.0559 -1.7198 -1.4385 -1.2074 -1.0182 -0.8615 -0.7296
 -0.6172 -0.5214 -0.4402 -0.3719 -0.3144 -0.2068 -0.1267 -0.0641 -0.0198  0.0080
  0.0193  0.0165  0.0038 -0.0134 -0.0314 -0.0486 -0.0648 -0.0798 -0.0941 -0.1082
 -0.1231
 -3.1332 -2.7492 -2.3799 -2.0294 -1.7169 -1.4488 -1.2241 -1.0373 -0.8811 -0.7488
 -0.6346 -0.5351 -0.4483 -0.3735 -0.3152 -0.1880 -0.1069 -0.0474 -0.0075
 [Fe/H] = -1.00 [alpha/Fe] = 0.40 BC value = F625W
 -5.6279 -5.3517 -5.0919 -4.8402 -4.6886 -4.4095 -3.8673 -3.0496 -2.3609 -1.6559
 -1.2499 -0.9803 -0.7945 -0.6549 -0.5433 -0.3320
 -5.2809 -4.9484 -4.6480 -4.3728 -4.1426 -3.8486 -3.3686 -2.6824 -2.0326 -1.5185
 -1.1526 -0.9018 -0.7277 -0.5990 -0.4966 -0.3018 -0.1585 -0.0519  0.0248
 -5.0345 -4.6535 -4.3109 -4.0031 -3.7176 -3.4137 -2.9910 -2.4160 -1.8742 -1.4282
 -1.0930 -0.8541 -0.6857 -0.5626 -0.4658 -0.2830 -0.1501 -0.0530  0.0156  0.0616
  0.0905
 -4.8887 -4.4670 -4.0806 -3.7311 -3.4136 -3.1048 -2.7345 -2.2504 -1.7834 -1.3850
 -1.0711 -0.8372 -0.6685 -0.5457 -0.4509 -0.2756 -0.1495 -0.0581  0.0059  0.0491
  0.0763  0.0933  0.1018
 -4.7444 -4.3208 -3.9163 -3.5375 -3.1876 -2.8620 -2.5326 -2.1267 -1.7191 -1.3597
 -1.0650 -0.8361 -0.6651 -0.5397 -0.4445 -0.2735 -0.1523 -0.0646 -0.0036  0.0374
  0.0631  0.0786  0.0871  0.0908  0.0880
 -4.3836 -4.0271 -3.6893 -3.3521 -3.0101 -2.6762 -2.3546 -2.0164 -1.6620 -1.3380
 -1.0629 -0.8409 -0.6689 -0.5398 -0.4426 -0.2733 -0.1556 -0.0708 -0.0120  0.0271
  0.0512  0.0652  0.0729  0.0760  0.0754  0.0692
 -4.0592 -3.6391 -3.2864 -2.9848 -2.7117 -2.4467 -2.1716 -1.8848 -1.5897 -1.3067
 -1.0559 -0.8451 -0.6750 -0.5431 -0.4427 -0.2730 -0.1581 -0.0755 -0.0185  0.0188
  0.0413  0.0533  0.0592  0.0612  0.0599  0.0552  0.0462  0.0308  0.0078 -0.0168
 -3.9514 -3.4623 -3.0393 -2.6835 -2.3837 -2.1204 -1.8781 -1.6481 -1.4235 -1.2113
 -1.0136 -0.8338 -0.6768 -0.5472 -0.4438 -0.2715 -0.1585 -0.0780 -0.0225  0.0133
  0.0340  0.0437  0.0469  0.0466  0.0441  0.0392  0.0316  0.0201  0.0027 -0.0227
 -0.0506
 -3.9840 -3.4488 -2.9682 -2.5545 -2.2071 -1.9162 -1.6658 -1.4421 -1.2359 -1.0489
 -0.8900 -0.7580 -0.6428 -0.5376 -0.4426 -0.2686 -0.1565 -0.0777 -0.0235  0.0111
  0.0302  0.0376  0.0375  0.0338  0.0286  0.0222  0.0139  0.0036 -0.0107 -0.0292
 -0.0557
 -4.0564 -3.5081 -2.9951 -2.5373 -2.1460 -1.8208 -1.5511 -1.3230 -1.1250 -0.9503
 -0.7978 -0.6700 -0.5677 -0.4858 -0.4147 -0.2620 -0.1509 -0.0737 -0.0207  0.0128
  0.0304  0.0356  0.0322  0.0244  0.0153  0.0057 -0.0045 -0.0156 -0.0284 -0.0442
 -0.0652
 -4.1055 -3.5744 -3.0574 -2.5806 -2.1612 -1.8066 -1.5143 -1.2742 -1.0738 -0.9038
 -0.7577 -0.6329 -0.5284 -0.4431 -0.3746 -0.2463 -0.1434 -0.0676 -0.0156  0.0174
  0.0343  0.0381  0.0319  0.0200  0.0062 -0.0076 -0.0213 -0.0347 -0.0487 -0.0640
 -0.0817
 -4.0887 -3.5857 -3.0959 -2.6252 -2.1995 -1.8304 -1.5222 -1.2691 -1.0615 -0.8894
 -0.7442 -0.6207 -0.5156 -0.4272 -0.3536 -0.2228 -0.1299 -0.0582 -0.0076  0.0248
  0.0415  0.0446  0.0368  0.0215  0.0030 -0.0158 -0.0341 -0.0514 -0.0682 -0.0851
 -0.1027
 -4.0093 -3.5506 -3.0898 -2.6464 -2.2313 -1.8642 -1.5512 -1.2899 -1.0753 -0.8984
 -0.7507 -0.6255 -0.5185 -0.4270 -0.3517 -0.1915 -0.1104 -0.0455  0.0033
 [Fe/H] = -0.75 [alpha/Fe] = 0.30 BC value = F625W
 -5.7358 -5.4707 -5.2237 -4.9924 -4.8875 -4.6401 -4.0905 -3.2323 -2.4764 -1.7139
 -1.2732 -0.9829 -0.7849 -0.6404 -0.5262 -0.3144
 -5.3862 -5.0705 -4.7895 -4.5397 -4.3470 -4.0840 -3.6072 -2.8834 -2.1672 -1.5916
 -1.1860 -0.9118 -0.7244 -0.5893 -0.4837 -0.2878 -0.1460 -0.0412  0.0351
 -5.1401 -4.7783 -4.4581 -4.1776 -3.9242 -3.6504 -3.2364 -2.6280 -2.0243 -1.5172
 -1.1386 -0.8730 -0.6891 -0.5576 -0.4566 -0.2714 -0.1387 -0.0422  0.0264  0.0730
  0.1030
 -4.9975 -4.5941 -4.2295 -3.9061 -3.6191 -3.3394 -2.9781 -2.4661 -1.9466 -1.4907
 -1.1310 -0.8665 -0.6790 -0.5453 -0.4449 -0.2652 -0.1383 -0.0468  0.0174  0.0612
  0.0890  0.1058  0.1137
 -4.8805 -4.4627 -4.0709 -3.7114 -3.3863 -3.0862 -2.7696 -2.3415 -1.8904 -1.4799
 -1.1397 -0.8770 -0.6836 -0.5445 -0.4417 -0.2642 -0.1412 -0.0528  0.0086  0.0503
  0.0767  0.0924  0.1016  0.1042  0.0997
 -4.5935 -4.2399 -3.8910 -3.5464 -3.2089 -2.8887 -2.5794 -2.2271 -1.8369 -1.4688
 -1.1510 -0.8940 -0.6967 -0.5508 -0.4433 -0.2651 -0.1448 -0.0586  0.0008  0.0407
  0.0658  0.0802  0.0876  0.0901  0.0879  0.0806
 -4.2035 -3.8199 -3.5020 -3.2258 -2.9644 -2.6940 -2.4026 -2.0996 -1.7707 -1.4470
 -1.1558 -0.9102 -0.7130 -0.5615 -0.4483 -0.2660 -0.1477 -0.0634 -0.0052  0.0330
  0.0567  0.0695  0.0752  0.0766  0.0744  0.0691  0.0587  0.0413  0.0173 -0.0080
 -4.0397 -3.5784 -3.1858 -2.8630 -2.5913 -2.3479 -2.1152 -1.8770 -1.6263 -1.3733
 -1.1316 -0.9128 -0.7261 -0.5740 -0.4555 -0.2662 -0.1488 -0.0661 -0.0091  0.0280
  0.0501  0.0609  0.0643  0.0635  0.0599  0.0539  0.0448  0.0322  0.0131 -0.0134
 -0.0417
 -4.0439 -3.5283 -3.0703 -2.6801 -2.3560 -2.0834 -1.8429 -1.6180 -1.3991 -1.1922
 -1.0110 -0.8517 -0.7074 -0.5765 -0.4623 -0.2657 -0.1478 -0.0664 -0.0102  0.0259
  0.0465  0.0555  0.0561  0.0521  0.0459  0.0382  0.0287  0.0169  0.0019 -0.0190
 -0.0478
 -4.1215 -3.5799 -3.0789 -2.6360 -2.2586 -1.9447 -1.6815 -1.4531 -1.2467 -1.0564
 -0.8858 -0.7418 -0.6255 -0.5295 -0.4441 -0.2631 -0.1434 -0.0630 -0.0079  0.0274
  0.0467  0.0536  0.0514  0.0437  0.0338  0.0231  0.0115 -0.0010 -0.0150 -0.0326
 -0.0552
 -4.1947 -3.6639 -3.1473 -2.6747 -2.2587 -1.9067 -1.6150 -1.3724 -1.1661 -0.9860
 -0.8267 -0.6878 -0.5709 -0.4762 -0.4003 -0.2535 -0.1382 -0.0579 -0.0035  0.0314
  0.0501  0.0557  0.0511  0.0399  0.0257  0.0109 -0.0040 -0.0188 -0.0342 -0.0510
 -0.0703
 -4.2106 -3.7046 -3.2071 -2.7303 -2.2989 -1.9236 -1.6082 -1.3483 -1.1335 -0.9533
 -0.7989 -0.6655 -0.5507 -0.4537 -0.3734 -0.2309 -0.1283 -0.0502  0.0036  0.0381
  0.0566  0.0615  0.0554  0.0413  0.0230  0.0035 -0.0158 -0.0344 -0.0525 -0.0709
 -0.0901
 -4.1645 -3.6925 -3.2229 -2.7686 -2.3416 -1.9610 -1.6345 -1.3612 -1.1363 -0.9506
 -0.7948 -0.6623 -0.5482 -0.4502 -0.3634 -0.1953 -0.1137 -0.0399  0.0134
 [Fe/H] = -0.50 [alpha/Fe] = 0.20 BC value = F625W
 -5.8435 -5.5852 -5.3454 -5.1265 -5.0509 -4.8179 -4.2596 -3.4622 -2.5746 -1.8473
 -1.2968 -0.9869 -0.7760 -0.6246 -0.5085 -0.2959
 -5.4900 -5.1851 -4.9171 -4.6859 -4.5202 -4.2796 -3.8061 -3.0558 -2.2868 -1.6610
 -1.2190 -0.9227 -0.7218 -0.5790 -0.4699 -0.2718 -0.1314 -0.0285  0.0465
 -5.2419 -4.8929 -4.5888 -4.3299 -4.1027 -3.8557 -3.4513 -2.8180 -2.1644 -1.6007
 -1.1830 -0.8923 -0.6931 -0.5525 -0.4465 -0.2574 -0.1247 -0.0291  0.0389  0.0859
  0.1167
 -5.0992 -4.7086 -4.3605 -4.0585 -3.7984 -3.5462 -3.1952 -2.6657 -2.1013 -1.5915
 -1.1888 -0.8957 -0.6899 -0.5451 -0.4383 -0.2527 -0.1246 -0.0331  0.0309  0.0749
  0.1033  0.1201  0.1281
 -4.9985 -4.5865 -4.2057 -3.8629 -3.5608 -3.2869 -2.9847 -2.5437 -2.0566 -1.5970
 -1.2125 -0.9173 -0.7025 -0.5497 -0.4387 -0.2530 -0.1278 -0.0387  0.0229  0.0649
  0.0920  0.1079  0.1160  0.1178  0.1133
 -4.7856 -4.4157 -4.0547 -3.7089 -3.3816 -3.0801 -2.7885 -2.4278 -2.0086 -1.5982
 -1.2380 -0.9467 -0.7247 -0.5624 -0.4445 -0.2553 -0.1319 -0.0443  0.0158  0.0561
  0.0820  0.0969  0.1042  0.1061  0.1032  0.0948
 -4.3625 -4.0106 -3.7154 -3.4483 -3.1822 -2.9034 -2.6095 -2.3015 -1.9469 -1.5861
 -1.2553 -0.9748 -0.7509 -0.5805 -0.4545 -0.2580 -0.1355 -0.0492  0.0101  0.0491
  0.0737  0.0873  0.0932  0.0941  0.0911  0.0845  0.0726  0.0537  0.0286  0.0026
 -4.1372 -3.7000 -3.3375 -3.0449 -2.7992 -2.5764 -2.3530 -2.1057 -1.8280 -1.5346
 -1.2492 -0.9926 -0.7755 -0.6014 -0.4679 -0.2604 -0.1376 -0.0524  0.0063  0.0444
  0.0677  0.0798  0.0837  0.0825  0.0781  0.0709  0.0604  0.0460  0.0254 -0.0021
 -0.0312
 -4.1054 -3.6066 -3.1706 -2.8057 -2.5063 -2.2550 -2.0289 -1.8084 -1.5810 -1.3564
 -1.1481 -0.9549 -0.7758 -0.6168 -0.4829 -0.2628 -0.1377 -0.0535  0.0048  0.0424
  0.0644  0.0748  0.0764  0.0725  0.0656  0.0568  0.0458  0.0327  0.0158 -0.0068
 -0.0368
 -4.1743 -3.6414 -3.1542 -2.7272 -2.3679 -2.0696 -1.8177 -1.5932 -1.3808 -1.1762
 -0.9889 -0.8292 -0.6967 -0.5819 -0.4769 -0.2641 -0.1350 -0.0510  0.0064  0.0435
  0.0645  0.0731  0.0723  0.0652  0.0549  0.0432  0.0304  0.0163  0.0003 -0.0188
 -0.0431
 -4.2656 -3.7315 -3.2207 -2.7548 -2.3469 -2.0030 -1.7172 -1.4765 -1.2668 -1.0773
 -0.9044 -0.7516 -0.6222 -0.5177 -0.4326 -0.2618 -0.1322 -0.0471  0.0100  0.0470
  0.0674  0.0748  0.0720  0.0619  0.0479  0.0324  0.0163  0.0000 -0.0170 -0.0356
 -0.0567
 -4.3087 -3.7974 -3.2965 -2.8165 -2.3839 -2.0071 -1.6908 -1.4289 -1.2101 -1.0236
 -0.8602 -0.7163 -0.5912 -0.4852 -0.3979 -0.2415 -0.1262 -0.0409  0.0162  0.0530
  0.0733  0.0800  0.0758  0.0633  0.0457  0.0260  0.0057 -0.0142 -0.0339 -0.0539
 -0.0748
 -4.2905 -3.8094 -3.3317 -2.8703 -2.4338 -2.0453 -1.7101 -1.4297 -1.1979 -1.0057
 -0.8432 -0.7034 -0.5819 -0.4768 -0.3728 -0.2032 -0.1170 -0.0324  0.0250
 [Fe/H] = -0.25 [alpha/Fe] = 0.10 BC value = F625W
 -5.9717 -5.7114 -5.4722 -5.2569 -5.1889 -4.9500 -4.3846 -3.5189 -2.6507 -1.8945
 -1.3680 -1.0191 -0.7871 -0.6214 -0.4901 -0.2754
 -5.6117 -5.3091 -5.0465 -4.8251 -4.6735 -4.4416 -3.9616 -3.1871 -2.3880 -1.7200
 -1.2489 -0.9330 -0.7191 -0.5688 -0.4553 -0.2539 -0.1146 -0.0133  0.0601
 -5.3587 -5.0146 -4.7187 -4.4730 -4.2637 -4.0342 -3.6268 -2.9778 -2.2821 -1.6732
 -1.2221 -0.9097 -0.6966 -0.5468 -0.4355 -0.2415 -0.1082 -0.0134  0.0536  0.1006
  0.1315
 -5.2127 -4.8279 -4.4888 -4.2006 -3.9596 -3.7277 -3.3802 -2.8387 -2.2372 -1.6797
 -1.2395 -0.9215 -0.6996 -0.5441 -0.4307 -0.2382 -0.1084 -0.0169  0.0466  0.0905
  0.1194  0.1365  0.1443
 -5.1195 -4.7097 -4.3348 -4.0032 -3.7183 -3.4660 -3.1721 -2.7233 -2.2055 -1.7011
 -1.2766 -0.9531 -0.7195 -0.5540 -0.4348 -0.2399 -0.1119 -0.0220  0.0395  0.0815
  0.1090  0.1253  0.1333  0.1349  0.1291
 -4.9581 -4.5713 -4.2013 -3.8554 -3.5374 -3.2520 -2.9754 -2.6091 -2.1660 -1.7169
 -1.3165 -0.9935 -0.7499 -0.5728 -0.4450 -0.2439 -0.1167 -0.0276  0.0331  0.0736
  0.1000  0.1154  0.1227  0.1242  0.1205  0.1109
 -4.5425 -4.2113 -3.9209 -3.6435 -3.3645 -3.0807 -2.7936 -2.4836 -2.1093 -1.7152
 -1.3470 -1.0336 -0.7853 -0.5980 -0.4601 -0.2487 -0.1213 -0.0328  0.0276  0.0673
  0.0925  0.1069  0.1130  0.1136  0.1099  0.1019  0.0886  0.0681  0.0420  0.0149
 -4.2547 -3.8374 -3.4991 -3.2297 -3.0037 -2.7942 -2.5724 -2.3130 -2.0117 -1.6818
 -1.3572 -1.0649 -0.8200 -0.6265 -0.4794 -0.2537 -0.1247 -0.0367  0.0237  0.0629
  0.0870  0.1001  0.1047  0.1035  0.0986  0.0904  0.0789  0.0625  0.0398  0.0112
 -0.0189
 -4.1842 -3.6977 -3.2779 -2.9348 -2.6584 -2.4273 -2.2165 -2.0033 -1.7706 -1.5282
 -1.2875 -1.0550 -0.8394 -0.6532 -0.5014 -0.2593 -0.1265 -0.0387  0.0216  0.0607
  0.0839  0.0955  0.0984  0.0949  0.0877  0.0780  0.0658  0.0511  0.0322  0.0076
 -0.0237
 -4.2372 -3.7097 -3.2311 -2.8190 -2.4764 -2.1947 -1.9555 -1.7368 -1.5207 -1.3050
 -1.1048 -0.9292 -0.7761 -0.6374 -0.5097 -0.2645 -0.1256 -0.0373  0.0226  0.0615
  0.0838  0.0939  0.0948  0.0887  0.0785  0.0661  0.0521  0.0364  0.0186 -0.0024
 -0.0288
 -4.3376 -3.7980 -3.2900 -2.8294 -2.4304 -2.0962 -1.8187 -1.5824 -1.3708 -1.1729
 -0.9874 -0.8219 -0.6818 -0.5671 -0.4709 -0.2698 -0.1252 -0.0349  0.0252  0.0642
  0.0863  0.0953  0.0944  0.0859  0.0725  0.0568  0.0397  0.0220  0.0032 -0.0172
 -0.0404
 -4.3995 -3.8813 -3.3714 -2.8919 -2.4588 -2.0842 -1.7698 -1.5085 -1.2881 -1.0963
 -0.9246 -0.7705 -0.6353 -0.5211 -0.4270 -0.2543 -0.1235 -0.0305  0.0303  0.0694
  0.0916  0.1001  0.0977  0.0872  0.0708  0.0513  0.0305  0.0095 -0.0118 -0.0337
 -0.0566
 -4.4059 -3.9131 -3.4266 -2.9558 -2.5127 -2.1177 -1.7785 -1.4940 -1.2583 -1.0614
 -0.8932 -0.7466 -0.6177 -0.5056 -0.3780 -0.2180 -0.1205 -0.0241  0.0379
 [Fe/H] =  0.00 [alpha/Fe] = 0.00 BC value = F625W
 -6.2132 -5.9319 -5.6659 -5.4131 -5.1220 -4.7386 -4.2195 -3.5297 -2.6942 -1.9280
 -1.3839 -1.0212 -0.7708 -0.6065 -0.4792 -0.2538
 -5.7838 -5.4704 -5.1991 -4.9736 -4.7782 -4.5411 -4.0627 -3.2632 -2.4532 -1.7613
 -1.2698 -0.9399 -0.7170 -0.5588 -0.4415 -0.2361 -0.0965  0.0037  0.0759
 -5.5219 -5.1702 -4.8692 -4.6232 -4.4183 -4.1906 -3.7597 -3.0879 -2.3643 -1.7247
 -1.2502 -0.9221 -0.6978 -0.5405 -0.4243 -0.2250 -0.0906  0.0043  0.0706  0.1171
  0.1475
 -5.3693 -4.9787 -4.6364 -4.3494 -4.1150 -3.8891 -3.5284 -2.9693 -2.3364 -1.7434
 -1.2760 -0.9400 -0.7056 -0.5415 -0.4220 -0.2225 -0.0906  0.0014  0.0646  0.1080
  0.1371  0.1543  0.1622
 -5.2756 -4.8595 -4.4810 -4.1497 -3.8709 -3.6283 -3.3285 -2.8667 -2.3207 -1.7794
 -1.3236 -0.9789 -0.7311 -0.5557 -0.4293 -0.2254 -0.0942 -0.0032  0.0585  0.1001
  0.1278  0.1444  0.1523  0.1532  0.1460
 -5.0748 -4.7373 -4.3562 -4.0046 -3.6890 -3.4107 -3.1379 -2.7598 -2.2939 -1.8099
 -1.3757 -1.0281 -0.7679 -0.5794 -0.4434 -0.2311 -0.0995 -0.0087  0.0526  0.0932
  0.1197  0.1355  0.1429  0.1440  0.1402  0.1291
 -4.7519 -4.4239 -4.1196 -3.8223 -3.5290 -3.2401 -2.9568 -2.6392 -2.2458 -1.8210
 -1.4191 -1.0784 -0.8107 -0.6101 -0.4629 -0.2379 -0.1051 -0.0141  0.0474  0.0875
  0.1130  0.1279  0.1343  0.1347  0.1305  0.1221  0.1072  0.0846  0.0576  0.0292
 -4.4082 -4.0000 -3.6750 -3.4178 -3.1999 -2.9902 -2.7606 -2.4877 -2.1643 -1.8031
 -1.4436 -1.1209 -0.8539 -0.6450 -0.4871 -0.2456 -0.1100 -0.0188  0.0433  0.0834
  0.1080  0.1218  0.1270  0.1261  0.1208  0.1124  0.0997  0.0813  0.0565  0.0267
 -0.0045
 -4.3012 -3.8147 -3.4039 -3.0733 -2.8113 -2.5938 -2.3946 -2.1874 -1.9492 -1.6854
 -1.4085 -1.1359 -0.8883 -0.6802 -0.5149 -0.2544 -0.1136 -0.0218  0.0406  0.0810
  0.1051  0.1177  0.1215  0.1187  0.1116  0.1014  0.0882  0.0718  0.0513  0.0244
 -0.0082
 -4.3368 -3.8032 -3.3262 -2.9203 -2.5883 -2.3179 -2.0876 -1.8727 -1.6536 -1.4317
 -1.2213 -1.0294 -0.8520 -0.6861 -0.5354 -0.2634 -0.1147 -0.0219  0.0407  0.0813
  0.1049  0.1162  0.1183  0.1135  0.1039  0.0913  0.0765  0.0595  0.0399  0.0168
 -0.0120
 -4.4363 -3.8858 -3.3726 -2.9111 -2.5158 -2.1878 -1.9161 -1.6822 -1.4680 -1.2621
 -1.0672 -0.8929 -0.7446 -0.6197 -0.5105 -0.2755 -0.1171 -0.0211  0.0422  0.0832
  0.1069  0.1174  0.1180  0.1112  0.0990  0.0835  0.0659  0.0470  0.0266  0.0039
 -0.0212
 -4.5092 -3.9762 -3.4550 -2.9689 -2.5318 -2.1566 -1.8435 -1.5828 -1.3607 -1.1639
 -0.9842 -0.8214 -0.6789 -0.5584 -0.4587 -0.2677 -0.1194 -0.0188  0.0459  0.0876
  0.1116  0.1217  0.1211  0.1125  0.0978  0.0792  0.0582  0.0363  0.0136 -0.0101
 -0.0352
 -4.5293 -4.0223 -3.5213 -3.0366 -2.5853 -2.1828 -1.8386 -1.5515 -1.3131 -1.1126
 -0.9394 -0.7866 -0.6515 -0.5338 -0.3800 -0.2400 -0.1216 -0.0150  0.0518
 [Fe/H] =  0.25 [alpha/Fe] = 0.00 BC value = F625W
 -6.1387 -5.8916 -5.6737 -5.4198 -5.0045 -4.4374 -3.9648 -3.6494 -2.8909 -2.1198
 -1.5094 -1.0966 -0.8175 -0.6118 -0.4747 -0.2422
 -5.7792 -5.5006 -5.2705 -5.0684 -4.8363 -4.5178 -4.0675 -3.4487 -2.6799 -1.9501
 -1.3957 -1.0151 -0.7569 -0.5773 -0.4442 -0.2250 -0.0816  0.0192  0.0919
 -5.5244 -5.2088 -4.9506 -4.7537 -4.5998 -4.4120 -4.0128 -3.3285 -2.6047 -1.9212
 -1.3840 -1.0048 -0.7440 -0.5623 -0.4307 -0.2157 -0.0768  0.0203  0.0880  0.1348
  0.1665
 -5.3743 -5.0162 -4.7140 -4.4758 -4.2951 -4.1198 -3.8007 -3.2391 -2.5876 -1.9505
 -1.4233 -1.0343 -0.7611 -0.5696 -0.4324 -0.2144 -0.0771  0.0178  0.0829  0.1272
  0.1580  0.1771  0.1850
 -5.2921 -4.9001 -4.5533 -4.2640 -4.0376 -3.8499 -3.5971 -3.1493 -2.5864 -2.0002
 -1.4867 -1.0878 -0.7983 -0.5925 -0.4453 -0.2187 -0.0809  0.0134  0.0773  0.1201
  0.1486  0.1661  0.1744  0.1751  0.1680
 -5.2184 -4.8164 -4.4462 -4.1174 -3.8420 -3.6147 -3.3927 -3.0443 -2.5705 -2.0468
 -1.5557 -1.1533 -0.8488 -0.6270 -0.4671 -0.2263 -0.0867  0.0079  0.0717  0.1137
  0.1412  0.1580  0.1660  0.1671  0.1622  0.1505
 -4.9967 -4.6474 -4.3088 -3.9890 -3.6940 -3.4301 -3.1951 -2.9148 -2.5272 -2.0713
 -1.6159 -1.2214 -0.9067 -0.6700 -0.4961 -0.2362 -0.0932  0.0020  0.0664  0.1084
  0.1350  0.1509  0.1583  0.1590  0.1545  0.1450  0.1291  0.1046  0.0767  0.0469
 -4.5582 -4.2279 -3.9524 -3.7186 -3.4920 -3.2615 -3.0223 -2.7670 -2.4500 -2.0641
 -1.6568 -1.2807 -0.9657 -0.7184 -0.5312 -0.2481 -0.0993 -0.0034  0.0618  0.1041
  0.1302  0.1451  0.1516  0.1514  0.1463  0.1370  0.1232  0.1038  0.0768  0.0460
  0.0134
 -4.3450 -3.9150 -3.5679 -3.3008 -3.0936 -2.9203 -2.7538 -2.5620 -2.3136 -2.0075
 -1.6640 -1.3223 -1.0183 -0.7675 -0.5704 -0.2626 -0.1048 -0.0074  0.0583  0.1013
  0.1272  0.1412  0.1465  0.1450  0.1385  0.1284  0.1146  0.0969  0.0744  0.0450
  0.0113
 -4.3258 -3.8333 -3.4064 -3.0584 -2.7841 -2.5673 -2.3837 -2.2079 -2.0147 -1.7890
 -1.5420 -1.2865 -1.0346 -0.8036 -0.6068 -0.2784 -0.1085 -0.0087  0.0575  0.1009
  0.1267  0.1397  0.1436  0.1405  0.1323  0.1202  0.1050  0.0870  0.0657  0.0403
  0.0089
 -4.4199 -3.8960 -3.4159 -2.9985 -2.6516 -2.3700 -2.1392 -1.9375 -1.7415 -1.5355
 -1.3261 -1.1242 -0.9392 -0.7704 -0.6155 -0.3003 -0.1147 -0.0096  0.0577  0.1018
  0.1280  0.1405  0.1432  0.1385  0.1283  0.1140  0.0966  0.0769  0.0550  0.0305
  0.0027
 -4.5305 -4.0069 -3.5053 -3.0460 -2.6425 -2.3008 -2.0171 -1.7789 -1.5690 -1.3716
 -1.1786 -0.9940 -0.8266 -0.6814 -0.5572 -0.3079 -0.1227 -0.0096  0.0601  0.1049
  0.1317  0.1441  0.1459  0.1397  0.1275  0.1108  0.0905  0.0682  0.0443  0.0189
 -0.0085
 -4.6017 -4.0964 -3.6045 -3.1297 -2.6977 -2.3137 -1.9855 -1.7099 -1.4765 -1.2739
 -1.0905 -0.9211 -0.7661 -0.6283 -0.4319 -0.3012 -0.1325 -0.0087  0.0647
 [Fe/H] =  0.50 [alpha/Fe] = 0.00 BC value = F625W
 -6.0662 -7.0781 -7.4042 -7.0891 -6.1877 -5.1276 -4.2639 -3.7191 -3.0602 -2.3177
 -1.6605 -1.1959 -0.8786 -0.6523 -0.4764 -0.2265
 -5.7271 -5.9010 -5.8839 -5.6955 -5.3533 -4.8724 -4.2664 -3.5734 -2.8777 -2.1530
 -1.5466 -1.1139 -0.8173 -0.6097 -0.4602 -0.2186 -0.0697  0.0339  0.1074
 -5.4845 -5.2132 -5.0034 -4.8579 -4.7729 -4.6009 -4.1858 -3.5000 -2.8101 -2.1237
 -1.5396 -1.1107 -0.8102 -0.5998 -0.4489 -0.2112 -0.0653  0.0355  0.1070  0.1563
  0.1878
 -5.3384 -5.0149 -4.7628 -4.5763 -4.4465 -4.3131 -4.0221 -3.4560 -2.8045 -2.1574
 -1.5889 -1.1510 -0.8367 -0.6142 -0.4552 -0.2112 -0.0656  0.0334  0.1011  0.1470
  0.1789  0.1986  0.2065
 -5.2621 -4.9014 -4.5928 -4.3501 -4.1758 -4.0365 -3.8205 -3.3890 -2.8146 -2.2148
 -1.6619 -1.2173 -0.8856 -0.6463 -0.4746 -0.2171 -0.0698  0.0291  0.0961  0.1407
  0.1702  0.1885  0.1974  0.1980  0.1899
 -5.2184 -4.8335 -4.4860 -4.1904 -3.9620 -3.7844 -3.6057 -3.2890 -2.8125 -2.2693
 -1.7430 -1.2968 -0.9496 -0.6922 -0.5050 -0.2274 -0.0761  0.0235  0.0908  0.1349
  0.1635  0.1811  0.1899  0.1912  0.1858  0.1729
 -5.1147 -4.7439 -4.3955 -4.0783 -3.8026 -3.5772 -3.3912 -3.1482 -2.7756 -2.3055
 -1.8178 -1.3787 -1.0222 -0.7482 -0.5446 -0.2412 -0.0835  0.0173  0.0854  0.1297
  0.1577  0.1746  0.1829  0.1841  0.1795  0.1695  0.1524  0.1274  0.0980  0.0667
 -4.7619 -4.4150 -4.1839 -3.9173 -3.6611 -3.4204 -3.2016 -2.9864 -2.6955 -2.3076
 -1.8721 -1.4542 -1.0956 -0.8099 -0.5916 -0.2588 -0.0912  0.0113  0.0803  0.1254
  0.1531  0.1692  0.1767  0.1774  0.1727  0.1633  0.1488  0.1281  0.0992  0.0675
  0.0334
 -4.4021 -4.0364 -3.7537 -3.5379 -3.3601 -3.1930 -3.0163 -2.8179 -2.5768 -2.2651
 -1.8928 -1.5102 -1.1624 -0.8729 -0.6430 -0.2805 -0.0991  0.0062  0.0761  0.1222
  0.1501  0.1654  0.1720  0.1717  0.1662  0.1564  0.1423  0.1237  0.0996  0.0680
  0.0332
 -4.3014 -3.8550 -3.4842 -3.1942 -2.9754 -2.8070 -2.6666 -2.5297 -2.3620 -2.1331
 -1.8461 -1.5241 -1.2067 -0.9249 -0.6912 -0.3042 -0.1062  0.0038  0.0745  0.1211
  0.1493  0.1641  0.1694  0.1678  0.1610  0.1499  0.1349  0.1164  0.0938  0.0664
  0.0323
 -4.3627 -3.8690 -3.4293 -3.0606 -2.7655 -2.5352 -2.3518 -2.1934 -2.0365 -1.8578
 -1.6481 -1.4175 -1.1796 -0.9477 -0.7340 -0.3355 -0.1172  0.0010  0.0736  0.1211
  0.1500  0.1647  0.1691  0.1662  0.1578  0.1450  0.1284  0.1086  0.0858  0.0596
  0.0295
 -4.4887 -3.9774 -3.5006 -3.0740 -2.7112 -2.4129 -2.1712 -1.9704 -1.7911 -1.6133
 -1.4251 -1.2306 -1.0400 -0.8626 -0.7004 -0.3622 -0.1316 -0.0018  0.0744  0.1231
  0.1528  0.1678  0.1717  0.1675  0.1574  0.1426  0.1238  0.1020  0.0776  0.0508
  0.0214
 -4.5955 -4.0984 -3.6135 -3.1619 -2.7540 -2.4013 -2.1043 -1.8566 -1.6460 -1.4573
 -1.2771 -1.0998 -0.9281 -0.7697 -0.5904 -0.3843 -0.1494 -0.0046  0.0769
 [Fe/H] =  0.75 [alpha/Fe] = 0.00 BC value = F625W
 -5.9415 -6.3503 -6.3215 -5.8331 -5.0542 -4.3344 -3.9193 -3.7493 -3.1832 -2.5118
 -1.8291 -1.3144 -0.9565 -0.7082 -0.5165 -0.2289
 -5.6282 -5.6448 -5.5426 -5.3340 -5.0299 -4.6399 -4.1724 -3.6349 -3.0271 -2.3512
 -1.7177 -1.2354 -0.8971 -0.6605 -0.4887 -0.2181 -0.0604  0.0466  0.1227
 -5.4008 -5.1805 -5.0306 -4.9414 -4.8702 -4.6875 -4.2661 -3.6033 -2.9720 -2.3208
 -1.7152 -1.2398 -0.8976 -0.6551 -0.4814 -0.2136 -0.0569  0.0485  0.1217  0.1720
  0.2061
 -5.2593 -4.9574 -4.7856 -4.6553 -4.5752 -4.4774 -4.2005 -3.6109 -2.9774 -2.3527
 -1.7675 -1.2895 -0.9336 -0.6774 -0.4932 -0.2154 -0.0579  0.0467  0.1181  0.1663
  0.1982  0.2179  0.2268
 -5.1863 -4.8655 -4.6038 -4.4144 -4.2932 -4.1967 -4.0144 -3.5910 -3.0030 -2.4113
 -1.8453 -1.3659 -0.9938 -0.7195 -0.5201 -0.2236 -0.0625  0.0426  0.1136  0.1609
  0.1919  0.2109  0.2205  0.2211  0.2121
 -5.1577 -4.8019 -4.4895 -4.2367 -4.0596 -3.9304 -3.7893 -3.4994 -3.0174 -2.4689
 -1.9320 -1.4555 -1.0704 -0.7769 -0.5600 -0.2372 -0.0695  0.0369  0.1085  0.1556
  0.1859  0.2045  0.2140  0.2157  0.2099  0.1959
 -5.1182 -4.7543 -4.4179 -4.1216 -3.8794 -3.7002 -3.5592 -3.3491 -2.9928 -2.5151
 -2.0122 -1.5476 -1.1556 -0.8457 -0.6110 -0.2562 -0.0781  0.0304  0.1030  0.1507
  0.1807  0.1987  0.2078  0.2095  0.2050  0.1946  0.1762  0.1498  0.1210  0.0881
 -4.9153 -4.6015 -4.3003 -4.0136 -3.7526 -3.5279 -3.3471 -3.1708 -2.9082 -2.5255
 -2.0756 -1.6316 -1.2401 -0.9204 -0.6700 -0.2808 -0.0878  0.0239  0.0976  0.1462
  0.1764  0.1938  0.2023  0.2037  0.1994  0.1900  0.1751  0.1531  0.1233  0.0910
  0.0553
 -4.4856 -4.2008 -3.9598 -3.7545 -3.5624 -3.3669 -3.1750 -2.9915 -2.7789 -2.4846
 -2.1046 -1.6979 -1.3202 -0.9956 -0.7334 -0.3112 -0.0990  0.0179  0.0928  0.1426
  0.1732  0.1903  0.1980  0.1988  0.1940  0.1846  0.1705  0.1515  0.1260  0.0929
  0.0573
 -4.2799 -3.8901 -3.5813 -3.3460 -3.1734 -3.0384 -2.9156 -2.7826 -2.6137 -2.3827
 -2.0794 -1.7268 -1.3744 -1.0582 -0.7926 -0.3439 -0.1106  0.0139  0.0904  0.1409
  0.1721  0.1890  0.1958  0.1955  0.1898  0.1795  0.1651  0.1464  0.1232  0.0941
  0.0581
 -4.2824 -3.8287 -3.4375 -3.1202 -2.8775 -2.6954 -2.5553 -2.4382 -2.3219 -2.1745
 -1.9660 -1.6995 -1.4024 -1.1118 -0.8524 -0.3848 -0.1277  0.0087  0.0885  0.1400
  0.1721  0.1893  0.1956  0.1943  0.1873  0.1758  0.1602  0.1409  0.1178  0.0902
  0.0584
 -4.3954 -3.9113 -3.4659 -3.0789 -2.7603 -2.5079 -2.3105 -2.1512 -2.0111 -1.8702
 -1.7093 -1.5182 -1.3052 -1.0844 -0.8700 -0.4261 -0.1492  0.0025  0.0879  0.1410
  0.1741  0.1919  0.1980  0.1956  0.1873  0.1742  0.1570  0.1362  0.1120  0.0845
  0.0533
 -4.5308 -4.0441 -3.5778 -3.1501 -2.7736 -2.4568 -2.1975 -1.9862 -1.8083 -1.6477
 -1.4881 -1.3187 -1.1431 -0.9665 -0.8454 -0.4678 -0.1751 -0.0047  0.0886
 [Fe/H] =  1.00 [alpha/Fe] = 0.00 BC value = F625W
 -5.7893 -4.9778 -4.0227 -3.6867 -3.6419 -3.7944 -3.9038 -3.7439 -3.2811 -2.6767
 -2.0059 -1.4453 -1.0466 -0.7664 -0.5663 -0.2358
 -5.4968 -5.5055 -5.4088 -5.2177 -4.9417 -4.5895 -4.1686 -3.6855 -3.1433 -2.5358
 -1.8998 -1.3759 -0.9959 -0.7261 -0.5314 -0.2275 -0.0538  0.0570  0.1375
 -5.2793 -5.5763 -5.6629 -5.5607 -5.2888 -4.8638 -4.3039 -3.6731 -3.0990 -2.5033
 -1.8994 -1.3888 -1.0056 -0.7291 -0.5292 -0.2254 -0.0533  0.0591  0.1354  0.1887
  0.2238
 -5.1368 -5.1900 -4.7849 -4.7159 -4.6831 -4.6172 -4.3098 -3.7067 -3.1117 -2.5267
 -1.9518 -1.4465 -1.0519 -0.7605 -0.5483 -0.2295 -0.0558  0.0563  0.1322  0.1837
  0.2176  0.2385  0.2478
 -5.0623 -4.7910 -4.5863 -4.4576 -4.3909 -4.3336 -4.1778 -3.7453 -3.1558 -2.5823
 -2.0297 -1.5306 -1.1226 -0.8131 -0.5840 -0.2409 -0.0612  0.0522  0.1280  0.1788
  0.2120  0.2326  0.2429  0.2436  0.2339
 -5.0411 -4.7241 -4.4573 -4.2580 -4.1370 -4.0554 -3.9475 -3.6788 -3.1917 -2.6434
 -2.1129 -1.6241 -1.2098 -0.8820 -0.6342 -0.2591 -0.0692  0.0463  0.1231  0.1741
  0.2069  0.2269  0.2374  0.2396  0.2336  0.2184
 -5.0359 -4.6960 -4.3882 -4.1285 -3.9329 -3.8045 -3.7049 -3.5237 -3.1799 -2.6973
 -2.1947 -1.7206 -1.3042 -0.9626 -0.6967 -0.2845 -0.0795  0.0395  0.1177  0.1695
  0.2022  0.2219  0.2320  0.2346  0.2307  0.2193  0.1996  0.1740  0.1450  0.1110
 -4.9506 -4.6260 -4.3223 -4.0417 -3.7992 -3.6079 -3.4716 -3.3315 -3.0933 -2.7152
 -2.2611 -1.8096 -1.3967 -1.0487 -0.7676 -0.3173 -0.0921  0.0324  0.1121  0.1650
  0.1982  0.2177  0.2274  0.2297  0.2264  0.2171  0.2010  0.1778  0.1484  0.1158
  0.0788
 -4.5927 -4.3530 -4.1177 -3.8876 -3.6673 -3.4620 -3.2824 -3.1333 -2.9502 -2.6761
 -2.2966 -1.8790 -1.4824 -1.1336 -0.8423 -0.3575 -0.1077  0.0252  0.1070  0.1610
  0.1951  0.2144  0.2237  0.2255  0.2215  0.2123  0.1985  0.1790  0.1524  0.1191
  0.0830
 -4.2672 -3.9427 -3.6973 -3.5124 -3.3670 -3.2325 -3.0923 -2.9444 -2.7808 -2.5684
 -2.2745 -1.9138 -1.5437 -1.2036 -0.9111 -0.3999 -0.1251  0.0195  0.1040  0.1590
  0.1938  0.2133  0.2220  0.2230  0.2182  0.2086  0.1946  0.1764  0.1527  0.1224
  0.0854
 -4.1909 -3.7894 -3.4520 -3.1900 -2.9975 -2.8575 -2.7519 -2.6607 -2.5609 -2.4180
 -2.2005 -1.9123 -1.5872 -1.2681 -0.9806 -0.4508 -0.1494  0.0110  0.1010  0.1574
  0.1932  0.2134  0.2219  0.2222  0.2164  0.2060  0.1913  0.1726  0.1497  0.1216
  0.0885
 -4.2683 -3.8211 -3.4174 -3.0769 -2.8059 -2.5989 -2.4433 -2.3228 -2.2211 -2.1198
 -1.9922 -1.8059 -1.5623 -1.2921 -1.0281 -0.5023 -0.1788  0.0004  0.0987  0.1576
  0.1944  0.2154  0.2241  0.2237  0.2169  0.2053  0.1893  0.1696  0.1462  0.1187
  0.0870
 -4.4103 -3.9470 -3.5091 -3.1125 -2.7730 -2.4961 -2.2760 -2.1020 -1.9601 -1.8337
 -1.7081 -1.5668 -1.3977 -1.2046 -1.0536 -0.5544 -0.2133 -0.0123  0.0971
