 [Fe/H] = -4.00 [alpha/Fe] = 0.40 BC value = F390M
 -8.0168 -5.7532 -3.6217 -3.7942 -7.1068-12.8113-10.9641 -6.8767 -3.7383 -2.9005
 -2.6479 -2.6700 -3.6773 -4.4925 -4.7244 -3.4561
 -8.8874 -7.4918 -6.1193 -5.8443 -7.0276 -9.6182 -8.8956 -7.1949 -5.6936 -4.9909
 -4.5851 -4.4135 -4.6809 -4.8596 -4.6963 -3.4313 -2.6847 -2.1620 -2.0592
 -8.9557 -8.1569 -7.3460 -6.8632 -6.8190 -7.4014 -7.2072 -6.7986 -6.2995 -5.8147
 -5.4228 -5.1586 -4.9915 -4.7826 -4.4359 -3.2725 -2.4563 -1.9724 -1.6918 -1.4255
 -1.0008
 -8.2217 -7.7485 -7.3018 -6.8509 -6.4811 -6.1608 -5.8989 -5.6879 -5.5559 -5.3719
 -5.1610 -4.9054 -4.6089 -4.2615 -3.9432 -2.9797 -2.2822 -1.7758 -1.4042 -1.1221
 -0.8990 -0.7148 -0.5595
 -7.8477 -7.4189 -7.0036 -6.5882 -6.2037 -5.8477 -5.5307 -5.2574 -5.0229 -4.8133
 -4.6065 -4.3810 -4.1286 -3.8484 -3.5528 -2.7881 -2.1458 -1.6840 -1.3520 -1.1015
 -0.9021 -0.7360 -0.5938 -0.4689 -0.3561
 -7.4925 -7.0997 -6.7130 -6.3290 -5.9490 -5.5811 -5.2349 -4.9217 -4.6457 -4.4021
 -4.1794 -3.9629 -3.7364 -3.4949 -3.2419 -2.6185 -2.0459 -1.6215 -1.3186 -1.0921
 -0.9121 -0.7616 -0.6316 -0.5169 -0.4142 -0.3210
 -7.1560 -6.7909 -6.4300 -6.0733 -5.7169 -5.3610 -5.0115 -4.6808 -4.3797 -4.1118
 -3.8734 -3.6545 -3.4438 -3.2308 -3.0105 -2.4709 -1.9825 -1.5883 -1.3040 -1.0939
 -0.9290 -0.7916 -0.6729 -0.5679 -0.4737 -0.3885 -0.3115 -0.2404 -0.1754 -0.1242
 -6.8382 -6.4925 -6.1546 -5.8241 -5.4953 -5.1650 -4.8326 -4.5060 -4.1962 -3.9141
 -3.6630 -3.4385 -3.2339 -3.0386 -2.8452 -2.3693 -1.9388 -1.5787 -1.3046 -1.1029
 -0.9483 -0.8220 -0.7136 -0.6180 -0.5323 -0.4547 -0.3839 -0.3204 -0.2651 -0.2186
 -0.1817
 -6.5516 -6.2279 -5.9104 -5.5990 -5.2933 -4.9898 -4.6842 -4.3769 -4.0747 -3.7896
 -3.5296 -3.2981 -3.0920 -2.9047 -2.7269 -2.3039 -1.9141 -1.5821 -1.3177 -1.1177
 -0.9673 -0.8488 -0.7499 -0.6637 -0.5868 -0.5174 -0.4548 -0.3971 -0.3464 -0.3052
 -0.2752
 -6.3286 -6.0109 -5.7055 -5.4115 -5.1231 -4.8404 -4.5589 -4.2764 -3.9933 -3.7155
 -3.4539 -3.2165 -3.0043 -2.8155 -2.6436 -2.2559 -1.8984 -1.5881 -1.3345 -1.1352
 -0.9839 -0.8690 -0.7776 -0.7008 -0.6333 -0.5729 -0.5184 -0.4693 -0.4253 -0.3879
 -0.3570
 -6.1499 -5.8501 -5.5572 -5.2709 -4.9945 -4.7243 -4.4599 -4.1984 -3.9373 -3.6765
 -3.4255 -3.1893 -2.9706 -2.7718 -2.5937 -2.2164 -1.8938 -1.5993 -1.3544 -1.1571
 -1.0033 -0.8867 -0.7986 -0.7290 -0.6708 -0.6197 -0.5743 -0.5335 -0.4970 -0.4650
 -0.4352
 -6.0638 -5.7455 -5.4485 -5.1711 -4.9013 -4.6386 -4.3837 -4.1349 -3.8900 -3.6451
 -3.4043 -3.1732 -2.9564 -2.7578 -2.5795 -2.2036 -1.8897 -1.6098 -1.3706 -1.1758
 -1.0212 -0.9018 -0.8123 -0.7461 -0.6952 -0.6536 -0.6178 -0.5862 -0.5581 -0.5335
 -0.5127
 -6.0702 -5.6970 -5.3794 -5.1121 -4.8435 -4.5833 -4.3195 -4.0787 -3.8440 -3.6149
 -3.3912 -3.1725 -2.9586 -2.7735 -2.6010 -2.2176 -1.8861 -1.6196 -1.3831
 [Fe/H] = -3.00 [alpha/Fe] = 0.40 BC value = F390M
 -8.0626 -7.7859 -7.6067 -7.5650 -7.7008 -8.2196 -7.8240 -7.3065 -6.8460 -6.5014
 -6.1555 -5.8351 -5.6934 -5.5304 -5.2280 -4.1312
 -7.8456 -7.5033 -7.2370 -7.0716 -7.0338 -7.2291 -6.9954 -6.6919 -6.3888 -6.1118
 -5.8200 -5.5252 -5.2851 -5.0264 -4.7015 -3.7249 -2.8465 -2.1761 -1.6746
 -7.6644 -7.2710 -6.9360 -6.6727 -6.4972 -6.4483 -6.2925 -6.1122 -5.9085 -5.6822
 -5.4339 -5.1644 -4.8746 -4.5651 -4.2367 -3.3734 -2.5921 -1.9912 -1.5501 -1.2173
 -0.9541
 -7.5190 -7.0890 -6.7037 -6.3683 -6.0910 -5.8772 -5.7153 -5.5676 -5.4051 -5.2124
 -4.9972 -4.7526 -4.4617 -4.1465 -3.8336 -3.0767 -2.3885 -1.8492 -1.4574 -1.1627
 -0.9301 -0.7391 -0.5742
 -7.4094 -6.9573 -6.5401 -6.1584 -5.8153 -5.5158 -5.2638 -5.0579 -4.8785 -4.7026
 -4.5100 -4.2898 -4.0465 -3.7706 -3.4922 -2.8348 -2.2357 -1.7501 -1.3966 -1.1327
 -0.9245 -0.7527 -0.6064 -0.4786 -0.3630
 -7.3356 -6.8759 -6.4452 -6.0430 -5.6701 -5.3287 -5.0218 -4.7530 -4.5208 -4.3180
 -4.1242 -3.9227 -3.7100 -3.4752 -3.2285 -2.6523 -2.1295 -1.6890 -1.3626 -1.1212
 -0.9321 -0.7759 -0.6424 -0.5252 -0.4208 -0.3261
 -7.2856 -6.8295 -6.3981 -5.9893 -5.6042 -5.2435 -4.9091 -4.6035 -4.3304 -4.0888
 -3.8722 -3.6702 -3.4710 -3.2673 -3.0481 -2.5260 -2.0644 -1.6599 -1.3505 -1.1233
 -0.9481 -0.8046 -0.6822 -0.5748 -0.4789 -0.3921 -0.3136 -0.2410 -0.1746 -0.1224
 -7.2653 -6.8158 -6.3893 -5.9840 -5.5966 -5.2289 -4.8815 -4.5568 -4.2570 -3.9866
 -3.7445 -3.5265 -3.3245 -3.1314 -2.9332 -2.4520 -2.0286 -1.6562 -1.3561 -1.1347
 -0.9680 -0.8346 -0.7221 -0.6240 -0.5364 -0.4573 -0.3859 -0.3210 -0.2641 -0.2166
 -0.1790
 -7.5292 -6.9204 -6.4211 -6.0205 -5.6366 -5.2687 -4.9163 -4.5818 -4.2671 -3.9750
 -3.7092 -3.4708 -3.2560 -3.0583 -2.8662 -2.4167 -2.0136 -1.6664 -1.3951 -1.1535
 -0.9986 -0.8624 -0.7586 -0.6696 -0.5906 -0.5195 -0.4554 -0.3991 -0.3503 -0.3083
 -0.2725
 -7.3782 -6.9890 -6.5598 -6.0952 -5.7142 -5.3485 -4.9958 -4.6571 -4.3331 -4.0269
 -3.7415 -3.4811 -3.2468 -3.0357 -2.8380 -2.3993 -2.0122 -1.6787 -1.3981 -1.1756
 -1.0091 -0.8845 -0.7873 -0.7069 -0.6372 -0.5748 -0.5189 -0.4686 -0.4238 -0.3849
 -0.3545
 -7.4923 -7.0950 -6.6673 -6.2128 -5.8327 -5.4679 -5.1169 -4.7770 -4.4484 -4.1329
 -3.8330 -3.5530 -3.2966 -3.0655 -2.8551 -2.4036 -2.0258 -1.6985 -1.4245 -1.2031
 -1.0325 -0.9052 -0.8101 -0.7363 -0.6753 -0.6220 -0.5749 -0.5329 -0.4955 -0.4629
 -0.4330
 -7.7143 -7.2384 -6.7990 -6.3929 -6.0054 -5.6364 -5.2785 -4.9210 -4.5912 -4.2708
 -3.9615 -3.6668 -3.3905 -3.1372 -2.9077 -2.4254 -2.0443 -1.7217 -1.4495 -1.2284
 -1.0554 -0.9240 -0.8266 -0.7551 -0.7008 -0.6567 -0.6191 -0.5860 -0.5568 -0.5316
 -0.5105
 -8.0443 -7.4192 -6.9550 -6.6356 -6.2323 -5.8539 -5.4283 -5.0877 -4.7546 -4.4232
 -4.1100 -3.8064 -3.5161 -3.2436 -2.9958 -2.4647 -2.0677 -1.7483 -1.4731
 [Fe/H] = -2.50 [alpha/Fe] = 0.40 BC value = F390M
 -7.6507 -7.7281 -7.8712 -7.8299 -7.5405 -7.2210 -7.1202 -7.1885 -7.1870 -6.9812
 -6.6773 -6.3311 -5.9867 -5.6458 -5.2835 -4.3136
 -7.2503 -7.1423 -7.1000 -7.0023 -6.8193 -6.6322 -6.5307 -6.4891 -6.4092 -6.2309
 -5.9833 -5.6828 -5.3536 -5.0195 -4.6828 -3.8276 -2.9793 -2.2781 -1.7049
 -6.9754 -6.7274 -6.5417 -6.3814 -6.2385 -6.1123 -5.9982 -5.8840 -5.7518 -5.5861
 -5.3748 -5.1123 -4.8062 -4.4865 -4.1743 -3.4189 -2.6930 -2.0783 -1.5992 -1.2420
 -0.9909
 -6.8260 -6.4834 -6.1963 -5.9672 -5.7981 -5.6613 -5.5227 -5.3732 -5.2148 -5.0468
 -4.8518 -4.6196 -4.3445 -4.0468 -3.7580 -3.0875 -2.4649 -1.9258 -1.5138 -1.2041
 -0.9612 -0.7627 -0.5941
 -6.8021 -6.4103 -6.0638 -5.7597 -5.4981 -5.2792 -5.1042 -4.9567 -4.7982 -4.6130
 -4.4143 -4.2047 -3.9685 -3.7004 -3.4339 -2.8334 -2.2950 -1.8206 -1.4488 -1.1697
 -0.9515 -0.7726 -0.6208 -0.4903 -0.3735
 -6.8623 -6.4327 -6.0471 -5.6997 -5.3874 -5.1094 -4.8648 -4.6519 -4.4681 -4.2978
 -4.1103 -3.9026 -3.6886 -3.4545 -3.2079 -2.6567 -2.1798 -1.7564 -1.4141 -1.1561
 -0.9562 -0.7929 -0.6542 -0.5335 -0.4267 -0.3307
 -6.9985 -6.5367 -6.1168 -5.7345 -5.3867 -5.0703 -4.7834 -4.5250 -4.2930 -4.0845
 -3.8937 -3.7054 -3.5082 -3.2998 -3.0729 -2.5496 -2.1126 -1.7264 -1.4039 -1.1582
 -0.9709 -0.8197 -0.6920 -0.5812 -0.4832 -0.3953 -0.3161 -0.2427 -0.1750 -0.1216
 -7.1956 -6.7110 -6.2628 -5.8491 -5.4690 -5.1213 -4.8033 -4.5116 -4.2457 -4.0039
 -3.7835 -3.5807 -3.3887 -3.2015 -3.0005 -2.5011 -2.0837 -1.7227 -1.4130 -1.1721
 -0.9912 -0.8491 -0.7310 -0.6292 -0.5396 -0.4595 -0.3876 -0.3222 -0.2644 -0.2157
 -0.1771
 -7.4386 -6.9367 -6.4686 -6.0305 -5.6222 -5.2453 -4.8983 -4.5791 -4.2853 -4.0158
 -3.7688 -3.5428 -3.3359 -3.1439 -2.9562 -2.4917 -2.0815 -1.7361 -1.4360 -1.1948
 -1.0146 -0.8776 -0.7674 -0.6743 -0.5932 -0.5209 -0.4563 -0.3982 -0.3464 -0.3025
 -0.2709
 -7.7062 -7.1926 -6.7092 -6.2551 -5.8259 -5.4237 -5.0503 -4.7050 -4.3866 -4.0926
 -3.8214 -3.5722 -3.3442 -3.1359 -2.9409 -2.4918 -2.0938 -1.7540 -1.4630 -1.2213
 -1.0378 -0.9017 -0.7972 -0.7122 -0.6398 -0.5761 -0.5194 -0.4687 -0.4234 -0.3840
 -0.3531
 -7.9932 -7.4832 -6.9854 -6.5171 -6.0732 -5.6528 -5.2576 -4.8886 -4.5461 -4.2290
 -3.9353 -3.6635 -3.4132 -3.1842 -2.9733 -2.5094 -2.1190 -1.7809 -1.4941 -1.2538
 -1.0655 -0.9257 -0.8223 -0.7430 -0.6787 -0.6236 -0.5755 -0.5328 -0.4949 -0.4618
 -0.4315
 -8.2994 -7.7778 -7.2766 -6.7971 -6.3409 -5.9096 -5.5000 -5.1127 -4.7491 -4.4098
 -4.0942 -3.8010 -3.5291 -3.2780 -3.0465 -2.5472 -2.1498 -1.8120 -1.5250 -1.2847
 -1.0931 -0.9483 -0.8419 -0.7641 -0.7057 -0.6591 -0.6201 -0.5861 -0.5563 -0.5305
 -0.5089
 -8.6249 -8.0764 -7.5561 -7.0758 -6.6143 -6.1759 -5.7590 -5.3613 -4.9831 -4.6261
 -4.2907 -3.9769 -3.6839 -3.4115 -3.1605 -2.6052 -2.1862 -1.8473 -1.5557
 [Fe/H] = -2.00 [alpha/Fe] = 0.40 BC value = F390M
 -7.1275 -7.1142 -7.1201 -7.1236 -7.1035 -7.0746 -7.0333 -6.9687 -6.8659 -6.7074
 -6.4863 -6.2080 -5.8977 -5.5812 -5.2733 -4.4370
 -6.6054 -6.5368 -6.4991 -6.4777 -6.4598 -6.4337 -6.3896 -6.3188 -6.2114 -6.0557
 -5.8439 -5.5748 -5.2663 -4.9524 -4.6499 -3.9009 -3.1467 -2.4434 -1.8835
 -6.2575 -6.1167 -6.0212 -5.9594 -5.9147 -5.8700 -5.8126 -5.7324 -5.6209 -5.4702
 -5.2727 -5.0235 -4.7312 -4.4280 -4.1367 -3.4611 -2.8159 -2.2172 -1.7282 -1.3525
 -1.0678
 -6.0838 -5.8539 -5.6864 -5.5687 -5.4682 -5.3834 -5.3023 -5.2095 -5.0944 -4.9509
 -4.7727 -4.5541 -4.2924 -4.0080 -3.7337 -3.1176 -2.5589 -2.0448 -1.6141 -1.2797
 -1.0149 -0.8069 -0.6193
 -6.0752 -5.7682 -5.5255 -5.3383 -5.1892 -5.0616 -4.9417 -4.8186 -4.6859 -4.5403
 -4.3740 -4.1825 -3.9577 -3.6995 -3.4409 -2.8704 -2.3757 -1.9262 -1.5412 -1.2375
 -1.0009 -0.8096 -0.6489 -0.5114 -0.3891
 -6.2105 -5.8562 -5.5483 -5.2940 -5.0830 -4.9020 -4.7402 -4.5882 -4.4384 -4.2819
 -4.1074 -3.9222 -3.7225 -3.4961 -3.2519 -2.7092 -2.2567 -1.8532 -1.5020 -1.2197
 -1.0003 -0.8244 -0.6775 -0.5507 -0.4390 -0.3402
 -6.4464 -6.0375 -5.6790 -5.3631 -5.0843 -4.8390 -4.6230 -4.4317 -4.2614 -4.1090
 -3.9539 -3.7756 -3.5827 -3.3766 -3.1505 -2.6196 -2.1899 -1.8168 -1.4894 -1.2209
 -1.0124 -0.8477 -0.7116 -0.5950 -0.4926 -0.4016 -0.3205 -0.2455 -0.1759 -0.1204
 -6.7975 -6.3238 -5.9073 -5.5391 -5.2116 -4.9191 -4.6574 -4.4226 -4.2103 -4.0160
 -3.8371 -3.6693 -3.4987 -3.3151 -3.1098 -2.5873 -2.1638 -1.8083 -1.4968 -1.2362
 -1.0330 -0.8759 -0.7485 -0.6407 -0.5468 -0.4638 -0.3901 -0.3239 -0.2651 -0.2144
 -0.1741
 -7.2459 -6.7150 -6.2369 -5.8089 -5.4265 -5.0846 -4.7780 -4.5016 -4.2513 -4.0230
 -3.8119 -3.6160 -3.4339 -3.2623 -3.0849 -2.5974 -2.1686 -1.8195 -1.5181 -1.2617
 -1.0594 -0.9055 -0.7848 -0.6849 -0.5991 -0.5238 -0.4575 -0.3985 -0.3463 -0.3017
 -0.2685
 -7.7569 -7.1687 -6.6414 -6.1589 -5.7207 -5.3248 -4.9692 -4.6496 -4.3608 -4.0984
 -3.8574 -3.6346 -3.4280 -3.2375 -3.0593 -2.6113 -2.1926 -1.8412 -1.5450 -1.2911
 -1.0868 -0.9328 -0.8161 -0.7231 -0.6454 -0.5783 -0.5197 -0.4681 -0.4226 -0.3829
 -0.3513
 -8.2825 -7.6703 -7.1023 -6.5758 -6.0891 -5.6421 -5.2355 -4.8687 -4.5386 -4.2405
 -3.9688 -3.7190 -3.4879 -3.2744 -3.0773 -2.6282 -2.2287 -1.8761 -1.5803 -1.3279
 -1.1201 -0.9616 -0.8446 -0.7561 -0.6854 -0.6263 -0.5758 -0.5319 -0.4936 -0.4604
 -0.4299
 -8.7801 -8.1708 -7.5799 -7.0232 -6.5001 -6.0117 -5.5609 -5.1481 -4.7747 -4.4377
 -4.1330 -3.8552 -3.5996 -3.3631 -3.1438 -2.6602 -2.2633 -1.9160 -1.6174 -1.3650
 -1.1546 -0.9901 -0.8687 -0.7806 -0.7148 -0.6632 -0.6211 -0.5855 -0.5549 -0.5288
 -0.5069
 -9.2411 -8.6318 -8.0423 -7.4726 -6.9271 -6.4106 -5.9264 -5.4767 -5.0634 -4.6873
 -4.3468 -4.0380 -3.7562 -3.4965 -3.2588 -2.7073 -2.2964 -1.9609 -1.6563
 [Fe/H] = -1.50 [alpha/Fe] = 0.40 BC value = F390M
 -6.9206 -6.9158 -6.9212 -6.9310 -6.9398 -6.9358 -6.9094 -6.8557 -6.7633 -6.6219
 -6.4255 -6.1800 -5.9009 -5.6086 -5.3148 -4.5961
 -6.2703 -6.2826 -6.2997 -6.3147 -6.3223 -6.3149 -6.2853 -6.2273 -6.1329 -5.9930
 -5.8002 -5.5547 -5.2721 -4.9796 -4.6936 -4.0212 -3.3633 -2.7002 -2.1101
 -5.7796 -5.7673 -5.7688 -5.7735 -5.7727 -5.7587 -5.7246 -5.6638 -5.5704 -5.4371
 -5.2566 -5.0253 -4.7537 -4.4692 -4.1935 -3.5647 -2.9826 -2.4206 -1.9156 -1.5051
 -1.1945
 -5.4485 -5.3699 -5.3285 -5.3074 -5.2910 -5.2673 -5.2273 -5.1652 -5.0758 -4.9542
 -4.7947 -4.5918 -4.3457 -4.0774 -3.8145 -3.2266 -2.7060 -2.2183 -1.7788 -1.4134
 -1.1228 -0.8888 -0.6946
 -5.3970 -5.2188 -5.0801 -4.9929 -4.9320 -4.8856 -4.8352 -4.7694 -4.6828 -4.5716
 -4.4312 -4.2573 -4.0444 -3.7986 -3.5483 -2.9904 -2.5140 -2.0795 -1.6877 -1.3566
 -1.0910 -0.8778 -0.7017 -0.5524 -0.4205
 -5.5549 -5.2832 -5.0655 -4.8942 -4.7625 -4.6645 -4.5895 -4.5112 -4.4178 -4.3061
 -4.1739 -4.0187 -3.8354 -3.6173 -3.3797 -2.8387 -2.3897 -1.9919 -1.6339 -1.3279
 -1.0801 -0.8827 -0.7210 -0.5841 -0.4647 -0.3585
 -5.8182 -5.4861 -5.1997 -4.9564 -4.7547 -4.5892 -4.4584 -4.3574 -4.2652 -4.1603
 -4.0289 -3.8753 -3.7043 -3.5114 -3.2903 -2.7549 -2.3179 -1.9437 -1.6093 -1.3214
 -1.0860 -0.8992 -0.7484 -0.6222 -0.5130 -0.4166 -0.3311 -0.2524 -0.1793 -0.1200
 -6.1805 -5.7794 -5.4332 -5.1334 -4.8744 -4.6531 -4.4653 -4.3044 -4.1643 -4.0407
 -3.9249 -3.7958 -3.6389 -3.4590 -3.2581 -2.7255 -2.2871 -1.9249 -1.6070 -1.3315
 -1.1043 -0.9243 -0.7813 -0.6635 -0.5629 -0.4750 -0.3975 -0.3287 -0.2674 -0.2135
 -0.1696
 -6.6850 -6.1912 -5.7673 -5.4021 -5.0854 -4.8095 -4.5687 -4.3585 -4.1731 -4.0060
 -3.8518 -3.7082 -3.5699 -3.4206 -3.2474 -2.7404 -2.2892 -1.9286 -1.6205 -1.3537
 -1.1446 -0.9548 -0.8167 -0.7056 -0.6126 -0.5323 -0.4623 -0.4002 -0.3461 -0.3008
 -0.2647
 -7.3383 -6.7409 -6.2223 -5.7752 -5.3876 -5.0491 -4.7521 -4.4906 -4.2585 -4.0506
 -3.8607 -3.6842 -3.5188 -3.3638 -3.2108 -2.7685 -2.3159 -1.9473 -1.6428 -1.3813
 -1.1617 -0.9858 -0.8501 -0.7442 -0.6580 -0.5853 -0.5229 -0.4686 -0.4215 -0.3812
 -0.3484
 -8.0794 -7.4060 -6.8024 -6.2708 -5.8015 -5.3888 -5.0255 -4.7060 -4.4226 -4.1700
 -3.9422 -3.7336 -3.5401 -3.3595 -3.1907 -2.7812 -2.3655 -1.9879 -1.6795 -1.4192
 -1.1994 -1.0210 -0.8838 -0.7802 -0.6993 -0.6334 -0.5784 -0.5315 -0.4915 -0.4575
 -0.4271
 -8.8322 -8.1186 -7.4592 -6.8533 -6.3100 -5.8223 -5.3879 -5.0022 -4.6608 -4.3582
 -4.0879 -3.8438 -3.6206 -3.4144 -3.2226 -2.7897 -2.4033 -2.0401 -1.7250 -1.4620
 -1.2400 -1.0572 -0.9151 -0.8099 -0.7321 -0.6722 -0.6245 -0.5852 -0.5525 -0.5254
 -0.5032
 -9.5334 -8.8137 -8.1280 -7.4777 -6.8764 -6.3264 -5.8271 -5.3764 -4.9733 -4.6152
 -4.2969 -4.0130 -3.7569 -3.5229 -3.3065 -2.7940 -2.4293 -2.1039 -1.7793
 [Fe/H] = -1.00 [alpha/Fe] = 0.40 BC value = F390M
 -6.8364 -6.8645 -6.8882 -6.9027 -6.9076 -6.8905 -6.8414 -6.7601 -6.6098 -6.4992
 -6.3337 -6.1478 -5.9396 -5.7058 -5.4552 -4.8125
 -6.2097 -6.2441 -6.2727 -6.2916 -6.2982 -6.2860 -6.2485 -6.1807 -6.0796 -5.9446
 -5.7784 -5.5819 -5.3581 -5.1145 -4.8621 -4.2422 -3.6440 -3.0299 -2.4272
 -5.6739 -5.7028 -5.7290 -5.7478 -5.7548 -5.7460 -5.7166 -5.6601 -5.5727 -5.4512
 -5.2938 -5.1009 -4.8767 -4.6334 -4.3845 -3.7897 -3.2371 -2.7052 -2.1969 -1.7494
 -1.3827
 -5.2290 -5.2406 -5.2571 -5.2713 -5.2773 -5.2704 -5.2457 -5.1983 -5.1241 -5.0190
 -4.8799 -4.7048 -4.4954 -4.2625 -4.0224 -3.4550 -2.9458 -2.4703 -2.0235 -1.6282
 -1.2990 -1.0319 -0.8107
 -4.9500 -4.9085 -4.8944 -4.8925 -4.8911 -4.8824 -4.8602 -4.8193 -4.7561 -4.6666
 -4.5474 -4.3951 -4.2080 -3.9918 -3.7622 -3.2164 -2.7391 -2.3051 -1.9021 -1.5452
 -1.2449 -1.0001 -0.7990 -0.6305 -0.4827
 -4.9812 -4.8209 -4.7163 -4.6529 -4.6187 -4.5964 -4.5706 -4.5319 -4.4756 -4.3979
 -4.2952 -4.1643 -4.0010 -3.8054 -3.5881 -3.0562 -2.5987 -2.1942 -1.8229 -1.4937
 -1.2157 -0.9881 -0.8027 -0.6479 -0.5158 -0.3987
 -5.2398 -4.9838 -4.7763 -4.6182 -4.5059 -4.4324 -4.3841 -4.3420 -4.2860 -4.2123
 -4.1186 -4.0024 -3.8597 -3.6861 -3.4840 -2.9604 -2.5114 -2.1261 -1.7781 -1.4689
 -1.2072 -0.9922 -0.8182 -0.6749 -0.5534 -0.4477 -0.3545 -0.2693 -0.1903 -0.1252
 -5.5766 -5.2566 -4.9805 -4.7477 -4.5586 -4.4096 -4.2961 -4.2155 -4.1576 -4.0964
 -4.0133 -3.9048 -3.7728 -3.6156 -3.4333 -2.9178 -2.4668 -2.0912 -1.7603 -1.4658
 -1.2159 -1.0098 -0.8432 -0.7081 -0.5955 -0.4992 -0.4154 -0.3415 -0.2757 -0.2171
 -0.1674
 -6.0023 -5.6073 -5.2668 -4.9729 -4.7213 -4.5107 -4.3377 -4.1976 -4.0851 -3.9929
 -3.9101 -3.8232 -3.7156 -3.5791 -3.4154 -2.9197 -2.4582 -2.0828 -1.7624 -1.4791
 -1.2371 -1.0371 -0.8754 -0.7457 -0.6401 -0.5513 -0.4755 -0.4096 -0.3524 -0.3032
 -0.2594
 -6.5918 -6.0753 -5.6477 -5.2826 -4.9689 -4.6996 -4.4700 -4.2763 -4.1134 -3.9746
 -3.8518 -3.7379 -3.6280 -3.5145 -3.3837 -2.9505 -2.4777 -2.0936 -1.7765 -1.5013
 -1.2647 -1.0683 -0.9093 -0.7833 -0.6830 -0.6010 -0.5326 -0.4740 -0.4238 -0.3811
 -0.3463
 -7.3634 -6.7324 -6.1851 -5.7201 -5.3245 -4.9859 -4.6951 -4.4444 -4.2283 -4.0416
 -3.8773 -3.7284 -3.5888 -3.4553 -3.3250 -2.9679 -2.5322 -2.1315 -1.8091 -1.5367
 -1.3025 -1.1065 -0.9477 -0.8225 -0.7253 -0.6486 -0.5866 -0.5350 -0.4916 -0.4555
 -0.4257
 -8.2840 -7.5473 -6.8922 -6.3137 -5.8146 -5.3870 -5.0195 -4.7024 -4.4269 -4.1869
 -3.9759 -3.7877 -3.6163 -3.4566 -3.3050 -2.9488 -2.5798 -2.1914 -1.8560 -1.5798
 -1.3449 -1.1471 -0.9857 -0.8588 -0.7623 -0.6894 -0.6331 -0.5881 -0.5516 -0.5220
 -0.4982
 -9.2161 -8.4302 -7.6937 -7.0284 -6.4325 -5.9109 -5.4566 -5.0604 -4.7155 -4.4143
 -4.1499 -3.9162 -3.7070 -3.5169 -3.3237 -2.8932 -2.6205 -2.2733 -1.9172
 [Fe/H] = -0.75 [alpha/Fe] = 0.30 BC value = F390M
 -6.9389 -6.9655 -6.9864 -6.9965 -6.9948 -6.9680 -6.9051 -6.8081 -6.6465 -6.5331
 -6.3809 -6.2185 -6.0361 -5.8293 -5.5985 -4.9782
 -6.3177 -6.3510 -6.3773 -6.3929 -6.3951 -6.3770 -6.3320 -6.2553 -6.1469 -6.0122
 -5.8567 -5.6801 -5.4798 -5.2579 -5.0207 -4.4178 -3.8230 -3.2212 -2.6167
 -5.7801 -5.8102 -5.8360 -5.8534 -5.8583 -5.8469 -5.8148 -5.7548 -5.6649 -5.5446
 -5.3953 -5.2180 -5.0138 -4.7884 -4.5518 -3.9694 -3.4156 -2.8792 -2.3606 -1.8863
 -1.5032
 -5.3261 -5.3431 -5.3625 -5.3780 -5.3844 -5.3776 -5.3535 -5.3066 -5.2332 -5.1303
 -4.9967 -4.8322 -4.6381 -4.4208 -4.1918 -3.6330 -3.1179 -2.6331 -2.1728 -1.7536
 -1.3983 -1.1116 -0.8744
 -5.0145 -4.9928 -4.9899 -4.9940 -4.9962 -4.9902 -4.9708 -4.9330 -4.8729 -4.7867
 -4.6717 -4.5262 -4.3496 -4.1462 -3.9270 -3.3881 -2.9026 -2.4569 -2.0391 -1.6599
 -1.3355 -1.0709 -0.8548 -0.6736 -0.5158
 -4.9732 -4.8483 -4.7710 -4.7297 -4.7096 -4.6956 -4.6753 -4.6419 -4.5908 -4.5179
 -4.4197 -4.2937 -4.1373 -3.9511 -3.7433 -3.2184 -2.7519 -2.3350 -1.9489 -1.5988
 -1.2982 -1.0514 -0.8516 -0.6863 -0.5451 -0.4210
 -5.1985 -4.9610 -4.7788 -4.6490 -4.5629 -4.5076 -4.4718 -4.4357 -4.3869 -4.3213
 -4.2351 -4.1253 -3.9881 -3.8210 -3.6271 -3.1118 -2.6542 -2.2569 -1.8945 -1.5659
 -1.2831 -1.0495 -0.8610 -0.7073 -0.5782 -0.4674 -0.3694 -0.2797 -0.1972 -0.1289
 -5.5313 -5.2202 -4.9564 -4.7407 -4.5710 -4.4423 -4.3505 -4.2913 -4.2469 -4.1907
 -4.1132 -4.0131 -3.8898 -3.7409 -3.5634 -3.0584 -2.6005 -2.2135 -1.8690 -1.5566
 -1.2865 -1.0628 -0.8818 -0.7360 -0.6159 -0.5143 -0.4267 -0.3497 -0.2811 -0.2198
 -0.1674
 -5.9480 -5.5610 -5.2291 -4.9453 -4.7070 -4.5118 -4.3551 -4.2322 -4.1398 -4.0680
 -4.0016 -3.9246 -3.8229 -3.6927 -3.5352 -3.0499 -2.5845 -2.1986 -1.8652 -1.5658
 -1.3047 -1.0875 -0.9113 -0.7706 -0.6572 -0.5632 -0.4836 -0.4152 -0.3558 -0.3049
 -0.2622
 -6.5077 -6.0127 -5.5938 -5.2377 -4.9345 -4.6772 -4.4617 -4.2835 -4.1375 -4.0168
 -3.9126 -3.8169 -3.7233 -3.6214 -3.4982 -3.0729 -2.5979 -2.2043 -1.8752 -1.5850
 -1.3305 -1.1175 -0.9445 -0.8069 -0.6982 -0.6106 -0.5385 -0.4775 -0.4253 -0.3814
 -0.3454
 -7.2840 -6.6555 -6.1132 -5.6558 -5.2695 -4.9426 -4.6648 -4.4287 -4.2288 -4.0590
 -3.9121 -3.7802 -3.6569 -3.5386 -3.4223 -3.0870 -2.6477 -2.2387 -1.9052 -1.6189
 -1.3682 -1.1563 -0.9837 -0.8467 -0.7403 -0.6573 -0.5912 -0.5369 -0.4918 -0.4543
 -0.4236
 -8.2206 -7.4820 -6.8197 -6.2384 -5.7438 -5.3244 -4.9691 -4.6664 -4.4068 -4.1833
 -3.9890 -3.8174 -3.6617 -3.5163 -3.3780 -3.0523 -2.6957 -2.2968 -1.9505 -1.6615
 -1.4116 -1.1984 -1.0239 -0.8852 -0.7788 -0.6985 -0.6374 -0.5893 -0.5507 -0.5198
 -0.4951
 -9.1732 -8.3830 -7.6421 -6.9675 -6.3649 -5.8415 -5.3927 -5.0077 -4.6774 -4.3922
 -4.1441 -3.9263 -3.7325 -3.5566 -3.3653 -2.9688 -2.7419 -2.3786 -2.0111
 [Fe/H] = -0.50 [alpha/Fe] = 0.20 BC value = F390M
 -7.0895 -7.1129 -7.1283 -7.1293 -7.1159 -7.0732 -6.9891 -6.8250 -6.6922 -6.5495
 -6.4323 -6.2905 -6.1336 -5.9533 -5.7499 -5.1660
 -6.4676 -6.4975 -6.5190 -6.5278 -6.5214 -6.4924 -6.4334 -6.3405 -6.2197 -6.0838
 -5.9375 -5.7802 -5.6042 -5.4060 -5.1893 -4.6118 -4.0259 -3.4301 -2.8266
 -5.9253 -5.9535 -5.9761 -5.9890 -5.9881 -5.9698 -5.9294 -5.8596 -5.7621 -5.6399
 -5.4981 -5.3371 -5.1544 -4.9499 -4.7295 -4.1654 -3.6143 -3.0744 -2.5490 -2.0535
 -1.6414
 -5.4626 -5.4809 -5.4996 -5.5129 -5.5161 -5.5055 -5.4771 -5.4253 -5.3475 -5.2433
 -5.1141 -4.9612 -4.7842 -4.5850 -4.3705 -3.8268 -3.3098 -2.8170 -2.3458 -1.9073
 -1.5220 -1.2077 -0.9533
 -5.1289 -5.1169 -5.1185 -5.1238 -5.1256 -5.1183 -5.0974 -5.0580 -4.9962 -4.9094
 -4.7966 -4.6581 -4.4937 -4.3055 -4.0998 -3.5747 -3.0853 -2.6293 -2.1986 -1.8012
 -1.4502 -1.1599 -0.9259 -0.7314 -0.5628
 -5.0282 -4.9279 -4.8707 -4.8429 -4.8290 -4.8169 -4.7975 -4.7647 -4.7141 -4.6417
 -4.5452 -4.4231 -4.2746 -4.1003 -3.9050 -3.3942 -2.9233 -2.4954 -2.0961 -1.7290
 -1.4045 -1.1332 -0.9144 -0.7356 -0.5842 -0.4516
 -5.1995 -4.9849 -4.8308 -4.7262 -4.6562 -4.6112 -4.5808 -4.5470 -4.5011 -4.4383
 -4.3548 -4.2482 -4.1161 -3.9573 -3.7742 -3.2754 -2.8136 -2.4055 -2.0306 -1.6861
 -1.3815 -1.1249 -0.9172 -0.7498 -0.6110 -0.4926 -0.3885 -0.2937 -0.2069 -0.1347
 -5.5199 -5.2176 -4.9675 -4.7699 -4.6202 -4.5121 -4.4390 -4.3926 -4.3508 -4.2948
 -4.2199 -4.1247 -4.0070 -3.8641 -3.6952 -3.2093 -2.7489 -2.3521 -1.9957 -1.6687
 -1.3783 -1.1328 -0.9331 -0.7732 -0.6433 -0.5348 -0.4421 -0.3610 -0.2890 -0.2242
 -0.1688
 -5.9256 -5.5452 -5.2209 -4.9475 -4.7223 -4.5418 -4.4002 -4.2933 -4.2189 -4.1624
 -4.1048 -4.0308 -3.9314 -3.8058 -3.6542 -3.1874 -2.7233 -2.3292 -1.9848 -1.6713
 -1.3914 -1.1537 -0.9595 -0.8044 -0.6806 -0.5797 -0.4955 -0.4234 -0.3614 -0.3083
 -0.2630
 -6.4632 -5.9784 -5.5679 -5.2200 -4.9258 -4.6797 -4.4768 -4.3120 -4.1805 -4.0757
 -3.9877 -3.9077 -3.8266 -3.7325 -3.6137 -3.1979 -2.7290 -2.3291 -1.9897 -1.6861
 -1.4137 -1.1811 -0.9906 -0.8387 -0.7192 -0.6243 -0.5472 -0.4830 -0.4287 -0.3828
 -0.3454
 -7.2222 -6.5969 -6.0639 -5.6158 -5.2391 -4.9219 -4.6551 -4.4316 -4.2453 -4.0902
 -3.9583 -3.8413 -3.7327 -3.6290 -3.5257 -3.2097 -2.7710 -2.3589 -2.0163 -1.7175
 -1.4502 -1.2194 -1.0299 -0.8786 -0.7608 -0.6695 -0.5981 -0.5403 -0.4929 -0.4538
 -0.4219
 -8.1686 -7.4221 -6.7571 -6.1786 -5.6910 -5.2812 -4.9372 -4.6467 -4.4005 -4.1913
 -4.0118 -3.8548 -3.7130 -3.5810 -3.4561 -3.1619 -2.8185 -2.4127 -2.0590 -1.7586
 -1.4936 -1.2627 -1.0716 -0.9190 -0.8007 -0.7112 -0.6437 -0.5915 -0.5504 -0.5177
 -0.4921
 -9.1429 -8.3418 -7.5906 -6.9092 -6.3028 -5.7835 -5.3419 -4.9680 -4.6505 -4.3794
 -4.1459 -3.9426 -3.7626 -3.5998 -3.4049 -3.0545 -2.8715 -2.4905 -2.1178
 [Fe/H] = -0.25 [alpha/Fe] = 0.10 BC value = F390M
 -7.2897 -7.3075 -7.3142 -7.3033 -7.2736 -7.2084 -7.0954 -6.8953 -6.7572 -6.6118
 -6.4794 -6.3531 -6.2224 -6.0672 -5.9106 -5.3615
 -6.6643 -6.6886 -6.7027 -6.7017 -6.6826 -6.6374 -6.5582 -6.4434 -6.3094 -6.1698
 -6.0320 -5.8918 -5.7386 -5.5654 -5.3691 -4.8177 -4.2401 -3.6496 -3.0525
 -6.1158 -6.1394 -6.1561 -6.1614 -6.1511 -6.1215 -6.0674 -5.9822 -5.8724 -5.7464
 -5.6106 -5.4646 -5.3032 -5.1204 -4.9181 -4.3746 -3.8250 -3.2828 -2.7557 -2.2476
 -1.7970
 -5.6442 -5.6599 -5.6744 -5.6824 -5.6790 -5.6606 -5.6230 -5.5606 -5.4734 -5.3644
 -5.2380 -5.0959 -4.9362 -4.7560 -4.5576 -4.0322 -3.5143 -3.0151 -2.5371 -2.0862
 -1.6755 -1.3308 -1.0490
 -5.2935 -5.2837 -5.2844 -5.2871 -5.2847 -5.2722 -5.2453 -5.1989 -5.1302 -5.0385
 -4.9255 -4.7933 -4.6417 -4.4694 -4.2787 -3.7717 -3.2809 -2.8166 -2.3764 -1.9661
 -1.5933 -1.2729 -1.0142 -0.8012 -0.6177
 -5.1473 -5.0625 -5.0161 -4.9929 -4.9788 -4.9640 -4.9410 -4.9041 -4.8487 -4.7723
 -4.6739 -4.5544 -4.4139 -4.2522 -4.0709 -3.5796 -3.1076 -2.6710 -2.2611 -1.8811
 -1.5374 -1.2389 -0.9954 -0.7988 -0.6344 -0.4910
 -5.2592 -5.0705 -4.9401 -4.8484 -4.7853 -4.7445 -4.7137 -4.6779 -4.6295 -4.5641
 -4.4788 -4.3724 -4.2446 -4.0949 -3.9239 -3.4469 -2.9856 -2.5690 -2.1836 -1.8266
 -1.5045 -1.2236 -0.9919 -0.8060 -0.6541 -0.5258 -0.4141 -0.3124 -0.2199 -0.1428
 -5.5543 -5.2595 -5.0238 -4.8446 -4.7145 -4.6238 -4.5606 -4.5163 -4.4703 -4.4110
 -4.3348 -4.2399 -4.1244 -3.9871 -3.8278 -3.3664 -2.9089 -2.5044 -2.1379 -1.7991
 -1.4925 -1.2249 -1.0024 -0.8236 -0.6804 -0.5627 -0.4631 -0.3767 -0.2999 -0.2308
 -0.1716
 -5.9488 -5.5699 -5.2499 -4.9855 -4.7730 -4.6064 -4.4789 -4.3870 -4.3263 -4.2767
 -4.2189 -4.1417 -4.0411 -3.9178 -3.7717 -3.3294 -2.8728 -2.4723 -2.1186 -1.7939
 -1.4986 -1.2404 -1.0245 -0.8507 -0.7133 -0.6030 -0.5124 -0.4355 -0.3698 -0.3136
 -0.2650
 -6.4697 -5.9864 -5.5787 -5.2352 -4.9480 -4.7113 -4.5196 -4.3665 -4.2477 -4.1564
 -4.0817 -4.0127 -3.9383 -3.8464 -3.7287 -3.3242 -2.8683 -2.4648 -2.1169 -1.8022
 -1.5153 -1.2634 -1.0526 -0.8825 -0.7490 -0.6442 -0.5606 -0.4918 -0.4342 -0.3858
 -0.3465
 -7.2104 -6.5827 -6.0542 -5.6102 -5.2385 -4.9282 -4.6700 -4.4569 -4.2822 -4.1393
 -4.0199 -3.9154 -3.8199 -3.7292 -3.6367 -3.3329 -2.8997 -2.4889 -2.1393 -1.8300
 -1.5488 -1.2998 -1.0908 -0.9220 -0.7898 -0.6880 -0.6092 -0.5467 -0.4961 -0.4548
 -0.4212
 -8.1569 -7.3997 -6.7282 -6.1526 -5.6687 -5.2649 -4.9284 -4.6473 -4.4118 -4.2146
 -4.0477 -3.9029 -3.7731 -3.6535 -3.5419 -3.2780 -2.9443 -2.5366 -2.1789 -1.8692
 -1.5911 -1.3431 -1.1332 -0.9635 -0.8307 -0.7298 -0.6541 -0.5964 -0.5517 -0.5168
 -0.4895
 -9.1500 -8.3315 -7.5675 -6.8761 -6.2664 -5.7477 -5.3118 -4.9466 -4.6393 -4.3797
 -4.1586 -3.9679 -3.8002 -3.6492 -3.4443 -3.1595 -3.0021 -2.6079 -2.2357
 [Fe/H] =  0.00 [alpha/Fe] = 0.00 BC value = F390M
 -7.5130 -7.5266 -7.5235 -7.4731 -7.3813 -7.2624 -7.1283 -6.9889 -6.8477 -6.7005
 -6.5733 -6.4598 -6.3378 -6.2144 -6.0557 -5.5172
 -6.9192 -6.9349 -6.9382 -6.9230 -6.8839 -6.8144 -6.7078 -6.5667 -6.4192 -6.2755
 -6.1433 -6.0177 -5.8864 -5.7345 -5.5601 -5.0340 -4.4544 -3.8680 -3.2832
 -6.3639 -6.3792 -6.3863 -6.3799 -6.3555 -6.3086 -6.2334 -6.1260 -6.0001 -5.8679
 -5.7359 -5.6028 -5.4602 -5.2989 -5.1154 -4.5934 -4.0404 -3.4935 -2.9707 -2.4608
 -1.9835
 -5.8840 -5.8919 -5.8980 -5.8964 -5.8818 -5.8503 -5.7971 -5.7172 -5.6148 -5.4974
 -5.3714 -5.2386 -5.0945 -4.9329 -4.7514 -4.2459 -3.7246 -3.2179 -2.7385 -2.2831
 -1.8573 -1.4775 -1.1653
 -5.5217 -5.5056 -5.4994 -5.4942 -5.4829 -5.4601 -5.4215 -5.3616 -5.2794 -5.1780
 -5.0620 -4.9345 -4.7944 -4.6376 -4.4623 -3.9760 -3.4834 -3.0105 -2.5651 -2.1479
 -1.7619 -1.4146 -1.1248 -0.8898 -0.6869
 -5.3573 -5.2655 -5.2175 -5.1896 -5.1690 -5.1461 -5.1140 -5.0667 -5.0001 -4.9138
 -4.8097 -4.6905 -4.5570 -4.4074 -4.2400 -3.7710 -3.2998 -2.8548 -2.4377 -2.0495
 -1.6933 -1.3722 -1.0998 -0.8794 -0.6984 -0.5412
 -5.4104 -5.2409 -5.1182 -5.0260 -4.9611 -4.9165 -4.8788 -4.8349 -4.7777 -4.7033
 -4.6110 -4.5017 -4.3764 -4.2349 -4.0759 -3.6233 -3.1656 -2.7418 -2.3483 -1.9827
 -1.6487 -1.3481 -1.0899 -0.8800 -0.7108 -0.5700 -0.4478 -0.3372 -0.2376 -0.1540
 -5.6635 -5.3720 -5.1474 -4.9833 -4.8679 -4.7843 -4.7195 -4.6677 -4.6122 -4.5445
 -4.4613 -4.3617 -4.2453 -4.1122 -3.9620 -3.5267 -3.0767 -2.6662 -2.2914 -1.9438
 -1.6259 -1.3408 -1.0943 -0.8921 -0.7310 -0.6003 -0.4915 -0.3981 -0.3150 -0.2402
 -0.1762
 -6.0449 -5.6586 -5.3377 -5.0781 -4.8745 -4.7185 -4.6028 -4.5221 -4.4663 -4.4130
 -4.3462 -4.2602 -4.1546 -4.0310 -3.8898 -3.4732 -3.0288 -2.6241 -2.2626 -1.9291
 -1.6229 -1.3485 -1.1110 -0.9148 -0.7590 -0.6358 -0.5360 -0.4529 -0.3820 -0.3216
 -0.2685
 -6.5560 -6.0623 -5.6476 -5.3016 -5.0164 -4.7855 -4.6013 -4.4569 -4.3479 -4.2667
 -4.1998 -4.1349 -4.0592 -3.9628 -3.8420 -3.4511 -3.0127 -2.6086 -2.2533 -1.9299
 -1.6325 -1.3653 -1.1345 -0.9434 -0.7916 -0.6733 -0.5803 -0.5052 -0.4431 -0.3912
 -0.3493
 -7.2885 -6.6470 -6.1087 -5.6588 -5.2847 -4.9754 -4.7216 -4.5149 -4.3480 -4.2138
 -4.1033 -4.0085 -3.9231 -3.8417 -3.7551 -3.4531 -3.0317 -2.6256 -2.2707 -1.9528
 -1.6613 -1.3979 -1.1701 -0.9815 -0.8313 -0.7153 -0.6265 -0.5573 -0.5021 -0.4573
 -0.4216
 -8.2361 -7.4577 -6.7690 -6.1855 -5.6965 -5.2911 -4.9561 -4.6793 -4.4506 -4.2614
 -4.1030 -3.9671 -3.8467 -3.7380 -3.6388 -3.3994 -3.0688 -2.6657 -2.3063 -1.9893
 -1.7010 -1.4395 -1.2118 -1.0231 -0.8728 -0.7571 -0.6704 -0.6053 -0.5556 -0.5173
 -0.4879
 -9.2334 -8.3932 -7.6074 -6.8979 -6.2794 -5.7555 -5.3190 -4.9564 -4.6545 -4.4022
 -4.1896 -4.0080 -3.8496 -3.7084 -3.4931 -3.2900 -3.1240 -2.7289 -2.3601
 [Fe/H] =  0.25 [alpha/Fe] = 0.00 BC value = F390M
 -7.7469 -7.7540 -7.7382 -7.6414 -7.4847 -7.3094 -7.1553 -6.9890 -6.8616 -6.7247
 -6.6016 -6.5009 -6.4105 -6.2976 -6.1786 -5.7423
 -7.1068 -7.1198 -7.1143 -7.0669 -6.9819 -6.8702 -6.7406 -6.6008 -6.4571 -6.3173
 -6.1935 -6.0841 -5.9795 -5.8657 -5.7263 -5.2682 -4.7043 -4.1270 -3.5217
 -6.5309 -6.5458 -6.5473 -6.5296 -6.4885 -6.4198 -6.3181 -6.1868 -6.0533 -5.9229
 -5.8001 -5.6846 -5.5696 -5.4434 -5.2963 -4.8331 -4.2916 -3.7398 -3.2199 -2.7201
 -2.2335
 -6.0192 -6.0320 -6.0372 -6.0295 -6.0044 -5.9584 -5.8878 -5.7892 -5.6754 -5.5576
 -5.4402 -5.3239 -5.2054 -5.0760 -4.9277 -4.4759 -3.9646 -3.4511 -2.9704 -2.5172
 -2.0917 -1.7010 -1.3513
 -5.6064 -5.6065 -5.6079 -5.6037 -5.5882 -5.5574 -5.5078 -5.4345 -5.3412 -5.2365
 -5.1266 -5.0132 -4.8953 -4.7672 -4.6225 -4.1886 -3.7073 -3.2285 -2.7792 -2.3606
 -1.9697 -1.6080 -1.2879 -1.0210 -0.7959
 -5.3336 -5.2957 -5.2759 -5.2627 -5.2474 -5.2238 -5.1869 -5.1321 -5.0569 -4.9657
 -4.8642 -4.7559 -4.6408 -4.5160 -4.3767 -3.9610 -3.5042 -3.0556 -2.6339 -2.2423
 -1.8804 -1.5481 -1.2514 -1.0019 -0.7960 -0.6191
 -5.2999 -5.1718 -5.0837 -5.0281 -4.9920 -4.9620 -4.9280 -4.8831 -4.8219 -4.7437
 -4.6517 -4.5500 -4.4392 -4.3186 -4.1851 -3.7876 -3.3486 -2.9239 -2.5267 -2.1571
 -1.8170 -1.5066 -1.2290 -0.9931 -0.8000 -0.6398 -0.5023 -0.3780 -0.2678 -0.1742
 -5.4539 -5.2281 -5.0640 -4.9502 -4.8616 -4.7917 -4.7386 -4.6917 -4.6368 -4.5682
 -4.4856 -4.3912 -4.2861 -4.1705 -4.0427 -3.6636 -3.2378 -2.8293 -2.4523 -2.1014
 -1.7777 -1.4834 -1.2209 -0.9961 -0.8120 -0.6628 -0.5394 -0.4342 -0.3412 -0.2580
 -0.1865
 -5.7856 -5.4472 -5.1744 -4.9641 -4.8081 -4.6955 -4.6132 -4.5491 -4.4956 -4.4349
 -4.3611 -4.2743 -4.1755 -4.0652 -3.9433 -3.5833 -3.1697 -2.7701 -2.4073 -2.0717
 -1.7608 -1.4779 -1.2264 -1.0106 -0.8333 -0.6912 -0.5772 -0.4834 -0.4043 -0.3371
 -0.2773
 -6.2291 -5.7948 -5.4298 -5.1280 -4.8848 -4.6932 -4.5444 -4.4327 -4.3520 -4.2933
 -4.2373 -4.1721 -4.0907 -3.9920 -3.8777 -3.5358 -3.1355 -2.7401 -2.3841 -2.0595
 -1.7587 -1.4841 -1.2407 -1.0321 -0.8603 -0.7235 -0.6162 -0.5306 -0.4608 -0.4033
 -0.3567
 -6.8509 -6.2917 -5.8207 -5.4258 -5.0968 -4.8268 -4.6083 -4.4333 -4.2952 -4.1893
 -4.1061 -4.0358 -3.9693 -3.8980 -3.8137 -3.5190 -3.1360 -2.7449 -2.3905 -2.0718
 -1.7781 -1.5090 -1.2699 -1.0655 -0.8969 -0.7628 -0.6592 -0.5791 -0.5162 -0.4662
 -0.4262
 -7.7146 -7.0034 -6.3908 -5.8753 -5.4443 -5.0863 -4.7909 -4.5486 -4.3516 -4.1919
 -4.0619 -3.9535 -3.8596 -3.7754 -3.6966 -3.4819 -3.1577 -2.7734 -2.4178 -2.1002
 -1.8106 -1.5448 -1.3074 -1.1043 -0.9370 -0.8039 -0.7019 -0.6250 -0.5671 -0.5233
 -0.4899
 -8.7388 -7.9216 -7.1795 -6.5208 -5.9623 -5.4921 -5.1021 -4.7795 -4.5133 -4.2937
 -4.1117 -3.9591 -3.8280 -3.7124 -3.5264 -3.4245 -3.2006 -2.8256 -2.4660
 [Fe/H] =  0.50 [alpha/Fe] = 0.00 BC value = F390M
 -7.9676 -7.8189 -7.6516 -7.4774 -7.3336 -7.2196 -7.1241 -6.9937 -6.8868 -6.7594
 -6.6390 -6.5435 -6.4671 -6.3909 -6.2766 -5.9049
 -7.3259 -7.2860 -7.2223 -7.1374 -7.0334 -6.9124 -6.7760 -6.6322 -6.5001 -6.3665
 -6.2468 -6.1461 -6.0598 -5.9734 -5.8731 -5.4941 -4.9663 -4.3893 -3.7695
 -6.7349 -6.7501 -6.7420 -6.7092 -6.6394 -6.5338 -6.3970 -6.2432 -6.1081 -5.9804
 -5.8638 -5.7600 -5.6647 -5.5676 -5.4561 -5.0700 -4.5548 -3.9956 -3.4600 -2.9567
 -2.4824
 -6.1946 -6.2111 -6.2106 -6.1929 -6.1516 -6.0839 -5.9871 -5.8632 -5.7376 -5.6187
 -5.5074 -5.4033 -5.3038 -5.2016 -5.0864 -4.7065 -4.2187 -3.6977 -3.2109 -2.7610
 -2.3291 -1.9207 -1.5454
 -5.7382 -5.7475 -5.7511 -5.7428 -5.7179 -5.6731 -5.6057 -5.5125 -5.4041 -5.2949
 -5.1888 -5.0870 -4.9867 -4.8832 -4.7686 -4.4028 -3.9462 -3.4627 -3.0059 -2.5864
 -2.1936 -1.8235 -1.4812 -1.1808 -0.9236
 -5.3942 -5.3822 -5.3764 -5.3684 -5.3513 -5.3208 -5.2733 -5.2048 -5.1155 -5.0165
 -4.9160 -4.8169 -4.7174 -4.6142 -4.5018 -4.1525 -3.7234 -3.2739 -2.8446 -2.4494
 -2.0841 -1.7442 -1.4310 -1.1535 -0.9188 -0.7171
 -5.2295 -5.1529 -5.1084 -5.0809 -5.0580 -5.0309 -4.9934 -4.9412 -4.8703 -4.7834
 -4.6895 -4.5936 -4.4960 -4.3940 -4.2843 -3.9512 -3.5446 -3.1235 -2.7201 -2.3463
 -2.0014 -1.6839 -1.3934 -1.1347 -0.9152 -0.7316 -0.5740 -0.4328 -0.3083 -0.2020
 -5.2998 -5.1220 -5.0230 -4.9299 -4.8630 -4.8147 -4.7733 -4.7267 -4.6679 -4.5933
 -4.5073 -4.4158 -4.3206 -4.2207 -4.1138 -3.7967 -3.4092 -3.0086 -2.6280 -2.2732
 -1.9448 -1.6436 -1.3698 -1.1266 -0.9190 -0.7470 -0.6047 -0.4835 -0.3771 -0.2831
 -0.2019
 -5.5602 -5.2725 -5.0547 -4.9002 -4.7900 -4.7048 -4.6312 -4.5686 -4.5115 -4.4451
 -4.3666 -4.2801 -4.1882 -4.0911 -3.9872 -3.6856 -3.3160 -2.9297 -2.5656 -2.2273
 -1.9127 -1.6232 -1.3618 -1.1302 -0.9322 -0.7686 -0.6359 -0.5271 -0.4363 -0.3593
 -0.2907
 -5.9514 -5.5670 -5.2468 -4.9893 -4.7898 -4.6389 -4.5272 -4.4439 -4.3786 -4.3213
 -4.2556 -4.1784 -4.0920 -3.9983 -3.8974 -3.6094 -3.2581 -2.8814 -2.5267 -2.2008
 -1.8972 -1.6169 -1.3643 -1.1418 -0.9518 -0.7948 -0.6691 -0.5687 -0.4877 -0.4219
 -0.3687
 -6.4784 -5.9909 -5.5774 -5.2294 -4.9422 -4.7106 -4.5269 -4.3823 -4.2711 -4.1889
 -4.1249 -4.0648 -3.9998 -3.9247 -3.8366 -3.5666 -3.2352 -2.8697 -2.5198 -2.2006
 -1.9057 -1.6324 -1.3851 -1.1678 -0.9827 -0.8299 -0.7083 -0.6133 -0.5393 -0.4810
 -0.4351
 -7.2204 -6.5896 -6.0570 -5.6072 -5.2288 -4.9137 -4.6549 -4.4450 -4.2759 -4.1413
 -4.0352 -3.9502 -3.8775 -3.8103 -3.7424 -3.5349 -3.2343 -2.8824 -2.5359 -2.2189
 -1.9289 -1.6607 -1.4166 -1.2015 -1.0188 -0.8683 -0.7489 -0.6569 -0.5874 -0.5352
 -0.4957
 -8.1974 -7.4271 -6.7453 -6.1629 -5.6696 -5.2558 -4.9110 -4.6260 -4.3920 -4.2009
 -4.0451 -3.9171 -3.8098 -3.7175 -3.6148 -3.5143 -3.2554 -2.9195 -2.5750
 [Fe/H] =  0.75 [alpha/Fe] = 0.00 BC value = F390M
 -8.1913 -7.7575 -7.3533 -7.0721 -6.9865 -7.0190 -7.0596 -7.0019 -6.9110 -6.7985
 -6.6791 -6.5831 -6.5124 -6.4577 -6.3880 -6.1345
 -7.5553 -7.4094 -7.2699 -7.1363 -7.0082 -6.8851 -6.7668 -6.6529 -6.5392 -6.4155
 -6.2989 -6.2012 -6.1239 -6.0574 -5.9847 -5.6892 -5.2059 -4.6354 -4.0266
 -6.9573 -6.9693 -6.9548 -6.9048 -6.7844 -6.6181 -6.4414 -6.2838 -6.1575 -6.0359
 -5.9242 -5.8262 -5.7423 -5.6656 -5.5840 -5.2840 -4.8110 -4.2510 -3.7176 -3.2351
 -2.7598
 -6.3973 -6.4372 -6.4079 -6.3775 -6.3150 -6.2177 -6.0833 -5.9263 -5.7944 -5.6766
 -5.5697 -5.4736 -5.3865 -5.3041 -5.2171 -4.9189 -4.4742 -3.9513 -3.4519 -3.0036
 -2.5802 -2.1670 -1.7697
 -5.9037 -5.9187 -5.9215 -5.9059 -5.8670 -5.8018 -5.7097 -5.5898 -5.4643 -5.3510
 -5.2475 -5.1538 -5.0660 -4.9808 -4.8917 -4.6022 -4.1893 -3.7085 -3.2399 -2.8174
 -2.4250 -2.0521 -1.6960 -1.3673 -1.0742
 -5.5042 -5.5077 -5.5089 -5.5005 -5.4765 -5.4337 -5.3695 -5.2812 -5.1737 -5.0659
 -4.9656 -4.8732 -4.7858 -4.6994 -4.6097 -4.3313 -3.9478 -3.5062 -3.0675 -2.6669
 -2.2997 -1.9551 -1.6309 -1.3324 -1.0669 -0.8360
 -5.2370 -5.2033 -5.1849 -5.1700 -5.1499 -5.1186 -5.0718 -5.0068 -4.9211 -4.8229
 -4.7256 -4.6342 -4.5472 -4.4606 -4.3710 -4.1037 -3.7458 -3.3376 -2.9283 -2.5481
 -2.2000 -1.8770 -1.5771 -1.3015 -1.0566 -0.8473 -0.6652 -0.5027 -0.3614 -0.2392
 -5.2136 -5.0873 -4.9985 -4.9412 -4.9013 -4.8658 -4.8249 -4.7726 -4.7046 -4.6198
 -4.5277 -4.4374 -4.3505 -4.2644 -4.1754 -3.9189 -3.5835 -3.2014 -2.8189 -2.4587
 -2.1263 -1.8196 -1.5376 -1.2806 -1.0519 -0.8558 -0.6908 -0.5499 -0.4259 -0.3177
 -0.2243
 -5.3702 -5.1526 -4.9910 -4.8762 -4.7871 -4.7085 -4.6444 -4.5889 -4.5288 -4.4560
 -4.3710 -4.2828 -4.1968 -4.1109 -4.0228 -3.7763 -3.4617 -3.0998 -2.7382 -2.3961
 -2.0778 -1.7834 -1.5143 -1.2711 -1.0556 -0.8704 -0.7159 -0.5879 -0.4813 -0.3908
 -0.3111
 -5.7114 -5.3711 -5.0982 -4.8884 -4.7360 -4.6271 -4.5433 -4.4680 -4.3969 -4.3289
 -4.2515 -4.1670 -4.0814 -3.9961 -3.9090 -3.6706 -3.3754 -3.0298 -2.6814 -2.3538
 -2.0477 -1.7631 -1.5034 -1.2703 -1.0652 -0.8891 -0.7429 -0.6239 -0.5275 -0.4498
 -0.3869
 -6.1737 -5.7392 -5.3708 -5.0649 -4.8189 -4.6265 -4.4782 -4.3654 -4.2797 -4.2110
 -4.1478 -4.0772 -3.9990 -3.9170 -3.8319 -3.6010 -3.3248 -2.9969 -2.6584 -2.3396
 -2.0433 -1.7670 -1.5136 -1.2866 -1.0879 -0.9181 -0.7776 -0.6643 -0.5748 -0.5042
 -0.4502
 -6.8026 -6.2505 -5.7802 -5.3814 -5.0464 -4.7705 -4.5475 -4.3691 -4.2271 -4.1160
 -4.0307 -3.9614 -3.8974 -3.8326 -3.7630 -3.5561 -3.2978 -2.9886 -2.6596 -2.3456
 -2.0554 -1.7855 -1.5368 -1.3129 -1.1174 -0.9513 -0.8146 -0.7051 -0.6201 -0.5557
 -0.5083
 -7.6723 -6.9752 -6.3708 -5.8561 -5.4197 -5.0532 -4.7482 -4.4977 -4.2937 -4.1287
 -3.9956 -3.8890 -3.8017 -3.7275 -3.7023 -3.5359 -3.2944 -3.0049 -2.6850
 [Fe/H] =  1.00 [alpha/Fe] = 0.00 BC value = F390M
 -8.4074 -7.5506 -6.8632 -6.5930 -6.5978 -6.8429 -7.1284 -7.0537 -6.9347 -6.8319
 -6.7175 -6.6175 -6.5458 -6.4961 -6.4547 -6.2683
 -7.7788 -7.5682 -7.3780 -7.2065 -7.0519 -6.9128 -6.7878 -6.6759 -6.5715 -6.4588
 -6.3447 -6.2466 -6.1718 -6.1144 -6.0615 -5.8479 -5.4163 -4.8637 -4.2930
 -7.1785 -7.2917 -7.2945 -7.1982 -7.0130 -6.7476 -6.4611 -6.3138 -6.1980 -6.0844
 -5.9760 -5.8804 -5.8015 -5.7364 -5.6752 -5.4564 -5.0401 -4.4938 -3.9441 -3.4660
 -3.0157
 -6.6065 -6.7212 -6.6126 -6.5684 -6.4812 -6.3474 -6.1482 -5.9674 -5.8411 -5.7268
 -5.6240 -5.5324 -5.4519 -5.3814 -5.3146 -5.0938 -4.7097 -4.1950 -3.6805 -3.2301
 -2.8171 -2.4103 -2.0051
 -6.0863 -6.1055 -6.1064 -6.0820 -6.0260 -5.9349 -5.8104 -5.6547 -5.5163 -5.4007
 -5.2997 -5.2111 -5.1311 -5.0578 -4.9872 -4.7696 -4.4181 -3.9515 -3.4691 -3.0406
 -2.6521 -2.2807 -1.9205 -1.5717 -1.2449
 -5.6435 -5.6574 -5.6622 -5.6505 -5.6163 -5.5563 -5.4690 -5.3559 -5.2275 -5.1118
 -5.0110 -4.9231 -4.8441 -4.7695 -4.6965 -4.4833 -4.1613 -3.7404 -3.2930 -2.8830
 -2.5147 -2.1700 -1.8405 -1.5272 -1.2367 -0.9743
 -5.3062 -5.2979 -5.2935 -5.2836 -5.2608 -5.2204 -5.1589 -5.0758 -4.9714 -4.8608
 -4.7603 -4.6718 -4.5924 -4.5174 -4.4432 -4.2346 -3.9383 -3.5563 -3.1444 -2.7547
 -2.4028 -2.0774 -1.7711 -1.4847 -1.2206 -0.9837 -0.7758 -0.5907 -0.4287 -0.2873
 -5.1513 -5.0772 -5.0282 -4.9983 -4.9708 -4.9365 -4.8894 -4.8261 -4.7445 -4.6465
 -4.5477 -4.4581 -4.3775 -4.3024 -4.2277 -4.0239 -3.7499 -3.4000 -3.0207 -2.6529
 -2.3155 -2.0050 -1.7173 -1.4502 -1.2064 -0.9885 -0.7983 -0.6347 -0.4900 -0.3640
 -0.2553
 -5.2369 -5.0831 -4.9586 -4.8604 -4.7850 -4.7271 -4.6752 -4.6194 -4.5518 -4.4691
 -4.3755 -4.2847 -4.2025 -4.1264 -4.0516 -3.8528 -3.5983 -3.2752 -2.9221 -2.5759
 -2.2527 -1.9546 -1.6793 -1.4272 -1.1982 -0.9942 -0.8180 -0.6685 -0.5425 -0.4342
 -0.3401
 -5.5072 -5.2130 -4.9928 -4.8359 -4.7277 -4.6396 -4.5548 -4.4741 -4.4018 -4.3277
 -4.2424 -4.1524 -4.0676 -3.9895 -3.9144 -3.7191 -3.4814 -3.1796 -2.8465 -2.5177
 -2.2081 -1.9201 -1.6549 -1.4134 -1.1963 -1.0041 -0.8385 -0.6990 -0.5838 -0.4904
 -0.4137
 -5.9216 -5.5301 -5.2022 -4.9377 -4.7334 -4.5803 -4.4678 -4.3821 -4.3055 -4.2276
 -4.1482 -4.0610 -3.9742 -3.8932 -3.8165 -3.6235 -3.4006 -3.1211 -2.8043 -2.4885
 -2.1903 -1.9114 -1.6535 -1.4188 -1.2093 -1.0250 -0.8671 -0.7349 -0.6270 -0.5409
 -0.4745
 -6.4656 -5.9742 -5.5536 -5.1971 -4.9013 -4.6624 -4.4733 -4.3248 -4.2097 -4.1205
 -4.0474 -3.9783 -3.9030 -3.8248 -3.7480 -3.5578 -3.3462 -3.0870 -2.7867 -2.4804
 -2.1901 -1.9188 -1.6667 -1.4363 -1.2307 -1.0513 -0.8988 -0.7719 -0.6694 -0.5893
 -0.5284
 -7.2155 -6.5932 -6.0583 -5.6012 -5.2134 -4.8878 -4.6192 -4.4008 -4.2246 -4.0829
 -3.9700 -3.8809 -3.8066 -3.7389 -3.7089 -3.5220 -3.3182 -3.0773 -2.7937
