 [Fe/H] = -4.00 [alpha/Fe] = 0.40 BC value = F275W
-12.0849-10.5608 -9.4918-10.6193-14.5004-16.3951-15.7384-12.7993 -9.3253 -6.4505
 -4.9217 -5.0264 -7.1516 -8.8583 -9.5571 -7.8794
-12.2601-11.6238-11.0092-11.3165-12.8542-13.5889-13.4288-12.2851-10.7673 -9.3499
 -8.4065 -8.2023 -8.9583 -9.5985 -9.6308 -8.0153 -6.8708 -6.0763 -5.5926
-12.2769-12.0781-11.7800-11.6543-11.8396-11.8783-11.8773-11.6608-11.2547-10.7452
-10.2540 -9.9451 -9.8776 -9.7963 -9.4783 -7.8786 -6.4057 -5.5315 -4.9460 -4.4806
 -3.9437
-12.1354-11.9237-11.8042-11.6328-11.4568-11.2632-11.0839-10.9265-10.7874-10.6364
-10.4640-10.2547 -9.9093 -9.4517 -9.0996 -7.4693 -6.1164 -5.1035 -4.3763 -3.8519
 -3.4775 -3.2171 -3.0403
-11.8644-11.7477-11.6406-11.4753-11.2619-11.0079-10.7373-10.4738-10.2302-10.0071
 -9.7926 -9.5673 -9.2981 -8.9208 -8.4745 -7.1029 -5.7562 -4.7222 -4.0005 -3.5077
 -3.1706 -2.9413 -2.7882 -2.6880 -2.6223
-11.6256-11.5725-11.4728-11.3094-11.0727-10.7755-10.4378-10.0914 -9.7601 -9.4532
 -9.1677 -8.8940 -8.6121 -8.2768 -7.8865 -6.7155 -5.4582 -4.4414 -3.7246 -3.2441
 -2.9250 -2.7126 -2.5728 -2.4832 -2.4271 -2.3922
-11.4190-11.3981-11.3008-11.1351-10.8891-10.5660-10.1854 -9.7793 -9.3788 -9.0033
 -8.6573 -8.3326 -8.0181 -7.6949 -7.3356 -6.3071 -5.2224 -4.2611 -3.5486 -3.0611
 -2.7407 -2.5310 -2.3941 -2.3061 -2.2516 -2.2190 -2.1986 -2.1867 -2.1771 -2.1525
-11.2445-11.2245-11.1246-10.9532-10.6985-10.3629 -9.9611 -9.5206 -9.0721 -8.6430
 -8.2480 -7.8848 -7.5464 -7.2188 -6.8818 -5.9655 -5.0125 -4.1566 -3.4637 -2.9625
 -2.6223 -2.3991 -2.2535 -2.1589 -2.0989 -2.0624 -2.0398 -2.0269 -2.0216 -2.0180
 -2.0004
-11.0841-11.0602-10.9526-10.7702-10.5039-10.1592 -9.7502 -9.2973 -8.8252 -8.3622
 -7.9278 -7.5328 -7.1753 -6.8450 -6.5252 -5.7095 -4.8615 -4.0894 -3.4445 -2.9382
 -2.5714 -2.3203 -2.1538 -2.0441 -1.9724 -1.9266 -1.8989 -1.8819 -1.8725 -1.8692
 -1.8707
-10.9429-10.9087-10.7896-10.5945-10.3131 -9.9569 -9.5431 -9.0904 -8.6165 -8.1405
 -7.6853 -7.2672 -6.8901 -6.5521 -6.2416 -5.5088 -4.7602 -4.0524 -3.4505 -2.9581
 -2.5732 -2.2912 -2.0948 -1.9618 -1.8724 -1.8130 -1.7748 -1.7512 -1.7373 -1.7298
 -1.7276
-10.8113-10.7716-10.6418-10.4314-10.1375 -9.7697 -9.3517 -8.9036 -8.4400 -7.9724
 -7.5222 -7.0988 -6.7073 -6.3519 -6.0335 -5.3434 -4.7033 -4.0563 -3.4840 -3.0064
 -2.6176 -2.3120 -2.0842 -1.9215 -1.8080 -1.7296 -1.6763 -1.6408 -1.6180 -1.6042
 -1.5960
-10.7059-10.6489-10.5046-10.2823 -9.9770 -9.6014 -9.1801 -8.7354 -8.2824 -7.8298
 -7.3882 -6.9677 -6.5767 -6.2220 -5.9070 -5.2412 -4.6532 -4.0728 -3.5290 -3.0617
 -2.6747 -2.3594 -2.1092 -1.9185 -1.7782 -1.6772 -1.6054 -1.5550 -1.5201 -1.4969
 -1.4821
-10.6267-10.5405-10.3780-10.1472 -9.8316 -9.4520 -9.0268 -8.5865 -8.1432 -7.7109
 -7.2923 -6.8866 -6.4931 -6.1624 -5.8620 -5.2022 -4.6099 -4.1019 -3.5855
 [Fe/H] = -3.00 [alpha/Fe] = 0.40 BC value = F275W
-12.0028-11.9670-12.0087-12.1593-12.4384-12.3438-12.0642-11.6463-11.2110-10.7871
-10.4484-10.3185-10.5390-10.6105-10.3840 -9.2063
-11.9906-11.9098-11.8684-11.8899-11.9944-11.9369-11.8021-11.5863-11.3326-11.0523
-10.7746-10.5481-10.4310-10.2371 -9.8966 -8.6846 -7.4103 -6.3212 -5.4752
-11.9629-11.8509-11.7455-11.6624-11.6212-11.5506-11.4728-11.3615-11.2134-11.0251
-10.7936-10.5168-10.1932 -9.8217 -9.4014 -8.1737 -6.8764 -5.7788 -4.9654 -4.3753
 -3.9448
-11.9197-11.7903-11.6400-11.4768-11.3189-11.1849-11.0763-10.9719-10.8536-10.7053
-10.5052-10.2248 -9.8255 -9.3643 -8.8984 -7.6736 -6.3959 -5.3101 -4.5245 -3.9721
 -3.5827 -3.3086 -3.1184
-11.8610-11.7280-11.5519-11.3331-11.0874-10.8398-10.6126-10.4175-10.2531-10.0930
 -9.9095 -9.6720 -9.3279 -8.8650 -8.3876 -7.1843 -5.9688 -4.9151 -4.1525 -3.6316
 -3.2749 -3.0298 -2.8628 -2.7500 -2.6715
-11.7868-11.6640-11.4812-11.2313-10.9267-10.5964-10.2676 -9.9611 -9.6860 -9.4431
 -9.2146 -8.9794 -8.6991 -8.3161 -7.8737 -6.7367 -5.6211 -4.6207 -3.8715 -3.3637
 -3.0251 -2.7971 -2.6439 -2.5425 -2.4765 -2.4331
-11.6955-11.5925-11.4207-11.1633-10.8280-10.4445-10.0454 -9.6573 -9.2956 -8.9648
 -8.6615 -8.3760 -8.0907 -7.7656 -7.3808 -6.3557 -5.3554 -4.4290 -3.6929 -3.1783
 -2.8374 -2.6118 -2.4617 -2.3625 -2.2986 -2.2582 -2.2314 -2.2140 -2.1994 -2.1701
-11.5912-11.5111-11.3627-11.1203-10.7797-10.3689 -9.9259 -9.4830 -9.0587 -8.6644
 -8.3013 -7.9655 -7.6474 -7.3349 -6.9857 -6.0647 -5.1599 -4.3222 -3.6084 -3.0789
 -2.7169 -2.4770 -2.3181 -2.2126 -2.1437 -2.1000 -2.0730 -2.0548 -2.0439 -2.0358
 -2.0140
-11.4986-11.4414-11.3024-11.0904-10.7697-10.3578 -9.8931 -9.4151 -8.9488 -8.5070
 -8.0968 -7.7202 -7.3725 -7.0470 -6.7132 -5.8736 -5.0341 -4.2674 -3.6199 -3.0559
 -2.6933 -2.3963 -2.2163 -2.0956 -2.0151 -1.9625 -1.9295 -1.9071 -1.8927 -1.8856
 -1.8850
-11.3094-11.3405-11.2538-11.0616-10.7776-10.3881 -9.9247 -9.4300 -8.9352 -8.4598
 -8.0124 -7.5990 -7.2206 -6.8743 -6.5415 -5.7454 -4.9692 -4.2441 -3.6097 -3.0798
 -2.6673 -2.3659 -2.1554 -2.0115 -1.9136 -1.8475 -1.8041 -1.7764 -1.7588 -1.7478
 -1.7423
-11.2201-11.2413-11.1760-11.0334-10.7964-10.4511-10.0140 -9.5228 -9.0147 -8.5157
 -8.0396 -7.5938 -7.1830 -6.8088 -6.4653 -5.6774 -4.9556 -4.2654 -3.6529 -3.1357
 -2.7150 -2.3877 -2.1444 -1.9703 -1.8482 -1.7630 -1.7045 -1.6650 -1.6388 -1.6219
 -1.6107
-11.1291-11.1438-11.0970-10.9950-10.8117-10.5257-10.1345 -9.6580 -9.1528 -8.6411
 -8.1431 -7.6705 -7.2289 -6.8231 -6.4536 -5.6456 -4.9536 -4.3053 -3.7102 -3.1996
 -2.7781 -2.4379 -2.1705 -1.9675 -1.8180 -1.7100 -1.6330 -1.5783 -1.5402 -1.5141
 -1.4966
-11.0364-11.0480-11.0165-10.9463-10.8234-10.6118-10.2349 -9.8137 -9.3297 -8.8112
 -8.2995 -7.8045 -7.3364 -6.9004 -6.5064 -5.6500 -4.9632 -4.3638 -3.7816
 [Fe/H] = -2.50 [alpha/Fe] = 0.40 BC value = F275W
-12.0818-12.1892-12.3317-12.3005-12.0405-11.7320-11.5715-11.5771-11.6345-11.6290
-11.5231-11.3637-11.1965-10.9379-10.5793 -9.5471
-11.9799-11.9637-11.9797-11.9330-11.7993-11.6456-11.5436-11.4989-11.4659-11.3918
-11.2461-11.0229-10.7317-10.3755 -9.9734 -8.8862 -7.6571 -6.5320 -5.6138
-11.9022-11.7931-11.7050-11.6183-11.5316-11.4469-11.3634-11.2782-11.1825-11.0586
-10.8817-10.6176-10.2498 -9.8239 -9.3862 -8.2626 -7.0711 -5.9761 -5.1153 -4.4847
 -4.0542
-11.8487-11.6774-11.5076-11.3564-11.2374-11.1359-11.0309-10.9150-10.7843-10.6294
-10.4299-10.1478 -9.7508 -9.2831 -8.8177 -7.6763 -6.5366 -5.4900 -4.6768 -4.0969
 -3.6885 -3.3982 -3.1890
-11.8194-11.6166-11.3875-11.1473-10.9167-10.7126-10.5461-10.4093-10.2713-10.1042
 -9.8907 -9.6135 -9.2347 -8.7531 -8.2679 -7.1273 -6.0536 -5.0737 -4.2982 -3.7520
 -3.3760 -3.1162 -2.9367 -2.8126 -2.7262
-11.8027-11.5923-11.3315-11.0328-10.7192-10.4133-10.1319 -9.8811 -9.6642 -9.4701
 -9.2602 -9.0003 -8.6728 -8.2451 -7.7635 -6.6537 -5.6578 -4.7541 -4.0109 -3.4810
 -3.1230 -2.8804 -2.7152 -2.6031 -2.5273 -2.4751
-11.7857-11.5955-11.3318-11.0025-10.6337-10.2552 -9.8897 -9.5493 -9.2363 -8.9490
 -8.6839 -8.4209 -8.1294 -7.7764 -7.3496 -6.2928 -5.3697 -4.5390 -3.8259 -3.2938
 -2.9334 -2.6927 -2.5305 -2.4210 -2.3477 -2.2989 -2.2647 -2.2409 -2.2207 -2.1867
-11.7492-11.6021-11.3706-11.0452-10.6483-10.2194 -9.7922 -9.3845 -9.0047 -8.6518
 -8.3219 -8.0109 -7.7095 -7.4010 -7.0370 -6.0636 -5.1902 -4.4186 -3.7358 -3.1938
 -2.8120 -2.5562 -2.3849 -2.2690 -2.1910 -2.1393 -2.1053 -2.0811 -2.0651 -2.0526
 -2.0268
-11.6859-11.5856-11.4109-11.1305-10.7444-10.2911 -9.8176 -9.3565 -8.9225 -8.5197
 -8.1447 -7.7934 -7.4626 -7.1474 -6.8195 -5.9437 -5.1046 -4.3722 -3.7195 -3.1708
 -2.7598 -2.4745 -2.2813 -2.1503 -2.0610 -2.0007 -1.9609 -1.9347 -1.9166 -1.9046
 -1.8985
-11.6013-11.5382-11.4197-11.2082-10.8758-10.4366 -9.9410 -9.4380 -8.9574 -8.5096
 -8.0949 -7.7101 -7.3511 -7.0151 -6.6891 -5.8733 -5.0835 -4.3689 -3.7417 -3.1973
 -2.7634 -2.4438 -2.2196 -2.0649 -1.9581 -1.8845 -1.8348 -1.8016 -1.7796 -1.7650
 -1.7564
-11.5084-11.4720-11.3979-11.2548-11.0038-10.6265-10.1498 -9.6283 -9.1090 -8.6179
 -8.1628 -7.7427 -7.3540 -6.9939 -6.6557 -5.8503 -5.1086 -4.4118 -3.7949 -3.2597
 -2.8146 -2.4671 -2.2088 -2.0233 -1.8921 -1.7995 -1.7347 -1.6900 -1.6596 -1.6393
 -1.6253
-11.4101-11.3930-11.3508-11.2605-11.0879-10.7992-10.3871 -9.8859 -9.3500 -8.8223
 -8.3253 -7.8660 -7.4430 -7.0527 -6.6900 -5.8627 -5.1435 -4.4737 -3.8635 -3.3312
 -2.8836 -2.5211 -2.2370 -2.0214 -1.8623 -1.7464 -1.6631 -1.6033 -1.5610 -1.5315
 -1.5114
-11.3065-11.3012-11.2867-11.2335-11.1233-10.9191-10.5993-10.1611 -9.6451 -9.1023
 -8.5702 -8.0693 -7.6060 -7.1795 -6.7920 -5.9105 -5.1882 -4.5546 -3.9475
 [Fe/H] = -2.00 [alpha/Fe] = 0.40 BC value = F275W
-12.2051-12.1168-12.0801-12.0980-12.0715-12.0235-11.9586-11.8839-11.7942-11.6915
-11.5704-11.4233-11.2315-10.9793-10.6667 -9.7417
-12.0519-11.9582-11.8788-11.8137-11.7607-11.7108-11.6550-11.5862-11.4997-11.3901
-11.2425-11.0324-10.7419-10.3934-10.0128 -8.9991 -7.8886 -6.8017 -5.8838
-11.9057-11.7725-11.6490-11.5421-11.4550-11.3833-11.3159-11.2392-11.1447-11.0212
-10.8487-10.5950-10.2389 -9.8192 -9.3865 -8.3124 -7.2387 -6.2225 -5.3587 -4.7021
 -4.2362
-11.7665-11.5597-11.3907-11.2832-11.1544-11.0410-10.9413-10.8429-10.7292-10.5848
-10.3890-10.1111 -9.7225 -9.2567 -8.7878 -7.6816 -6.6527 -5.7093 -4.9028 -4.2902
 -3.8435 -3.5374 -3.2997
-11.6799-11.4069-11.1738-10.9758-10.8054-10.6555-10.5202-10.3908-10.2478-10.0765
 -9.8569 -9.5680 -9.1839 -8.7054 -8.2167 -7.1067 -6.1306 -5.2621 -4.5161 -3.9418
 -3.5349 -3.2510 -3.0519 -2.9106 -2.8089
-11.6835-11.3828-11.0685-10.7817-10.5265-10.2968-10.0875 -9.8943 -9.7135 -9.5299
 -9.2965 -9.0065 -8.6514 -8.2093 -7.7235 -6.6338 -5.7121 -4.9093 -4.2153 -3.6672
 -3.2780 -3.0106 -2.8263 -2.6980 -2.6077 -2.5417
-11.7459-11.4360-11.0863-10.7221-10.3659-10.0350 -9.7351 -9.4667 -9.2261 -9.0105
 -8.7914 -8.5226 -8.1945 -7.8091 -7.3621 -6.2981 -5.4203 -4.6661 -4.0111 -3.4747
 -3.0852 -2.8189 -2.6375 -2.5125 -2.4257 -2.3644 -2.3190 -2.2848 -2.2549 -2.2126
-11.8217-11.5545-11.2058-10.8099-10.3992 -9.9984 -9.6239 -9.2808 -8.9669 -8.6756
 -8.4023 -8.1396 -7.8591 -7.5290 -7.1345 -6.1089 -5.2533 -4.5299 -3.9001 -3.3667
 -2.9612 -2.6799 -2.4888 -2.3577 -2.2668 -2.2034 -2.1587 -2.1249 -2.1000 -2.0793
 -2.0467
-11.8645-11.6717-11.3825-10.9995-10.5607-10.1062 -9.6665 -9.2567 -8.8809 -8.5354
 -8.2120 -7.9053 -7.6115 -7.3213 -6.9959 -6.0499 -5.1948 -4.4839 -3.8683 -3.3348
 -2.9070 -2.5972 -2.3839 -2.2370 -2.1350 -2.0635 -2.0136 -1.9780 -1.9517 -1.9324
 -1.9197
-11.8407-11.7187-11.5243-11.2211-10.8096-10.3306 -9.8371 -9.3641 -8.9265 -8.5268
 -8.1593 -7.8164 -7.4921 -7.1839 -6.8801 -6.0424 -5.2140 -4.4985 -3.8883 -3.3554
 -2.9089 -2.5670 -2.3222 -2.1510 -2.0310 -1.9462 -1.8866 -1.8446 -1.8148 -1.7932
 -1.7787
-11.7709-11.7024-11.5884-11.3921-11.0769-10.6406-10.1297 -9.6046 -9.1048 -8.6461
 -8.2285 -7.8460 -7.4909 -7.1574 -6.8402 -6.0500 -5.2818 -4.5680 -3.9535 -3.4203
 -2.9627 -2.5932 -2.3138 -2.1107 -1.9652 -1.8609 -1.7863 -1.7329 -1.6950 -1.6682
 -1.6485
-11.6833-11.6434-11.5802-11.4676-11.2666-10.9378-10.4812 -9.9458 -9.3979 -8.8780
 -8.4026 -7.9715 -7.5782 -7.2147 -6.8738 -6.0706 -5.3446 -4.6582 -4.0388 -3.5022
 -3.0391 -2.6529 -2.3459 -2.1114 -1.9368 -1.8085 -1.7148 -1.6464 -1.5968 -1.5610
 -1.5356
-11.5836-11.5639-11.5297-11.4739-11.3581-11.1436-10.8014-10.3287 -9.7783 -9.2148
 -8.6804 -8.1917 -7.7490 -7.3459 -6.9809 -6.1042 -5.4024 -4.7691 -4.1442
 [Fe/H] = -1.50 [alpha/Fe] = 0.40 BC value = F275W
-12.4749-12.4167-12.3532-12.2883-12.2313-12.1598-12.0563-11.9201-11.7702-11.6205
-11.4758-11.3328-11.1690-10.9614-10.7037 -9.9018
-12.1526-12.0651-11.9945-11.9335-11.8777-11.8131-11.7254-11.6087-11.4765-11.3322
-11.1705-10.9752-10.7258-10.4207-10.0755 -9.1311 -8.1158 -7.0940 -6.1853
-11.8912-11.7590-11.6553-11.5735-11.5042-11.4362-11.3552-11.2503-11.1276-10.9835
-10.8060-10.5716-10.2588 -9.8795 -9.4688 -8.4290 -7.4221 -6.4899 -5.6641 -4.9828
 -4.4858
-11.6907-11.4984-11.3356-11.2083-11.1108-11.0292-10.9457-10.8449-10.7235-10.5744
-10.3823-10.1220 -9.7680 -9.3378 -8.8836 -7.7955 -6.8169 -5.9534 -5.2024 -4.5738
 -4.0952 -3.7456 -3.4904
-11.5198-11.2579-11.0593-10.8819-10.7307-10.6096-10.5059-10.3944-10.2620-10.0986
 -9.8901 -9.6165 -9.2539 -8.8069 -8.3331 -7.2377 -6.2988 -5.4934 -4.8044 -4.2240
 -3.7778 -3.4563 -3.2269 -3.0599 -2.9355
-11.4436-11.1159-10.8260-10.5751-10.3648-10.1961-10.0628 -9.9352 -9.7881 -9.6082
 -9.3854 -9.1091 -8.7639 -8.3381 -7.8694 -6.7891 -5.8899 -5.1299 -4.4860 -3.9426
 -3.5173 -3.2113 -2.9962 -2.8433 -2.7313 -2.6465
-11.5208-11.1452-10.7762-10.4332-10.1306 -9.8709 -9.6597 -9.4951 -9.3448 -9.1747
 -8.9586 -8.6867 -8.3635 -7.9819 -7.5398 -6.4772 -5.6052 -4.8754 -4.2583 -3.7370
 -3.3200 -3.0156 -2.8029 -2.6536 -2.5464 -2.4669 -2.4050 -2.3553 -2.3102 -2.2539
-11.6925-11.2998-10.8890-10.4871-10.1113 -9.7733 -9.4772 -9.2189 -8.9911 -8.7883
 -8.5968 -8.3766 -8.0907 -7.7448 -7.3486 -6.3063 -5.4423 -4.7271 -4.1223 -3.6096
 -3.1894 -2.8737 -2.6510 -2.4953 -2.3845 -2.3038 -2.2433 -2.1956 -2.1565 -2.1222
 -2.0773
-11.8963-11.5477-11.1293-10.6862-10.2523 -9.8462 -9.4765 -9.1460 -8.8509 -8.5827
 -8.3333 -8.0978 -7.8632 -7.5916 -7.2542 -6.2636 -5.3873 -4.6723 -4.0689 -3.5555
 -3.1418 -2.7889 -2.5448 -2.3727 -2.2504 -2.1620 -2.0971 -2.0473 -2.0084 -1.9777
 -1.9532
-12.0058-11.7787-11.4346-11.0030-10.5314-10.0631 -9.6224 -9.2201 -8.8571 -8.5296
 -8.2296 -7.9485 -7.6811 -7.4224 -7.1505 -6.2947 -5.4158 -4.6869 -4.0780 -3.5588
 -3.1168 -2.7563 -2.4834 -2.2864 -2.1455 -2.0436 -1.9693 -1.9142 -1.8725 -1.8399
 -1.8152
-12.0175-11.8901-11.6734-11.3501-10.9191-10.4250 -9.9217 -9.4450 -9.0079 -8.6136
 -8.2574 -7.9315 -7.6274 -7.3392 -7.0609 -6.3239 -5.5169 -4.7701 -4.1474 -3.6186
 -3.1648 -2.7820 -2.4772 -2.2484 -2.0810 -1.9587 -1.8692 -1.8029 -1.7536 -1.7165
 -1.6875
-11.9659-11.8966-11.7680-11.5744-11.2724-10.8490-10.3402 -9.8065 -9.2941 -8.8243
 -8.4008 -8.0195 -7.6721 -7.3505 -7.0470 -6.3182 -5.6041 -4.8891 -4.2507 -3.7093
 -3.2445 -2.8451 -2.5140 -2.2534 -2.0559 -1.9085 -1.7992 -1.7175 -1.6565 -1.6110
 -1.5766
-11.8798-11.8351-11.7621-11.6555-11.4791-11.1938-10.7791-10.2618 -9.7045 -9.1627
 -8.6635 -8.2147 -7.8117 -7.4463 -7.1088 -6.2776 -5.6774 -5.0439 -4.3879
 [Fe/H] = -1.00 [alpha/Fe] = 0.40 BC value = F275W
-12.8107-12.7494-12.6866-12.6166-12.5470-12.4373-12.2582-12.0221-11.7940-11.5443
-11.3611-11.2097-11.0740-10.9274-10.7479-10.1106
-12.4034-12.3371-12.2762-12.2119-12.1407-12.0422-11.8949-11.6927-11.4709-11.2559
-11.0598-10.8777-10.6892-10.4681-10.2013 -9.3738 -8.4228 -7.4551 -6.5550
-12.0243-11.9333-11.8582-11.7884-11.7138-11.6235-11.5007-11.3298-11.1360-10.9336
-10.7299-10.5218-10.2885-10.0069 -9.6729 -8.7147 -7.7301 -6.8215 -6.0283 -5.3531
 -4.7971
-11.6734-11.5380-11.4326-11.3461-11.2662-11.1811-11.0756-10.9334-10.7653-10.5774
-10.3714-10.1420 -9.8719 -9.5438 -9.1627 -8.1333 -7.1541 -6.2932 -5.5655 -4.9504
 -4.4395 -4.0464 -3.7494
-11.4269-11.2169-11.0495-10.9207-10.8179-10.7252-10.6265-10.5024-10.3523-10.1769
 -9.9726 -9.7318 -9.4405 -9.0871 -8.6826 -7.6302 -6.6766 -5.8565 -5.1738 -4.6029
 -4.1276 -3.7584 -3.4849 -3.2795 -3.1222
-11.2623-11.0047-10.7816-10.5872-10.4282-10.3000-10.1900-10.0700 -9.9274 -9.7587
 -9.5580 -9.3173 -9.0247 -8.6712 -8.2661 -7.2213 -6.2988 -5.5129 -4.8587 -4.3167
 -3.8667 -3.5132 -3.2522 -3.0610 -2.9160 -2.8028
-11.2541-10.9009-10.5886-10.3245-10.1086 -9.9361 -9.7976 -9.6771 -9.5399 -9.3770
 -9.1827 -8.9507 -8.6720 -8.3374 -7.9488 -6.9238 -6.0254 -5.2651 -4.6273 -4.0998
 -3.6631 -3.3152 -3.0560 -2.8677 -2.7286 -2.6215 -2.5354 -2.4636 -2.3977 -2.3214
-11.4025-10.9906-10.6015-10.2486 -9.9416 -9.6822 -9.4692 -9.3036 -9.1710 -9.0357
 -8.8700 -8.6609 -8.4053 -8.0981 -7.7422 -6.7425 -5.8535 -5.1089 -4.4799 -3.9557
 -3.5218 -3.1703 -2.9023 -2.7067 -2.5638 -2.4563 -2.3720 -2.3033 -2.2452 -2.1917
 -2.1280
-11.6631-11.2194-10.7755-10.3563 -9.9740 -9.6367 -9.3463 -9.1007 -8.8942 -8.7163
 -8.5536 -8.3880 -8.1890 -7.9340 -7.6215 -6.6712 -5.7772 -5.0352 -4.4092 -3.8814
 -3.4418 -3.0801 -2.7954 -2.5832 -2.4280 -2.3128 -2.2250 -2.1556 -2.0980 -2.0503
 -2.0038
-11.9577-11.5587-11.0903-10.6139-10.1636 -9.7543 -9.3911 -9.0744 -8.7997 -8.5589
 -8.3407 -8.1364 -7.9403 -7.7384 -7.5011 -6.6809 -5.7798 -5.0278 -4.3986 -3.8645
 -3.4141 -3.0375 -2.7320 -2.4969 -2.3225 -2.1934 -2.0966 -2.0219 -1.9627 -1.9143
 -1.8742
-12.1668-11.8958-11.5080-11.0312-10.5266-10.0426 -9.6017 -9.2085 -8.8613 -8.5552
 -8.2810 -8.0291 -7.7913 -7.5629 -7.3382 -6.6936 -5.8663 -5.0930 -4.4526 -3.9092
 -3.4452 -3.0513 -2.7229 -2.4603 -2.2598 -2.1098 -1.9975 -1.9119 -1.8457 -1.7934
 -1.7510
-12.2098-12.0699-11.8238-11.4747-11.0132-10.4942 -9.9785 -9.5003 -9.0700 -8.6877
 -8.3470 -8.0403 -7.7587 -7.4943 -7.2412 -6.6309 -5.9542 -5.2084 -4.5486 -3.9929
 -3.5155 -3.1054 -2.7562 -2.4672 -2.2384 -2.0630 -1.9302 -1.8289 -1.7510 -1.6907
 -1.6429
-12.1700-12.0721-11.9404-11.7407-11.4299-10.9995-10.4860 -9.9477 -9.4330 -8.9632
 -8.5426 -8.1672 -7.8296 -7.5216 -7.2101 -6.4928 -6.0435 -5.3740 -4.6866
 [Fe/H] = -0.75 [alpha/Fe] = 0.30 BC value = F275W
-12.9894-12.9295-12.8647-12.7870-12.7049-12.5724-12.3569-12.0769-11.8123-11.5472
-11.3570-11.2058-11.0768-10.9494-10.7992-10.2397
-12.5807-12.5150-12.4515-12.3806-12.2980-12.1803-12.0035-11.7624-11.5049-11.2669
-11.0622-10.8852-10.7157-10.5274-10.2993 -9.5488 -8.6278 -7.6645 -6.7628
-12.1937-12.1058-12.0303-11.9563-11.8726-11.7671-11.6211-11.4175-11.1900-10.9632
-10.7502-10.5507-10.3454-10.1068 -9.8183 -8.9329 -7.9552 -7.0288 -6.2215 -5.5388
 -4.9745
-11.8284-11.7019-11.6011-11.5141-11.4288-11.3327-11.2097-11.0422-10.8462-10.6361
-10.4210-10.2023 -9.9659 -9.6876 -9.3562 -8.3920 -7.4078 -6.5190 -5.7693 -5.1447
 -4.6225 -4.2112 -3.8918
-11.5502-11.3566-11.2040-11.0838-10.9822-10.8845-10.7753-10.6350-10.4661-10.2751
-10.0653 -9.8365 -9.5789 -9.2756 -8.9203 -7.9244 -6.9582 -6.1046 -5.3925 -4.8063
 -4.3178 -3.9279 -3.6318 -3.4077 -3.2339
-11.3794-11.1393-10.9213-10.7342-10.5846-10.4619-10.3495-10.2229-10.0716 -9.8965
 -9.6961 -9.4676 -9.2036 -8.8927 -8.5319 -7.5369 -6.5984 -5.7777 -5.0902 -4.5269
 -4.0610 -3.6865 -3.4018 -3.1892 -3.0269 -2.8975
-11.3028-10.9752-10.6959-10.4636-10.2704-10.1065 -9.9705 -9.8457 -9.7044 -9.5408
 -9.3512 -9.1313 -8.8744 -8.5720 -8.2206 -7.2426 -6.3292 -5.5371 -4.8655 -4.3130
 -3.8583 -3.4897 -3.2063 -2.9956 -2.8376 -2.7140 -2.6140 -2.5300 -2.4523 -2.3655
-11.4160-11.0144-10.6435-10.3167-10.0377 -9.8050 -9.6178 -9.4757 -9.3534 -9.2164
 -9.0510 -8.8510 -8.6132 -8.3318 -8.0009 -7.0494 -6.1509 -5.3786 -4.7186 -4.1681
 -3.7144 -3.3436 -3.0522 -2.8339 -2.6717 -2.5480 -2.4502 -2.3692 -2.3002 -2.2364
 -2.1631
-11.6558-11.2110-10.7764-10.3727-10.0117 -9.6980 -9.4308 -9.2083 -9.0272 -8.8730
 -8.7291 -8.5751 -8.3867 -8.1496 -7.8596 -6.9547 -6.0598 -5.2957 -4.6425 -4.0901
 -3.6301 -3.2499 -2.9441 -2.7097 -2.5350 -2.4038 -2.3022 -2.2211 -2.1539 -2.0960
 -2.0441
-11.9671-11.5336-11.0591-10.5904-10.1558 -9.7664 -9.4254 -9.1316 -8.8802 -8.6621
 -8.4660 -8.2840 -8.1101 -7.9280 -7.7113 -6.9368 -6.0432 -5.2747 -4.6232 -4.0666
 -3.5962 -3.2025 -2.8786 -2.6228 -2.4291 -2.2838 -2.1736 -2.0874 -2.0180 -1.9607
 -1.9124
-12.2100-11.8991-11.4746-10.9813-10.4797-10.0114 -9.5915 -9.2219 -8.8992 -8.6167
 -8.3647 -8.1332 -7.9154 -7.7084 -7.5067 -6.9185 -6.1076 -5.3252 -4.6672 -4.1042
 -3.6216 -3.2112 -2.8667 -2.5859 -2.3671 -2.2009 -2.0751 -1.9782 -1.9021 -1.8409
 -1.7907
-12.2891-12.1063-11.8380-11.4466-10.9572-10.4327 -9.9294 -9.4732 -9.0686 -8.7118
 -8.3953 -8.1103 -7.8483 -7.6019 -7.3673 -6.8131 -6.1762 -5.4268 -4.7542 -4.1817
 -3.6874 -3.2612 -2.8976 -2.5928 -2.3471 -2.1558 -2.0092 -1.8965 -1.8087 -1.7397
 -1.6841
-12.2709-12.1523-11.9963-11.7643-11.4144-10.9493-10.4211 -9.8896 -9.3957 -8.9518
 -8.5572 -8.2057 -7.8895 -7.6000 -7.2931 -6.6206 -6.2490 -5.5795 -4.8842
 [Fe/H] = -0.50 [alpha/Fe] = 0.20 BC value = F275W
-13.1859-13.1294-13.0637-12.9791-12.8800-12.7176-12.4602-12.1391-11.8353-11.5746
-11.3622-11.2110-11.0864-10.9724-10.8518-10.3926
-12.7826-12.7182-12.6526-12.5749-12.4783-12.3372-12.1252-11.8400-11.5462-11.2884
-11.0758-10.9026-10.7485-10.5884-10.4007 -9.7494 -8.8679 -7.8969 -6.9870
-12.3959-12.3100-12.2333-12.1540-12.0596-11.9360-11.7614-11.5187-11.2550-11.0022
-10.7800-10.5866-10.4043-10.2048 -9.9651 -9.1780 -8.2233 -7.2728 -6.4437 -5.7459
 -5.1682
-12.0258-11.9048-11.8058-11.7164-11.6238-11.5141-11.3688-11.1693-10.9387-10.7016
-10.4748-10.2630-10.0538 -9.8216 -9.5450 -8.6784 -7.7082 -6.7884 -6.0066 -5.3629
 -4.8272 -4.3921 -4.0535
-11.7255-11.5453-11.4025-11.2862-11.1824-11.0763-10.9517-10.7879-10.5914-10.3762
-10.1542 -9.9315 -9.7020 -9.4468 -9.1480 -8.2463 -7.2893 -6.4012 -5.6501 -5.0380
 -4.5321 -4.1207 -3.8010 -3.5548 -3.3605
-11.5479-11.3099-11.0979-10.9212-10.7789-10.6567-10.5367-10.3958-10.2263-10.0336
 -9.8237 -9.6001 -9.3606 -9.0936 -8.7858 -7.8787 -6.9475 -6.0941 -5.3650 -4.7705
 -4.2831 -3.8860 -3.5754 -3.3385 -3.1550 -3.0074
-11.4033-11.1076-10.8618-10.6531-10.4670-10.3026-10.1643-10.0304 -9.8777 -9.7032
 -9.5075 -9.2911 -9.0524 -8.7847 -8.4790 -7.5849 -6.6797 -5.8598 -5.1495 -4.5634
 -4.0843 -3.6928 -3.3828 -3.1463 -2.9659 -2.8236 -2.7077 -2.6092 -2.5179 -2.4188
-11.4666-11.0783-10.7304-10.4326-10.1835 -9.9782 -9.8118 -9.6793 -9.5501 -9.4005
 -9.2259 -9.0256 -8.7983 -8.5398 -8.2447 -7.3743 -6.4884 -5.6955 -5.0022 -4.4194
 -3.9398 -3.5462 -3.2297 -2.9850 -2.7995 -2.6567 -2.5427 -2.4475 -2.3662 -2.2903
 -2.2060
-11.6768-11.2348-10.8112-10.4258-10.0874 -9.7981 -9.5541 -9.3542 -9.1953 -9.0567
 -8.9190 -8.7641 -8.5766 -8.3506 -8.0815 -7.2483 -6.3748 -5.5979 -4.9184 -4.3367
 -3.8513 -3.4492 -3.1204 -2.8608 -2.6627 -2.5118 -2.3944 -2.2989 -2.2194 -2.1511
 -2.0885
-11.9787-11.5305-11.0562-10.5975-10.1788 -9.8092 -9.4898 -9.2173 -8.9868 -8.7884
 -8.6107 -8.4471 -8.2894 -8.1207 -7.9179 -7.1919 -6.3305 -5.5567 -4.8858 -4.3044
 -3.8102 -3.3956 -3.0514 -2.7731 -2.5567 -2.3918 -2.2653 -2.1655 -2.0843 -2.0163
 -1.9584
-12.2532-11.9044-11.4538-10.9528-10.4588-10.0061 -9.6058 -9.2579 -8.9571 -8.6953
 -8.4619 -8.2478 -8.0481 -7.8615 -7.6814 -7.1457 -6.3616 -5.5845 -4.9138 -4.3312
 -3.8275 -3.3977 -3.0351 -2.7349 -2.4954 -2.3099 -2.1679 -2.0573 -1.9694 -1.8978
 -1.8384
-12.3666-12.1547-11.8495-11.4214-10.9120-10.3883 -9.8995 -9.4640 -9.0823 -8.7485
 -8.4533 -8.1872 -7.9422 -7.7129 -7.4976 -7.0001 -6.4058 -5.6624 -4.9845 -4.3976
 -3.8857 -3.4419 -3.0617 -2.7403 -2.4762 -2.2667 -2.1039 -1.9773 -1.8778 -1.7984
 -1.7341
-12.3701-12.2301-12.0484-11.7837-11.3949-10.9020-10.3643 -9.8430 -9.3687 -8.9485
 -8.5777 -8.2481 -7.9510 -7.6788 -7.3665 -6.7551 -6.4631 -5.7904 -5.0979
 [Fe/H] = -0.25 [alpha/Fe] = 0.10 BC value = F275W
-13.3968-13.3427-13.2775-13.1861-13.0617-12.8586-12.5551-12.1745-11.8622-11.5898
-11.3800-11.2185-11.0906-10.9739-10.8970-10.5296
-13.0069-12.9429-12.8753-12.7904-12.6759-12.5048-12.2510-11.9191-11.5959-11.3196
-11.1018-10.9318-10.7894-10.6528-10.4992 -9.9550 -9.1381 -8.1580 -7.2299
-12.6296-12.5437-12.4644-12.3786-12.2715-12.1260-11.9158-11.6304-11.3285-11.0522
-10.8210-10.6321-10.4679-10.3006-10.1063 -9.4359 -8.5270 -7.5516 -6.6934 -5.9754
 -5.3804
-12.2649-12.1451-12.0448-11.9507-11.8486-11.7223-11.5495-11.3121-11.0426-10.7761
-10.5355-10.3271-10.1384 -9.9439 -9.7183 -8.9723 -8.0439 -7.0967 -6.2769 -5.6075
 -5.0543 -4.6003 -4.2354
-11.9556-11.7822-11.6429-11.5261-11.4168-11.2992-11.1543-10.9601-10.7280-10.4819
-10.2424-10.0201 -9.8107 -9.5944 -9.3484 -8.5671 -7.6527 -6.7402 -5.9457 -5.3002
 -4.7718 -4.3378 -3.9923 -3.7208 -3.5046
-11.7630-11.5264-11.3215-11.1522-11.0123-10.8853-10.7524-10.5901-10.3926-10.1725
 -9.9438 -9.7169 -9.4938 -9.2626 -9.0053 -8.2144 -7.3258 -6.4543 -5.6822 -5.0492
 -4.5340 -4.1121 -3.7743 -3.5102 -3.3025 -3.1340
-11.5696-11.3065-11.0840-10.8815-10.6936-10.5274-10.3830-10.2349-10.0624 -9.8663
 -9.6536 -9.4311 -9.2029 -8.9644 -8.7024 -7.9174 -7.0557 -6.2257 -5.4782 -4.8526
 -4.3425 -3.9247 -3.5872 -3.3218 -3.1154 -2.9516 -2.8166 -2.7022 -2.5954 -2.4825
-11.5667-11.1942-10.8715-10.6037-10.3835-10.2005-10.0421 -9.9034 -9.7553 -9.5839
 -9.3911 -9.1805 -8.9555 -8.7163 -8.4560 -7.6866 -6.8463 -6.0512 -5.3301 -4.7111
 -4.1999 -3.7794 -3.4363 -3.1627 -2.9502 -2.7845 -2.6509 -2.5400 -2.4444 -2.3546
 -2.2580
-11.7402-11.3023-10.8894-10.5222-10.2075 -9.9422 -9.7211 -9.5423 -9.3986 -9.2622
 -9.1146 -8.9445 -8.7467 -8.5230 -8.2724 -7.5271 -6.7045 -5.9322 -5.2347 -4.6232
 -4.1077 -3.6797 -3.3259 -3.0391 -2.8140 -2.6399 -2.5031 -2.3913 -2.2977 -2.2168
 -2.1418
-12.0223-11.5648-11.0922-10.6433-10.2395 -9.8887 -9.5895 -9.3366 -9.1243 -8.9419
 -8.7784 -8.6255 -8.4735 -8.3064 -8.1078 -7.4288 -6.6240 -5.8635 -5.1822 -4.5783
 -4.0581 -3.6195 -3.2527 -2.9501 -2.7085 -2.5203 -2.3743 -2.2582 -2.1629 -2.0824
 -2.0135
-12.3104-11.9301-11.4626-10.9589-10.4728-10.0338 -9.6508 -9.3219 -9.0399 -8.7950
 -8.5762 -8.3762 -8.1923 -8.0231 -7.8602 -7.3603 -6.6143 -5.8605 -5.1874 -4.5893
 -4.0643 -3.6131 -3.2305 -2.9097 -2.6475 -2.4400 -2.2783 -2.1513 -2.0494 -1.9658
 -1.8953
-12.4502-12.2100-11.8695-11.4145-10.8931-10.3733 -9.8976 -9.4796 -9.1172 -8.8025
 -8.5246 -8.2736 -8.0429 -7.8298 -7.6339 -7.1886 -6.6298 -5.9053 -5.2343 -4.6387
 -4.1107 -3.6486 -3.2507 -2.9116 -2.6282 -2.3983 -2.2165 -2.0734 -1.9598 -1.8682
 -1.7932
-12.4728-12.3106-12.1034-11.8062-11.3840-10.8682-10.3275 -9.8168 -9.3599 -8.9596
 -8.6088 -8.2976 -8.0169 -7.7598 -7.4289 -6.9137 -6.6705 -5.9979 -5.3229
 [Fe/H] =  0.00 [alpha/Fe] = 0.00 BC value = F275W
-13.6095-13.5580-13.4931-13.3425-13.1137-12.8335-12.5241-12.2040-11.8914-11.6150
-11.4032-11.2428-11.1125-11.0102-10.9054-10.5483
-13.2551-13.1881-13.1159-13.0221-12.8855-12.6728-12.3685-11.9930-11.6493-11.3615
-11.1408-10.9745-10.8428-10.7224-10.5970-10.1550 -9.4149 -8.4392 -7.4885
-12.8967-12.8063-12.7214-12.6267-12.5041-12.3313-12.0762-11.7440-11.4086-11.1128
-10.8754-10.6908-10.5403-10.3987-10.2423 -9.6911 -8.8487 -7.8549 -6.9643 -6.2255
 -5.6178
-12.5499-12.4247-12.3181-12.2156-12.1008-11.9537-11.7461-11.4647-11.1545-10.8598
-10.6067-10.4004-10.2270-10.0618 -9.8784 -9.2563 -8.3925 -7.4294 -6.5723 -5.8758
 -5.3028 -4.8262 -4.4379
-12.2490-12.0724-11.9281-11.8044-11.6852-11.5520-11.3810-11.1490-10.8752-10.5949
-10.3357-10.1106 -9.9146 -9.7274 -9.5239 -8.8657 -8.0201 -7.1014 -6.2690 -5.5894
 -5.0352 -4.5775 -4.2058 -3.9071 -3.6667
-12.0037-11.8083-11.6035-11.4327-11.2876-11.1499-10.9985-10.8067-10.5725-10.3170
-10.0635 -9.8278 -9.6135 -9.4081 -9.1904 -8.5177 -7.7013 -6.8348 -6.0295 -5.3584
 -4.8118 -4.3629 -3.9978 -3.7047 -3.4691 -3.2778
-11.8204-11.5796-11.3626-11.1554-10.9626-10.7910-10.6349-10.4654-10.2641-10.0366
 -9.7977 -9.5614 -9.3356 -9.1166 -8.8892 -8.2135 -7.4248 -6.6105 -5.8389 -5.1757
 -4.6311 -4.1836 -3.8180 -3.5228 -3.2876 -3.0979 -2.9421 -2.8097 -2.6856 -2.5577
-11.7392-11.3816-11.0816-10.8390-10.6408-10.4673-10.3042-10.1479 -9.9732 -9.7726
 -9.5530 -9.3241 -9.0948 -8.8672 -8.6335 -7.9625 -7.1945 -6.4232 -5.6891 -5.0381
 -4.4930 -4.0424 -3.6711 -3.3679 -3.1258 -2.9329 -2.7770 -2.6479 -2.5362 -2.4305
 -2.3201
-11.8686-11.4330-11.0293-10.6773-10.3820-10.1376 -9.9369 -9.7746 -9.6334 -9.4829
 -9.3101 -9.1126 -8.8965 -8.6698 -8.4339 -7.7718 -7.0205 -6.2775 -5.5785 -4.9440
 -4.3983 -3.9411 -3.5606 -3.2461 -2.9918 -2.7905 -2.6306 -2.5000 -2.3896 -2.2943
 -2.2051
-12.1217-11.6587-11.1869-10.7439-10.3510-10.0150 -9.7320 -9.4954 -9.2976 -9.1265
 -8.9692 -8.8167 -8.6566 -8.4772 -8.2710 -7.6360 -6.9012 -6.1755 -5.5005 -4.8832
 -4.3390 -3.8747 -3.4835 -3.1560 -2.8872 -2.6723 -2.5028 -2.3672 -2.2554 -2.1605
 -2.0789
-12.4042-12.0039-11.5249-11.0193-10.5378-10.1077 -9.7371 -9.4222 -9.1537 -8.9205
 -8.7120 -8.5228 -8.3512 -8.1934 -8.0387 -7.5481 -6.8491 -6.1356 -5.4759 -4.8724
 -4.3306 -3.8582 -3.4544 -3.1121 -2.8262 -2.5937 -2.4088 -2.2621 -2.1436 -2.0447
 -1.9624
-12.5554-12.2903-11.9231-11.4499-10.9211-10.4039 -9.9368 -9.5307 -9.1818 -8.8802
 -8.6138 -8.3735 -8.1549 -7.9566 -7.7784 -7.3730 -6.8334 -6.1419 -5.4914 -4.8977
 -4.3595 -3.8812 -3.4654 -3.1082 -2.8050 -2.5531 -2.3494 -2.1868 -2.0563 -1.9503
 -1.8628
-12.5897-12.4049-12.1735-11.8479-11.4009-10.8694-10.3267 -9.8240 -9.3796 -8.9934
 -8.6567 -8.3587 -8.0907 -7.8473 -7.4901 -7.1107 -6.8541 -6.1944 -5.5470
 [Fe/H] =  0.25 [alpha/Fe] = 0.00 BC value = F275W
-13.8061-13.7764-13.7332-13.4868-13.0956-12.7115-12.4265-12.2271-11.9201-11.6388
-11.4116-11.2422-11.1135-11.0003-10.9086-10.6413
-13.4571-13.4140-13.3622-13.2255-13.0061-12.7257-12.4026-12.0523-11.6981-11.3923
-11.1557-10.9802-10.8483-10.7407-10.6366-10.3067 -9.7047 -8.7997 -7.7740
-13.1021-13.0364-12.9702-12.8851-12.7571-12.5492-12.2385-11.8428-11.4747-11.1542
-10.8980-10.7046-10.5580-10.4357-10.3156 -9.9080 -9.2022 -8.2349 -7.3067 -6.5403
 -5.9041
-12.7411-12.6436-12.5572-12.4655-12.3487-12.1821-11.9342-11.5957-11.2395-10.9139
-10.6403-10.4236-10.2557-10.1141 -9.9743 -9.5075 -8.7693 -7.8298 -6.9355 -6.2025
 -5.5995 -5.0990 -4.6839
-12.4010-12.2592-12.1420-12.0351-11.9209-11.7786-11.5824-11.3056-10.9838-10.6655
-10.3829-10.1457 -9.9542 -9.7913 -9.6327 -9.1301 -8.4030 -7.5177 -6.6557 -5.9373
 -5.3535 -4.8692 -4.4672 -4.1354 -3.8615
-12.1351-11.9302-11.7627-11.6233-11.4967-11.3626-11.1992-10.9785-10.7020-10.4068
-10.1260 -9.8769 -9.6647 -9.4809 -9.3056 -8.7826 -8.0806 -7.2581 -6.4356 -5.7267
 -5.1463 -4.6676 -4.2715 -3.9452 -3.6764 -3.4539
-11.9492-11.7095-11.4861-11.2890-11.1198-10.9694-10.8168-10.6338-10.4034-10.1405
 -9.8731 -9.6229 -9.3963 -9.1947 -9.0046 -8.4695 -7.7911 -7.0284 -6.2547 -5.5588
 -4.9783 -4.4983 -4.1012 -3.7731 -3.5034 -3.2814 -3.0973 -2.9419 -2.7967 -2.6509
-11.7363-11.4461-11.2084-11.0114-10.8257-10.6454-10.4746-10.3061-10.1095 -9.8796
 -9.6336 -9.3894 -9.1576 -8.9430 -8.7401 -8.1968 -7.5363 -6.8212 -6.0993 -5.4256
 -4.8463 -4.3622 -3.9597 -3.6250 -3.3486 -3.1226 -2.9371 -2.7824 -2.6503 -2.5252
 -2.3981
-11.7792-11.3709-11.0138-10.7200-10.4842-10.2932-10.1303 -9.9788 -9.8216 -9.6326
 -9.4160 -9.1862 -8.9565 -8.7347 -8.5218 -7.9726 -7.3266 -6.6425 -5.9664 -5.3222
 -4.7490 -4.2606 -3.8500 -3.5060 -3.2195 -2.9843 -2.7936 -2.6369 -2.5050 -2.3917
 -2.2848
-11.9905-11.5234-11.0743-10.6715-10.3279-10.0428 -9.8072 -9.6152 -9.4531 -9.3035
 -9.1436 -8.9673 -8.7722 -8.5637 -8.3496 -7.7962 -7.1635 -6.4972 -5.8524 -5.2383
 -4.6767 -4.1864 -3.7685 -3.4144 -3.1161 -2.8691 -2.6689 -2.5067 -2.3727 -2.2591
 -2.1613
-12.3046-11.8452-11.3463-10.8585-10.4143-10.0292 -9.7043 -9.4321 -9.2028 -9.0052
 -8.8277 -8.6613 -8.5022 -8.3433 -8.1761 -7.6773 -7.0631 -6.4106 -5.7847 -5.1943
 -4.6462 -4.1559 -3.7303 -3.3654 -3.0543 -2.7929 -2.5786 -2.4052 -2.2641 -2.1471
 -2.0475
-12.5550-12.2140-11.7640-11.2443-10.7188-10.2341 -9.8100 -9.4485 -9.1425 -8.8800
 -8.6482 -8.4385 -8.2477 -8.0747 -7.9169 -7.5328 -7.0059 -6.3697 -5.7550 -5.1806
 -4.6456 -4.1579 -3.7264 -3.3514 -3.0279 -2.7519 -2.5217 -2.3334 -2.1806 -2.0557
 -1.9515
-12.6531-12.4295-12.1333-11.7175-11.2022-10.6499-10.1265 -9.6621 -9.2621 -8.9196
 -8.6223 -8.3593 -8.1226 -7.9080 -7.5720 -7.3627 -6.9919 -6.3745 -5.7633
 [Fe/H] =  0.50 [alpha/Fe] = 0.00 BC value = F275W
-13.9435-14.0572-13.9053-13.5540-13.1750-12.8272-12.5188-12.2432-11.9532-11.6712
-11.4330-11.2533-11.1185-11.0106-10.9075-10.6765
-13.6255-13.6489-13.5757-13.4161-13.1789-12.8717-12.5016-12.0993-11.7502-11.4362
-11.1851-10.9977-10.8607-10.7549-10.6649-10.4118 -9.9576 -9.1545 -8.0897
-13.2876-13.2516-13.2065-13.1385-12.9895-12.7362-12.3691-11.9235-11.5406-11.2056
-10.9342-10.7298-10.5791-10.4635-10.3634-10.0672 -9.5162 -8.6163 -7.7181 -6.9198
 -6.2289
-12.9298-12.8652-12.7976-12.7211-12.6068-12.4205-12.1213-11.7179-11.3245-10.9759
-10.6851-10.4564-10.2846-10.1521-10.0373 -9.6989 -9.1071 -8.2246 -7.3073 -6.5395
 -5.9089 -5.3846 -4.9454
-12.5728-12.4639-12.3724-12.2822-12.1733-12.0202-11.7912-11.4615-11.0901-10.7413
-10.4361-10.1865 -9.9902 -9.8361 -9.7037 -9.3320 -8.7420 -7.9176 -7.0437 -6.2930
 -5.6825 -5.1738 -4.7440 -4.3820 -4.0767
-12.2561-12.0921-11.9597-11.8452-11.7313-11.5958-11.4145-11.1577-10.8322-10.4972
-10.1902 -9.9265 -9.7082 -9.5313 -9.3799 -8.9822 -8.4087 -7.6534 -6.8345 -6.0991
 -5.4917 -4.9863 -4.5619 -4.2052 -3.9044 -3.6501
-12.0439-11.8125-11.6164-11.4539-11.3137-11.1772-11.0209-10.8174-10.5501-10.2461
 -9.9489 -9.6798 -9.4471 -9.2494 -9.0792 -8.6588 -8.1024 -7.4103 -6.6552 -5.9436
 -5.3366 -4.8292 -4.4033 -4.0453 -3.7437 -3.4886 -3.2735 -3.0897 -2.9217 -2.7572
-11.8267-11.5370-11.3724-11.1691-10.9808-10.8103-10.6499-10.4743-10.2560 -9.9927
 -9.7156 -9.4513 -9.2106 -8.9979 -8.8110 -8.3691 -7.8260 -7.1819 -6.4907 -5.8134
 -5.2122 -4.7012 -4.2696 -3.9063 -3.5991 -3.3395 -3.1213 -2.9375 -2.7812 -2.6342
 -2.4893
-11.7239-11.3648-11.0730-10.8465-10.6626-10.4968-10.3305-10.1606 -9.9741 -9.7493
 -9.4980 -9.2451 -9.0044 -8.7834 -8.5823 -8.1198 -7.5861 -6.9747 -6.3363 -5.7009
 -5.1139 -4.6014 -4.1638 -3.7921 -3.4767 -3.2093 -2.9853 -2.7975 -2.6396 -2.5049
 -2.3778
-11.8675-11.4190-11.0084-10.6575-10.3716-10.1421 -9.9568 -9.8008 -9.6545 -9.4888
 -9.2856 -9.0589 -8.8280 -8.6046 -8.3945 -7.9119 -7.3851 -6.7915 -6.1891 -5.5947
 -5.0294 -4.5211 -4.0796 -3.7004 -3.3759 -3.0989 -2.8659 -2.6721 -2.5107 -2.3746
 -2.2581
-12.1608-11.6788-11.1923-10.7393-10.3421-10.0077 -9.7314 -9.5030 -9.3127 -9.1484
 -8.9878 -8.8177 -8.6372 -8.4472 -8.2504 -7.7607 -7.2419 -6.6630 -6.0813 -5.5179
 -4.9774 -4.4776 -4.0337 -3.6470 -3.3127 -3.0243 -2.7799 -2.5758 -2.4072 -2.2665
 -2.1474
-12.4857-12.0662-11.5662-11.0435-10.5490-10.1090 -9.7324 -9.4164 -9.1510 -8.9245
 -8.7241 -8.5404 -8.3675 -8.2038 -8.0450 -7.6359 -7.1420 -6.5784 -6.0085 -5.4640
 -4.9448 -4.4573 -4.0147 -3.6228 -3.2798 -2.9811 -2.7246 -2.5080 -2.3284 -2.1800
 -2.0558
-12.6678-12.3934-12.0121-11.5207-10.9729-10.4379 -9.9549 -9.5371 -9.1824 -8.8808
 -8.6194 -8.3871 -8.1768 -7.9864 -7.7783 -7.5375 -7.0854 -6.5377 -5.9707
 [Fe/H] =  0.75 [alpha/Fe] = 0.00 BC value = F275W
-14.0417-13.6666-13.1362-12.5955-12.3370-12.2990-12.3175-12.2575-11.9810-11.7096
-11.4625-11.2714-11.1288-11.0220-10.9276-10.7441
-13.7564-13.6253-13.4538-13.2464-13.0068-12.7384-12.4442-12.1268-11.7958-11.4856
-11.2247-11.0244-10.8783-10.7707-10.6836-10.4770-10.1386 -9.4577 -8.4355
-13.4417-13.4292-13.4153-13.3691-13.1806-12.8571-12.4354-11.9770-11.6002-11.2635
-10.9828-10.7649-10.6050-10.4876-10.3956-10.1722 -9.7620 -8.9704 -8.0095 -7.1802
 -6.4968
-13.0976-13.0783-13.0206-12.9637-12.8584-12.6553-12.2912-11.8125-11.4000-11.0415
-10.7392-10.4990-10.3179-10.1840-10.0798 -9.8297 -9.3865 -8.5950 -7.6669 -6.8676
 -6.2245 -5.6848 -5.2192
-12.7413-12.6640-12.5987-12.5277-12.4278-12.2659-12.0010-11.6066-11.1871-10.8176
-10.4968-10.2352-10.0294 -9.8735 -9.7519 -9.4728 -9.0252 -8.2884 -7.4143 -6.6352
 -6.0014 -5.4763 -5.0251 -4.6362 -4.3026
-12.3998-12.2733-12.1715-12.0792-11.9775-11.8395-11.6363-11.3343-10.9542-10.5855
-10.2585 -9.9804 -9.7530 -9.5728 -9.4305 -9.1210 -8.6806 -8.0130 -7.2092 -6.4544
 -5.8270 -5.3027 -4.8557 -4.4729 -4.1440 -3.8609
-12.1309-11.9369-11.7808-11.6519-11.5334-11.4040-11.2387-11.0078-10.6962-10.3496
-10.0241 -9.7389 -9.4961 -9.2944 -9.1307 -8.7888 -8.3567 -7.7509 -7.0254 -6.3063
 -5.6838 -5.1581 -4.7100 -4.3265 -3.9972 -3.7128 -3.4680 -3.2556 -3.0594 -2.8748
-11.9471-11.7107-11.4979-11.3083-11.1453-10.9980-10.8451-10.6580-10.4116-10.1085
 -9.7976 -9.5119 -9.2602 -9.0443 -8.8612 -8.4862 -8.0589 -7.4993 -6.8474 -6.1768
 -5.5655 -5.0388 -4.5870 -4.1991 -3.8657 -3.5772 -3.3276 -3.1133 -2.9283 -2.7565
 -2.5929
-11.7241-11.4460-11.2162-11.0258-10.8507-10.6735-10.5003-10.3250-10.1206 -9.8673
 -9.5820 -9.3040 -9.0519 -8.8257 -8.6272 -8.2197 -7.7936 -7.2650 -6.6716 -6.0543
 -5.4658 -4.9417 -4.4864 -4.0926 -3.7528 -3.4580 -3.2022 -2.9819 -2.7944 -2.6339
 -2.4843
-11.7726-11.3594-11.0043-10.7138-10.4901-10.3145-10.1624-10.0096 -9.8392 -9.6302
 -9.3794 -9.1162 -8.8658 -8.6361 -8.4280 -7.9899 -7.5606 -7.0506 -6.4950 -5.9269
 -5.3697 -4.8556 -4.4002 -4.0019 -3.6558 -3.3539 -3.0912 -2.8647 -2.6716 -2.5084
 -2.3693
-12.0124-11.5370-11.0804-10.6723-10.3283-10.0485 -9.8229 -9.6404 -9.4864 -9.3384
 -9.1615 -8.9452 -8.7144 -8.4894 -8.2771 -7.8140 -7.3805 -6.8856 -6.3533 -5.8211
 -5.2974 -4.7996 -4.3469 -3.9448 -3.5918 -3.2819 -3.0107 -2.7757 -2.5754 -2.4057
 -2.2636
-12.3534-11.8875-11.3781-10.8804-10.4281-10.0374 -9.7106 -9.4401 -9.2148 -9.0238
 -8.8529 -8.6815 -8.5024 -8.3185 -8.1329 -7.6804 -7.2429 -6.7610 -6.2431 -5.7317
 -5.2354 -4.7578 -4.3128 -3.9102 -3.5521 -3.2351 -2.9561 -2.7123 -2.5031 -2.3265
 -2.1781
-12.6259-12.2862-11.8309-11.3014-10.7639-10.2675 -9.8319 -9.4617 -9.1502 -8.8868
 -8.6583 -8.4534 -8.2648 -8.0876 -7.9954 -7.5891 -7.1478 -6.6768 -6.1644
 [Fe/H] =  1.00 [alpha/Fe] = 0.00 BC value = F275W
-14.1134-12.6616-11.3817-11.0307-11.2238-11.8373-12.4217-12.2986-12.0104-11.7441
-11.4958-11.2924-11.1404-11.0276-10.9400-10.7611
-13.8551-13.7034-13.5160-13.2967-13.0490-12.7759-12.4801-12.1639-11.8382-11.5367
-11.2684-11.0557-10.8988-10.7844-10.6971-10.5184-10.2423 -9.7044 -8.8115
-13.5624-13.9864-14.1269-14.0130-13.6703-13.1212-12.4730-12.0222-11.6545-11.3231
-11.0357-10.8056-10.6338-10.5096-10.4173-10.2340 -9.9338 -9.2313 -8.3275 -7.4724
 -6.7821
-13.2353-13.5106-13.2145-13.1796-13.0876-12.8731-12.4004-11.8735-11.4652-11.1055
-10.7985-10.5478-10.3544-10.2128-10.1090 -9.9079 -9.5910 -8.9184 -7.9986 -7.1776
 -6.5077 -5.9567 -5.4788
-12.8896-12.8434-12.8046-12.7551-12.6684-12.5025-12.1985-11.7241-11.2708-10.8888
-10.5616-10.2903-10.0727 -9.9084 -9.7865 -9.5598 -9.2387 -8.6157 -7.7560 -6.9608
 -6.2971 -5.7545 -5.2943 -4.8861 -4.5286
-12.5431-12.4506-12.3773-12.3071-12.2197-12.0813-11.8547-11.5012-11.0631-10.6676
-10.3268-10.0383 -9.8012 -9.6124 -9.4684 -9.2082 -8.8880 -8.3296 -7.5538 -6.7785
 -6.1315 -5.5960 -5.1358 -4.7341 -4.3836 -4.0766
-12.2369-12.0839-11.9635-11.8622-11.7615-11.6379-11.4614-11.1969-10.8333-10.4452
-10.0985 -9.7996 -9.5468 -9.3375 -9.1708 -8.8707 -8.5501 -8.0482 -7.3632 -6.6366
 -5.9983 -5.4619 -5.0011 -4.6003 -4.2498 -3.9431 -3.6738 -3.4316 -3.2079 -3.0015
-12.0360-11.8113-11.6235-11.4681-11.3353-11.2056-11.0537-10.8498-10.5678-10.2195
 -9.8773 -9.5743 -9.3113 -9.0887 -8.9020 -8.5597 -8.2339 -7.7738 -7.1704 -6.5062
 -5.8862 -5.3501 -4.8884 -4.4846 -4.1309 -3.8205 -3.5471 -3.3056 -3.0900 -2.8908
 -2.7070
-11.8043-11.5880-11.3817-11.1854-11.0029-10.8357-10.6750-10.4993-10.2765 -9.9899
 -9.6677 -9.3644 -9.0983 -8.8668 -8.6653 -8.2830 -7.9465 -7.5149 -6.9736 -6.3752
 -5.7864 -5.2576 -4.7935 -4.3866 -4.0294 -3.7144 -3.4342 -3.1862 -2.9690 -2.7786
 -2.6032
-11.7195-11.3585-11.0706-10.8476-10.6753-10.5192-10.3571-10.1830 -9.9881 -9.7507
 -9.4672 -9.1736 -8.9053 -8.6680 -8.4584 -8.0399 -7.6883 -7.2714 -6.7717 -6.2286
 -5.6810 -5.1674 -4.7070 -4.2985 -3.9376 -3.6179 -3.3334 -3.0789 -2.8550 -2.6622
 -2.4960
-11.8876-11.4364-11.0206-10.6653-10.3793-10.1552 -9.9800 -9.8345 -9.6917 -9.5208
 -9.2903 -9.0189 -8.7526 -8.5115 -8.2949 -7.8472 -7.4781 -7.0730 -6.6001 -6.0984
 -5.5917 -5.1011 -4.6480 -4.2393 -3.8746 -3.5493 -3.2589 -2.9989 -2.7682 -2.5684
 -2.3979
-12.1993-11.7201-11.2278-10.7671-10.3624-10.0229 -9.7457 -9.5205 -9.3363 -9.1794
 -9.0266 -8.8395 -8.6127 -8.3812 -8.1637 -7.6979 -7.3103 -6.9112 -6.4565 -5.9795
 -5.5049 -5.0408 -4.6009 -4.1957 -3.8294 -3.5001 -3.2049 -2.9395 -2.7030 -2.4965
 -2.3194
-12.5280-12.1283-11.6326-11.1035-10.5986-10.1477 -9.7615 -9.4379 -9.1685 -8.9412
 -8.7452 -8.5672 -8.3879 -8.2015 -8.0648 -7.5920 -7.1849 -6.7860 -6.3409
