 [Fe/H] = -4.00 [alpha/Fe] = 0.40 BC value = F547M
 -0.4666  1.1418  2.3575  1.6441 -1.1174 -5.6757 -4.2090 -2.0686 -0.9602 -0.9808
 -0.8307 -0.7097 -1.1165 -1.6028 -1.6417 -1.0268
 -3.5237 -2.6657 -1.7770 -1.7147 -2.5420 -4.4843 -3.7813 -2.7401 -2.0166 -1.7341
 -1.4745 -1.3203 -1.4215 -1.5670 -1.5150 -0.9771 -0.6337 -0.4374 -0.4111
 -4.4583 -4.0653 -3.5147 -3.1337 -2.9793 -3.3470 -3.0870 -2.7208 -2.3444 -2.0176
 -1.7660 -1.6063 -1.5265 -1.4610 -1.3467 -0.9046 -0.5974 -0.4157 -0.3275 -0.2541
 -0.1200
 -3.2704 -3.0570 -2.8556 -2.6129 -2.4293 -2.2639 -2.1261 -2.0106 -1.9435 -1.8315
 -1.7054 -1.5675 -1.4316 -1.2849 -1.1368 -0.8093 -0.5716 -0.4063 -0.2901 -0.2054
 -0.1404 -0.0863 -0.0391
 -2.8791 -2.7208 -2.5636 -2.3860 -2.2225 -2.0645 -1.9198 -1.7914 -1.6782 -1.5738
 -1.4686 -1.3571 -1.2433 -1.1277 -1.0116 -0.7446 -0.5429 -0.4015 -0.2997 -0.2226
 -0.1614 -0.1101 -0.0652 -0.0263  0.0065
 -2.5029 -2.3902 -2.2724 -2.1460 -2.0113 -1.8731 -1.7372 -1.6102 -1.4950 -1.3907
 -1.2942 -1.2007 -1.1055 -1.0111 -0.9151 -0.6942 -0.5199 -0.3963 -0.3067 -0.2374
 -0.1810 -0.1332 -0.0911 -0.0534 -0.0195  0.0097
 -2.1417 -2.0652 -1.9820 -1.8929 -1.7956 -1.6897 -1.5783 -1.4670 -1.3609 -1.2623
 -1.1716 -1.0872 -1.0065 -0.9276 -0.8473 -0.6581 -0.5026 -0.3907 -0.3111 -0.2498
 -0.1992 -0.1556 -0.1168 -0.0814 -0.0487 -0.0190  0.0070  0.0247  0.0308  0.0281
 -1.7956 -1.7458 -1.6924 -1.6358 -1.5737 -1.5034 -1.4243 -1.3389 -1.2511 -1.1649
 -1.0830 -1.0060 -0.9338 -0.8649 -0.7974 -0.6331 -0.4919 -0.3850 -0.3107 -0.2566
 -0.2129 -0.1748 -0.1405 -0.1087 -0.0787 -0.0503 -0.0232 -0.0012  0.0113  0.0122
  0.0034
 -1.4802 -1.4499 -1.4192 -1.3883 -1.3543 -1.3151 -1.2682 -1.2124 -1.1489 -1.0810
 -1.0118 -0.9441 -0.8793 -0.8175 -0.7576 -0.6139 -0.4844 -0.3813 -0.3073 -0.2566
 -0.2192 -0.1880 -0.1596 -0.1329 -0.1070 -0.0819 -0.0580 -0.0348 -0.0165 -0.0079
 -0.0119
 -1.1982 -1.1846 -1.1722 -1.1609 -1.1483 -1.1327 -1.1117 -1.0830 -1.0451 -0.9983
 -0.9454 -0.8896 -0.8333 -0.7780 -0.7241 -0.5952 -0.4760 -0.3769 -0.3029 -0.2517
 -0.2175 -0.1925 -0.1712 -0.1510 -0.1309 -0.1104 -0.0901 -0.0705 -0.0526 -0.0397
 -0.0321
 -0.9523 -0.9529 -0.9543 -0.9564 -0.9591 -0.9603 -0.9580 -0.9505 -0.9355 -0.9107
 -0.8766 -0.8357 -0.7906 -0.7432 -0.6953 -0.5778 -0.4683 -0.3730 -0.2993 -0.2464
 -0.2116 -0.1896 -0.1743 -0.1612 -0.1481 -0.1340 -0.1192 -0.1038 -0.0885 -0.0747
 -0.0616
 -0.7532 -0.7548 -0.7619 -0.7740 -0.7876 -0.8002 -0.8113 -0.8188 -0.8207 -0.8129
 -0.7961 -0.7717 -0.7413 -0.7062 -0.6674 -0.5627 -0.4593 -0.3682 -0.2950 -0.2414
 -0.2048 -0.1824 -0.1699 -0.1626 -0.1565 -0.1497 -0.1416 -0.1322 -0.1217 -0.1110
 -0.1012
 -0.6009 -0.5902 -0.5950 -0.6137 -0.6338 -0.6524 -0.6727 -0.6907 -0.7042 -0.7105
 -0.7093 -0.7014 -0.6873 -0.6670 -0.6404 -0.5501 -0.4490 -0.3625 -0.2900
 [Fe/H] = -3.00 [alpha/Fe] = 0.40 BC value = F547M
 -3.4612 -3.1153 -2.8878 -2.7675 -2.7659 -3.1841 -2.9303 -2.6900 -2.4967 -2.3293
 -2.0968 -1.8636 -1.7455 -1.6755 -1.5533 -1.0824
 -3.3274 -2.9925 -2.7519 -2.5941 -2.5236 -2.6899 -2.5351 -2.3756 -2.2271 -2.0838
 -1.9130 -1.7395 -1.6068 -1.4920 -1.3567 -0.9624 -0.6566 -0.4419 -0.2929
 -3.1793 -2.8622 -2.6188 -2.4375 -2.3176 -2.3076 -2.2094 -2.1015 -1.9855 -1.8630
 -1.7353 -1.6036 -1.4689 -1.3321 -1.1939 -0.8626 -0.6050 -0.4198 -0.2891 -0.1943
 -0.1217
 -3.0169 -2.7244 -2.4885 -2.2977 -2.1479 -2.0372 -1.9532 -1.8677 -1.7718 -1.6668
 -1.5638 -1.4559 -1.3318 -1.1959 -1.0649 -0.7830 -0.5644 -0.4045 -0.2896 -0.2042
 -0.1373 -0.0826 -0.0351
 -2.8402 -2.5791 -2.3610 -2.1747 -2.0145 -1.8787 -1.7665 -1.6742 -1.5861 -1.4953
 -1.3985 -1.2964 -1.1955 -1.0834 -0.9697 -0.7236 -0.5348 -0.3960 -0.2944 -0.2170
 -0.1552 -0.1036 -0.0592 -0.0206  0.0118
 -2.6492 -2.4263 -2.2363 -2.0685 -1.9174 -1.7815 -1.6602 -1.5535 -1.4593 -1.3724
 -1.2840 -1.1900 -1.0978 -1.0023 -0.9023 -0.6814 -0.5128 -0.3901 -0.3003 -0.2306
 -0.1738 -0.1257 -0.0837 -0.0463 -0.0130  0.0159
 -2.4409 -2.2563 -2.0985 -1.9563 -1.8242 -1.7001 -1.5838 -1.4759 -1.3772 -1.2863
 -1.1995 -1.1138 -1.0274 -0.9451 -0.8569 -0.6539 -0.4969 -0.3840 -0.3038 -0.2421
 -0.1912 -0.1473 -0.1086 -0.0735 -0.0415 -0.0126  0.0126  0.0296  0.0352  0.0323
 -2.2281 -2.0750 -1.9461 -1.8309 -1.7217 -1.6159 -1.5126 -1.4127 -1.3170 -1.2270
 -1.1417 -1.0593 -0.9781 -0.9008 -0.8225 -0.6372 -0.4871 -0.3780 -0.3029 -0.2483
 -0.2043 -0.1660 -0.1318 -0.1004 -0.0709 -0.0434 -0.0186  0.0030  0.0160  0.0164
  0.0074
 -1.8896 -1.8538 -1.7875 -1.6940 -1.6067 -1.5211 -1.4346 -1.3478 -1.2617 -1.1773
 -1.0957 -1.0173 -0.9411 -0.8669 -0.7949 -0.6240 -0.4818 -0.3736 -0.2973 -0.2481
 -0.2074 -0.1790 -0.1506 -0.1243 -0.0990 -0.0745 -0.0514 -0.0331 -0.0201 -0.0119
 -0.0080
 -1.7912 -1.6911 -1.6123 -1.5525 -1.4812 -1.4132 -1.3444 -1.2733 -1.2000 -1.1255
 -1.0510 -0.9780 -0.9068 -0.8376 -0.7702 -0.6101 -0.4751 -0.3698 -0.2939 -0.2429
 -0.2088 -0.1836 -0.1623 -0.1423 -0.1227 -0.1029 -0.0833 -0.0644 -0.0472 -0.0338
 -0.0279
 -1.6386 -1.5469 -1.4732 -1.4156 -1.3547 -1.2978 -1.2436 -1.1879 -1.1293 -1.0677
 -1.0037 -0.9387 -0.8739 -0.8103 -0.7480 -0.5984 -0.4694 -0.3664 -0.2903 -0.2373
 -0.2030 -0.1811 -0.1658 -0.1528 -0.1401 -0.1265 -0.1123 -0.0976 -0.0830 -0.0697
 -0.0571
 -1.4936 -1.4212 -1.3534 -1.2897 -1.2371 -1.1921 -1.1493 -1.0909 -1.0460 -0.9982
 -0.9469 -0.8927 -0.8366 -0.7799 -0.7235 -0.5864 -0.4626 -0.3624 -0.2863 -0.2321
 -0.1961 -0.1741 -0.1619 -0.1546 -0.1489 -0.1425 -0.1350 -0.1260 -0.1161 -0.1059
 -0.0968
 -1.3562 -1.3140 -1.2528 -1.1749 -1.1286 -1.0961 -1.0396 -1.0041 -0.9681 -0.9160
 -0.8776 -0.8359 -0.7909 -0.7434 -0.6967 -0.5741 -0.4547 -0.3578 -0.2819
 [Fe/H] = -2.50 [alpha/Fe] = 0.40 BC value = F547M
 -4.3215 -4.0630 -3.9012 -3.6133 -3.1949 -2.8606 -2.7508 -2.7387 -2.6540 -2.4595
 -2.2339 -2.0018 -1.7950 -1.6184 -1.4456 -1.0464
 -3.8213 -3.4850 -3.2524 -3.0050 -2.7346 -2.5187 -2.4028 -2.3317 -2.2358 -2.0956
 -1.9352 -1.7605 -1.5855 -1.4220 -1.2672 -0.9255 -0.6478 -0.4386 -0.2756
 -3.4395 -3.0570 -2.7788 -2.5550 -2.3745 -2.2316 -2.1156 -2.0135 -1.9134 -1.8075
 -1.6905 -1.5583 -1.4122 -1.2640 -1.1250 -0.8287 -0.5941 -0.4154 -0.2808 -0.1832
 -0.1176
 -3.1761 -2.7790 -2.4804 -2.2633 -2.1146 -1.9993 -1.8892 -1.7841 -1.6868 -1.5952
 -1.4998 -1.3952 -1.2751 -1.1444 -1.0190 -0.7560 -0.5535 -0.3992 -0.2853 -0.1997
 -0.1324 -0.0776 -0.0316
 -3.0311 -2.6510 -2.3572 -2.1299 -1.9549 -1.8218 -1.7236 -1.6435 -1.5560 -1.4587
 -1.3631 -1.2712 -1.1742 -1.0632 -0.9492 -0.7074 -0.5260 -0.3900 -0.2890 -0.2115
 -0.1495 -0.0978 -0.0535 -0.0141  0.0188
 -2.9177 -2.5633 -2.2857 -2.0655 -1.8879 -1.7439 -1.6262 -1.5291 -1.4479 -1.3713
 -1.2841 -1.1898 -1.0995 -1.0054 -0.9038 -0.6770 -0.5079 -0.3843 -0.2938 -0.2240
 -0.1672 -0.1191 -0.0771 -0.0400 -0.0071  0.0213
 -2.7966 -2.4751 -2.2207 -2.0154 -1.8454 -1.7016 -1.5785 -1.4722 -1.3789 -1.2946
 -1.2153 -1.1338 -1.0487 -0.9637 -0.8721 -0.6587 -0.4962 -0.3794 -0.2967 -0.2344
 -0.1835 -0.1399 -0.1013 -0.0666 -0.0349 -0.0065  0.0180  0.0344  0.0398  0.0367
 -2.6591 -2.3722 -2.1441 -1.9584 -1.8017 -1.6656 -1.5450 -1.4368 -1.3393 -1.2500
 -1.1662 -1.0854 -1.0052 -0.9281 -0.8474 -0.6477 -0.4890 -0.3747 -0.2959 -0.2400
 -0.1958 -0.1578 -0.1238 -0.0927 -0.0637 -0.0367 -0.0126  0.0083  0.0207  0.0208
  0.0116
 -2.5153 -2.2584 -2.0539 -1.8877 -1.7468 -1.6226 -1.5095 -1.4052 -1.3084 -1.2184
 -1.1336 -1.0525 -0.9738 -0.8973 -0.8234 -0.6394 -0.4852 -0.3707 -0.2923 -0.2397
 -0.2016 -0.1702 -0.1421 -0.1160 -0.0911 -0.0672 -0.0448 -0.0246 -0.0081  0.0011
 -0.0038
 -2.3722 -2.1410 -1.9550 -1.8040 -1.6770 -1.5652 -1.4626 -1.3661 -1.2745 -1.1874
 -1.1044 -1.0250 -0.9482 -0.8734 -0.8017 -0.6283 -0.4810 -0.3673 -0.2870 -0.2345
 -0.1999 -0.1747 -0.1535 -0.1338 -0.1145 -0.0952 -0.0763 -0.0581 -0.0417 -0.0289
 -0.0236
 -2.2482 -2.0373 -1.8619 -1.7190 -1.6004 -1.4978 -1.4052 -1.3179 -1.2341 -1.1531
 -1.0747 -0.9990 -0.9255 -0.8542 -0.7850 -0.6196 -0.4772 -0.3653 -0.2837 -0.2287
 -0.1941 -0.1723 -0.1571 -0.1443 -0.1318 -0.1187 -0.1050 -0.0910 -0.0771 -0.0645
 -0.0526
 -2.1480 -1.9503 -1.7816 -1.6402 -1.5227 -1.4241 -1.3375 -1.2581 -1.1826 -1.1094
 -1.0377 -0.9677 -0.8992 -0.8324 -0.7671 -0.6108 -0.4728 -0.3624 -0.2805 -0.2236
 -0.1870 -0.1654 -0.1534 -0.1463 -0.1407 -0.1346 -0.1276 -0.1193 -0.1099 -0.1005
 -0.0919
 -2.0715 -1.8800 -1.7173 -1.5738 -1.4530 -1.3516 -1.2653 -1.1897 -1.1202 -1.0544
 -0.9905 -0.9277 -0.8659 -0.8050 -0.7480 -0.6019 -0.4678 -0.3586 -0.2774
 [Fe/H] = -2.00 [alpha/Fe] = 0.40 BC value = F547M
 -5.1200 -4.6219 -4.2198 -3.9227 -3.6223 -3.3350 -3.0502 -2.7770 -2.5211 -2.2923
 -2.0793 -1.8781 -1.6908 -1.5176 -1.3125 -0.9761
 -4.7099 -4.1969 -3.7616 -3.3967 -3.0924 -2.8315 -2.5977 -2.3801 -2.1801 -1.9987
 -1.8261 -1.6558 -1.4882 -1.3304 -1.1708 -0.8689 -0.6255 -0.4316 -0.2860
 -4.2995 -3.7827 -3.3441 -2.9829 -2.6899 -2.4514 -2.2518 -2.0733 -1.9129 -1.7666
 -1.6261 -1.4837 -1.3369 -1.1935 -1.0611 -0.7862 -0.5734 -0.4067 -0.2798 -0.1845
 -0.1102
 -3.8888 -3.3793 -2.9673 -2.6813 -2.4149 -2.1947 -2.0125 -1.8566 -1.7195 -1.5960
 -1.4793 -1.3618 -1.2369 -1.1069 -0.9834 -0.7280 -0.5365 -0.3898 -0.2778 -0.1923
 -0.1241 -0.0699 -0.0247
 -3.5850 -3.0830 -2.6928 -2.3997 -2.1778 -2.0023 -1.8524 -1.7141 -1.5873 -1.4732
 -1.3691 -1.2696 -1.1663 -1.0527 -0.9377 -0.6943 -0.5148 -0.3809 -0.2800 -0.2025
 -0.1405 -0.0888 -0.0447 -0.0058  0.0265
 -3.4609 -2.9590 -2.5626 -2.2602 -2.0314 -1.8565 -1.7188 -1.6047 -1.5025 -1.4023
 -1.2995 -1.2025 -1.1103 -1.0147 -0.9105 -0.6766 -0.5032 -0.3767 -0.2838 -0.2133
 -0.1566 -0.1087 -0.0672 -0.0306  0.0016  0.0294
 -3.3960 -2.8987 -2.5053 -2.1992 -1.9607 -1.7734 -1.6252 -1.5063 -1.4093 -1.3289
 -1.2507 -1.1630 -1.0728 -0.9837 -0.8912 -0.6680 -0.4974 -0.3745 -0.2867 -0.2223
 -0.1714 -0.1281 -0.0900 -0.0559 -0.0250  0.0025  0.0261  0.0417  0.0467  0.0439
 -3.3339 -2.8569 -2.4732 -2.1728 -1.9369 -1.7492 -1.5968 -1.4712 -1.3655 -1.2738
 -1.1920 -1.1164 -1.0394 -0.9594 -0.8749 -0.6638 -0.4948 -0.3727 -0.2872 -0.2275
 -0.1825 -0.1448 -0.1114 -0.0809 -0.0527 -0.0266 -0.0035  0.0164  0.0281  0.0280
  0.0188
 -3.2577 -2.8073 -2.4410 -2.1509 -1.9213 -1.7367 -1.5845 -1.4558 -1.3453 -1.2485
 -1.1606 -1.0790 -1.0019 -0.9285 -0.8550 -0.6601 -0.4939 -0.3710 -0.2854 -0.2278
 -0.1878 -0.1564 -0.1288 -0.1033 -0.0792 -0.0561 -0.0347 -0.0155 -0.0001  0.0084
  0.0032
 -3.1587 -2.7383 -2.3949 -2.1185 -1.8982 -1.7199 -1.5712 -1.4436 -1.3317 -1.2320
 -1.1413 -1.0571 -0.9773 -0.9014 -0.8299 -0.6516 -0.4921 -0.3684 -0.2814 -0.2236
 -0.1864 -0.1606 -0.1396 -0.1204 -0.1017 -0.0832 -0.0652 -0.0481 -0.0328 -0.0211
 -0.0166
 -3.0513 -2.6722 -2.3508 -2.0865 -1.8728 -1.6992 -1.5544 -1.4297 -1.3192 -1.2195
 -1.1281 -1.0433 -0.9633 -0.8868 -0.8140 -0.6430 -0.4910 -0.3683 -0.2788 -0.2187
 -0.1812 -0.1583 -0.1430 -0.1305 -0.1185 -0.1061 -0.0933 -0.0802 -0.0674 -0.0560
 -0.0453
 -2.9521 -2.6092 -2.3102 -2.0569 -1.8474 -1.6750 -1.5314 -1.4087 -1.3005 -1.2027
 -1.1126 -1.0289 -0.9501 -0.8750 -0.8029 -0.6351 -0.4880 -0.3677 -0.2770 -0.2141
 -0.1745 -0.1517 -0.1394 -0.1326 -0.1273 -0.1218 -0.1154 -0.1080 -0.0997 -0.0913
 -0.0839
 -2.8646 -2.5546 -2.2806 -2.0398 -1.8314 -1.6549 -1.5081 -1.3835 -1.2753 -1.1791
 -1.0912 -1.0097 -0.9332 -0.8607 -0.7966 -0.6279 -0.4831 -0.3666 -0.2760
 [Fe/H] = -1.50 [alpha/Fe] = 0.40 BC value = F547M
 -6.0515 -5.6825 -5.3187 -4.9465 -4.5764 -4.1570 -3.6626 -3.1009 -2.6274 -2.2654
 -1.9835 -1.7548 -1.5611 -1.3930 -1.2431 -0.9289
 -5.6134 -5.1483 -4.7207 -4.3199 -3.9408 -3.5558 -3.1358 -2.6887 -2.3143 -2.0193
 -1.7814 -1.5802 -1.4038 -1.2477 -1.1087 -0.8228 -0.5996 -0.4205 -0.2798
 -5.2544 -4.7336 -4.2635 -3.8405 -3.4563 -3.0981 -2.7397 -2.3801 -2.0773 -1.8317
 -1.6281 -1.4509 -1.2908 -1.1455 -1.0150 -0.7489 -0.5483 -0.3922 -0.2697 -0.1747
 -0.0996
 -4.9745 -4.4384 -3.9471 -3.5083 -3.1228 -2.7839 -2.4743 -2.1751 -1.9164 -1.7026
 -1.5236 -1.3669 -1.2221 -1.0864 -0.9620 -0.7072 -0.5189 -0.3764 -0.2663 -0.1808
 -0.1131 -0.0574 -0.0117
 -4.5873 -4.0577 -3.6353 -3.2437 -2.8828 -2.5605 -2.2795 -2.0244 -1.7981 -1.6071
 -1.4461 -1.3062 -1.1771 -1.0526 -0.9343 -0.6866 -0.5043 -0.3694 -0.2674 -0.1889
 -0.1267 -0.0752 -0.0315  0.0066  0.0379
 -4.2436 -3.7081 -3.2658 -2.9002 -2.5955 -2.3389 -2.1154 -1.9040 -1.7078 -1.5349
 -1.3862 -1.2575 -1.1417 -1.0304 -0.9201 -0.6787 -0.4987 -0.3676 -0.2707 -0.1977
 -0.1405 -0.0930 -0.0521 -0.0164  0.0149  0.0408
 -4.1141 -3.5416 -3.0659 -2.6780 -2.3643 -2.1102 -1.9062 -1.7427 -1.6037 -1.4738
 -1.3443 -1.2225 -1.1120 -1.0104 -0.9106 -0.6775 -0.4981 -0.3682 -0.2743 -0.2054
 -0.1531 -0.1102 -0.0729 -0.0398 -0.0101  0.0161  0.0381  0.0523  0.0569  0.0545
 -4.0868 -3.4893 -2.9887 -2.5836 -2.2598 -2.0014 -1.7943 -1.6263 -1.4883 -1.3751
 -1.2798 -1.1878 -1.0913 -0.9944 -0.9007 -0.6791 -0.5002 -0.3696 -0.2768 -0.2107
 -0.1626 -0.1248 -0.0922 -0.0629 -0.0359 -0.0112  0.0103  0.0279  0.0389  0.0388
  0.0303
 -4.0921 -3.4895 -2.9752 -2.5550 -2.2207 -1.9563 -1.7455 -1.5750 -1.4352 -1.3177
 -1.2170 -1.1296 -1.0511 -0.9723 -0.8896 -0.6805 -0.5034 -0.3712 -0.2776 -0.2127
 -0.1648 -0.1349 -0.1079 -0.0835 -0.0607 -0.0390 -0.0192 -0.0005  0.0137  0.0195
  0.0144
 -4.0726 -3.4894 -2.9762 -2.5521 -2.2109 -1.9411 -1.7266 -1.5532 -1.4103 -1.2902
 -1.1865 -1.0946 -1.0113 -0.9353 -0.8632 -0.6768 -0.5049 -0.3715 -0.2762 -0.2109
 -0.1676 -0.1389 -0.1176 -0.0992 -0.0818 -0.0647 -0.0483 -0.0328 -0.0192 -0.0091
 -0.0055
 -4.0206 -3.4719 -2.9827 -2.5632 -2.2202 -1.9460 -1.7279 -1.5512 -1.4051 -1.2816
 -1.1747 -1.0800 -0.9940 -0.9144 -0.8403 -0.6684 -0.5069 -0.3739 -0.2758 -0.2082
 -0.1644 -0.1376 -0.1209 -0.1087 -0.0976 -0.0864 -0.0750 -0.0634 -0.0523 -0.0427
 -0.0335
 -3.9431 -3.4391 -2.9830 -2.5763 -2.2365 -1.9595 -1.7367 -1.5564 -1.4073 -1.2809
 -1.1711 -1.0738 -0.9857 -0.9046 -0.8286 -0.6576 -0.5057 -0.3760 -0.2761 -0.2054
 -0.1594 -0.1323 -0.1180 -0.1107 -0.1060 -0.1014 -0.0962 -0.0901 -0.0833 -0.0765
 -0.0707
 -3.8459 -3.3950 -2.9775 -2.5950 -2.2626 -1.9836 -1.7544 -1.5672 -1.4129 -1.2829
 -1.1704 -1.0710 -0.9814 -0.8992 -0.8281 -0.6444 -0.5013 -0.3778 -0.2771
 [Fe/H] = -1.00 [alpha/Fe] = 0.40 BC value = F547M
 -6.7139 -6.4035 -6.1162 -5.8386 -5.6236 -5.2798 -4.6684 -3.7814 -3.0630 -2.3602
 -1.9634 -1.6858 -1.4770 -1.3055 -1.1590 -0.8634
 -6.2539 -5.8882 -5.5619 -5.2614 -4.9850 -4.6301 -4.0868 -3.3479 -2.6752 -2.1694
 -1.8130 -1.5556 -1.3584 -1.1968 -1.0582 -0.7802 -0.5705 -0.4025 -0.2667
 -5.9145 -5.4958 -5.1251 -4.7917 -4.4715 -4.1155 -3.6399 -3.0278 -2.4722 -2.0345
 -1.7094 -1.4670 -1.2782 -1.1234 -0.9904 -0.7244 -0.5270 -0.3757 -0.2560 -0.1609
 -0.0859
 -5.6957 -5.2263 -4.8058 -4.4295 -4.0832 -3.7361 -3.3277 -2.8211 -2.3461 -1.9555
 -1.6526 -1.4200 -1.2364 -1.0853 -0.9556 -0.6960 -0.5052 -0.3625 -0.2521 -0.1651
 -0.0962 -0.0399  0.0058
 -5.5032 -5.0195 -4.5701 -4.1585 -3.7828 -3.4324 -3.0779 -2.6617 -2.2521 -1.9009
 -1.6181 -1.3948 -1.2159 -1.0677 -0.9404 -0.6845 -0.4962 -0.3575 -0.2528 -0.1714
 -0.1074 -0.0554 -0.0120  0.0253  0.0551
 -5.1031 -4.6858 -4.2980 -3.9198 -3.5472 -3.1927 -2.8595 -2.5182 -2.1681 -1.8540
 -1.5915 -1.3786 -1.2053 -1.0606 -0.9357 -0.6829 -0.4948 -0.3574 -0.2559 -0.1786
 -0.1186 -0.0704 -0.0300  0.0048  0.0351  0.0592
 -4.7547 -4.2733 -3.8703 -3.5259 -3.2181 -2.9296 -2.6452 -2.3621 -2.0748 -1.8025
 -1.5639 -1.3636 -1.1972 -1.0572 -0.9357 -0.6865 -0.4981 -0.3601 -0.2598 -0.1853
 -0.1288 -0.0845 -0.0477 -0.0158  0.0122  0.0364  0.0557  0.0681  0.0713  0.0688
 -4.6257 -4.0781 -3.6116 -3.2205 -2.8910 -2.6051 -2.3508 -2.1224 -1.9089 -1.7074
 -1.5171 -1.3424 -1.1873 -1.0533 -0.9360 -0.6921 -0.5038 -0.3642 -0.2636 -0.1907
 -0.1370 -0.0964 -0.0639 -0.0358 -0.0107  0.0118  0.0312  0.0463  0.0549  0.0538
  0.0459
 -4.6347 -4.0390 -3.5200 -3.0814 -2.7159 -2.4115 -2.1536 -1.9303 -1.7323 -1.5572
 -1.4078 -1.2792 -1.1599 -1.0442 -0.9344 -0.6981 -0.5107 -0.3691 -0.2669 -0.1941
 -0.1423 -0.1051 -0.0770 -0.0537 -0.0327 -0.0132  0.0042  0.0192  0.0297  0.0356
  0.0315
 -4.6968 -4.0772 -3.5230 -3.0449 -2.6451 -2.3164 -2.0464 -1.8215 -1.6305 -1.4655
 -1.3222 -1.1996 -1.0958 -1.0046 -0.9165 -0.7003 -0.5156 -0.3730 -0.2685 -0.1948
 -0.1440 -0.1092 -0.0853 -0.0671 -0.0513 -0.0363 -0.0223 -0.0094  0.0016  0.0092
  0.0109
 -4.7563 -4.1452 -3.5771 -3.0752 -2.6479 -2.2948 -2.0075 -1.7738 -1.5810 -1.4193
 -1.2810 -1.1612 -1.0567 -0.9652 -0.8840 -0.6978 -0.5218 -0.3788 -0.2717 -0.1955
 -0.1438 -0.1101 -0.0891 -0.0757 -0.0654 -0.0560 -0.0468 -0.0376 -0.0290 -0.0220
 -0.0178
 -4.7732 -4.1843 -3.6350 -3.1284 -2.6865 -2.3149 -2.0109 -1.7649 -1.5649 -1.4000
 -1.2613 -1.1424 -1.0384 -0.9461 -0.8628 -0.6848 -0.5244 -0.3843 -0.2753 -0.1961
 -0.1421 -0.1079 -0.0882 -0.0783 -0.0732 -0.0697 -0.0663 -0.0623 -0.0578 -0.0536
 -0.0503
 -4.7484 -4.2025 -3.6754 -3.1857 -2.7424 -2.3610 -2.0436 -1.7841 -1.5738 -1.4018
 -1.2587 -1.1370 -1.0314 -0.9381 -0.8529 -0.6613 -0.5234 -0.3895 -0.2793
 [Fe/H] = -0.75 [alpha/Fe] = 0.30 BC value = F547M
 -6.8795 -6.5824 -6.3087 -6.0521 -5.8881 -5.5734 -4.9387 -3.9818 -3.1710 -2.3998
 -1.9687 -1.6736 -1.4560 -1.2824 -1.1347 -0.8411
 -6.4198 -6.0723 -5.7671 -5.4939 -5.2573 -4.9301 -4.3744 -3.5691 -2.8052 -2.2295
 -1.8338 -1.5566 -1.3500 -1.1847 -1.0445 -0.7663 -0.5577 -0.3939 -0.2606
 -6.0824 -5.6842 -5.3381 -5.0344 -4.7472 -4.4167 -3.9345 -3.2625 -2.6228 -2.1152
 -1.7465 -1.4807 -1.2804 -1.1201 -0.9847 -0.7165 -0.5188 -0.3685 -0.2496 -0.1541
 -0.0780
 -5.8673 -5.4181 -5.0217 -4.6736 -4.3577 -4.0331 -3.6190 -3.0620 -2.5146 -2.0569
 -1.7068 -1.4459 -1.2472 -1.0886 -0.9553 -0.6917 -0.4989 -0.3557 -0.2451 -0.1573
 -0.0875 -0.0310  0.0145
 -5.7004 -5.2241 -4.7896 -4.3988 -4.0466 -3.7146 -3.3587 -2.9027 -2.4323 -2.0201
 -1.6889 -1.4332 -1.2350 -1.0765 -0.9440 -0.6827 -0.4911 -0.3507 -0.2450 -0.1625
 -0.0974 -0.0449 -0.0004  0.0363  0.0648
 -5.3717 -4.9588 -4.5597 -4.1736 -3.8034 -3.4557 -3.1223 -2.7534 -2.3536 -1.9859
 -1.6771 -1.4296 -1.2333 -1.0750 -0.9429 -0.6831 -0.4909 -0.3507 -0.2475 -0.1687
 -0.1073 -0.0584 -0.0179  0.0166  0.0455  0.0688
 -4.9452 -4.5004 -4.1321 -3.8123 -3.5133 -3.2126 -2.9032 -2.5929 -2.2629 -1.9430
 -1.6611 -1.4262 -1.2347 -1.0780 -0.9467 -0.6882 -0.4952 -0.3537 -0.2511 -0.1747
 -0.1164 -0.0710 -0.0339 -0.0024  0.0250  0.0487  0.0668  0.0773  0.0797  0.0764
 -4.7590 -4.2366 -3.7958 -3.4312 -3.1220 -2.8471 -2.5937 -2.3515 -2.1064 -1.8597
 -1.6249 -1.4141 -1.2335 -1.0811 -0.9517 -0.6955 -0.5023 -0.3585 -0.2549 -0.1796
 -0.1238 -0.0816 -0.0485 -0.0207  0.0038  0.0253  0.0432  0.0573  0.0643  0.0622
  0.0539
 -4.7402 -4.1615 -3.6592 -3.2355 -2.8832 -2.5866 -2.3288 -2.0971 -1.8831 -1.6864
 -1.5140 -1.3592 -1.2141 -1.0784 -0.9550 -0.7033 -0.5105 -0.3647 -0.2587 -0.1832
 -0.1289 -0.0895 -0.0603 -0.0369 -0.0166  0.0018  0.0180  0.0316  0.0418  0.0451
  0.0388
 -4.8036 -4.1897 -3.6424 -3.1712 -2.7757 -2.4484 -2.1756 -1.9432 -1.7397 -1.5579
 -1.3973 -1.2603 -1.1449 -1.0422 -0.9430 -0.7083 -0.5171 -0.3699 -0.2614 -0.1845
 -0.1308 -0.0936 -0.0679 -0.0493 -0.0338 -0.0198 -0.0070  0.0046  0.0144  0.0202
  0.0204
 -4.8859 -4.2707 -3.6979 -3.1933 -2.7621 -2.4037 -2.1095 -1.8670 -1.6639 -1.4901
 -1.3388 -1.2067 -1.0925 -0.9944 -0.9082 -0.7096 -0.5253 -0.3773 -0.2661 -0.1863
 -0.1315 -0.0951 -0.0719 -0.0573 -0.0470 -0.0382 -0.0301 -0.0221 -0.0150 -0.0095
 -0.0068
 -4.9337 -4.3369 -3.7721 -3.2529 -2.7996 -2.4160 -2.0998 -1.8422 -1.6313 -1.4561
 -1.3076 -1.1795 -1.0676 -0.9690 -0.8815 -0.6974 -0.5305 -0.3847 -0.2714 -0.1883
 -0.1310 -0.0939 -0.0718 -0.0601 -0.0544 -0.0511 -0.0485 -0.0456 -0.0424 -0.0396
 -0.0379
 -4.9403 -4.3756 -3.8323 -3.3250 -2.8642 -2.4649 -2.1306 -1.8559 -1.6327 -1.4499
 -1.2977 -1.1685 -1.0566 -0.9581 -0.8629 -0.6717 -0.5327 -0.3921 -0.2773
 [Fe/H] = -0.50 [alpha/Fe] = 0.20 BC value = F547M
 -7.0409 -6.7533 -6.4897 -6.2477 -6.1180 -5.8154 -5.1561 -4.2470 -3.2666 -2.5199
 -1.9775 -1.6653 -1.4377 -1.2595 -1.1118 -0.8204
 -6.5806 -6.2459 -5.9559 -5.7034 -5.4966 -5.1898 -4.6245 -3.7675 -2.9262 -2.2903
 -1.8572 -1.5605 -1.3436 -1.1733 -1.0314 -0.7525 -0.5458 -0.3853 -0.2546
 -6.2437 -5.8600 -5.5318 -5.2518 -4.9923 -4.6864 -4.2031 -3.4830 -2.7695 -2.1948
 -1.7852 -1.4965 -1.2842 -1.1178 -0.9793 -0.7080 -0.5099 -0.3608 -0.2429 -0.1470
 -0.0698
 -6.0302 -5.5956 -5.2174 -4.8929 -4.6051 -4.3053 -3.8919 -3.2960 -2.6812 -2.1577
 -1.7615 -1.4733 -1.2595 -1.0930 -0.9555 -0.6869 -0.4919 -0.3483 -0.2376 -0.1491
 -0.0782 -0.0211  0.0250
 -5.8791 -5.4103 -4.9887 -4.6169 -4.2888 -3.9795 -3.6282 -3.1414 -2.6147 -2.1406
 -1.7604 -1.4725 -1.2554 -1.0865 -0.9484 -0.6806 -0.4854 -0.3434 -0.2369 -0.1533
 -0.0868 -0.0334  0.0104  0.0465  0.0752
 -5.6256 -5.1954 -4.7843 -4.3984 -4.0394 -3.7070 -3.3811 -2.9899 -2.5442 -2.1218
 -1.7646 -1.4817 -1.2625 -1.0907 -0.9510 -0.6829 -0.4863 -0.3434 -0.2387 -0.1585
 -0.0955 -0.0455 -0.0045  0.0298  0.0583  0.0808
 -5.1527 -4.7420 -4.3991 -4.0904 -3.7860 -3.4728 -3.1530 -2.8256 -2.4574 -2.0897
 -1.7623 -1.4907 -1.2734 -1.1000 -0.9587 -0.6901 -0.4920 -0.3468 -0.2419 -0.1637
 -0.1035 -0.0566 -0.0189  0.0127  0.0395  0.0622  0.0791  0.0883  0.0896  0.0855
 -4.9004 -4.4009 -3.9882 -3.6515 -3.3654 -3.1065 -2.8561 -2.5974 -2.3164 -2.0218
 -1.7398 -1.4911 -1.2821 -1.1103 -0.9686 -0.6993 -0.5005 -0.3525 -0.2458 -0.1683
 -0.1102 -0.0661 -0.0318 -0.0038  0.0202  0.0407  0.0575  0.0699  0.0754  0.0723
  0.0632
 -4.8461 -4.2826 -3.7981 -3.3937 -3.0589 -2.7756 -2.5236 -2.2891 -2.0618 -1.8430
 -1.6403 -1.4509 -1.2744 -1.1159 -0.9777 -0.7092 -0.5103 -0.3600 -0.2503 -0.1719
 -0.1151 -0.0733 -0.0424 -0.0185  0.0016  0.0192  0.0341  0.0464  0.0546  0.0564
  0.0490
 -4.8997 -4.2934 -3.7557 -3.2940 -2.9081 -2.5875 -2.3173 -2.0813 -1.8669 -1.6682
 -1.4897 -1.3369 -1.2063 -1.0873 -0.9726 -0.7169 -0.5188 -0.3669 -0.2543 -0.1739
 -0.1172 -0.0773 -0.0494 -0.0296 -0.0140 -0.0007  0.0110  0.0211  0.0290  0.0334
  0.0318
 -4.9976 -4.3770 -3.8058 -3.3024 -2.8722 -2.5139 -2.2177 -1.9705 -1.7589 -1.5730
 -1.4073 -1.2619 -1.1368 -1.0309 -0.9379 -0.7224 -0.5291 -0.3762 -0.2606 -0.1769
 -0.1188 -0.0794 -0.0535 -0.0371 -0.0262 -0.0176 -0.0104 -0.0038  0.0018  0.0056
  0.0065
 -5.0709 -4.4644 -3.8909 -3.3633 -2.9032 -2.5126 -2.1895 -1.9243 -1.7050 -1.5205
 -1.3618 -1.2234 -1.1023 -0.9967 -0.9043 -0.7120 -0.5371 -0.3855 -0.2676 -0.1805
 -0.1196 -0.0792 -0.0541 -0.0401 -0.0332 -0.0296 -0.0276 -0.0257 -0.0240 -0.0228
 -0.0227
 -5.1039 -4.5244 -3.9669 -3.4463 -2.9711 -2.5600 -2.2132 -1.9277 -1.6944 -1.5024
 -1.3418 -1.2048 -1.0859 -0.9815 -0.8718 -0.6857 -0.5428 -0.3948 -0.2753
 [Fe/H] = -0.25 [alpha/Fe] = 0.10 BC value = F547M
 -7.2167 -6.9295 -6.6691 -6.4343 -6.3135 -5.9984 -5.3168 -4.3191 -3.3441 -2.5592
 -2.0387 -1.6906 -1.4452 -1.2551 -1.0889 -0.7979
 -6.7543 -6.4239 -6.1413 -5.9010 -5.7093 -5.4076 -4.8247 -3.9243 -3.0332 -2.3459
 -1.8817 -1.5663 -1.3386 -1.1631 -1.0182 -0.7375 -0.5332 -0.3755 -0.2476
 -6.4163 -6.0391 -5.7206 -5.4554 -5.2147 -4.9244 -4.4298 -3.6747 -2.8983 -2.2681
 -1.8224 -1.5128 -1.2890 -1.1159 -0.9737 -0.6986 -0.5001 -0.3521 -0.2355 -0.1395
 -0.0615
 -6.2027 -5.7751 -5.4070 -5.0975 -4.8298 -4.5488 -4.1321 -3.5061 -2.8335 -2.2502
 -1.8127 -1.4999 -1.2721 -1.0975 -0.9554 -0.6812 -0.4838 -0.3400 -0.2297 -0.1407
 -0.0685 -0.0104  0.0365
 -6.0606 -5.5952 -5.1806 -4.8213 -4.5114 -4.2219 -3.8730 -3.3618 -2.7847 -2.2524
 -1.8269 -1.5099 -1.2756 -1.0966 -0.9526 -0.6775 -0.4786 -0.3352 -0.2282 -0.1438
 -0.0759 -0.0213  0.0231  0.0596  0.0877
 -5.8607 -5.4122 -4.9924 -4.6076 -4.2595 -3.9419 -3.6238 -3.2137 -2.7263 -2.2512
 -1.8470 -1.5306 -1.2906 -1.1062 -0.9591 -0.6822 -0.4808 -0.3354 -0.2295 -0.1480
 -0.0834 -0.0320  0.0098  0.0443  0.0726  0.0943
 -5.3868 -4.9999 -4.6638 -4.3456 -4.0280 -3.7084 -3.3892 -3.0485 -2.6458 -2.2319
 -1.8593 -1.5520 -1.3104 -1.1217 -0.9708 -0.6915 -0.4881 -0.3392 -0.2324 -0.1525
 -0.0905 -0.0418 -0.0030  0.0289  0.0556  0.0773  0.0931  0.1009  0.1014  0.0962
 -5.0633 -4.5832 -4.1945 -3.8818 -3.6160 -3.3699 -3.1167 -2.8374 -2.5212 -2.1799
 -1.8522 -1.5654 -1.3287 -1.1387 -0.9853 -0.7029 -0.4983 -0.3459 -0.2365 -0.1568
 -0.0966 -0.0503 -0.0144  0.0143  0.0383  0.0582  0.0742  0.0849  0.0886  0.0844
  0.0742
 -4.9700 -4.4168 -3.9453 -3.5587 -3.2427 -2.9746 -2.7321 -2.4991 -2.2604 -2.0165
 -1.7756 -1.5454 -1.3347 -1.1528 -1.0000 -0.7152 -0.5102 -0.3550 -0.2418 -0.1607
 -0.1013 -0.0570 -0.0239  0.0013  0.0217  0.0387  0.0527  0.0636  0.0700  0.0699
  0.0611
 -5.0080 -4.4052 -3.8725 -3.4199 -3.0439 -2.7326 -2.4678 -2.2310 -2.0077 -1.7938
 -1.5989 -1.4282 -1.2770 -1.1364 -1.0036 -0.7256 -0.5206 -0.3638 -0.2470 -0.1633
 -0.1037 -0.0609 -0.0304 -0.0086  0.0077  0.0209  0.0317  0.0404  0.0466  0.0492
  0.0455
 -5.1137 -4.4851 -3.9132 -3.4098 -2.9818 -2.6257 -2.3305 -2.0810 -1.8625 -1.6647
 -1.4845 -1.3256 -1.1900 -1.0750 -0.9728 -0.7357 -0.5332 -0.3753 -0.2551 -0.1677
 -0.1062 -0.0635 -0.0346 -0.0157 -0.0033  0.0054  0.0121  0.0175  0.0215  0.0235
  0.0223
 -5.2040 -4.5868 -4.0003 -3.4678 -3.0018 -2.6071 -2.2799 -2.0097 -1.7840 -1.5909
 -1.4217 -1.2725 -1.1418 -1.0289 -0.9316 -0.7286 -0.5441 -0.3868 -0.2643 -0.1729
 -0.1082 -0.0644 -0.0361 -0.0191 -0.0100 -0.0056 -0.0036 -0.0026 -0.0023 -0.0028
 -0.0047
 -5.2596 -4.6639 -4.0918 -3.5565 -3.0697 -2.6477 -2.2925 -1.9989 -1.7577 -1.5581
 -1.3896 -1.2447 -1.1184 -1.0076 -0.8800 -0.7043 -0.5533 -0.3983 -0.2746
 [Fe/H] =  0.00 [alpha/Fe] = 0.00 BC value = F547M
 -7.5090 -7.2021 -6.9150 -6.6176 -6.2562 -5.7813 -5.1535 -4.3411 -3.3929 -2.5919
 -2.0503 -1.6869 -1.4233 -1.2348 -1.0780 -0.7752
 -6.9770 -6.6360 -6.3452 -6.1023 -5.8751 -5.5592 -4.9602 -4.0209 -3.1078 -2.3901
 -1.9023 -1.5718 -1.3357 -1.1533 -1.0057 -0.7226 -0.5195 -0.3649 -0.2398
 -6.6349 -6.2498 -5.9262 -5.6614 -5.4252 -5.1335 -4.6056 -3.8123 -2.9940 -2.3254
 -1.8532 -1.5270 -1.2927 -1.1135 -0.9675 -0.6885 -0.4895 -0.3425 -0.2275 -0.1319
 -0.0535
 -6.4197 -5.9856 -5.6136 -5.3049 -5.0432 -4.7658 -4.3290 -3.6704 -2.9504 -2.3224
 -1.8541 -1.5222 -1.2825 -1.1007 -0.9539 -0.6741 -0.4747 -0.3309 -0.2212 -0.1321
 -0.0588  0.0007  0.0485
 -6.2813 -5.8088 -5.3893 -5.0293 -4.7248 -4.4428 -4.0830 -3.5441 -2.9221 -2.3418
 -1.8803 -1.5407 -1.2923 -1.1047 -0.9552 -0.6730 -0.4707 -0.3263 -0.2192 -0.1342
 -0.0650 -0.0089  0.0365  0.0732  0.1008
 -6.0340 -5.6439 -5.2113 -4.8200 -4.4738 -4.1615 -3.8419 -3.4073 -2.8803 -2.3578
 -1.9138 -1.5708 -1.3140 -1.1192 -0.9655 -0.6800 -0.4741 -0.3266 -0.2199 -0.1375
 -0.0714 -0.0183  0.0245  0.0596  0.0885  0.1092
 -5.6598 -5.2773 -4.9264 -4.5867 -4.2541 -3.9282 -3.6077 -3.2490 -2.8116 -2.3539
 -1.9403 -1.6028 -1.3411 -1.1398 -0.9811 -0.6915 -0.4828 -0.3309 -0.2226 -0.1414
 -0.0777 -0.0270  0.0132  0.0459  0.0728  0.0944  0.1090  0.1154  0.1149  0.1085
 -5.2688 -4.7969 -4.4214 -4.1222 -3.8667 -3.6207 -3.3564 -3.0543 -2.7031 -2.3183
 -1.9482 -1.6276 -1.3678 -1.1627 -0.9996 -0.7054 -0.4950 -0.3386 -0.2268 -0.1454
 -0.0832 -0.0347  0.0030  0.0329  0.0573  0.0775  0.0927  0.1017  0.1037  0.0983
  0.0870
 -5.1371 -4.5806 -4.1144 -3.7373 -3.4334 -3.1768 -2.9433 -2.7120 -2.4598 -2.1848
 -1.9008 -1.6281 -1.3862 -1.1841 -1.0192 -0.7202 -0.5090 -0.3491 -0.2328 -0.1495
 -0.0878 -0.0410 -0.0056  0.0214  0.0427  0.0599  0.0732  0.0827  0.0877  0.0855
  0.0755
 -5.1589 -4.5464 -4.0099 -3.5580 -3.1869 -2.8815 -2.6204 -2.3822 -2.1510 -1.9252
 -1.7150 -1.5244 -1.3481 -1.1826 -1.0310 -0.7334 -0.5217 -0.3600 -0.2393 -0.1528
 -0.0905 -0.0448 -0.0115  0.0126  0.0304  0.0440  0.0545  0.0622  0.0668  0.0674
  0.0615
 -5.2648 -4.6216 -4.0387 -3.5281 -3.0970 -2.7403 -2.4445 -2.1920 -1.9661 -1.7564
 -1.5636 -1.3936 -1.2486 -1.1236 -1.0099 -0.7479 -0.5368 -0.3739 -0.2494 -0.1585
 -0.0938 -0.0480 -0.0160  0.0058  0.0204  0.0302  0.0370  0.0416  0.0442  0.0440
  0.0410
 -5.3652 -4.7293 -4.1251 -3.5800 -3.1036 -2.7019 -2.3696 -2.0946 -1.8625 -1.6609
 -1.4813 -1.3218 -1.1830 -1.0641 -0.9620 -0.7460 -0.5507 -0.3880 -0.2609 -0.1654
 -0.0973 -0.0500 -0.0182  0.0021  0.0140  0.0201  0.0227  0.0233  0.0226  0.0204
  0.0164
 -5.4318 -4.8177 -4.2251 -3.6694 -3.1683 -2.7335 -2.3685 -2.0675 -1.8196 -1.6130
 -1.4371 -1.2845 -1.1510 -1.0346 -0.8873 -0.7277 -0.5634 -0.4023 -0.2738
 [Fe/H] =  0.25 [alpha/Fe] = 0.00 BC value = F547M
 -7.4721 -7.2023 -6.9703 -6.6413 -6.1090 -5.4387 -4.8838 -4.4940 -3.6041 -2.7687
 -2.1530 -1.7427 -1.4572 -1.2344 -1.0719 -0.7671
 -7.0162 -6.7160 -6.4740 -6.2405 -5.9515 -5.5516 -4.9960 -4.2490 -3.3518 -2.5680
 -2.0103 -1.6329 -1.3684 -1.1715 -1.0131 -0.7205 -0.5130 -0.3578 -0.2338
 -6.6808 -6.3400 -6.0680 -5.8606 -5.6818 -5.4306 -4.9266 -4.1058 -3.2581 -2.5168
 -1.9729 -1.5978 -1.3337 -1.1372 -0.9816 -0.6919 -0.4873 -0.3370 -0.2207 -0.1248
 -0.0443
 -6.4659 -6.0743 -5.7523 -5.5015 -5.2998 -5.0759 -4.6757 -4.0011 -3.2337 -2.5314
 -1.9903 -1.6053 -1.3325 -1.1306 -0.9724 -0.6805 -0.4746 -0.3264 -0.2145 -0.1241
 -0.0483  0.0140  0.0635
 -6.3355 -5.8980 -5.5213 -5.2136 -4.9692 -4.7455 -4.4311 -3.8945 -3.2285 -2.5719
 -2.0358 -1.6386 -1.3525 -1.1414 -0.9780 -0.6813 -0.4720 -0.3225 -0.2124 -0.1255
 -0.0542  0.0041  0.0513  0.0890  0.1176
 -6.2285 -5.7698 -5.3574 -4.9997 -4.7037 -4.4486 -4.1798 -3.7650 -3.2056 -2.6121
 -2.0907 -1.6857 -1.3861 -1.1638 -0.9932 -0.6898 -0.4767 -0.3234 -0.2131 -0.1284
 -0.0600 -0.0043  0.0406  0.0768  0.1056  0.1265
 -5.9643 -5.5613 -5.1766 -4.8186 -4.4925 -4.2005 -3.9297 -3.6000 -3.1472 -2.6291
 -2.1392 -1.7371 -1.4271 -1.1938 -1.0149 -0.7030 -0.4866 -0.3287 -0.2160 -0.1319
 -0.0657 -0.0124  0.0303  0.0645  0.0921  0.1135  0.1277  0.1327  0.1313  0.1236
 -5.4621 -5.0807 -4.7641 -4.4966 -4.2377 -3.9741 -3.7006 -3.4074 -3.0445 -2.6095
 -2.1686 -1.7813 -1.4693 -1.2277 -1.0408 -0.7189 -0.5000 -0.3377 -0.2209 -0.1360
 -0.0709 -0.0196  0.0209  0.0529  0.0785  0.0987  0.1134  0.1218  0.1220  0.1156
  0.1029
 -5.2165 -4.7254 -4.3296 -4.0218 -3.7784 -3.5713 -3.3718 -3.1490 -2.8713 -2.5329
 -2.1625 -1.8085 -1.5056 -1.2614 -1.0685 -0.7365 -0.5153 -0.3497 -0.2281 -0.1406
 -0.0756 -0.0257  0.0129  0.0425  0.0656  0.0836  0.0970  0.1057  0.1090  0.1048
  0.0936
 -5.1781 -4.6176 -4.1375 -3.7446 -3.4299 -3.1749 -2.9549 -2.7481 -2.5313 -2.2887
 -2.0275 -1.7630 -1.5095 -1.2831 -1.0922 -0.7531 -0.5295 -0.3622 -0.2362 -0.1449
 -0.0788 -0.0296  0.0072  0.0346  0.0549  0.0700  0.0809  0.0880  0.0912  0.0898
  0.0815
 -5.2691 -4.6650 -4.1238 -3.6592 -3.2726 -2.9552 -2.6910 -2.4596 -2.2410 -2.0212
 -1.8050 -1.6008 -1.4159 -1.2482 -1.0943 -0.7730 -0.5464 -0.3779 -0.2484 -0.1523
 -0.0834 -0.0336  0.0023  0.0279  0.0458  0.0578  0.0655  0.0700  0.0715  0.0698
  0.0641
 -5.3979 -4.7810 -4.2048 -3.6899 -3.2449 -2.8704 -2.5585 -2.2958 -2.0664 -1.8559
 -1.6567 -1.4714 -1.3064 -1.1639 -1.0407 -0.7804 -0.5630 -0.3937 -0.2620 -0.1616
 -0.0887 -0.0371 -0.0010  0.0235  0.0393  0.0486  0.0528  0.0539  0.0525  0.0489
  0.0427
 -5.5070 -4.9006 -4.3218 -3.7784 -3.2965 -2.8770 -2.5222 -2.2256 -1.9757 -1.7609
 -1.5703 -1.3986 -1.2446 -1.1095 -0.9314 -0.7753 -0.5793 -0.4096 -0.2770
 [Fe/H] =  0.50 [alpha/Fe] = 0.00 BC value = F547M
 -7.4342 -8.5828 -8.9116 -8.4939 -7.4531 -6.2479 -5.2516 -4.5975 -3.8013 -2.9654
 -2.2884 -1.8264 -1.5079 -1.2712 -1.0757 -0.7571
 -7.0002 -7.2103 -7.1905 -6.9648 -6.5539 -5.9762 -5.2480 -4.4127 -3.5791 -2.7716
 -2.1489 -1.7196 -1.4222 -1.2041 -1.0352 -0.7265 -0.5135 -0.3547 -0.2303
 -6.6764 -6.3876 -6.1700 -6.0194 -5.9067 -5.6716 -5.1506 -4.3217 -3.4974 -2.7254
 -2.1196 -1.6932 -1.3941 -1.1759 -1.0072 -0.7025 -0.4908 -0.3354 -0.2128 -0.1139
 -0.0340
 -6.4628 -6.1149 -5.8501 -5.6578 -5.5116 -5.3341 -4.9594 -4.2699 -3.4899 -2.7509
 -2.1504 -1.7120 -1.4013 -1.1750 -1.0018 -0.6934 -0.4796 -0.3256 -0.2105 -0.1181
 -0.0403  0.0240  0.0752
 -6.3335 -5.9363 -5.6075 -5.3552 -5.1689 -4.9975 -4.7206 -4.1925 -3.5019 -2.8065
 -2.2099 -1.7588 -1.4316 -1.1927 -1.0117 -0.6956 -0.4780 -0.3222 -0.2083 -0.1190
 -0.0454  0.0155  0.0649  0.1041  0.1330
 -6.2530 -5.8192 -5.4393 -5.1251 -4.8842 -4.6847 -4.4617 -4.0742 -3.4993 -2.8624
 -2.2822 -1.8215 -1.4774 -1.2236 -1.0323 -0.7054 -0.4835 -0.3237 -0.2089 -0.1213
 -0.0503  0.0080  0.0553  0.0932  0.1229  0.1438
 -6.1181 -5.6931 -5.3027 -4.9553 -4.6588 -4.4144 -4.1964 -3.9027 -3.4536 -2.8987
 -2.3515 -1.8896 -1.5326 -1.2639 -1.0609 -0.7203 -0.4941 -0.3297 -0.2119 -0.1245
 -0.0555  0.0006  0.0459  0.0822  0.1109  0.1329  0.1468  0.1517  0.1491  0.1400
 -5.7113 -5.3116 -5.0477 -4.7486 -4.4636 -4.1972 -3.9514 -3.6981 -3.3523 -2.8949
 -2.4011 -1.9539 -1.5900 -1.3094 -1.0952 -0.7387 -0.5084 -0.3396 -0.2173 -0.1285
 -0.0604 -0.0062  0.0373  0.0716  0.0988  0.1200  0.1350  0.1428  0.1418  0.1344
  0.1203
 -5.2990 -4.8811 -4.5586 -4.3115 -4.1067 -3.9135 -3.7089 -3.4789 -3.1988 -2.8366
 -2.4143 -2.0002 -1.6426 -1.3563 -1.1325 -0.7598 -0.5247 -0.3529 -0.2255 -0.1334
 -0.0651 -0.0121  0.0296  0.0621  0.0874  0.1069  0.1210  0.1295  0.1317  0.1258
  0.1134
 -5.1739 -4.6691 -4.2514 -3.9218 -3.6678 -3.4669 -3.2957 -3.1294 -2.9337 -2.6740
 -2.3527 -2.0036 -1.6743 -1.3935 -1.1662 -0.7804 -0.5403 -0.3664 -0.2350 -0.1387
 -0.0687 -0.0161  0.0241  0.0547  0.0779  0.0951  0.1072  0.1146  0.1172  0.1140
  0.1036
 -5.2235 -4.6622 -4.1705 -3.7591 -3.4256 -3.1590 -2.9407 -2.7491 -2.5631 -2.3614
 -2.1325 -1.8861 -1.6387 -1.4049 -1.1953 -0.8059 -0.5592 -0.3834 -0.2488 -0.1477
 -0.0743 -0.0207  0.0190  0.0482  0.0694  0.0843  0.0939  0.0992  0.1005  0.0975
  0.0898
 -5.3576 -4.7647 -4.2247 -3.7499 -3.3477 -3.0141 -2.7393 -2.5075 -2.3003 -2.1004
 -1.8968 -1.6930 -1.4982 -1.3202 -1.1597 -0.8256 -0.5788 -0.4009 -0.2643 -0.1591
 -0.0813 -0.0254  0.0148  0.0434  0.0630  0.0757  0.0827  0.0852  0.0841  0.0797
  0.0718
 -5.4936 -4.9039 -4.3414 -3.8296 -3.3761 -2.9872 -2.6596 -2.3846 -2.1499 -1.9414
 -1.7468 -1.5609 -1.3861 -1.2284 -1.0594 -0.8395 -0.5991 -0.4189 -0.2815
 [Fe/H] =  0.75 [alpha/Fe] = 0.00 BC value = F547M
 -7.3359 -7.8022 -7.7368 -7.1309 -6.2359 -5.4202 -4.9195 -4.6635 -3.9559 -3.1706
 -2.4496 -1.9345 -1.5791 -1.3256 -1.1210 -0.7728
 -6.9310 -6.9641 -6.8476 -6.5972 -6.2267 -5.7479 -5.1716 -4.5072 -3.7632 -2.9821
 -2.3144 -1.8325 -1.4972 -1.2560 -1.0708 -0.7417 -0.5209 -0.3568 -0.2293
 -6.6229 -6.3928 -6.2404 -6.1479 -6.0440 -5.7911 -5.2610 -4.4598 -3.6961 -2.9394
 -2.2925 -1.8142 -1.4761 -1.2317 -1.0467 -0.7224 -0.5009 -0.3393 -0.2163 -0.1169
 -0.0322
 -6.4116 -6.0885 -5.9152 -5.7829 -5.6878 -5.5497 -5.1876 -4.4645 -3.7018 -2.9686
 -2.3303 -1.8430 -1.4914 -1.2366 -1.0448 -0.7149 -0.4915 -0.3304 -0.2107 -0.1155
 -0.0360  0.0306  0.0845
 -6.2812 -5.9318 -5.6579 -5.4653 -5.3354 -5.2097 -4.9692 -4.4423 -3.7320 -3.0309
 -2.3997 -1.9014 -1.5315 -1.2613 -1.0590 -0.7178 -0.4904 -0.3273 -0.2085 -0.1160
 -0.0395  0.0242  0.0764  0.1173  0.1470
 -6.2102 -5.8130 -5.4770 -5.2144 -5.0304 -4.8832 -4.7011 -4.3378 -3.7499 -3.0952
 -2.4834 -1.9767 -1.5892 -1.3010 -1.0854 -0.7286 -0.4960 -0.3290 -0.2088 -0.1177
 -0.0438  0.0175  0.0677  0.1079  0.1387  0.1600
 -6.1411 -5.7256 -5.3535 -5.0357 -4.7820 -4.5903 -4.4206 -4.1608 -3.7220 -3.1471
 -2.5645 -2.0589 -1.6576 -1.3520 -1.1217 -0.7453 -0.5068 -0.3352 -0.2117 -0.1204
 -0.0483  0.0109  0.0592  0.0979  0.1283  0.1512  0.1652  0.1699  0.1676  0.1572
 -5.8965 -5.5354 -5.1960 -4.8794 -4.5963 -4.3549 -4.1537 -3.9422 -3.6214 -3.1575
 -2.6298 -2.1369 -1.7283 -1.4096 -1.1652 -0.7669 -0.5215 -0.3455 -0.2174 -0.1242
 -0.0528  0.0047  0.0512  0.0883  0.1175  0.1400  0.1556  0.1634  0.1622  0.1541
  0.1386
 -5.4044 -5.0775 -4.8033 -4.5718 -4.3568 -4.1387 -3.9246 -3.7136 -3.4605 -3.1060
 -2.6576 -2.1991 -1.7972 -1.4693 -1.2127 -0.7924 -0.5389 -0.3594 -0.2263 -0.1294
 -0.0573 -0.0009  0.0440  0.0795  0.1072  0.1285  0.1437  0.1529  0.1547  0.1479
  0.1345
 -5.1667 -4.7252 -4.3760 -4.1082 -3.9084 -3.7500 -3.6053 -3.4486 -3.2504 -2.9779
 -2.6225 -2.2228 -1.8428 -1.5186 -1.2568 -0.8180 -0.5561 -0.3738 -0.2367 -0.1353
 -0.0612 -0.0050  0.0387  0.0726  0.0986  0.1183  0.1321  0.1405  0.1432  0.1392
  0.1273
 -5.1508 -4.6393 -4.2032 -3.8478 -3.5707 -3.3569 -3.1872 -3.0421 -2.8993 -2.7249
 -2.4849 -2.1846 -1.8621 -1.5606 -1.3023 -0.8495 -0.5775 -0.3918 -0.2517 -0.1455
 -0.0675 -0.0100  0.0334  0.0662  0.0907  0.1085  0.1205  0.1274  0.1294  0.1258
  0.1169
 -5.2606 -4.7067 -4.2089 -3.7808 -3.4261 -3.1396 -2.9093 -2.7185 -2.5484 -2.3803
 -2.1960 -1.9847 -1.7557 -1.5258 -1.3099 -0.8798 -0.6003 -0.4107 -0.2687 -0.1585
 -0.0760 -0.0157  0.0285  0.0609  0.0843  0.1005  0.1105  0.1154  0.1156  0.1112
  0.1020
 -5.4160 -4.8453 -4.3127 -3.8347 -3.4186 -3.0678 -2.7766 -2.5349 -2.3285 -2.1420
 -1.9605 -1.7745 -1.5880 -1.4060 -1.2796 -0.9089 -0.6245 -0.4305 -0.2877
 [Fe/H] =  1.00 [alpha/Fe] = 0.00 BC value = F547M
 -7.2051 -6.2163 -5.0714 -4.6820 -4.6423 -4.8442 -4.9713 -4.6832 -4.0857 -3.3554
 -2.6276 -2.0613 -1.6671 -1.3864 -1.1776 -0.7964
 -6.8242 -6.8514 -6.7423 -6.5111 -6.1702 -5.7307 -5.2022 -4.5934 -3.9135 -3.1875
 -2.4980 -1.9685 -1.5934 -1.3243 -1.1220 -0.7699 -0.5352 -0.3646 -0.2307
 -6.5265 -6.9171 -7.0360 -6.9112 -6.5672 -6.0256 -5.3215 -4.5626 -3.8595 -3.1465
 -2.4811 -1.9587 -1.5800 -1.3063 -1.1015 -0.7533 -0.5191 -0.3495 -0.2216 -0.1189
 -0.0326
 -6.3120 -6.4133 -5.9525 -5.8824 -5.8333 -5.7289 -5.3291 -4.5908 -3.8728 -3.1717
 -2.5236 -1.9965 -1.6038 -1.3172 -1.1036 -0.7466 -0.5116 -0.3421 -0.2166 -0.1174
 -0.0352  0.0346  0.0911
 -6.1762 -5.8848 -5.6757 -5.5481 -5.4726 -5.3875 -5.1762 -4.6346 -3.9216 -3.2342
 -2.5983 -2.0646 -1.6535 -1.3494 -1.1225 -0.7500 -0.5107 -0.3393 -0.2144 -0.1174
 -0.0383  0.0286  0.0840  0.1274  0.1584
 -6.1074 -5.7571 -5.4752 -5.2731 -5.1480 -5.0499 -4.9037 -4.5618 -3.9626 -3.3041
 -2.6841 -2.1477 -1.7218 -1.3982 -1.1554 -0.7618 -0.5158 -0.3408 -0.2145 -0.1191
 -0.0418  0.0229  0.0763  0.1192  0.1519  0.1738
 -6.0693 -5.6833 -5.3470 -5.0742 -4.8742 -4.7367 -4.6110 -4.3819 -3.9517 -3.3661
 -2.7718 -2.2390 -1.8010 -1.4596 -1.1999 -0.7808 -0.5265 -0.3467 -0.2170 -0.1212
 -0.0455  0.0171  0.0686  0.1104  0.1433  0.1670  0.1813  0.1874  0.1853  0.1745
 -5.9533 -5.5787 -5.2382 -4.9326 -4.6757 -4.4754 -4.3227 -4.1504 -3.8533 -3.3879
 -2.8448 -2.3273 -1.8829 -1.5287 -1.2529 -0.8061 -0.5415 -0.3570 -0.2225 -0.1244
 -0.0493  0.0116  0.0615  0.1017  0.1338  0.1579  0.1741  0.1822  0.1819  0.1736
  0.1573
 -5.5359 -5.2588 -4.9917 -4.7350 -4.4929 -4.2702 -4.0753 -3.9031 -3.6816 -3.3429
 -2.8841 -2.3983 -1.9618 -1.5997 -1.3108 -0.8370 -0.5601 -0.3712 -0.2316 -0.1295
 -0.0535  0.0064  0.0548  0.0936  0.1241  0.1474  0.1643  0.1742  0.1763  0.1698
  0.1559
 -5.1654 -4.7949 -4.5155 -4.3051 -4.1393 -3.9867 -3.8285 -3.6608 -3.4697 -3.2128
 -2.8567 -2.4330 -2.0188 -1.6592 -1.3648 -0.8684 -0.5793 -0.3859 -0.2426 -0.1358
 -0.0573  0.0026  0.0499  0.0873  0.1164  0.1384  0.1542  0.1642  0.1677  0.1637
  0.1514
 -5.0654 -4.6128 -4.2355 -3.9399 -3.7182 -3.5531 -3.4259 -3.3154 -3.1951 -3.0245
 -2.7648 -2.4262 -2.0585 -1.7155 -1.4214 -0.9067 -0.6036 -0.4048 -0.2583 -0.1468
 -0.0641 -0.0026  0.0445  0.0810  0.1089  0.1296  0.1441  0.1531  0.1564  0.1533
  0.1441
 -5.1297 -4.6228 -4.1748 -3.7983 -3.4944 -3.2564 -3.0718 -2.9242 -2.7971 -2.6710
 -2.5170 -2.3002 -2.0252 -1.7322 -1.4587 -0.9452 -0.6302 -0.4252 -0.2761 -0.1610
 -0.0736 -0.0090  0.0392  0.0755  0.1025  0.1221  0.1351  0.1427  0.1449  0.1416
  0.1329
 -5.2797 -4.7422 -4.2487 -3.8106 -3.4372 -3.1286 -2.8779 -2.6742 -2.5038 -2.3502
 -2.1988 -2.0342 -1.8452 -1.6367 -1.4767 -0.9839 -0.6591 -0.4471 -0.2960
