 [Fe/H] = -2.50 [alpha/Fe] = 0.40 BC value = F475W
 -4.7432 -4.4846 -4.3174 -4.1207 -3.8783 -3.6732 -3.5637 -3.4945 -3.3857 -3.2148
 -3.0143 -2.7942 -2.5714 -2.3600 -2.1563 -1.6910 -1.2864 -0.9613 -0.6979
 -4.4302 -4.0996 -3.8545 -3.6501 -3.4774 -3.3333 -3.2093 -3.0927 -2.9707 -2.8351
 -2.6806 -2.5037 -2.3087 -2.1123 -1.9276 -1.5219 -1.1782 -0.8966 -0.6743 -0.5040
 -4.2188 -3.8540 -3.5652 -3.3444 -3.1855 -3.0558 -2.9260 -2.7960 -2.6698 -2.5460
 -2.4133 -2.2656 -2.0977 -1.9191 -1.7500 -1.3888 -1.0925 -0.8476 -0.6560 -0.5064
 -0.3847
 -4.1090 -3.7478 -3.4495 -3.2036 -3.0026 -2.8407 -2.7138 -2.6044 -2.4830 -2.3475
 -2.2124 -2.0799 -1.9384 -1.7804 -1.6235 -1.2917 -1.0293 -0.8143 -0.6431 -0.5080
 -0.3970 -0.3015
 -4.0260 -3.6816 -3.3904 -3.1425 -2.9297 -2.7470 -2.5902 -2.4550 -2.3370 -2.2229
 -2.0940 -1.9560 -1.8227 -1.6839 -1.5392 -1.2263 -0.9854 -0.7923 -0.6377 -0.5147
 -0.4130 -0.3249 -0.2460 -0.1739
 -3.9353 -3.6185 -3.3446 -3.1054 -2.8939 -2.7053 -2.5364 -2.3850 -2.2483 -2.1227
 -2.0031 -1.8804 -1.7525 -1.6237 -1.4881 -1.1864 -0.9574 -0.7782 -0.6359 -0.5230
 -0.4299 -0.3491 -0.2762 -0.2091 -0.1463 -0.0879 -0.0343  0.0141  0.0545  0.0774
 -3.8245 -3.5418 -3.2925 -3.0697 -2.8674 -2.6819 -2.5109 -2.3526 -2.2066 -2.0711
 -1.9437 -1.8215 -1.7010 -1.5833 -1.4606 -1.1681 -0.9423 -0.7703 -0.6353 -0.5298
 -0.4446 -0.3712 -0.3052 -0.2437 -0.1858 -0.1309 -0.0798 -0.0326  0.0086  0.0400
  0.0548
 -3.6980 -3.4480 -3.2258 -3.0241 -2.8368 -2.6607 -2.4938 -2.3356 -2.1862 -2.0458
 -1.9135 -1.7879 -1.6677 -1.5519 -1.4388 -1.1644 -0.9387 -0.7677 -0.6359 -0.5339
 -0.4545 -0.3885 -0.3297 -0.2751 -0.2232 -0.1734 -0.1259 -0.0815 -0.0410 -0.0065
  0.0161
 -3.5604 -3.3397 -3.1419 -2.9616 -2.7920 -2.6294 -2.4717 -2.3188 -2.1714 -2.0304
 -1.8960 -1.7685 -1.6471 -1.5314 -1.4204 -1.1598 -0.9403 -0.7685 -0.6367 -0.5355
 -0.4587 -0.3982 -0.3468 -0.2998 -0.2551 -0.2117 -0.1697 -0.1292 -0.0912 -0.0570
 -0.0296
 -3.4281 -3.2320 -3.0521 -2.8884 -2.7354 -2.5875 -2.4426 -2.2991 -2.1579 -2.0202
 -1.8872 -1.7597 -1.6380 -1.5225 -1.4122 -1.1581 -0.9445 -0.7733 -0.6408 -0.5386
 -0.4614 -0.4032 -0.3571 -0.3174 -0.2805 -0.2447 -0.2096 -0.1751 -0.1415 -0.1099
 -0.0803
 -3.3052 -3.1249 -2.9594 -2.8067 -2.6647 -2.5301 -2.3983 -2.2668 -2.1354 -2.0049
 -1.8766 -1.7519 -1.6318 -1.5170 -1.4075 -1.1572 -0.9472 -0.7773 -0.6445 -0.5417
 -0.4633 -0.4049 -0.3611 -0.3266 -0.2970 -0.2691 -0.2419 -0.2146 -0.1873 -0.1607
 -0.1357
 -3.1918 -3.0184 -2.8640 -2.7191 -2.5848 -2.4586 -2.3373 -2.2178 -2.0978 -1.9776
 -1.8575 -1.7389 -1.6230 -1.5109 -1.4063 -1.1571 -0.9484 -0.7805 -0.6478
 [Fe/H] = -2.00 [alpha/Fe] = 0.40 BC value = F475W
 -5.1680 -4.7917 -4.4818 -4.2255 -4.0098 -3.8173 -3.6322 -3.4436 -3.2516 -3.0575
 -2.8554 -2.6439 -2.4296 -2.2256 -2.0243 -1.6163 -1.2653 -0.9629 -0.7201
 -4.7879 -4.3903 -4.0629 -3.7982 -3.5821 -3.3987 -3.2335 -3.0716 -2.9102 -2.7469
 -2.5755 -2.3915 -2.1970 -2.0061 -1.8304 -1.4588 -1.1537 -0.8949 -0.6826 -0.5143
 -4.4739 -4.0589 -3.7289 -3.4936 -3.2776 -3.0952 -2.9366 -2.7898 -2.6475 -2.5061
 -2.3601 -2.2035 -2.0320 -1.8541 -1.6872 -1.3411 -1.0691 -0.8437 -0.6566 -0.5059
 -0.3814
 -4.2777 -3.8517 -3.5166 -3.2603 -3.0601 -2.8945 -2.7454 -2.6009 -2.4617 -2.3281
 -2.1963 -2.0613 -1.9151 -1.7539 -1.5947 -1.2632 -1.0115 -0.8093 -0.6421 -0.5056
 -0.3930 -0.2966
 -4.2243 -3.7950 -3.4432 -3.1658 -2.9469 -2.7696 -2.6198 -2.4857 -2.3575 -2.2270
 -2.0915 -1.9597 -1.8287 -1.6884 -1.5388 -1.2157 -0.9748 -0.7875 -0.6352 -0.5105
 -0.4071 -0.3181 -0.2388 -0.1667
 -4.2152 -3.7876 -3.4330 -3.1402 -2.8979 -2.6964 -2.5274 -2.3837 -2.2591 -2.1486
 -2.0351 -1.9068 -1.7753 -1.6440 -1.5068 -1.1902 -0.9535 -0.7743 -0.6323 -0.5173
 -0.4223 -0.3405 -0.2674 -0.2003 -0.1380 -0.0802 -0.0274  0.0206  0.0610  0.0840
 -4.2095 -3.7973 -3.4476 -3.1542 -2.9068 -2.6963 -2.5151 -2.3574 -2.2180 -2.0914
 -1.9739 -1.8612 -1.7440 -1.6212 -1.4916 -1.1804 -0.9432 -0.7671 -0.6311 -0.5231
 -0.4355 -0.3611 -0.2947 -0.2335 -0.1760 -0.1219 -0.0716 -0.0252  0.0156  0.0471
  0.0617
 -4.1875 -3.8002 -3.4652 -3.1779 -2.9309 -2.7168 -2.5286 -2.3612 -2.2109 -2.0741
 -1.9465 -1.8257 -1.7099 -1.5975 -1.4824 -1.1836 -0.9416 -0.7645 -0.6308 -0.5268
 -0.4447 -0.3773 -0.3181 -0.2637 -0.2122 -0.1630 -0.1165 -0.0730 -0.0334  0.0006
  0.0232
 -4.1348 -3.7765 -3.4656 -3.1927 -2.9529 -2.7404 -2.5500 -2.3775 -2.2198 -2.0749
 -1.9399 -1.8129 -1.6918 -1.5762 -1.4656 -1.1885 -0.9468 -0.7645 -0.6302 -0.5275
 -0.4485 -0.3865 -0.3344 -0.2875 -0.2431 -0.2003 -0.1591 -0.1196 -0.0826 -0.0494
 -0.0225
 -4.0610 -3.7393 -3.4528 -3.1978 -2.9699 -2.7639 -2.5754 -2.4014 -2.2401 -2.0900
 -1.9497 -1.8176 -1.6925 -1.5734 -1.4601 -1.1933 -0.9590 -0.7719 -0.6335 -0.5296
 -0.4509 -0.3912 -0.3444 -0.3045 -0.2679 -0.2326 -0.1982 -0.1646 -0.1321 -0.1016
 -0.0730
 -3.9789 -3.6865 -3.4229 -3.1854 -2.9710 -2.7752 -2.5931 -2.4221 -2.2607 -2.1086
 -1.9651 -1.8299 -1.7019 -1.5803 -1.4643 -1.1977 -0.9687 -0.7816 -0.6386 -0.5322
 -0.4523 -0.3927 -0.3482 -0.3136 -0.2840 -0.2565 -0.2299 -0.2035 -0.1772 -0.1517
 -0.1276
 -3.8910 -3.6250 -3.3822 -3.1604 -2.9570 -2.7699 -2.5964 -2.4321 -2.2747 -2.1241
 -1.9804 -1.8439 -1.7144 -1.5914 -1.4782 -1.2017 -0.9759 -0.7936 -0.6455
 [Fe/H] = -1.50 [alpha/Fe] = 0.40 BC value = F475W
 -5.7538 -5.4193 -5.1103 -4.8172 -4.5361 -4.2469 -3.9284 -3.5839 -3.2760 -3.0061
 -2.7596 -2.5269 -2.3079 -2.1076 -1.9270 -1.5481 -1.2348 -0.9622 -0.7297
 -5.3459 -4.9715 -4.6344 -4.3296 -4.0493 -3.7836 -3.5126 -3.2317 -2.9777 -2.7493
 -2.5355 -2.3272 -2.1236 -1.9324 -1.7594 -1.4035 -1.1226 -0.8871 -0.6855 -0.5171
 -5.0524 -4.6516 -4.2917 -3.9738 -3.6943 -3.4448 -3.2103 -2.9750 -2.7571 -2.5588
 -2.3724 -2.1890 -2.0032 -1.8210 -1.6529 -1.3091 -1.0474 -0.8357 -0.6572 -0.5063
 -0.3808
 -4.7883 -4.3625 -4.0177 -3.7132 -3.4397 -3.1981 -2.9834 -2.7805 -2.5895 -2.4136
 -2.2488 -2.0880 -1.9235 -1.7539 -1.5905 -1.2521 -1.0002 -0.8030 -0.6405 -0.5035
 -0.3885 -0.2902
 -4.6107 -4.1565 -3.7816 -3.4726 -3.2170 -3.0042 -2.8205 -2.6424 -2.4697 -2.3073
 -2.1554 -2.0103 -1.8655 -1.7134 -1.5575 -1.2213 -0.9728 -0.7836 -0.6320 -0.5058
 -0.3998 -0.3090 -0.2289 -0.1567
 -4.5792 -4.0946 -3.6857 -3.3467 -3.0696 -2.8434 -2.6598 -2.5097 -2.3761 -2.2425
 -2.1001 -1.9585 -1.8218 -1.6854 -1.5419 -1.2086 -0.9589 -0.7731 -0.6282 -0.5102
 -0.4122 -0.3287 -0.2548 -0.1878 -0.1260 -0.0689 -0.0170  0.0302  0.0703  0.0937
 -4.6193 -4.1129 -3.6834 -3.3265 -3.0322 -2.7904 -2.5911 -2.4244 -2.2820 -2.1588
 -2.0468 -1.9295 -1.8005 -1.6678 -1.5343 -1.2083 -0.9546 -0.7683 -0.6269 -0.5147
 -0.4233 -0.3468 -0.2797 -0.2186 -0.1617 -0.1085 -0.0593 -0.0144  0.0258  0.0576
  0.0727
 -4.6931 -4.1764 -3.7328 -3.3606 -3.0520 -2.7964 -2.5831 -2.4034 -2.2495 -2.1141
 -1.9918 -1.8792 -1.7711 -1.6569 -1.5334 -1.2167 -0.9576 -0.7677 -0.6266 -0.5178
 -0.4303 -0.3612 -0.3010 -0.2466 -0.1957 -0.1475 -0.1023 -0.0592 -0.0205  0.0113
  0.0346
 -4.7494 -4.2463 -3.8000 -3.4212 -3.1021 -2.8346 -2.6093 -2.4172 -2.2510 -2.1050
 -1.9733 -1.8516 -1.7369 -1.6280 -1.5198 -1.2279 -0.9646 -0.7690 -0.6260 -0.5183
 -0.4350 -0.3696 -0.3159 -0.2687 -0.2249 -0.1830 -0.1431 -0.1050 -0.0696 -0.0378
 -0.0115
 -4.7730 -4.2983 -3.8709 -3.4964 -3.1739 -2.8985 -2.6629 -2.4596 -2.2819 -2.1244
 -1.9826 -1.8527 -1.7311 -1.6159 -1.5062 -1.2379 -0.9821 -0.7776 -0.6294 -0.5200
 -0.4374 -0.3744 -0.3253 -0.2848 -0.2484 -0.2138 -0.1806 -0.1483 -0.1174 -0.0886
 -0.0616
 -4.7605 -4.3229 -3.9237 -3.5625 -3.2462 -2.9698 -2.7287 -2.5170 -2.3295 -2.1619
 -2.0103 -1.8715 -1.7427 -1.6219 -1.5073 -1.2418 -0.9992 -0.7923 -0.6360 -0.5226
 -0.4386 -0.3759 -0.3292 -0.2935 -0.2638 -0.2369 -0.2112 -0.1859 -0.1610 -0.1370
 -0.1147
 -4.7092 -4.3143 -3.9480 -3.6101 -3.3063 -3.0356 -2.7950 -2.5797 -2.3858 -2.2101
 -2.0500 -1.9032 -1.7674 -1.6407 -1.5231 -1.2396 -1.0159 -0.8131 -0.6458
 [Fe/H] = -1.00 [alpha/Fe] = 0.40 BC value = F475W
 -6.3723 -6.1245 -5.8896 -5.6517 -5.4007 -5.0741 -4.6071 -4.0058 -3.4640 -3.0454
 -2.7221 -2.4576 -2.2312 -2.0321 -1.8552 -1.4909 -1.2036 -0.9544 -0.7351
 -5.9269 -5.6446 -5.3817 -5.1265 -4.8593 -4.5501 -4.1527 -3.6614 -3.2152 -2.8522
 -2.5583 -2.3107 -2.0934 -1.8998 -1.7270 -1.3738 -1.1020 -0.8793 -0.6884 -0.5230
 -5.5923 -5.2752 -4.9809 -4.7044 -4.4337 -4.1493 -3.8172 -3.4172 -3.0391 -2.7179
 -2.4494 -2.2181 -2.0107 -1.8220 -1.6513 -1.3021 -1.0395 -0.8316 -0.6580 -0.5088
 -0.3805
 -5.3465 -5.0026 -4.6802 -4.3794 -4.0974 -3.8257 -3.5455 -3.2218 -2.9000 -2.6153
 -2.3705 -2.1564 -1.9615 -1.7797 -1.6114 -1.2622 -1.0023 -0.8023 -0.6399 -0.5025
 -0.3846 -0.2832
 -5.1012 -4.7494 -4.4318 -4.1312 -3.8428 -3.5714 -3.3156 -3.0524 -2.7804 -2.5289
 -2.3068 -2.1099 -1.9294 -1.7579 -1.5942 -1.2439 -0.9825 -0.7858 -0.6302 -0.5014
 -0.3921 -0.2982 -0.2163 -0.1433
 -4.9496 -4.5259 -4.1634 -3.8534 -3.5841 -3.3439 -3.1183 -2.8980 -2.6719 -2.4524
 -2.2514 -2.0703 -1.9040 -1.7454 -1.5899 -1.2404 -0.9748 -0.7778 -0.6259 -0.5032
 -0.4009 -0.3139 -0.2383 -0.1707 -0.1092 -0.0531 -0.0023  0.0442  0.0831  0.1062
 -4.9305 -4.4522 -4.0361 -3.6804 -3.3793 -3.1227 -2.9024 -2.7124 -2.5393 -2.3711
 -2.2027 -2.0384 -1.8826 -1.7347 -1.5907 -1.2472 -0.9758 -0.7757 -0.6249 -0.5060
 -0.4093 -0.3286 -0.2593 -0.1977 -0.1413 -0.0893 -0.0416  0.0018  0.0407  0.0717
  0.0874
 -5.0052 -4.4830 -4.0251 -3.6320 -3.2988 -3.0195 -2.7845 -2.5844 -2.4100 -2.2560
 -2.1199 -1.9932 -1.8636 -1.7284 -1.5923 -1.2612 -0.9840 -0.7783 -0.6259 -0.5088
 -0.4160 -0.3406 -0.2775 -0.2223 -0.1720 -0.1250 -0.0814 -0.0412 -0.0051  0.0269
  0.0498
 -5.1429 -4.5816 -4.0889 -3.6628 -3.3012 -2.9980 -2.7448 -2.5321 -2.3509 -2.1932
 -2.0534 -1.9280 -1.8138 -1.7034 -1.5870 -1.2764 -0.9956 -0.7830 -0.6270 -0.5099
 -0.4195 -0.3481 -0.2904 -0.2417 -0.1981 -0.1575 -0.1193 -0.0832 -0.0500 -0.0202
  0.0045
 -5.2963 -4.7282 -4.2110 -3.7584 -3.3706 -3.0434 -2.7696 -2.5401 -2.3459 -2.1793
 -2.0334 -1.9027 -1.7831 -1.6717 -1.5655 -1.2921 -1.0165 -0.7953 -0.6329 -0.5131
 -0.4228 -0.3534 -0.2996 -0.2565 -0.2196 -0.1859 -0.1542 -0.1238 -0.0950 -0.0686
 -0.0451
 -5.4159 -4.8602 -4.3500 -3.8856 -3.4798 -3.1326 -2.8390 -2.5914 -2.3812 -2.2011
 -2.0442 -1.9052 -1.7791 -1.6624 -1.5523 -1.2947 -1.0398 -0.8133 -0.6425 -0.5176
 -0.4252 -0.3562 -0.3043 -0.2652 -0.2341 -0.2073 -0.1828 -0.1591 -0.1363 -0.1146
 -0.0946
 -5.4735 -4.9585 -4.4672 -4.0141 -3.6046 -3.2467 -2.9387 -2.6747 -2.4486 -2.2534
 -2.0830 -1.9322 -1.7966 -1.6727 -1.5474 -1.2842 -1.0655 -0.8370 -0.6558
 [Fe/H] = -0.75 [alpha/Fe] = 0.40 BC value = F475W
 -6.6222 -6.4201 -6.2316 -6.0401 -5.7787 -5.4149 -4.9317 -4.3160 -3.6274 -3.1070
 -2.7333 -2.4476 -2.2135 -2.0131 -1.8365 -1.4747 -1.1899 -0.9501 -0.7386
 -6.1705 -5.9369 -5.7233 -5.5157 -5.2886 -4.9994 -4.5791 -3.9852 -3.4079 -2.9461
 -2.5968 -2.3232 -2.0962 -1.8996 -1.7258 -1.3711 -1.0995 -0.8791 -0.6910 -0.5272
 -5.8173 -5.5499 -5.3051 -5.0755 -4.8436 -4.5783 -4.2286 -3.7476 -3.2586 -2.8433
 -2.5141 -2.2502 -2.0287 -1.8351 -1.6625 -1.3091 -1.0430 -0.8338 -0.6601 -0.5111
 -0.3819
 -5.5521 -5.2531 -4.9753 -4.7174 -4.4715 -4.2194 -3.9300 -3.5486 -3.1368 -2.7665
 -2.4593 -2.2066 -1.9917 -1.8019 -1.6306 -1.2756 -1.0099 -0.8062 -0.6416 -0.5031
 -0.3837 -0.2805
 -5.3361 -5.0215 -4.7243 -4.4428 -4.1760 -3.9200 -3.6623 -3.3631 -3.0226 -2.6978
 -2.4158 -2.1771 -1.9712 -1.7873 -1.6187 -1.2618 -0.9930 -0.7908 -0.6316 -0.5004
 -0.3891 -0.2931 -0.2096 -0.1355
 -5.1165 -4.7604 -4.4580 -4.1887 -3.9324 -3.6794 -3.4308 -3.1823 -2.9064 -2.6275
 -2.3734 -2.1515 -1.9570 -1.7816 -1.6184 -1.2614 -0.9876 -0.7837 -0.6271 -0.5009
 -0.3959 -0.3065 -0.2291 -0.1607 -0.0991 -0.0435  0.0070  0.0530  0.0909  0.1131
 -5.0399 -4.6091 -4.2382 -3.9234 -3.6520 -3.4112 -3.1920 -2.9848 -2.7718 -2.5468
 -2.3266 -2.1245 -1.9431 -1.7780 -1.6230 -1.2705 -0.9908 -0.7828 -0.6262 -0.5032
 -0.4029 -0.3192 -0.2479 -0.1853 -0.1289 -0.0772 -0.0304  0.0122  0.0503  0.0801
  0.0950
 -5.0793 -4.5946 -4.1679 -3.7992 -3.4849 -3.2160 -2.9820 -2.7754 -2.5881 -2.4122
 -2.2465 -2.0853 -1.9265 -1.7735 -1.6278 -1.2864 -1.0013 -0.7871 -0.6280 -0.5060
 -0.4090 -0.3300 -0.2642 -0.2076 -0.1571 -0.1107 -0.0681 -0.0289  0.0070  0.0370
  0.0592
 -5.2008 -4.6714 -4.1992 -3.7868 -3.4326 -3.1319 -2.8768 -2.6583 -2.4673 -2.2958
 -2.1410 -2.0031 -1.8775 -1.7539 -1.6258 -1.3033 -1.0152 -0.7940 -0.6304 -0.5075
 -0.4125 -0.3370 -0.2761 -0.2255 -0.1813 -0.1411 -0.1038 -0.0689 -0.0369 -0.0085
  0.0149
 -5.3893 -4.8247 -4.3137 -3.8630 -3.4728 -3.1404 -2.8599 -2.6231 -2.4213 -2.2463
 -2.0914 -1.9527 -1.8275 -1.7133 -1.6045 -1.3213 -1.0381 -0.8087 -0.6383 -0.5119
 -0.4164 -0.3427 -0.2852 -0.2395 -0.2015 -0.1678 -0.1368 -0.1075 -0.0801 -0.0553
 -0.0331
 -5.5736 -5.0045 -4.4763 -3.9961 -3.5761 -3.2143 -2.9074 -2.6484 -2.4295 -2.2426
 -2.0806 -1.9377 -1.8090 -1.6913 -1.5817 -1.3249 -1.0640 -0.8288 -0.6500 -0.5179
 -0.4200 -0.3463 -0.2906 -0.2484 -0.2155 -0.1882 -0.1639 -0.1412 -0.1196 -0.0993
 -0.0848
 -5.7537 -5.1592 -4.6381 -4.1555 -3.7176 -3.3340 -3.0038 -2.7224 -2.4838 -2.2802
 -2.1048 -1.9517 -1.8155 -1.6922 -1.5574 -1.3141 -1.0929 -0.8543 -0.6655
 [Fe/H] = -0.50 [alpha/Fe] = 0.40 BC value = F475W
 -6.8413 -6.6762 -6.5281 -6.3793 -6.1592 -5.8172 -5.3176 -4.6323 -3.8253 -3.1994
 -2.7679 -2.4552 -2.2108 -2.0067 -1.8296 -1.4680 -1.1861 -0.9509 -0.7392
 -6.3868 -6.1935 -6.0231 -5.8607 -5.6767 -5.4197 -5.0030 -4.3389 -3.6398 -3.0685
 -2.6555 -2.3508 -2.1109 -1.9098 -1.7344 -1.3771 -1.1036 -0.8832 -0.6960 -0.5326
 -6.0185 -5.7928 -5.5928 -5.4096 -5.2221 -4.9909 -4.6499 -4.1170 -3.5199 -2.9976
 -2.5974 -2.2954 -2.0566 -1.8563 -1.6813 -1.3234 -1.0526 -0.8403 -0.6650 -0.5150
 -0.3847
 -5.7301 -5.4726 -5.2387 -5.0270 -4.8258 -4.6091 -4.3325 -3.9185 -3.4199 -2.9497
 -2.5673 -2.2689 -2.0305 -1.8306 -1.6556 -1.2952 -1.0229 -0.8141 -0.6462 -0.5053
 -0.3843 -0.2790
 -5.5073 -5.2248 -4.9621 -4.7194 -4.4934 -4.2731 -4.0332 -3.7182 -3.3142 -2.9037
 -2.5466 -2.2565 -2.0207 -1.8222 -1.6477 -1.2846 -1.0082 -0.7995 -0.6358 -0.5014
 -0.3875 -0.2892 -0.2035 -0.1284
 -5.2838 -4.9926 -4.7272 -4.4747 -4.2310 -3.9947 -3.7617 -3.5089 -3.1923 -2.8455
 -2.5229 -2.2476 -2.0180 -1.8228 -1.6505 -1.2864 -1.0046 -0.7931 -0.6311 -0.5009
 -0.3925 -0.3002 -0.2205 -0.1505 -0.0882 -0.0323  0.0177  0.0636  0.1011  0.1230
 -5.1276 -4.7562 -4.4478 -4.1890 -3.9596 -3.7411 -3.5205 -3.2957 -3.0492 -2.7684
 -2.4876 -2.2344 -2.0156 -1.8267 -1.6585 -1.2970 -1.0096 -0.7933 -0.6303 -0.5024
 -0.3982 -0.3111 -0.2369 -0.1723 -0.1152 -0.0638 -0.0175  0.0243  0.0620  0.0915
  0.1060
 -5.1167 -4.6786 -4.2972 -3.9736 -3.6997 -3.4618 -3.2464 -3.0457 -2.8492 -2.6404
 -2.4215 -2.2067 -2.0077 -1.8291 -1.6679 -1.3137 -1.0217 -0.7989 -0.6327 -0.5052
 -0.4037 -0.3205 -0.2514 -0.1925 -0.1409 -0.0946 -0.0527 -0.0147  0.0196  0.0495
  0.0713
 -5.2059 -4.7160 -4.2805 -3.9005 -3.5743 -3.2961 -3.0554 -2.8419 -2.6475 -2.4631
 -2.2866 -2.1222 -1.9674 -1.8169 -1.6704 -1.3314 -1.0377 -0.8079 -0.6364 -0.5072
 -0.4070 -0.3269 -0.2621 -0.2085 -0.1629 -0.1224 -0.0858 -0.0528 -0.0230  0.0038
  0.0279
 -5.3891 -4.8505 -4.3677 -3.9406 -3.5692 -3.2501 -2.9781 -2.7445 -2.5407 -2.3579
 -2.1897 -2.0359 -1.8979 -1.7731 -1.6539 -1.3518 -1.0622 -0.8250 -0.6462 -0.5128
 -0.4116 -0.3330 -0.2711 -0.2218 -0.1816 -0.1471 -0.1166 -0.0884 -0.0624 -0.0391
 -0.0185
 -5.6119 -5.0481 -4.5267 -4.0602 -3.6485 -3.2920 -2.9869 -2.7276 -2.5060 -2.3146
 -2.1457 -1.9941 -1.8574 -1.7339 -1.6209 -1.3583 -1.0899 -0.8475 -0.6604 -0.5207
 -0.4164 -0.3375 -0.2771 -0.2309 -0.1951 -0.1663 -0.1420 -0.1200 -0.0997 -0.0809
 -0.0679
 -5.8120 -5.2522 -4.7221 -4.2316 -3.7881 -3.3999 -3.0638 -2.7767 -2.5325 -2.3241
 -2.1445 -1.9872 -1.8475 -1.7215 -1.5714 -1.3509 -1.1208 -0.8754 -0.6790
 [Fe/H] = -0.25 [alpha/Fe] = 0.40 BC value = F475W
 -7.0214 -6.8917 -6.8710 -6.8474 -6.7111 -6.3738 -5.7647 -4.8993 -4.0356 -3.3275
 -2.8307 -2.4848 -2.2248 -2.0143 -1.8347 -1.4721 -1.1898 -0.9567 -0.7478
 -6.5708 -6.4175 -6.2833 -6.1614 -6.0186 -5.7921 -5.3846 -4.6708 -3.8855 -3.2207
 -2.7388 -2.3970 -2.1396 -1.9313 -1.7527 -1.3919 -1.1153 -0.8930 -0.7049 -0.5408
 -6.1932 -6.0040 -5.8443 -5.7034 -5.5570 -5.3610 -5.0391 -4.4789 -3.7991 -3.1779
 -2.7026 -2.3571 -2.0965 -1.8868 -1.7078 -1.3452 -1.0690 -0.8523 -0.6740 -0.5217
 -0.3897
 -5.8859 -5.6639 -5.4700 -5.3014 -5.1433 -4.9649 -4.7128 -4.2903 -3.7246 -3.1599
 -2.6959 -2.3460 -2.0800 -1.8672 -1.6868 -1.3210 -1.0421 -0.8273 -0.6551 -0.5107
 -0.3872 -0.2796
 -5.6427 -5.3934 -5.1667 -4.9645 -4.7821 -4.6027 -4.3920 -4.0811 -3.6326 -3.1389
 -2.6992 -2.3504 -2.0801 -1.8639 -1.6817 -1.3125 -1.0290 -0.8131 -0.6442 -0.5054
 -0.3883 -0.2873 -0.1991 -0.1221
 -5.4040 -5.1707 -4.9245 -4.6966 -4.4858 -4.2873 -4.0872 -3.8473 -3.5081 -3.0970
 -2.6974 -2.3593 -2.0888 -1.8704 -1.6869 -1.3152 -1.0266 -0.8072 -0.6389 -0.5039
 -0.3916 -0.2960 -0.2134 -0.1411 -0.0768 -0.0196  0.0310  0.0753  0.1116  0.1327
 -5.2145 -4.9124 -4.6652 -4.4462 -4.2366 -4.0284 -3.8195 -3.6057 -3.3492 -3.0244
 -2.6784 -2.3635 -2.0994 -1.8817 -1.6982 -1.3262 -1.0327 -0.8079 -0.6379 -0.5048
 -0.3960 -0.3050 -0.2273 -0.1602 -0.1015 -0.0494 -0.0035  0.0379  0.0752  0.1034
  0.1170
 -5.1369 -4.7493 -4.4231 -4.1564 -3.9345 -3.7384 -3.5508 -3.3584 -3.1525 -2.9089
 -2.6305 -2.3535 -2.1056 -1.8936 -1.7122 -1.3429 -1.0459 -0.8148 -0.6408 -0.5072
 -0.4007 -0.3132 -0.2400 -0.1780 -0.1244 -0.0773 -0.0356  0.0015  0.0348  0.0637
  0.0844
 -5.1795 -4.7341 -4.3421 -4.0055 -3.7224 -3.4835 -3.2740 -3.0821 -2.8967 -2.7063
 -2.5009 -2.2902 -2.0852 -1.8944 -1.7222 -1.3608 -1.0628 -0.8253 -0.6456 -0.5096
 -0.4038 -0.3189 -0.2496 -0.1922 -0.1440 -0.1024 -0.0658 -0.0328 -0.0035  0.0218
  0.0429
 -5.3280 -4.8306 -4.3880 -3.9967 -3.6578 -3.3681 -3.1205 -2.9042 -2.7087 -2.5253
 -2.3455 -2.1711 -2.0089 -1.8588 -1.7161 -1.3832 -1.0881 -0.8445 -0.6574 -0.5165
 -0.4091 -0.3251 -0.2583 -0.2047 -0.1612 -0.1250 -0.0940 -0.0665 -0.0418 -0.0193
 -0.0017
 -5.5550 -5.0159 -4.5246 -4.0858 -3.6998 -3.3646 -3.0767 -2.8296 -2.6152 -2.4248
 -2.2502 -2.0870 -1.9365 -1.8005 -1.6774 -1.3941 -1.1167 -0.8690 -0.6739 -0.5263
 -0.4153 -0.3305 -0.2650 -0.2140 -0.1743 -0.1430 -0.1175 -0.0958 -0.0765 -0.0594
 -0.0494
 -5.7954 -5.2455 -4.7256 -4.2475 -3.8214 -3.4462 -3.1203 -2.8402 -2.6000 -2.3928
 -2.2111 -2.0487 -1.9016 -1.7681 -1.6061 -1.3935 -1.1486 -0.8988 -0.6951
 [Fe/H] =  0.00 [alpha/Fe] = 0.40 BC value = F475W
 -7.1569 -7.0662 -7.0818 -7.0737 -6.9389 -6.5929 -5.9642 -5.0696 -4.2382 -3.4862
 -2.9239 -2.5368 -2.2563 -2.0360 -1.8525 -1.4863 -1.2030 -0.9695 -0.7603
 -6.7170 -6.5991 -6.5079 -6.4236 -6.3134 -6.1170 -5.7080 -4.9417 -4.1262 -3.3973
 -2.8480 -2.4631 -2.1831 -1.9641 -1.7812 -1.4158 -1.1354 -0.9097 -0.7191 -0.5529
 -6.3365 -6.1840 -6.0637 -5.9619 -5.8517 -5.6870 -5.3824 -4.8062 -4.0704 -3.3770
 -2.8306 -2.4371 -2.1496 -1.9271 -1.7426 -1.3746 -1.0931 -0.8713 -0.6889 -0.5329
 -0.3979
 -6.0165 -5.8281 -5.6723 -5.5438 -5.4245 -5.2806 -5.0530 -4.6326 -4.0234 -3.3846
 -2.8445 -2.4406 -2.1422 -1.9129 -1.7250 -1.3532 -1.0683 -0.8471 -0.6697 -0.5209
 -0.3936 -0.2830
 -5.7554 -5.5361 -5.3441 -5.1810 -5.0393 -4.8981 -4.7176 -4.4203 -3.9485 -3.3884
 -2.8716 -2.4611 -2.1519 -1.9145 -1.7221 -1.3456 -1.0562 -0.8331 -0.6581 -0.5144
 -0.3929 -0.2884 -0.1973 -0.1172
 -5.5403 -5.2996 -5.0803 -4.8840 -4.7106 -4.5524 -4.3878 -4.1691 -3.8243 -3.3637
 -2.8911 -2.4879 -2.1721 -1.9269 -1.7294 -1.3482 -1.0542 -0.8269 -0.6520 -0.5115
 -0.3946 -0.2950 -0.2091 -0.1339 -0.0680 -0.0098  0.0415  0.0880  0.1233  0.1439
 -5.3178 -5.0715 -4.8479 -4.6397 -4.4451 -4.2624 -4.0867 -3.8999 -3.6502 -3.2974
 -2.8907 -2.5108 -2.1964 -1.9459 -1.7440 -1.3585 -1.0604 -0.8280 -0.6505 -0.5113
 -0.3975 -0.3021 -0.2208 -0.1504 -0.0891 -0.0360  0.0108  0.0528  0.0900  0.1169
  0.1299
 -5.1536 -4.8239 -4.5606 -4.3512 -4.1719 -4.0012 -3.8262 -3.6424 -3.4410 -3.1807
 -2.8553 -2.5177 -2.2167 -1.9673 -1.7628 -1.3744 -1.0738 -0.8354 -0.6533 -0.5132
 -0.4013 -0.3090 -0.2316 -0.1658 -0.1093 -0.0603 -0.0177  0.0193  0.0518  0.0801
  0.0995
 -5.1341 -4.7413 -4.3963 -4.1104 -3.8791 -3.6876 -3.5184 -3.3594 -3.1908 -2.9935
 -2.7550 -2.4850 -2.2187 -1.9816 -1.7799 -1.3919 -1.0906 -0.8468 -0.6589 -0.5156
 -0.4039 -0.3138 -0.2398 -0.1782 -0.1265 -0.0825 -0.0449 -0.0122  0.0162  0.0404
  0.0604
 -5.2443 -4.7902 -4.3895 -4.0389 -3.7406 -3.4913 -3.2808 -3.0966 -2.9245 -2.7520
 -2.5683 -2.3690 -2.1664 -1.9719 -1.7916 -1.4155 -1.1156 -0.8673 -0.6722 -0.5234
 -0.4095 -0.3200 -0.2481 -0.1898 -0.1422 -0.1030 -0.0704 -0.0427 -0.0188  0.0015
  0.0185
 -5.4444 -4.9409 -4.4891 -4.0867 -3.7345 -3.4309 -3.1721 -2.9501 -2.7543 -2.5749
 -2.4014 -2.2306 -2.0627 -1.9036 -1.7579 -1.4333 -1.1440 -0.8933 -0.6909 -0.5352
 -0.4169 -0.3261 -0.2551 -0.1991 -0.1547 -0.1197 -0.0920 -0.0695 -0.0506 -0.0348
 -0.0262
 -5.7044 -5.1673 -4.6706 -4.2234 -3.8251 -3.4752 -3.1718 -2.9105 -2.6851 -2.4876
 -2.3098 -2.1445 -1.9884 -1.8431 -1.6788 -1.4453 -1.1758 -0.9248 -0.7150
 [Fe/H] =  0.25 [alpha/Fe] = 0.40 BC value = F475W
 -7.2463 -7.1995 -7.1159 -6.9656 -6.7187 -6.3516 -5.8456 -5.1866 -4.4039 -3.6572
 -3.0440 -2.6119 -2.3057 -2.0731 -1.8833 -1.5120 -1.2256 -0.9903 -0.7801
 -6.8192 -6.7459 -6.7972 -6.8509 -6.7876 -6.5109 -5.9435 -5.1169 -4.3234 -3.5835
 -2.9815 -2.5504 -2.2426 -2.0097 -1.8201 -1.4493 -1.1648 -0.9350 -0.7406 -0.5708
 -6.4391 -6.3287 -6.2510 -6.1880 -6.1109 -5.9734 -5.6806 -5.0665 -4.3010 -3.5795
 -2.9793 -2.5371 -2.2182 -1.9788 -1.7861 -1.4120 -1.1257 -0.8986 -0.7111 -0.5504
 -0.4110
 -6.1121 -5.9608 -5.8457 -5.7572 -5.6738 -5.5598 -5.3533 -4.9335 -4.2850 -3.6043
 -3.0104 -2.5529 -2.2196 -1.9696 -1.7714 -1.3920 -1.1022 -0.8749 -0.6916 -0.5374
 -0.4051 -0.2905
 -5.8387 -5.6496 -5.4952 -5.3714 -5.2684 -5.1613 -5.0073 -4.7236 -4.2361 -3.6267
 -3.0541 -2.5881 -2.2390 -1.9763 -1.7704 -1.3842 -1.0903 -0.8605 -0.6790 -0.5296
 -0.4028 -0.2938 -0.1990 -0.1159
 -5.6236 -5.3977 -5.2075 -5.0454 -4.9101 -4.7898 -4.6576 -4.4604 -4.1177 -3.6228
 -3.0930 -2.6312 -2.2705 -1.9950 -1.7802 -1.3857 -1.0878 -0.8538 -0.6718 -0.5252
 -0.4027 -0.2984 -0.2085 -0.1301 -0.0612 -0.0008  0.0528  0.1007  0.1352  0.1555
 -5.4081 -5.1784 -4.9701 -4.7820 -4.6148 -4.4663 -4.3271 -4.1695 -3.9333 -3.5666
 -3.1109 -2.6721 -2.3073 -2.0219 -1.7984 -1.3946 -1.0932 -0.8542 -0.6693 -0.5237
 -0.4042 -0.3037 -0.2180 -0.1441 -0.0797 -0.0241  0.0245  0.0679  0.1056  0.1313
  0.1436
 -5.1779 -4.9162 -4.7103 -4.5319 -4.3629 -4.2001 -4.0422 -3.8848 -3.7034 -3.4438
 -3.0877 -2.6969 -2.3435 -2.0533 -1.8228 -1.4094 -1.1055 -0.8617 -0.6718 -0.5246
 -0.4067 -0.3092 -0.2271 -0.1573 -0.0973 -0.0454 -0.0009  0.0369  0.0699  0.0980
  0.1160
 -5.0992 -4.7479 -4.4560 -4.2265 -4.0473 -3.8990 -3.7610 -3.6165 -3.4581 -3.2603
 -2.9993 -2.6806 -2.3597 -2.0784 -1.8462 -1.4263 -1.1212 -0.8733 -0.6776 -0.5267
 -0.4086 -0.3130 -0.2340 -0.1680 -0.1122 -0.0648 -0.0249  0.0088  0.0372  0.0608
  0.0799
 -5.1514 -4.7436 -4.3843 -4.0774 -3.8252 -3.6221 -3.4545 -3.3067 -3.1672 -3.0161
 -2.8329 -2.6038 -2.3469 -2.0960 -1.8726 -1.4506 -1.1448 -0.8941 -0.6919 -0.5352
 -0.4143 -0.3188 -0.2417 -0.1786 -0.1264 -0.0832 -0.0477 -0.0185  0.0056  0.0252
  0.0419
 -5.3050 -4.8487 -4.4375 -4.0744 -3.7602 -3.4942 -3.2722 -3.0842 -2.9175 -2.7609
 -2.6034 -2.4312 -2.2416 -2.0487 -1.8647 -1.4752 -1.1719 -0.9203 -0.7123 -0.5486
 -0.4228 -0.3254 -0.2488 -0.1875 -0.1382 -0.0987 -0.0675 -0.0427 -0.0232 -0.0078
  0.0039
 -5.5479 -5.0441 -4.5857 -4.1748 -3.8103 -3.4925 -3.2188 -2.9850 -2.7839 -2.6056
 -2.4403 -2.2797 -2.1186 -1.9585 -1.8225 -1.5001 -1.2025 -0.9519 -0.7388
 [Fe/H] =  0.50 [alpha/Fe] = 0.40 BC value = F475W
 -7.2897 -7.2916 -6.9732 -6.5231 -6.0507 -5.6497 -5.4089 -5.2559 -4.5504 -3.8348
 -3.1883 -2.7095 -2.3739 -2.1246 -1.9278 -1.5499 -1.2604 -1.0205 -0.8123
 -6.8774 -6.8579 -6.8506 -7.1133 -7.0450 -6.6777 -6.0398 -5.2274 -4.4910 -3.7720
 -3.1363 -2.6588 -2.3198 -2.0688 -1.8705 -1.4932 -1.2047 -0.9701 -0.7702 -0.5959
 -6.5010 -6.4381 -6.4045 -6.3803 -6.3302 -6.2206 -5.9331 -5.2365 -4.4835 -3.7775
 -3.1454 -2.6567 -2.3035 -2.0433 -1.8397 -1.4581 -1.1680 -0.9357 -0.7422 -0.5756
 -0.4307
 -6.1628 -6.0565 -5.9874 -5.9406 -5.8918 -5.8047 -5.6164 -5.1825 -4.5003 -3.8088
 -3.1851 -2.6856 -2.3137 -2.0396 -1.8273 -1.4381 -1.1448 -0.9121 -0.7225 -0.5620
 -0.4235 -0.3034
 -5.8806 -5.7299 -5.6164 -5.5352 -5.4703 -5.3942 -5.2637 -4.9912 -4.4770 -3.8486
 -3.2409 -2.7320 -2.3430 -2.0517 -1.8288 -1.4289 -1.1320 -0.8968 -0.7088 -0.5529
 -0.4197 -0.3050 -0.2055 -0.1186
 -5.6468 -5.4608 -5.3049 -5.1816 -5.0859 -5.0014 -4.8977 -4.7203 -4.3784 -3.8556
 -3.2953 -2.7880 -2.3851 -2.0774 -1.8416 -1.4285 -1.1279 -0.8888 -0.7000 -0.5469
 -0.4180 -0.3078 -0.2130 -0.1307 -0.0585  0.0052  0.0620  0.1118  0.1462  0.1669
 -5.4428 -5.2358 -5.0527 -4.8926 -4.7587 -4.6470 -4.5423 -4.4113 -4.1894 -3.8120
 -3.3240 -2.8432 -2.4340 -2.1124 -1.8642 -1.4356 -1.1313 -0.8881 -0.6961 -0.5437
 -0.4179 -0.3114 -0.2206 -0.1425 -0.0745 -0.0151  0.0364  0.0817  0.1208  0.1456
  0.1576
 -5.2166 -5.0109 -4.8225 -4.6501 -4.4935 -4.3525 -4.2249 -4.0999 -3.9416 -3.6892
 -3.3111 -2.8815 -2.4817 -2.1532 -1.8943 -1.4493 -1.1413 -0.8942 -0.6976 -0.5431
 -0.4189 -0.3154 -0.2281 -0.1537 -0.0898 -0.0345  0.0129  0.0533  0.0878  0.1165
  0.1330
 -5.0555 -4.7594 -4.5283 -4.3542 -4.2138 -4.0843 -3.9533 -3.8181 -3.6771 -3.4926
 -3.2265 -2.8762 -2.5102 -2.1874 -1.9243 -1.4659 -1.1545 -0.9049 -0.7029 -0.5444
 -0.4195 -0.3179 -0.2335 -0.1627 -0.1026 -0.0513 -0.0081  0.0280  0.0578  0.0819
  0.1009
 -5.0550 -4.6925 -4.3785 -4.1208 -3.9176 -3.7615 -3.6354 -3.5223 -3.4066 -3.2659
 -3.0775 -2.8227 -2.5192 -2.2210 -1.9607 -1.4912 -1.1758 -0.9245 -0.7173 -0.5530
 -0.4248 -0.3230 -0.2403 -0.1721 -0.1153 -0.0677 -0.0284  0.0037  0.0294  0.0494
  0.0644
 -5.1597 -4.7483 -4.3803 -4.0577 -3.7836 -3.5589 -3.3777 -3.2281 -3.0974 -2.9724
 -2.8380 -2.6694 -2.4539 -2.2137 -1.9803 -1.5197 -1.2013 -0.9494 -0.7381 -0.5673
 -0.4338 -0.3297 -0.2471 -0.1805 -0.1262 -0.0819 -0.0463 -0.0181  0.0036  0.0196
  0.0308
 -5.3619 -4.9021 -4.4864 -4.1144 -3.7870 -3.5035 -3.2639 -3.0633 -2.8929 -2.7416
 -2.5987 -2.4533 -2.2959 -2.1201 -1.9831 -1.5514 -1.2310 -0.9796 -0.7653
