 [Fe/H] = -2.50 [alpha/Fe] = 0.40 BC value = F160W
  0.9272  1.0254  1.1584  1.2203  1.2010  1.1765  1.1978  1.2364  1.2518  1.2366
  1.2071  1.1716  1.1328  1.0910  1.0446  0.9172  0.7800  0.6398  0.5008
  0.9401  0.9733  1.0282  1.0760  1.1172  1.1541  1.1836  1.2018  1.2065  1.1980
  1.1775  1.1470  1.1091  1.0663  1.0200  0.8953  0.7630  0.6269  0.4902  0.3538
  0.9571  0.9555  0.9644  0.9920  1.0437  1.0969  1.1320  1.1514  1.1595  1.1577
  1.1439  1.1188  1.0841  1.0423  0.9965  0.8739  0.7456  0.6138  0.4802  0.3471
  0.2154
  0.9782  0.9720  0.9670  0.9683  0.9805  1.0049  1.0430  1.0852  1.1108  1.1157
  1.1063  1.0870  1.0578  1.0190  0.9741  0.8530  0.7278  0.6005  0.4708  0.3408
  0.2121  0.0850
  0.9901  0.9859  0.9792  0.9728  0.9703  0.9739  0.9845  1.0003  1.0222  1.0443
  1.0528  1.0446  1.0248  0.9934  0.9519  0.8329  0.7096  0.5862  0.4612  0.3345
  0.2082  0.0836 -0.0390 -0.1599
  0.9896  0.9895  0.9856  0.9792  0.9720  0.9662  0.9637  0.9646  0.9668  0.9702
  0.9757  0.9780  0.9703  0.9522  0.9223  0.8130  0.6915  0.5708  0.4503  0.3278
  0.2043  0.0818 -0.0388 -0.1574 -0.2740 -0.3889 -0.5020 -0.6137 -0.7236 -0.8289
  0.9736  0.9788  0.9795  0.9766  0.9709  0.9630  0.9545  0.9470  0.9402  0.9329
  0.9248  0.9165  0.9075  0.8952  0.8753  0.7884  0.6733  0.5547  0.4378  0.3199
  0.1999  0.0797 -0.0390 -0.1557 -0.2704 -0.3831 -0.4941 -0.6032 -0.7110 -0.8173
 -0.9195
  0.9385  0.9504  0.9570  0.9593  0.9577  0.9524  0.9442  0.9340  0.9228  0.9104
  0.8965  0.8808  0.8635  0.8455  0.8262  0.7541  0.6525  0.5384  0.4241  0.3102
  0.1945  0.0771 -0.0397 -0.1548 -0.2676 -0.3785 -0.4875 -0.5947 -0.7002 -0.8044
 -0.9074
  0.8839  0.9023  0.9157  0.9241  0.9282  0.9280  0.9236  0.9154  0.9041  0.8904
  0.8745  0.8562  0.8354  0.8126  0.7889  0.7182  0.6266  0.5199  0.4086  0.2975
  0.1857  0.0718 -0.0429 -0.1566 -0.2682 -0.3776 -0.4849 -0.5903 -0.6940 -0.7962
 -0.8972
  0.8108  0.8332  0.8539  0.8693  0.8802  0.8864  0.8877  0.8844  0.8768  0.8654
  0.8508  0.8331  0.8125  0.7889  0.7631  0.6888  0.6022  0.5023  0.3950  0.2861
  0.1772  0.0671 -0.0443 -0.1560 -0.2663 -0.3744 -0.4802 -0.5839 -0.6856 -0.7858
 -0.8864
  0.7196  0.7474  0.7728  0.7949  0.8130  0.8260  0.8341  0.8374  0.8357  0.8294
  0.8188  0.8044  0.7865  0.7651  0.7404  0.6663  0.5796  0.4850  0.3820  0.2754
  0.1683  0.0608 -0.0474 -0.1564 -0.2649 -0.3718 -0.4766 -0.5790 -0.6791 -0.7774
 -0.8741
  0.6102  0.6449  0.6777  0.7038  0.7277  0.7474  0.7623  0.7726  0.7782  0.7786
  0.7743  0.7654  0.7523  0.7353  0.7208  0.6507  0.5588  0.4680  0.3696
 [Fe/H] = -2.00 [alpha/Fe] = 0.40 BC value = F160W
  1.0201  1.0790  1.1350  1.1844  1.2233  1.2503  1.2643  1.2652  1.2543  1.2337
  1.2049  1.1699  1.1306  1.0879  1.0414  0.9165  0.7819  0.6425  0.5016
  0.9702  1.0186  1.0703  1.1199  1.1625  1.1948  1.2152  1.2233  1.2195  1.2049
  1.1807  1.1481  1.1097  1.0670  1.0211  0.8970  0.7651  0.6293  0.4922  0.3557
  0.9514  0.9660  1.0015  1.0601  1.1015  1.1358  1.1612  1.1757  1.1793  1.1721
  1.1544  1.1267  1.0908  1.0488  1.0030  0.8796  0.7498  0.6171  0.4833  0.3501
  0.2182
  0.9593  0.9485  0.9609  0.9924  1.0334  1.0748  1.1089  1.1303  1.1382  1.1358
  1.1240  1.1026  1.0718  1.0322  0.9871  0.8643  0.7360  0.6059  0.4749  0.3444
  0.2154  0.0880
  0.9837  0.9769  0.9693  0.9737  0.9890  1.0109  1.0356  1.0602  1.0820  1.0960
  1.0914  1.0749  1.0495  1.0152  0.9722  0.8506  0.7232  0.5951  0.4669  0.3390
  0.2122  0.0872 -0.0358 -0.1570
  1.0018  0.9961  0.9870  0.9765  0.9680  0.9651  0.9680  0.9761  0.9896  1.0106
  1.0295  1.0321  1.0190  0.9932  0.9562  0.8378  0.7112  0.5844  0.4587  0.3335
  0.2090  0.0859 -0.0351 -0.1541 -0.2711 -0.3863 -0.4997 -0.6116 -0.7215 -0.8266
  1.0121  1.0091  1.0017  0.9910  0.9787  0.9670  0.9579  0.9524  0.9495  0.9480
  0.9499  0.9561  0.9582  0.9492  0.9273  0.8247  0.6997  0.5738  0.4499  0.3274
  0.2055  0.0844 -0.0348 -0.1520 -0.2671 -0.3802 -0.4915 -0.6009 -0.7089 -0.8151
 -0.9171
  1.0111  1.0119  1.0080  0.9999  0.9887  0.9753  0.9609  0.9470  0.9344  0.9227
  0.9114  0.9008  0.8928  0.8858  0.8745  0.8029  0.6876  0.5632  0.4406  0.3204
  0.2013  0.0825 -0.0350 -0.1506 -0.2639 -0.3752 -0.4846 -0.5921 -0.6979 -0.8022
 -0.9052
  0.9937  1.0019  1.0021  0.9979  0.9899  0.9785  0.9642  0.9477  0.9300  0.9117
  0.8934  0.8745  0.8557  0.8379  0.8217  0.7646  0.6685  0.5504  0.4293  0.3108
  0.1942  0.0780 -0.0377 -0.1520 -0.2640 -0.3739 -0.4817 -0.5875 -0.6915 -0.7939
 -0.8950
  0.9584  0.9722  0.9789  0.9801  0.9769  0.9698  0.9588  0.9442  0.9263  0.9059
  0.8839  0.8607  0.8367  0.8122  0.7881  0.7260  0.6425  0.5360  0.4193  0.3024
  0.1879  0.0746 -0.0385 -0.1509 -0.2618 -0.3703 -0.4766 -0.5807 -0.6829 -0.7833
 -0.8842
  0.9049  0.9223  0.9356  0.9434  0.9464  0.9449  0.9391  0.9290  0.9146  0.8961
  0.8744  0.8501  0.8240  0.7966  0.7685  0.6965  0.6154  0.5181  0.4081  0.2940
  0.1810  0.0697 -0.0406 -0.1508 -0.2600 -0.3674 -0.4727 -0.5755 -0.6761 -0.7748
 -0.8718
  0.8330  0.8546  0.8723  0.8862  0.8961  0.9014  0.9020  0.8979  0.8890  0.8754
  0.8573  0.8354  0.8104  0.7829  0.7629  0.6761  0.5872  0.4967  0.3957
 [Fe/H] = -1.50 [alpha/Fe] = 0.40 BC value = F160W
  1.1083  1.1658  1.2175  1.2607  1.2911  1.3069  1.3074  1.2931  1.2682  1.2364
  1.2000  1.1607  1.1198  1.0771  1.0323  0.9112  0.7808  0.6440  0.5040
  1.0515  1.1084  1.1622  1.2088  1.2445  1.2659  1.2722  1.2640  1.2447  1.2173
  1.1837  1.1454  1.1042  1.0609  1.0155  0.8938  0.7648  0.6313  0.4953  0.3591
  0.9994  1.0496  1.1017  1.1497  1.1891  1.2166  1.2301  1.2295  1.2173  1.1959
  1.1670  1.1317  1.0917  1.0484  1.0026  0.8802  0.7516  0.6202  0.4872  0.3542
  0.2223
  0.9754  0.9997  1.0380  1.0881  1.1305  1.1625  1.1820  1.1890  1.1842  1.1698
  1.1470  1.1167  1.0799  1.0379  0.9924  0.8697  0.7412  0.6109  0.4800  0.3494
  0.2202  0.0925
  0.9798  0.9791  0.9928  1.0176  1.0504  1.0884  1.1252  1.1441  1.1475  1.1394
  1.1224  1.0977  1.0660  1.0275  0.9834  0.8613  0.7328  0.6032  0.4738  0.3451
  0.2179  0.0924 -0.0310 -0.1527
  1.0014  0.9963  0.9906  0.9885  0.9936  1.0050  1.0246  1.0522  1.0786  1.0938
  1.0916  1.0746  1.0482  1.0147  0.9741  0.8540  0.7258  0.5967  0.4684  0.3413
  0.2157  0.0920 -0.0296 -0.1491 -0.2666 -0.3823 -0.4962 -0.6083 -0.7180 -0.8228
  1.0197  1.0149  1.0064  0.9962  0.9873  0.9821  0.9814  0.9837  0.9883  0.9979
  1.0133  1.0225  1.0162  0.9944  0.9612  0.8471  0.7195  0.5907  0.4632  0.3376
  0.2136  0.0915 -0.0285 -0.1463 -0.2620 -0.3756 -0.4875 -0.5973 -0.7054 -0.8115
 -0.9131
  1.0350  1.0317  1.0235  1.0116  0.9975  0.9831  0.9705  0.9605  0.9525  0.9453
  0.9397  0.9389  0.9425  0.9412  0.9276  0.8388  0.7135  0.5850  0.4581  0.3336
  0.2121  0.0907 -0.0279 -0.1441 -0.2581 -0.3700 -0.4801 -0.5881 -0.6942 -0.7986
 -0.9015
  1.0445  1.0441  1.0382  1.0268  1.0117  0.9943  0.9759  0.9578  0.9407  0.9246
  0.9089  0.8937  0.8807  0.8719  0.8650  0.8135  0.7049  0.5778  0.4513  0.3275
  0.2066  0.0876 -0.0296 -0.1448 -0.2576 -0.3681 -0.4765 -0.5829 -0.6874 -0.7902
 -0.8914
  1.0437  1.0472  1.0455  1.0362  1.0226  1.0055  0.9858  0.9645  0.9422  0.9197
  0.8973  0.8749  0.8528  0.8317  0.8133  0.7691  0.6873  0.5711  0.4462  0.3232
  0.2034  0.0861 -0.0293 -0.1430 -0.2547 -0.3639 -0.4709 -0.5756 -0.6783 -0.7793
 -0.8805
  1.0282  1.0365  1.0384  1.0343  1.0242  1.0098  0.9917  0.9708  0.9474  0.9222
  0.8957  0.8685  0.8410  0.8135  0.7868  0.7263  0.6566  0.5577  0.4399  0.3186
  0.1996  0.0837 -0.0299 -0.1419 -0.2522 -0.3604 -0.4663 -0.5698 -0.6710 -0.7703
 -0.8678
  0.9943  1.0080  1.0152  1.0163  1.0114  1.0016  0.9873  0.9693  0.9479  0.9235
  0.8965  0.8674  0.8369  0.8056  0.7855  0.6851  0.6128  0.5376  0.4324
 [Fe/H] = -1.00 [alpha/Fe] = 0.40 BC value = F160W
  1.2164  1.2681  1.3113  1.3438  1.3627  1.3661  1.3527  1.3231  1.2832  1.2388
  1.1931  1.1479  1.1036  1.0595  1.0149  0.8979  0.7744  0.6433  0.5065
  1.1611  1.2170  1.2657  1.3043  1.3297  1.3397  1.3328  1.3086  1.2731  1.2310
  1.1860  1.1401  1.0947  1.0494  1.0037  0.8845  0.7596  0.6306  0.4977  0.3629
  1.1008  1.1572  1.2092  1.2535  1.2864  1.3048  1.3064  1.2902  1.2609  1.2231
  1.1804  1.1350  1.0890  1.0429  0.9963  0.8752  0.7492  0.6209  0.4904  0.3588
  0.2273
  1.0428  1.0949  1.1473  1.1948  1.2335  1.2599  1.2711  1.2647  1.2433  1.2117
  1.1731  1.1301  1.0848  1.0385  0.9914  0.8691  0.7419  0.6135  0.4844  0.3550
  0.2261  0.0984
  0.9968  1.0309  1.0797  1.1299  1.1737  1.2069  1.2263  1.2302  1.2181  1.1941
  1.1615  1.1228  1.0799  1.0346  0.9877  0.8651  0.7372  0.6083  0.4798  0.3519
  0.2249  0.0993 -0.0246 -0.1467
  1.0049  1.0076  1.0210  1.0482  1.0871  1.1305  1.1654  1.1833  1.1835  1.1689
  1.1437  1.1107  1.0723  1.0296  0.9840  0.8620  0.7339  0.6048  0.4765  0.3496
  0.2241  0.1001 -0.0220 -0.1421 -0.2603 -0.3766 -0.4909 -0.6033 -0.7130 -0.8172
  1.0217  1.0185  1.0159  1.0186  1.0293  1.0464  1.0663  1.0871  1.1057  1.1153
  1.1102  1.0900  1.0591  1.0214  0.9788  0.8594  0.7315  0.6022  0.4740  0.3478
  0.2234  0.1008 -0.0198 -0.1383 -0.2547 -0.3691 -0.4815 -0.5918 -0.7002 -0.8060
 -0.9070
  1.0371  1.0335  1.0271  1.0199  1.0147  1.0133  1.0152  1.0175  1.0180  1.0179
  1.0204  1.0236  1.0186  0.9996  0.9676  0.8564  0.7295  0.6002  0.4721  0.3463
  0.2228  0.1014 -0.0179 -0.1350 -0.2498 -0.3625 -0.4733 -0.5819 -0.6885 -0.7932
 -0.8970
  1.0529  1.0502  1.0432  1.0329  1.0207  1.0082  0.9971  0.9872  0.9773  0.9657
  0.9530  0.9417  0.9353  0.9318  0.9228  0.8485  0.7261  0.5969  0.4688  0.3432
  0.2203  0.0998 -0.0185 -0.1346 -0.2482 -0.3595 -0.4688 -0.5760 -0.6812 -0.7844
 -0.8857
  1.0680  1.0662  1.0605  1.0497  1.0350  1.0176  0.9988  0.9800  0.9614  0.9426
  0.9231  0.9027  0.8829  0.8660  0.8538  0.8155  0.7218  0.5954  0.4676  0.3423
  0.2200  0.1004 -0.0167 -0.1317 -0.2443 -0.3544 -0.4622 -0.5678 -0.6713 -0.7729
 -0.8728
  1.0799  1.0800  1.0751  1.0656  1.0511  1.0320  1.0100  0.9863  0.9617  0.9367
  0.9115  0.8858  0.8599  0.8343  0.8104  0.7630  0.6984  0.5918  0.4661  0.3412
  0.2193  0.1005 -0.0156 -0.1294 -0.2409 -0.3500 -0.4568 -0.5611 -0.6631 -0.7632
 -0.8614
  1.0828  1.0858  1.0836  1.0759  1.0632  1.0452  1.0228  0.9974  0.9700  0.9413
  0.9118  0.8818  0.8514  0.8209  0.7926  0.6910  0.6559  0.5861  0.4643
 [Fe/H] = -0.75 [alpha/Fe] = 0.40 BC value = F160W
  1.2702  1.3182  1.3567  1.3833  1.3944  1.3897  1.3698  1.3354  1.2891  1.2394
  1.1897  1.1413  1.0946  1.0490  1.0038  0.8878  0.7665  0.6395  0.5060
  1.2181  1.2720  1.3168  1.3502  1.3693  1.3727  1.3589  1.3274  1.2848  1.2366
  1.1868  1.1373  1.0893  1.0424  0.9960  0.8772  0.7544  0.6283  0.4979  0.3645
  1.1565  1.2135  1.2638  1.3044  1.3321  1.3447  1.3399  1.3166  1.2797  1.2348
  1.1861  1.1364  1.0873  1.0392  0.9917  0.8706  0.7459  0.6196  0.4910  0.3607
  0.2299
  1.0934  1.1494  1.2023  1.2482  1.2838  1.3060  1.3119  1.2989  1.2699  1.2304
  1.1848  1.1361  1.0868  1.0379  0.9895  0.8668  0.7405  0.6134  0.4857  0.3574
  0.2292  0.1016
  1.0359  1.0845  1.1362  1.1852  1.2266  1.2568  1.2728  1.2716  1.2526  1.2205
  1.1800  1.1343  1.0861  1.0372  0.9883  0.8648  0.7374  0.6094  0.4819  0.3548
  0.2285  0.1032 -0.0208 -0.1432
  1.0103  1.0272  1.0616  1.1088  1.1570  1.1966  1.2226  1.2328  1.2254  1.2027
  1.1693  1.1286  1.0834  1.0359  0.9873  0.8635  0.7357  0.6070  0.4795  0.3532
  0.2282  0.1045 -0.0176 -0.1379 -0.2563 -0.3728 -0.4875 -0.6001 -0.7094 -0.8133
  1.0236  1.0233  1.0285  1.0444  1.0707  1.1031  1.1371  1.1640  1.1764  1.1706
  1.1490  1.1163  1.0766  1.0323  0.9854  0.8625  0.7348  0.6057  0.4779  0.3521
  0.2282  0.1059 -0.0147 -0.1334 -0.2501 -0.3648 -0.4776 -0.5882 -0.6967 -0.8022
 -0.9027
  1.0376  1.0347  1.0307  1.0292  1.0333  1.0437  1.0569  1.0689  1.0780  1.0839
  1.0853  1.0770  1.0555  1.0219  0.9803  0.8613  0.7341  0.6049  0.4770  0.3515
  0.2282  0.1070 -0.0122 -0.1294 -0.2446 -0.3577 -0.4688 -0.5779 -0.6849 -0.7895
 -0.8915
  1.0521  1.0491  1.0431  1.0352  1.0276  1.0223  1.0198  1.0181  1.0142  1.0063
  0.9963  0.9875  0.9812  0.9721  0.9532  0.8576  0.7323  0.6031  0.4749  0.3493
  0.2265  0.1060 -0.0122 -0.1284 -0.2423 -0.3541 -0.4638 -0.5714 -0.6770 -0.7805
 -0.8818
  1.0669  1.0650  1.0592  1.0496  1.0371  1.0232  1.0094  0.9963  0.9830  0.9680
  0.9502  0.9305  0.9114  0.8962  0.8849  0.8370  0.7312  0.6032  0.4751  0.3496
  0.2271  0.1074 -0.0099 -0.1251 -0.2379 -0.3483 -0.4566 -0.5626 -0.6666 -0.7686
 -0.8688
  1.0837  1.0820  1.0765  1.0672  1.0531  1.0356  1.0156  0.9946  0.9731  0.9511
  0.9280  0.9035  0.8779  0.8526  0.8297  0.7854  0.7164  0.6025  0.4753  0.3499
  0.2277  0.1084 -0.0080 -0.1221 -0.2339 -0.3434 -0.4506 -0.5554 -0.6579 -0.7584
 -0.8525
  1.1025  1.0977  1.0931  1.0839  1.0703  1.0517  1.0293  1.0041  0.9774  0.9497
  0.9214  0.8925  0.8629  0.8328  0.7876  0.7028  0.6879  0.6010  0.4755
 [Fe/H] = -0.50 [alpha/Fe] = 0.40 BC value = F160W
  1.3196  1.3642  1.3972  1.4184  1.4236  1.4125  1.3862  1.3456  1.2937  1.2398
  1.1864  1.1348  1.0854  1.0377  0.9913  0.8753  0.7566  0.6338  0.5043
  1.2725  1.3235  1.3640  1.3919  1.4050  1.4021  1.3813  1.3430  1.2942  1.2411
  1.1873  1.1346  1.0837  1.0348  0.9871  0.8680  0.7470  0.6239  0.4967  0.3654
  1.2120  1.2684  1.3160  1.3521  1.3742  1.3805  1.3691  1.3388  1.2951  1.2444
  1.1910  1.1375  1.0854  1.0350  0.9861  0.8644  0.7409  0.6166  0.4906  0.3619
  0.2322
  1.1457  1.2040  1.2565  1.3000  1.3314  1.3482  1.3481  1.3286  1.2925  1.2462
  1.1947  1.1415  1.0886  1.0370  0.9869  0.8631  0.7375  0.6118  0.4860  0.3591
  0.2319  0.1049
  1.0809  1.1360  1.1900  1.2383  1.2773  1.3039  1.3153  1.3086  1.2827  1.2433
  1.1959  1.1445  1.0918  1.0396  0.9885  0.8631  0.7362  0.6091  0.4829  0.3571
  0.2316  0.1069 -0.0168 -0.1390
  1.0277  1.0687  1.1188  1.1690  1.2139  1.2487  1.2703  1.2762  1.2630  1.2331
  1.1921  1.1444  1.0936  1.0417  0.9902  0.8637  0.7361  0.6080  0.4813  0.3560
  0.2318  0.1087 -0.0130 -0.1333 -0.2519 -0.3687 -0.4836 -0.5964 -0.7059 -0.8097
  1.0254  1.0323  1.0523  1.0866  1.1298  1.1731  1.2074  1.2272  1.2292  1.2123
  1.1806  1.1392  1.0922  1.0422  0.9912  0.8642  0.7364  0.6078  0.4807  0.3556
  0.2323  0.1106 -0.0095 -0.1282 -0.2450 -0.3600 -0.4731 -0.5840 -0.6929 -0.7985
 -0.8989
  1.0379  1.0365  1.0373  1.0450  1.0625  1.0864  1.1120  1.1359  1.1527  1.1575
  1.1469  1.1211  1.0837  1.0390  0.9906  0.8647  0.7369  0.6080  0.4806  0.3556
  0.2330  0.1123 -0.0064 -0.1235 -0.2388 -0.3522 -0.4637 -0.5730 -0.6803 -0.7855
 -0.8877
  1.0505  1.0480  1.0436  1.0395  1.0389  1.0437  1.0521  1.0602  1.0644  1.0633
  1.0578  1.0494  1.0359  1.0131  0.9792  0.8635  0.7363  0.6072  0.4793  0.3541
  0.2317  0.1117 -0.0061 -0.1219 -0.2358 -0.3478 -0.4580 -0.5661 -0.6719 -0.7758
 -0.8776
  1.0635  1.0620  1.0566  1.0486  1.0396  1.0314  1.0253  1.0207  1.0148  1.0050
  0.9902  0.9720  0.9542  0.9389  0.9238  0.8549  0.7370  0.6085  0.4805  0.3552
  0.2330  0.1135 -0.0034 -0.1182 -0.2308 -0.3414 -0.4501 -0.5566 -0.6610 -0.7634
 -0.8640
  1.0798  1.0782  1.0734  1.0644  1.0521  1.0376  1.0221  1.0065  0.9909  0.9739
  0.9541  0.9310  0.9055  0.8802  0.8579  0.8104  0.7306  0.6095  0.4818  0.3565
  0.2344  0.1153 -0.0010 -0.1149 -0.2265 -0.3360 -0.4434 -0.5486 -0.6516 -0.7526
 -0.8469
  1.0990  1.0972  1.0919  1.0828  1.0698  1.0526  1.0323  1.0101  0.9866  0.9623
  0.9370  0.9100  0.8813  0.8512  0.7815  0.7300  0.7171  0.6102  0.4832
 [Fe/H] = -0.25 [alpha/Fe] = 0.40 BC value = F160W
  1.3628  1.4025  1.4320  1.4489  1.4509  1.4363  1.4035  1.3541  1.2977  1.2402
  1.1836  1.1287  1.0762  1.0261  0.9778  0.8604  0.7438  0.6251  0.5003
  1.3216  1.3698  1.4049  1.4275  1.4355  1.4269  1.4001  1.3557  1.3018  1.2448
  1.1877  1.1319  1.0782  1.0268  0.9772  0.8568  0.7370  0.6170  0.4936  0.3651
  1.2644  1.3190  1.3631  1.3945  1.4112  1.4116  1.3940  1.3572  1.3076  1.2521
  1.1951  1.1385  1.0835  1.0306  0.9797  0.8564  0.7337  0.6116  0.4884  0.3621
  0.2338
  1.1974  1.2566  1.3078  1.3480  1.3747  1.3859  1.3796  1.3537  1.3110  1.2589
  1.2030  1.1462  1.0902  1.0360  0.9837  0.8579  0.7328  0.6085  0.4847  0.3598
  0.2339  0.1077
  1.1277  1.1871  1.2422  1.2892  1.3252  1.3473  1.3534  1.3407  1.3082  1.2623
  1.2092  1.1533  1.0970  1.0419  0.9884  0.8602  0.7334  0.6073  0.4826  0.3584
  0.2341  0.1102 -0.0129 -0.1348
  1.0631  1.1159  1.1703  1.2214  1.2644  1.2960  1.3136  1.3147  1.2957  1.2590
  1.2114  1.1581  1.1027  1.0472  0.9929  0.8628  0.7349  0.6075  0.4819  0.3579
  0.2347  0.1124 -0.0087 -0.1286 -0.2473 -0.3644 -0.4794 -0.5920 -0.7013 -0.8048
  1.0285  1.0525  1.0944  1.1445  1.1923  1.2321  1.2604  1.2739  1.2699  1.2460
  1.2070  1.1587  1.1058  1.0513  0.9968  0.8651  0.7366  0.6085  0.4821  0.3581
  0.2358  0.1148 -0.0047 -0.1229 -0.2396 -0.3546 -0.4678 -0.5791 -0.6881 -0.7936
 -0.8937
  1.0368  1.0392  1.0489  1.0715  1.1050  1.1429  1.1791  1.2066  1.2199  1.2149
  1.1906  1.1519  1.1046  1.0529  0.9994  0.8672  0.7382  0.6096  0.4828  0.3586
  0.2368  0.1169 -0.0011 -0.1176 -0.2326 -0.3461 -0.4579 -0.5676 -0.6751 -0.7804
 -0.8824
  1.0481  1.0466  1.0451  1.0473  1.0571  1.0744  1.0946  1.1134  1.1275  1.1340
  1.1296  1.1132  1.0845  1.0448  0.9974  0.8680  0.7385  0.6095  0.4821  0.3575
  0.2359  0.1166 -0.0004 -0.1156 -0.2291 -0.3410 -0.4514 -0.5599 -0.6662 -0.7703
 -0.8722
  1.0597  1.0578  1.0537  1.0483  1.0443  1.0440  1.0480  1.0533  1.0560  1.0534
  1.0442  1.0296  1.0122  0.9919  0.9663  0.8672  0.7404  0.6115  0.4838  0.3590
  0.2374  0.1187  0.0025 -0.1115 -0.2236 -0.3340 -0.4427 -0.5495 -0.6544 -0.7592
 -0.8574
  1.0731  1.0722  1.0677  1.0601  1.0504  1.0401  1.0309  1.0232  1.0156  1.0054
  0.9904  0.9698  0.9455  0.9207  0.8977  0.8373  0.7398  0.6136  0.4859  0.3608
  0.2392  0.1207  0.0051 -0.1081 -0.2191 -0.3282 -0.4355 -0.5409 -0.6443 -0.7457
 -0.8381
  1.0910  1.0901  1.0853  1.0775  1.0655  1.0508  1.0342  1.0168  0.9990  0.9805
  0.9600  0.9361  0.9086  0.8786  0.7916  0.7783  0.7367  0.6158  0.4884
 [Fe/H] =  0.00 [alpha/Fe] = 0.40 BC value = F160W
  1.3991  1.4340  1.4591  1.4714  1.4698  1.4519  1.4170  1.3620  1.3015  1.2407
  1.1810  1.1230  1.0674  1.0144  0.9638  0.8437  0.7279  0.6128  0.4934
  1.3641  1.4074  1.4384  1.4563  1.4597  1.4467  1.4154  1.3664  1.3084  1.2482
  1.1882  1.1294  1.0728  1.0186  0.9668  0.8436  0.7244  0.6071  0.4878  0.3631
  1.3115  1.3633  1.4034  1.4300  1.4418  1.4371  1.4142  1.3722  1.3178  1.2587
  1.1987  1.1393  1.0815  1.0260  0.9728  0.8466  0.7241  0.6039  0.4838  0.3606
  0.2344
  1.2460  1.3048  1.3536  1.3900  1.4120  1.4179  1.4061  1.3744  1.3260  1.2695
  1.2101  1.1503  1.0917  1.0348  0.9802  0.8510  0.7258  0.6029  0.4814  0.3590
  0.2349  0.1100
  1.1737  1.2358  1.2909  1.3359  1.3684  1.3859  1.3865  1.3679  1.3294  1.2778
  1.2204  1.1610  1.1018  1.0440  0.9881  0.8561  0.7288  0.6035  0.4805  0.3583
  0.2356  0.1128 -0.0095 -0.1309
  1.1016  1.1612  1.2189  1.2701  1.3112  1.3395  1.3527  1.3484  1.3236  1.2806
  1.2274  1.1698  1.1109  1.0525  0.9956  0.8610  0.7322  0.6053  0.4809  0.3584
  0.2367  0.1154 -0.0048 -0.1241 -0.2421 -0.3587 -0.4738 -0.5871 -0.6960 -0.7994
  1.0435  1.0906  1.1433  1.1955  1.2426  1.2800  1.3044  1.3135  1.3042  1.2744
  1.2290  1.1751  1.1178  1.0597  1.0023  0.8654  0.7355  0.6076  0.4821  0.3593
  0.2382  0.1182 -0.0005 -0.1179 -0.2340 -0.3487 -0.4619 -0.5734 -0.6827 -0.7881
 -0.8880
  1.0339  1.0446  1.0710  1.1129  1.1609  1.2051  1.2394  1.2610  1.2671  1.2541
  1.2214  1.1750  1.1214  1.0649  1.0078  0.8693  0.7382  0.6098  0.4836  0.3604
  0.2397  0.1207  0.0035 -0.1122 -0.2266 -0.3397 -0.4514 -0.5612 -0.6690 -0.7746
 -0.8766
  1.0424  1.0446  1.0483  1.0608  1.0849  1.1159  1.1479  1.1764  1.1960  1.2017
  1.1897  1.1596  1.1163  1.0651  1.0102  0.8719  0.7394  0.6103  0.4834  0.3596
  0.2389  0.1206  0.0045 -0.1098 -0.2226 -0.3340 -0.4442 -0.5527 -0.6593 -0.7638
 -0.8660
  1.0540  1.0524  1.0505  1.0492  1.0526  1.0631  1.0786  1.0944  1.1068  1.1129
  1.1102  1.0972  1.0743  1.0422  1.0016  0.8751  0.7423  0.6127  0.4854  0.3612
  0.2405  0.1228  0.0075 -0.1056 -0.2168 -0.3265 -0.4348 -0.5417 -0.6468 -0.7500
 -0.8513
  1.0651  1.0650  1.0612  1.0552  1.0490  1.0447  1.0439  1.0459  1.0473  1.0447
  1.0360  1.0207  0.9994  0.9743  0.9471  0.8628  0.7447  0.6155  0.4877  0.3632
  0.2422  0.1247  0.0101 -0.1022 -0.2122 -0.3204 -0.4272 -0.5324 -0.6359 -0.7378
 -0.8325
  1.0806  1.0802  1.0768  1.0695  1.0596  1.0481  1.0364  1.0256  1.0156  1.0045
  0.9902  0.9708  0.9459  0.9169  0.8467  0.8350  0.7466  0.6187  0.4903
 [Fe/H] =  0.25 [alpha/Fe] = 0.40 BC value = F160W
  1.4284  1.4590  1.4783  1.4851  1.4784  1.4572  1.4210  1.3693  1.3053  1.2413
  1.1786  1.1175  1.0588  1.0029  0.9496  0.8253  0.7093  0.5970  0.4828
  1.3996  1.4384  1.4664  1.4815  1.4814  1.4643  1.4289  1.3762  1.3145  1.2514
  1.1886  1.1270  1.0675  1.0104  0.9560  0.8288  0.7092  0.5940  0.4789  0.3587
  1.3523  1.4007  1.4362  1.4583  1.4656  1.4569  1.4302  1.3847  1.3267  1.2647
  1.2019  1.1399  1.0795  1.0212  0.9655  0.8352  0.7120  0.5933  0.4765  0.3570
  0.2336
  1.2897  1.3470  1.3927  1.4249  1.4424  1.4437  1.4273  1.3911  1.3385  1.2785
  1.2164  1.1541  1.0929  1.0335  0.9764  0.8429  0.7167  0.5947  0.4756  0.3562
  0.2345  0.1113
  1.2166  1.2809  1.3342  1.3767  1.4053  1.4183  1.4140  1.3904  1.3467  1.2908
  1.2300  1.1679  1.1062  1.0459  0.9876  0.8508  0.7222  0.5975  0.4762  0.3564
  0.2358  0.1145 -0.0066 -0.1270
  1.1388  1.2043  1.2637  1.3143  1.3531  1.3779  1.3866  1.3771  1.3470  1.2986
  1.2411  1.1801  1.1185  1.0576  0.9982  0.8585  0.7279  0.6012  0.4779  0.3573
  0.2374  0.1175 -0.0017 -0.1200 -0.2372 -0.3533 -0.4682 -0.5813 -0.6899 -0.7931
  1.0701  1.1279  1.1852  1.2405  1.2873  1.3225  1.3435  1.3482  1.3338  1.2984
  1.2475  1.1893  1.1286  1.0677  1.0077  0.8654  0.7330  0.6051  0.4803  0.3588
  0.2393  0.1206  0.0029 -0.1136 -0.2288 -0.3429 -0.4557 -0.5671 -0.6765 -0.7816
 -0.8814
  1.0304  1.0595  1.1079  1.1619  1.2117  1.2536  1.2847  1.3023  1.3035  1.2849
  1.2461  1.1939  1.1359  1.0759  1.0158  0.8715  0.7372  0.6084  0.4827  0.3606
  0.2412  0.1235  0.0072 -0.1076 -0.2211 -0.3334 -0.4445 -0.5540 -0.6620 -0.7679
 -0.8698
  1.0369  1.0416  1.0549  1.0833  1.1238  1.1680  1.2074  1.2359  1.2511  1.2496
  1.2286  1.1887  1.1371  1.0800  1.0211  0.8758  0.7395  0.6096  0.4832  0.3603
  0.2407  0.1235  0.0084 -0.1050 -0.2168 -0.3273 -0.4367 -0.5450 -0.6516 -0.7562
 -0.8588
  1.0463  1.0466  1.0471  1.0522  1.0666  1.0903  1.1178  1.1435  1.1643  1.1764
  1.1754  1.1568  1.1221  1.0760  1.0230  0.8813  0.7434  0.6124  0.4853  0.3619
  0.2422  0.1256  0.0114 -0.1007 -0.2108 -0.3194 -0.4270 -0.5333 -0.6383 -0.7435
 -0.8455
  1.0560  1.0561  1.0535  1.0502  1.0490  1.0529  1.0626  1.0751  1.0853  1.0911
  1.0908  1.0816  1.0616  1.0324  0.9961  0.8810  0.7475  0.6155  0.4876  0.3636
  0.2436  0.1271  0.0137 -0.0974 -0.2063 -0.3133 -0.4191 -0.5236 -0.6268 -0.7287
 -0.8290
  1.0679  1.0688  1.0660  1.0602  1.0528  1.0456  1.0404  1.0381  1.0370  1.0341
  1.0268  1.0134  0.9932  0.9668  0.9404  0.8749  0.7518  0.6189  0.4901
 [Fe/H] =  0.50 [alpha/Fe] = 0.40 BC value = F160W
  1.4506  1.4774  1.4894  1.4900  1.4769  1.4522  1.4155  1.3760  1.3086  1.2416
  1.1760  1.1120  1.0503  0.9914  0.9353  0.8061  0.6885  0.5782  0.4686
  1.4281  1.4628  1.4840  1.5067  1.5059  1.4838  1.4424  1.3851  1.3203  1.2543
  1.1888  1.1245  1.0622  1.0023  0.9451  0.8129  0.6918  0.5779  0.4663  0.3513
  1.3868  1.4312  1.4618  1.4795  1.4831  1.4714  1.4427  1.3959  1.3348  1.2701
  1.2049  1.1404  1.0773  1.0164  0.9580  0.8226  0.6978  0.5800  0.4660  0.3507
  0.2309
  1.3273  1.3824  1.4245  1.4526  1.4659  1.4634  1.4437  1.4048  1.3493  1.2867
  1.2221  1.1574  1.0938  1.0320  0.9724  0.8336  0.7055  0.5840  0.4670  0.3509
  0.2324  0.1115
  1.2547  1.3185  1.3711  1.4105  1.4353  1.4442  1.4358  1.4084  1.3613  1.3020
  1.2387  1.1742  1.1103  1.0476  0.9869  0.8447  0.7138  0.5892  0.4693  0.3521
  0.2343  0.1150 -0.0046 -0.1238
  1.1743  1.2426  1.3030  1.3525  1.3888  1.4101  1.4147  1.4009  1.3664  1.3139
  1.2530  1.1894  1.1255  1.0623  1.0007  0.8554  0.7219  0.5949  0.4726  0.3539
  0.2364  0.1184  0.0006 -0.1165 -0.2327 -0.3479 -0.4622 -0.5747 -0.6826 -0.7857
  1.0944  1.1615  1.2238  1.2805  1.3266  1.3596  1.3773  1.3779  1.3589  1.3188
  1.2635  1.2019  1.1386  1.0754  1.0131  0.8652  0.7292  0.6006  0.4764  0.3563
  0.2386  0.1217  0.0054 -0.1099 -0.2242 -0.3372 -0.4493 -0.5602 -0.6693 -0.7739
 -0.8737
  1.0341  1.0873  1.1429  1.1994  1.2513  1.2935  1.3230  1.3374  1.3344  1.3109
  1.2671  1.2104  1.1489  1.0862  1.0238  0.8738  0.7355  0.6054  0.4800  0.3589
  0.2409  0.1248  0.0099 -0.1039 -0.2163 -0.3275 -0.4377 -0.5467 -0.6543 -0.7601
 -0.8617
  1.0256  1.0384  1.0685  1.1163  1.1702  1.2181  1.2546  1.2790  1.2899  1.2835
  1.2566  1.2107  1.1540  1.0932  1.0313  0.8802  0.7394  0.6077  0.4814  0.3592
  0.2408  0.1251  0.0112 -0.1012 -0.2119 -0.3212 -0.4296 -0.5370 -0.6432 -0.7477
 -0.8504
  1.0350  1.0376  1.0432  1.0593  1.0874  1.1254  1.1645  1.1984  1.2214  1.2306
  1.2232  1.1956  1.1508  1.0963  1.0374  0.8873  0.7445  0.6111  0.4838  0.3611
  0.2424  0.1270  0.0142 -0.0968 -0.2059 -0.3133 -0.4196 -0.5249 -0.6293 -0.7325
 -0.8341
  1.0438  1.0449  1.0443  1.0449  1.0510  1.0657  1.0875  1.1106  1.1301  1.1438
  1.1496  1.1424  1.1181  1.0791  1.0307  0.8921  0.7497  0.6145  0.4860  0.3625
  0.2434  0.1281  0.0160 -0.0938 -0.2015 -0.3073 -0.4117 -0.5150 -0.6174 -0.7188
 -0.8190
  1.0532  1.0553  1.0536  1.0496  1.0456  1.0442  1.0474  1.0550  1.0633  1.0687
  1.0688  1.0628  1.0483  1.0234  1.0112  0.8946  0.7550  0.6179  0.4880
