 [Fe/H] = -2.00 [alpha/Fe] =-0.40 BC value =  H   
  2.5798  2.7650  2.9105  2.9217  2.8864  2.8581  2.8296  2.8060  2.7636  2.7181
  2.6675  2.6131  2.5557  2.4958  2.4334  2.2774  2.1100  1.9494  1.8059
  2.6772  2.6793  2.6920  2.7375  2.8055  2.8286  2.8102  2.7768  2.7371  2.6919
  2.6420  2.5882  2.5315  2.4729  2.4131  2.2616  2.1096  1.9577  1.8069  1.6587
  2.6253  2.6230  2.6214  2.6246  2.6409  2.6903  2.7378  2.7422  2.7139  2.6699
  2.6210  2.5677  2.5113  2.4528  2.3932  2.2434  2.0952  1.9476  1.8002  1.6549
  1.5127
  2.5723  2.5738  2.5704  2.5662  2.5634  2.5649  2.5822  2.6212  2.6433  2.6312
  2.5941  2.5447  2.4900  2.4322  2.3731  2.2244  2.0790  1.9357  1.7929  1.6505
  1.5108  1.3742
  2.5094  2.5210  2.5219  2.5178  2.5114  2.5045  2.4981  2.4970  2.5112  2.5268
  2.5269  2.5030  2.4614  2.4091  2.3519  2.2048  2.0612  1.9224  1.7846  1.6456
  1.5082  1.3737  1.2424  1.1140
  2.4354  2.4570  2.4676  2.4684  2.4636  2.4558  2.4462  2.4353  2.4242  2.4177
  2.4183  2.4158  2.3989  2.3663  2.3220  2.1846  2.0427  1.9071  1.7740  1.6400
  1.5054  1.3727  1.2431  1.1166  0.9925  0.8710  0.7526  0.6376  0.5262  0.4186
  2.3512  2.3814  2.4034  2.4111  2.4119  2.4070  2.3984  2.3874  2.3735  2.3574
  2.3415  2.3281  2.3153  2.2964  2.2674  2.1583  2.0234  1.8896  1.7608  1.6323
  1.5018  1.3715  1.2436  1.1185  0.9965  0.8776  0.7614  0.6477  0.5362  0.4272
  0.3229
  2.2579  2.2957  2.3258  2.3429  2.3507  2.3517  2.3472  2.3386  2.3267  2.3115
  2.2930  2.2726  2.2514  2.2295  2.2050  2.1182  2.0005  1.8716  1.7457  1.6220
  1.4967  1.3697  1.2437  1.1202  0.9995  0.8818  0.7670  0.6548  0.5450  0.4374
  0.3319
  2.1566  2.2010  2.2367  2.2623  2.2778  2.2855  2.2871  2.2834  2.2752  2.2635
  2.2483  2.2291  2.2065  2.1813  2.1539  2.0738  1.9704  1.8513  1.7281  1.6077
  1.4872  1.3646  1.2411  1.1189  0.9993  0.8828  0.7689  0.6579  0.5494  0.4432
  0.3391
  2.0483  2.0989  2.1391  2.1701  2.1926  2.2075  2.2156  2.2180  2.2154  2.2085
  2.1979  2.1835  2.1649  2.1420  2.1152  2.0353  1.9405  1.8302  1.7122  1.5943
  1.4774  1.3596  1.2404  1.1207  1.0026  0.8871  0.7744  0.6646  0.5574  0.4526
  0.3481
  1.9351  1.9887  2.0329  2.0686  2.0965  2.1175  2.1322  2.1410  2.1444  2.1434
  2.1382  2.1294  2.1167  2.0996  2.0777  2.0035  1.9117  1.8094  1.6974  1.5816
  1.4666  1.3521  1.2370  1.1211  1.0055  0.8915  0.7798  0.6709  0.5648  0.4612
  0.3599
  1.8216  1.8645  1.9068  1.9466  1.9823  2.0124  2.0359  2.0522  2.0622  2.0670
  2.0676  2.0646  2.0582  2.0480  2.0330  1.9727  1.8861  1.7880  1.6820
 [Fe/H] = -1.50 [alpha/Fe] =-0.40 BC value =  H   
  2.8011  2.8884  2.9164  2.8948  2.8627  2.8314  2.8008  2.7675  2.7304  2.6890
  2.6430  2.5932  2.5403  2.4849  2.4275  2.2790  2.1223  1.9649  1.8131
  2.7169  2.7265  2.7878  2.8567  2.8555  2.8256  2.7917  2.7573  2.7199  2.6779
  2.6313  2.5806  2.5270  2.4711  2.4134  2.2644  2.1126  1.9603  1.8095  1.6612
  2.6793  2.6677  2.6658  2.6906  2.7617  2.7998  2.7817  2.7466  2.7082  2.6663
  2.6197  2.5688  2.5148  2.4585  2.4005  2.2516  2.1013  1.9516  1.8035  1.6580
  1.5157
  2.6474  2.6351  2.6210  2.6093  2.6140  2.6491  2.7062  2.7211  2.6936  2.6530
  2.6072  2.5569  2.5031  2.4467  2.3885  2.2395  2.0902  1.9428  1.7974  1.6543
  1.5143  1.3775
  2.6100  2.6048  2.5914  2.5753  2.5614  2.5526  2.5612  2.5894  2.6242  2.6222
  2.5893  2.5428  2.4904  2.4347  2.3767  2.2278  2.0791  1.9337  1.7911  1.6505
  1.5124  1.3775  1.2459  1.1174
  2.5624  2.5676  2.5611  2.5470  2.5295  2.5121  2.4963  2.4857  2.4884  2.5080
  2.5197  2.5059  2.4695  2.4197  2.3638  2.2161  2.0679  1.9238  1.7839  1.6463
  1.5105  1.3773  1.2472  1.1203  0.9964  0.8754  0.7572  0.6417  0.5292  0.4212
  2.5041  2.5192  2.5220  2.5152  2.5009  2.4824  2.4625  2.4425  2.4236  2.4101
  2.4057  2.4086  2.4024  2.3784  2.3392  2.2033  2.0565  1.9133  1.7753  1.6410
  1.5081  1.3768  1.2483  1.1228  1.0004  0.8808  0.7639  0.6499  0.5389  0.4308
  0.3256
  2.4346  2.4579  2.4708  2.4731  2.4662  2.4522  2.4331  2.4118  2.3889  2.3654
  2.3428  2.3244  2.3120  2.3000  2.2796  2.1812  2.0438  1.9023  1.7657  1.6341
  1.5046  1.3759  1.2491  1.1250  1.0039  0.8858  0.7706  0.6581  0.5480  0.4402
  0.3346
  2.3549  2.3854  2.4070  2.4182  2.4199  2.4133  2.3995  2.3807  2.3585  2.3341
  2.3079  2.2807  2.2547  2.2316  2.2102  2.1368  2.0228  1.8882  1.7534  1.6237
  1.4975  1.3720  1.2472  1.1243  1.0043  0.8872  0.7730  0.6615  0.5526  0.4461
  0.3419
  2.2667  2.3039  2.3318  2.3500  2.3603  2.3619  2.3558  2.3430  2.3247  2.3028
  2.2781  2.2508  2.2216  2.1917  2.1624  2.0885  1.9922  1.8721  1.7423  1.6144
  1.4907  1.3690  1.2476  1.1268  1.0081  0.8920  0.7789  0.6686  0.5610  0.4559
  0.3510
  2.1749  2.2138  2.2455  2.2698  2.2878  2.2972  2.2988  2.2935  2.2817  2.2647
  2.2437  2.2195  2.1924  2.1627  2.1311  2.0490  1.9588  1.8509  1.7296  1.6048
  1.4827  1.3636  1.2457  1.1282  1.0116  0.8969  0.7847  0.6753  0.5688  0.4648
  0.3631
  2.0820  2.1151  2.1482  2.1781  2.2026  2.2197  2.2288  2.2305  2.2258  2.2156
  2.2002  2.1807  2.1579  2.1318  2.1027  2.0199  1.9284  1.8277  1.7151
 [Fe/H] = -1.00 [alpha/Fe] =-0.40 BC value =  H   
  2.9154  2.9255  2.8932  2.8546  2.8220  2.7906  2.7561  2.7206  2.6844  2.6459
  2.6036  2.5577  2.5088  2.4575  2.4044  2.2654  2.1198  1.9691  1.8163
  2.7541  2.8407  2.8852  2.8599  2.8224  2.7867  2.7524  2.7166  2.6800  2.6409
  2.5980  2.5512  2.5013  2.4490  2.3949  2.2545  2.1093  1.9610  1.8117  1.6639
  2.7019  2.6984  2.7493  2.8278  2.8240  2.7882  2.7501  2.7132  2.6759  2.6364
  2.5933  2.5462  2.4958  2.4428  2.3880  2.2460  2.1004  1.9535  1.8066  1.6616
  1.5193
  2.6839  2.6609  2.6484  2.6654  2.7334  2.7739  2.7498  2.7105  2.6712  2.6313
  2.5885  2.5416  2.4912  2.4380  2.3828  2.2396  2.0934  1.9471  1.8019  1.6588
  1.5187  1.3817
  2.6673  2.6463  2.6214  2.6021  2.5988  2.6255  2.6816  2.6968  2.6661  2.6251
  2.5824  2.5364  2.4865  2.4335  2.3782  2.2344  2.0876  1.9417  1.7978  1.6563
  1.5179  1.3826  1.2507  1.1219
  2.6439  2.6309  2.6084  2.5815  2.5558  2.5398  2.5412  2.5657  2.6023  2.6045
  2.5725  2.5289  2.4804  2.4283  2.3734  2.2296  2.0824  1.9367  1.7939  1.6541
  1.5172  1.3833  1.2529  1.1255  1.0013  0.8800  0.7616  0.6457  0.5329  0.4256
  2.6108  2.6074  2.5931  2.5697  2.5417  2.5145  2.4919  2.4762  2.4725  2.4877
  2.5050  2.4975  2.4661  2.4199  2.3671  2.2245  2.0774  1.9318  1.7898  1.6515
  1.5164  1.3840  1.2549  1.1288  1.0059  0.8861  0.7692  0.6549  0.5431  0.4342
  0.3301
  2.5668  2.5729  2.5681  2.5531  2.5294  2.5007  2.4712  2.4439  2.4199  2.4016
  2.3931  2.3948  2.3948  2.3792  2.3466  2.2182  2.0721  1.9268  1.7854  1.6484
  1.5151  1.3845  1.2567  1.1319  1.0103  0.8916  0.7758  0.6628  0.5524  0.4445
  0.3390
  2.5121  2.5267  2.5311  2.5254  2.5100  2.4865  2.4574  2.4264  2.3959  2.3670
  2.3406  2.3184  2.3027  2.2925  2.2791  2.1971  2.0636  1.9195  1.7786  1.6427
  1.5111  1.3824  1.2560  1.1322  1.0115  0.8938  0.7789  0.6668  0.5575  0.4507
  0.3464
  2.4480  2.4696  2.4817  2.4850  2.4789  2.4639  2.4410  2.4124  2.3808  2.3484
  2.3163  2.2850  2.2554  2.2291  2.2071  2.1483  2.0463  1.9126  1.7736  1.6386
  1.5084  1.3820  1.2579  1.1357  1.0161  0.8994  0.7856  0.6747  0.5666  0.4610
  0.3576
  2.3786  2.4026  2.4211  2.4319  2.4343  2.4281  2.4136  2.3919  2.3642  2.3329
  2.2997  2.2656  2.2314  2.1977  2.1654  2.0940  2.0112  1.8983  1.7670  1.6338
  1.5047  1.3799  1.2583  1.1386  1.0207  0.9051  0.7921  0.6821  0.5750  0.4704
  0.3683
  2.3071  2.3307  2.3517  2.3679  2.3771  2.3787  2.3726  2.3590  2.3385  2.3123
  2.2819  2.2487  2.2139  2.1783  2.1424  2.0555  1.9724  1.8741  1.7562
 [Fe/H] = -0.75 [alpha/Fe] =-0.40 BC value =  H   
  2.9324  2.9117  2.8707  2.8295  2.7952  2.7649  2.7305  2.6940  2.6566  2.6191
  2.5783  2.5341  2.4870  2.4376  2.3864  2.2529  2.1130  1.9669  1.8164
  2.8076  2.8902  2.8771  2.8385  2.7982  2.7632  2.7283  2.6919  2.6545  2.6165
  2.5751  2.5301  2.4820  2.4315  2.3793  2.2436  2.1033  1.9591  1.8119  1.6650
  2.7089  2.7339  2.8261  2.8411  2.8064  2.7658  2.7281  2.6910  2.6531  2.6146
  2.5730  2.5277  2.4792  2.4280  2.3750  2.2373  2.0958  1.9522  1.8073  1.6631
  1.5211
  2.6899  2.6671  2.6707  2.7337  2.7923  2.7715  2.7309  2.6907  2.6517  2.6124
  2.5709  2.5258  2.4774  2.4260  2.3725  2.2332  2.0905  1.9468  1.8032  1.6609
  1.5211  1.3841
  2.6807  2.6533  2.6269  2.6165  2.6389  2.7018  2.7243  2.6923  2.6502  2.6095
  2.5679  2.5233  2.4753  2.4242  2.3707  2.2307  2.0868  1.9428  1.8000  1.6591
  1.5208  1.3855  1.2535  1.1245
  2.6678  2.6461  2.6170  2.5877  2.5680  2.5649  2.5897  2.6341  2.6396  2.6055
  2.5633  2.5193  2.4723  2.4219  2.3687  2.2286  2.0840  1.9397  1.7974  1.6577
  1.5208  1.3868  1.2562  1.1287  1.0044  0.8829  0.7641  0.6483  0.5361  0.4286
  2.6470  2.6338  2.6106  2.5804  2.5487  2.5226  2.5055  2.5017  2.5190  2.5447
  2.5423  2.5103  2.4666  2.4179  2.3658  2.2264  2.0815  1.9369  1.7950  1.6563
  1.5207  1.3882  1.2588  1.1325  1.0094  0.8893  0.7721  0.6577  0.5459  0.4371
  0.3348
  2.6161  2.6121  2.5977  2.5736  2.5428  2.5095  2.4789  2.4536  2.4350  2.4271
  2.4337  2.4418  2.4323  2.4029  2.3587  2.2235  2.0791  1.9343  1.7926  1.6548
  1.5206  1.3894  1.2612  1.1362  1.0143  0.8953  0.7792  0.6659  0.5554  0.4475
  0.3421
  2.5750  2.5796  2.5741  2.5587  2.5343  2.5032  2.4688  2.4352  2.4046  2.3779
  2.3565  2.3428  2.3366  2.3304  2.3135  2.2145  2.0741  1.9297  1.7882  1.6510
  1.5179  1.3881  1.2611  1.1370  1.0160  0.8980  0.7828  0.6705  0.5610  0.4541
  0.3495
  2.5242  2.5361  2.5390  2.5325  2.5169  2.4929  2.4621  2.4275  2.3921  2.3581
  2.3262  2.2970  2.2714  2.2509  2.2349  2.1771  2.0663  1.9265  1.7857  1.6492
  1.5172  1.3891  1.2640  1.1411  1.0211  0.9040  0.7899  0.6787  0.5703  0.4644
  0.3609
  2.4665  2.4831  2.4927  2.4941  2.4871  2.4717  2.4483  2.4186  2.3843  2.3480
  2.3119  2.2765  2.2425  2.2103  2.1810  2.1189  2.0366  1.9186  1.7824  1.6468
  1.5157  1.3889  1.2657  1.1449  1.0263  0.9103  0.7969  0.6866  0.5791  0.4742
  0.3719
  2.4058  2.4233  2.4369  2.4446  2.4448  2.4374  2.4223  2.4001  2.3716  2.3383
  2.3022  2.2649  2.2275  2.1905  2.1545  2.0720  1.9952  1.8970  1.7756
 [Fe/H] = -0.50 [alpha/Fe] =-0.40 BC value =  H   
  2.9292  2.8911  2.8457  2.8030  2.7663  2.7354  2.7013  2.6656  2.6278  2.5905
  2.5506  2.5078  2.4623  2.4145  2.3650  2.2366  2.1025  1.9618  1.8155
  2.8759  2.8940  2.8577  2.8138  2.7720  2.7360  2.7006  2.6643  2.6272  2.5897
  2.5494  2.5059  2.4595  2.4107  2.3602  2.2291  2.0939  1.9546  1.8110  1.6657
  2.7241  2.8066  2.8551  2.8249  2.7826  2.7410  2.7029  2.6655  2.6278  2.5898
  2.5494  2.5057  2.4590  2.4096  2.3583  2.2249  2.0879  1.9486  1.8067  1.6641
  1.5228
  2.6914  2.6775  2.7231  2.8028  2.7913  2.7505  2.7078  2.6678  2.6289  2.5899
  2.5494  2.5059  2.4593  2.4098  2.3581  2.2230  2.0842  1.9441  1.8032  1.6624
  1.5233  1.3865
  2.6861  2.6550  2.6338  2.6467  2.7135  2.7478  2.7156  2.6719  2.6299  2.5895
  2.5487  2.5055  2.4593  2.4102  2.3585  2.2226  2.0824  1.9414  1.8007  1.6611
  1.5235  1.3885  1.2564  1.1274
  2.6819  2.6525  2.6193  2.5924  2.5850  2.6101  2.6619  2.6697  2.6325  2.5888
  2.5468  2.5038  2.4583  2.4098  2.3586  2.2226  2.0815  1.9397  1.7991  1.6604
  1.5240  1.3903  1.2597  1.1321  1.0075  0.8859  0.7672  0.6513  0.5389  0.4322
  2.6722  2.6495  2.6185  2.5834  2.5524  2.5325  2.5289  2.5489  2.5804  2.5789
  2.5433  2.5005  2.4557  2.4082  2.3578  2.2226  2.0810  1.9386  1.7979  1.6599
  1.5247  1.3923  1.2629  1.1365  1.0132  0.8929  0.7755  0.6610  0.5492  0.4407
  0.3373
  2.6539  2.6397  2.6156  2.5837  2.5477  2.5131  2.4853  2.4665  2.4594  2.4685
  2.4834  2.4769  2.4464  2.4037  2.3553  2.2221  2.0807  1.9378  1.7971  1.6595
  1.5253  1.3941  1.2660  1.1408  1.0187  0.8995  0.7831  0.6697  0.5591  0.4510
  0.3459
  2.6262  2.6205  2.6045  2.5794  2.5470  2.5101  2.4731  2.4401  2.4125  2.3914
  2.3791  2.3772  2.3763  2.3641  2.3363  2.2184  2.0784  1.9354  1.7944  1.6572
  1.5237  1.3936  1.2664  1.1422  1.0210  0.9028  0.7873  0.6747  0.5649  0.4578
  0.3532
  2.5887  2.5907  2.5833  2.5667  2.5415  2.5092  2.4722  2.4338  2.3972  2.3641
  2.3350  2.3104  2.2917  2.2785  2.2664  2.1994  2.0763  1.9348  1.7941  1.6572
  1.5246  1.3957  1.2700  1.1469  1.0267  0.9094  0.7950  0.6835  0.5747  0.4685
  0.3648
  2.5433  2.5513  2.5513  2.5428  2.5258  2.5009  2.4692  2.4327  2.3937  2.3549
  2.3182  2.2838  2.2521  2.2235  2.1989  2.1447  2.0579  1.9323  1.7934  1.6570
  1.5249  1.3971  1.2729  1.1515  1.0325  0.9162  0.8025  0.6918  0.5840  0.4787
  0.3762
  2.4930  2.5041  2.5095  2.5078  2.4984  2.4814  2.4571  2.4265  2.3908  2.3521
  2.3123  2.2731  2.2353  2.1991  2.1647  2.0898  2.0173  1.9171  1.7909
 [Fe/H] = -0.25 [alpha/Fe] =-0.40 BC value =  H   
  2.9131  2.8669  2.8193  2.7755  2.7379  2.7054  2.6708  2.6363  2.5989  2.5608
  2.5214  2.4796  2.4353  2.3889  2.3409  2.2169  2.0883  1.9540  1.8125
  2.8511  2.8797  2.8339  2.7876  2.7454  2.7084  2.6720  2.6359  2.5988  2.5614
  2.5218  2.4795  2.4345  2.3872  2.3382  2.2114  2.0811  1.9472  1.8081  1.6654
  2.7702  2.8599  2.8451  2.8018  2.7568  2.7156  2.6764  2.6387  2.6009  2.5631
  2.5234  2.4810  2.4358  2.3881  2.3384  2.2091  2.0767  1.9420  1.8042  1.6641
  1.5241
  2.6928  2.7069  2.7996  2.8098  2.7702  2.7256  2.6831  2.6429  2.6037  2.5649
  2.5252  2.4829  2.4378  2.3901  2.3401  2.2091  2.0745  1.9386  1.8012  1.6628
  1.5249  1.3887
  2.6861  2.6554  2.6509  2.7128  2.7660  2.7372  2.6926  2.6486  2.6068  2.5664
  2.5262  2.4841  2.4394  2.3921  2.3422  2.2105  2.0742  1.9369  1.7993  1.6619
  1.5256  1.3912  1.2594  1.1306
  2.6877  2.6528  2.6189  2.6018  2.6230  2.6832  2.6960  2.6569  2.6111  2.5679
  2.5262  2.4841  2.4399  2.3931  2.3438  2.2122  2.0749  1.9364  1.7985  1.6617
  1.5265  1.3935  1.2632  1.1357  1.0112  0.8896  0.7708  0.6548  0.5427  0.4364
  2.6867  2.6562  2.6195  2.5832  2.5573  2.5521  2.5758  2.6137  2.6107  2.5707
  2.5260  2.4829  2.4390  2.3929  2.3443  2.2136  2.0759  1.9366  1.7983  1.6619
  1.5277  1.3960  1.2669  1.1407  1.0174  0.8970  0.7795  0.6649  0.5531  0.4448
  0.3419
  2.6809  2.6565  2.6238  2.5859  2.5475  2.5155  2.4954  2.4900  2.5028  2.5217
  2.5149  2.4794  2.4363  2.3912  2.3436  2.2145  2.0770  1.9371  1.7984  1.6622
  1.5289  1.3983  1.2706  1.1456  1.0234  0.9041  0.7876  0.6739  0.5630  0.4552
  0.3504
  2.6655  2.6491  2.6232  2.5896  2.5509  2.5109  2.4744  2.4454  2.4245  2.4138
  2.4145  2.4187  2.4078  2.3788  2.3380  2.2132  2.0764  1.9361  1.7968  1.6607
  1.5279  1.3982  1.2715  1.1475  1.0264  0.9081  0.7924  0.6796  0.5695  0.4623
  0.3577
  2.6411  2.6328  2.6150  2.5885  2.5546  2.5156  2.4747  2.4352  2.4002  2.3706
  2.3467  2.3297  2.3198  2.3108  2.2952  2.2081  2.0771  1.9374  1.7981  1.6620
  1.5298  1.4011  1.2755  1.1527  1.0326  0.9153  0.8007  0.6889  0.5798  0.4713
  0.3693
  2.6083  2.6069  2.5967  2.5781  2.5513  2.5177  2.4790  2.4377  2.3963  2.3575
  2.3223  2.2907  2.2632  2.2399  2.2208  2.1678  2.0707  1.9381  1.7993  1.6634
  1.5315  1.4037  1.2793  1.1578  1.0389  0.9225  0.8088  0.6978  0.5897  0.4841
  0.3813
  2.5690  2.5723  2.5687  2.5572  2.5380  2.5114  2.4784  2.4406  2.3994  2.3572
  2.3160  2.2769  2.2405  2.2065  2.1752  2.1092  2.0369  1.9315  1.8000
 [Fe/H] =  0.00 [alpha/Fe] =-0.40 BC value =  H   
  2.8902  2.8398  2.7910  2.7466  2.7100  2.6775  2.6415  2.6057  2.5694  2.5312
  2.4917  2.4505  2.4070  2.3617  2.3149  2.1946  2.0693  1.9396  1.8067
  2.8926  2.8582  2.8078  2.7601  2.7174  2.6807  2.6431  2.6069  2.5702  2.5326
  2.4933  2.4517  2.4077  2.3617  2.3140  2.1908  2.0650  1.9363  1.8025  1.6636
  2.8414  2.8637  2.8246  2.7761  2.7299  2.6885  2.6494  2.6111  2.5731  2.5356
  2.4963  2.4547  2.4106  2.3643  2.3160  2.1904  2.0621  1.9322  1.7991  1.6624
  1.5244
  2.7498  2.7755  2.8253  2.7916  2.7451  2.6995  2.6572  2.6168  2.5774  2.5387
  2.4994  2.4578  2.4140  2.3677  2.3193  2.1921  2.0614  1.9298  1.7966  1.6614
  1.5255  1.3905
  2.6834  2.6600  2.6983  2.7762  2.7582  2.7135  2.6673  2.6237  2.5820  2.5415
  2.5017  2.4603  2.4168  2.3709  2.3227  2.1949  2.0625  1.9291  1.7953  1.6608
  1.5264  1.3932  1.2621  1.1337
  2.6877  2.6498  2.6205  2.6278  2.6936  2.7185  2.6799  2.6329  2.5875  2.5445
  2.5030  2.4615  2.4183  2.3729  2.3253  2.1979  2.0644  1.9296  1.7950  1.6609
  1.5276  1.3959  1.2663  1.1393  1.0150  0.8936  0.7748  0.6587  0.5471  0.4412
  2.6943  2.6566  2.6167  2.5827  2.5702  2.5954  2.6420  2.6391  2.5958  2.5486
  2.5043  2.4615  2.4184  2.3736  2.3266  2.2003  2.0666  1.9308  1.7955  1.6615
  1.5292  1.3987  1.2705  1.1447  1.0217  0.9014  0.7837  0.6690  0.5574  0.4496
  0.3471
  2.6973  2.6644  2.6252  2.5837  2.5460  2.5213  2.5166  2.5352  2.5584  2.5483
  2.5070  2.4616  2.4175  2.3729  2.3266  2.2020  2.0686  1.9322  1.7963  1.6624
  1.5307  1.4014  1.2745  1.1502  1.0283  0.9091  0.7926  0.6790  0.5681  0.4600
  0.3555
  2.6953  2.6673  2.6327  2.5922  2.5495  2.5089  2.4763  2.4554  2.4471  2.4518
  2.4586  2.4467  2.4120  2.3694  2.3243  2.2016  2.0689  1.9321  1.7955  1.6613
  1.5300  1.4014  1.2757  1.1525  1.0319  0.9137  0.7980  0.6851  0.5749  0.4675
  0.3629
  2.6817  2.6629  2.6354  2.6001  2.5592  2.5157  2.4730  2.4351  2.4044  2.3813
  2.3662  2.3587  2.3532  2.3376  2.3096  2.2015  2.0710  1.9346  1.7977  1.6633
  1.5324  1.4046  1.2799  1.1578  1.0384  0.9214  0.8069  0.6950  0.5858  0.4791
  0.3750
  2.6612  2.6499  2.6297  2.6014  2.5658  2.5249  2.4811  2.4371  2.3956  2.3589
  2.3273  2.3005  2.2790  2.2621  2.2458  2.1822  2.0711  1.9370  1.8002  1.6656
  1.5349  1.4078  1.2841  1.1632  1.0449  0.9290  0.8155  0.7045  0.5962  0.4904
  0.3872
  2.6338  2.6284  2.6155  2.5935  2.5649  2.5296  2.4891  2.4455  2.4008  2.3572
  2.3165  2.2793  2.2456  2.2153  2.1329  2.1437  2.0692  1.9393  1.8030
 [Fe/H] =  0.25 [alpha/Fe] =-0.40 BC value =  H   
  2.8633  2.8108  2.7621  2.7169  2.6819  2.6487  2.6139  2.5770  2.5404  2.5015
  2.4619  2.4208  2.3780  2.3335  2.2876  2.1702  2.0490  1.9245  1.7977
  2.8829  2.8332  2.7804  2.7320  2.6890  2.6521  2.6156  2.5783  2.5418  2.5036
  2.4642  2.4230  2.3798  2.3347  2.2881  2.1680  2.0460  1.9220  1.7936  1.6595
  2.8092  2.8496  2.7988  2.7492  2.7019  2.6603  2.6216  2.5832  2.5450  2.5076
  2.4682  2.4271  2.3838  2.3386  2.2915  2.1692  2.0446  1.9190  1.7907  1.6583
  1.5232
  2.7370  2.8287  2.8145  2.7677  2.7184  2.6720  2.6301  2.5898  2.5502  2.5116
  2.4724  2.4314  2.3883  2.3432  2.2961  2.1724  2.0453  1.9177  1.7888  1.6575
  1.5244  1.3912
  2.6811  2.6812  2.7704  2.7786  2.7356  2.6874  2.6411  2.5977  2.5560  2.5154
  2.4758  2.4349  2.3921  2.3473  2.3005  2.1764  2.0475  1.9179  1.7880  1.6572
  1.5255  1.3941  1.2642  1.1364
  2.6839  2.6462  2.6314  2.6886  2.7366  2.7026  2.6548  2.6074  2.5625  2.5196
  2.4781  2.4371  2.3946  2.3502  2.3039  2.1804  2.0505  1.9193  1.7884  1.6576
  1.5269  1.3970  1.2687  1.1424  1.0188  0.8976  0.7787  0.6631  0.5520  0.4466
  2.6947  2.6528  2.6122  2.5869  2.6045  2.6616  2.6641  2.6201  2.5712  2.5246
  2.4806  2.4379  2.3954  2.3515  2.3057  2.1835  2.0536  1.9214  1.7895  1.6586
  1.5287  1.4000  1.2731  1.1483  1.0259  0.9061  0.7889  0.6742  0.5624  0.4550
  0.3529
  2.7050  2.6654  2.6217  2.5789  2.5462  2.5373  2.5610  2.5918  2.5783  2.5328
  2.4845  2.4391  2.3952  2.3514  2.3061  2.1855  2.0562  1.9235  1.7908  1.6598
  1.5304  1.4029  1.2774  1.1541  1.0330  0.9142  0.7977  0.6838  0.5729  0.4654
  0.3614
  2.7136  2.6761  2.6345  2.5893  2.5448  2.5067  2.4828  2.4771  2.4878  2.4977
  2.4817  2.4401  2.3943  2.3495  2.3045  2.1853  2.0568  1.9238  1.7904  1.6589
  1.5297  1.4029  1.2786  1.1566  1.0369  0.9194  0.8040  0.6911  0.5809  0.4735
  0.3689
  2.7083  2.6812  2.6460  2.6035  2.5576  2.5117  2.4698  2.4366  2.4139  2.4017
  2.3979  2.3938  2.3772  2.3432  2.3019  2.1862  2.0593  1.9266  1.7929  1.6610
  1.5321  1.4060  1.2827  1.1619  1.0436  0.9274  0.8134  0.7017  0.5924  0.4857
  0.3814
  2.7015  2.6804  2.6510  2.6142  2.5713  2.5251  2.4782  2.4337  2.3944  2.3621
  2.3364  2.3168  2.3019  2.2878  2.2667  2.1813  2.0612  1.9297  1.7959  1.6637
  1.5347  1.4092  1.2868  1.1671  1.0500  0.9351  0.8222  0.7117  0.6034  0.4975
  0.3941
  2.6934  2.6736  2.6503  2.6179  2.5807  2.5379  2.4917  2.4444  2.3981  2.3550
  2.3166  2.2828  2.2533  2.2277  2.1989  2.1706  2.0625  1.9331  1.7994
 [Fe/H] =  0.50 [alpha/Fe] =-0.40 BC value =  H   
  2.8342  2.7810  2.7323  2.6877  2.6554  2.6216  2.5859  2.5490  2.5111  2.4722
  2.4324  2.3913  2.3488  2.3051  2.2604  2.1446  2.0267  1.9086  1.7851
  2.8647  2.8056  2.7519  2.7031  2.6610  2.6245  2.5875  2.5497  2.5131  2.4748
  2.4352  2.3941  2.3513  2.3069  2.2612  2.1435  2.0245  1.9046  1.7812  1.6522
  2.8694  2.8284  2.7740  2.7215  2.6731  2.6323  2.5937  2.5550  2.5170  2.4794
  2.4400  2.3990  2.3562  2.3117  2.2656  2.1461  2.0244  1.9025  1.7787  1.6511
  1.5198
  2.7446  2.8339  2.7942  2.7417  2.6910  2.6442  2.6026  2.5622  2.5225  2.4843
  2.4450  2.4041  2.3616  2.3172  2.2712  2.1505  2.0264  1.9023  1.7776  1.6506
  1.5210  1.3903
  2.6840  2.7412  2.7947  2.7600  2.7099  2.6602  2.6138  2.5709  2.5293  2.4886
  2.4494  2.4086  2.3663  2.3222  2.2765  2.1555  2.0298  1.9036  1.7775  1.6506
  1.5223  1.3934  1.2652  1.1386
  2.6786  2.6459  2.6699  2.7459  2.7255  2.6777  2.6282  2.5812  2.5366  2.4938
  2.4524  2.4117  2.3695  2.3259  2.2806  2.1603  2.0338  1.9059  1.7785  1.6514
  1.5239  1.3963  1.2698  1.1449  1.0221  0.9017  0.7835  0.6680  0.5576  0.4526
  2.6909  2.6468  2.6094  2.6061  2.6679  2.6865  2.6441  2.5943  2.5455  2.4996
  2.4556  2.4132  2.3711  2.3277  2.2830  2.1640  2.0376  1.9087  1.7802  1.6527
  1.5258  1.3994  1.2743  1.1509  1.0295  0.9104  0.7937  0.6794  0.5679  0.4611
  0.3594
  2.7065  2.6616  2.6155  2.5744  2.5538  2.5764  2.6179  2.6054  2.5581  2.5077
  2.4601  2.4149  2.3713  2.3280  2.2836  2.1661  2.0406  1.9114  1.7821  1.6542
  1.5277  1.4024  1.2787  1.1568  1.0369  0.9190  0.8033  0.6902  0.5795  0.4716
  0.3680
  2.7236  2.6780  2.6312  2.5834  2.5394  2.5081  2.5008  2.5188  2.5340  2.5134
  2.4667  2.4176  2.3710  2.3264  2.2819  2.1656  2.0411  1.9119  1.7819  1.6534
  1.5270  1.4024  1.2799  1.1594  1.0409  0.9245  0.8099  0.6975  0.5876  0.4802
  0.3757
  2.7302  2.6923  2.6491  2.6012  2.5523  2.5060  2.4675  2.4432  2.4343  2.4361
  2.4343  2.4135  2.3724  2.3266  2.2815  2.1662  2.0431  1.9144  1.7841  1.6552
  1.5289  1.4051  1.2836  1.1645  1.0476  0.9327  0.8197  0.7086  0.5996  0.4910
  0.3866
  2.7428  2.7045  2.6631  2.6190  2.5706  2.5209  2.4728  2.4298  2.3952  2.3704
  2.3538  2.3420  2.3285  2.3063  2.2718  2.1658  2.0452  1.9173  1.7869  1.6575
  1.5310  1.4076  1.2871  1.1691  1.0535  0.9401  0.8285  0.7189  0.6111  0.5054
  0.4019
  2.7615  2.7146  2.6730  2.6318  2.5877  2.5392  2.4891  2.4398  2.3935  2.3527
  2.3186  2.2900  2.2661  2.2449  2.2528  2.1644  2.0474  1.9206  1.7903
 [Fe/H] =  0.75 [alpha/Fe] =-0.40 BC value =  H   
  2.8024  2.7504  2.7027  2.6589  2.6287  2.5934  2.5565  2.5197  2.4823  2.4436
  2.4034  2.3621  2.3197  2.2763  2.2321  2.1182  2.0025  1.8880  1.7689
  2.8357  2.7766  2.7228  2.6738  2.6332  2.5964  2.5590  2.5218  2.4849  2.4464
  2.4064  2.3652  2.3227  2.2787  2.2336  2.1179  2.0013  1.8847  1.7656  1.6417
  2.8547  2.8034  2.7463  2.6933  2.6448  2.6044  2.5654  2.5267  2.4893  2.4513
  2.4116  2.3706  2.3282  2.2842  2.2388  2.1214  2.0023  1.8835  1.7637  1.6407
  1.5137
  2.8397  2.8212  2.7702  2.7148  2.6630  2.6160  2.5747  2.5344  2.4945  2.4568
  2.4174  2.3765  2.3342  2.2904  2.2451  2.1268  2.0055  1.8843  1.7632  1.6404
  1.5149  1.3874
  2.7067  2.7954  2.7852  2.7365  2.6831  2.6325  2.5863  2.5435  2.5021  2.4613
  2.4225  2.3818  2.3397  2.2962  2.2512  2.1328  2.0099  1.8866  1.7639  1.6409
  1.5163  1.3905  1.2647  1.1398
  2.6736  2.6575  2.7355  2.7478  2.7030  2.6512  2.6008  2.5541  2.5100  2.4674
  2.4262  2.3857  2.3437  2.3005  2.2559  2.1383  2.0148  1.8898  1.7656  1.6421
  1.5181  1.3935  1.2693  1.1461  1.0247  0.9054  0.7879  0.6732  0.5637  0.4593
  2.6847  2.6405  2.6135  2.6577  2.7046  2.6688  2.6182  2.5675  2.5193  2.4738
  2.4301  2.3879  2.3460  2.3030  2.2588  2.1425  2.0192  1.8933  1.7679  1.6438
  1.5202  1.3966  1.2738  1.1521  1.0322  0.9143  0.7986  0.6849  0.5739  0.4679
  0.3667
  2.7037  2.6551  2.6083  2.5734  2.5807  2.6335  2.6304  2.5835  2.5319  2.4819
  2.4349  2.3899  2.3466  2.3036  2.2597  2.1447  2.0225  1.8965  1.7703  1.6456
  1.5222  1.3997  1.2781  1.1580  1.0395  0.9230  0.8085  0.6962  0.5859  0.4783
  0.3754
  2.7260  2.6747  2.6247  2.5759  2.5354  2.5187  2.5402  2.5645  2.5421  2.4930
  2.4417  2.3927  2.3463  2.3019  2.2579  2.1438  2.0228  1.8970  1.7702  1.6448
  1.5214  1.3995  1.2792  1.1605  1.0436  0.9285  0.8152  0.7038  0.5945  0.4876
  0.3833
  2.7414  2.6953  2.6465  2.5953  2.5449  2.5002  2.4695  2.4611  2.4701  2.4722
  2.4469  2.4000  2.3504  2.3029  2.2575  2.1437  2.0240  1.8989  1.7720  1.6463
  1.5229  1.4017  1.2825  1.1652  1.0500  0.9367  0.8251  0.7152  0.6070  0.5008
  0.3968
  2.7662  2.7169  2.6674  2.6178  2.5656  2.5141  2.4663  2.4273  2.4012  2.3880
  2.3812  2.3691  2.3434  2.3025  2.2568  2.1436  2.0251  1.9009  1.7739  1.6477
  1.5241  1.4032  1.2850  1.1690  1.0553  0.9437  0.8337  0.7255  0.6188  0.5138
  0.4106
  2.8006  2.7395  2.6836  2.6378  2.5881  2.5355  2.4831  2.4333  2.3888  2.3526
  2.3250  2.3038  2.2849  2.2635  2.2558  2.1435  2.0261  1.9030  1.7759
 [Fe/H] =  1.00 [alpha/Fe] =-0.40 BC value =  H   
  2.7754  2.7196  2.6719  2.6315  2.6011  2.5700  2.5358  2.4990  2.4602  2.4197
  2.3780  2.3353  2.2919  2.2480  2.2038  2.0917  1.9776  1.8635  1.7502
  2.8026  2.7465  2.6937  2.6439  2.6050  2.5683  2.5310  2.4933  2.4570  2.4182
  2.3779  2.3365  2.2941  2.2505  2.2059  2.0918  1.9772  1.8624  1.7475  1.6280
  2.8385  2.7761  2.7182  2.6644  2.6161  2.5764  2.5372  2.4986  2.4615  2.4233
  2.3834  2.3423  2.2999  2.2563  2.2115  2.0960  1.9790  1.8627  1.7462  1.6273
  1.5048
  2.8410  2.8012  2.7443  2.6874  2.6343  2.5879  2.5469  2.5066  2.4665  2.4293
  2.3897  2.3487  2.3066  2.2631  2.2183  2.1021  1.9830  1.8644  1.7463  1.6274
  1.5060  1.3823
  2.7668  2.8040  2.7664  2.7111  2.6560  2.6038  2.5584  2.5161  2.4747  2.4341
  2.3955  2.3547  2.3127  2.2695  2.2250  2.1087  1.9883  1.8675  1.7478  1.6283
  1.5076  1.3853  1.2623  1.1397
  2.6721  2.7024  2.7628  2.7307  2.6778  2.6241  2.5728  2.5270  2.4831  2.4406
  2.3998  2.3594  2.3175  2.2746  2.2304  2.1148  1.9939  1.8715  1.7502  1.6299
  1.5096  1.3883  1.2669  1.1459  1.0263  0.9083  0.7919  0.6786  0.5704  0.4666
  2.6776  2.6365  2.6383  2.7105  2.6944  2.6443  2.5913  2.5401  2.4927  2.4477
  2.4040  2.3622  2.3205  2.2777  2.2339  2.1194  1.9989  1.8757  1.7530  1.6319
  1.5117  1.3914  1.2712  1.1518  1.0337  0.9173  0.8028  0.6900  0.5802  0.4753
  0.3746
  2.6970  2.6473  2.6023  2.5834  2.6341  2.6533  2.6097  2.5571  2.5050  2.4558
  2.4094  2.3645  2.3216  2.2788  2.2352  2.1219  2.0025  1.8793  1.7558  1.6340
  1.5138  1.3943  1.2754  1.1574  1.0408  0.9259  0.8127  0.7016  0.5923  0.4857
  0.3836
  2.7247  2.6684  2.6165  2.5686  2.5368  2.5495  2.5863  2.5693  2.5197  2.4669
  2.4160  2.3673  2.3212  2.2771  2.2334  2.1209  2.0026  1.8799  1.7560  1.6335
  1.5130  1.3940  1.2762  1.1596  1.0446  0.9312  0.8195  0.7096  0.6015  0.4953
  0.3916
  2.7449  2.6932  2.6406  2.5873  2.5370  2.4969  2.4813  2.4960  2.5050  2.4775
  2.4277  2.3755  2.3254  2.2778  2.2325  2.1200  2.0030  1.8813  1.7575  1.6347
  1.5141  1.3957  1.2791  1.1640  1.0507  0.9392  0.8292  0.7209  0.6141  0.5089
  0.4055
  2.7786  2.7217  2.6664  2.6126  2.5582  2.5060  2.4605  2.4292  2.4170  2.4166
  2.4076  2.3784  2.3316  2.2816  2.2335  2.1192  2.0028  1.8819  1.7584  1.6352
  1.5145  1.3964  1.2807  1.1670  1.0553  0.9455  0.8375  0.7310  0.6260  0.5222
  0.4198
  2.8256  2.7539  2.6939  2.6386  2.5842  2.5289  2.4754  2.4263  2.3857  2.3571
  2.3389  2.3240  2.3036  2.2731  2.2364  2.1185  2.0020  1.8817  1.7587
