 [Fe/H] = -2.00 [alpha/Fe] =-0.40 BC value =  I   
 -0.2534 -0.2473 -0.4345 -0.4470 -0.3737 -0.2536 -0.1041 -0.0071  0.0801  0.1727
  0.2620  0.3459  0.4237  0.4935  0.5527  0.6768  0.7176  0.6935  0.6925
 -0.2561 -0.1898 -0.1379 -0.1145 -0.1204 -0.1020 -0.0370  0.0463  0.1287  0.2094
  0.2878  0.3619  0.4297  0.4899  0.5418  0.6351  0.6811  0.6908  0.6799  0.6578
 -0.1347 -0.0752 -0.0169  0.0337  0.0714  0.0838  0.0844  0.1116  0.1675  0.2364
  0.3052  0.3717  0.4332  0.4880  0.5351  0.6202  0.6629  0.6710  0.6591  0.6374
  0.6094
 -0.0234  0.0206  0.0707  0.1209  0.1669  0.2065  0.2341  0.2433  0.2525  0.2810
  0.3281  0.3829  0.4371  0.4866  0.5296  0.6078  0.6480  0.6552  0.6423  0.6203
  0.5932  0.5619
  0.0885  0.1150  0.1506  0.1921  0.2344  0.2746  0.3111  0.3422  0.3616  0.3746
  0.3896  0.4157  0.4512  0.4909  0.5288  0.6001  0.6380  0.6440  0.6299  0.6066
  0.5792  0.5485  0.5145  0.4770
  0.2019  0.2143  0.2342  0.2624  0.2956  0.3305  0.3643  0.3962  0.4253  0.4498
  0.4676  0.4812  0.4970  0.5171  0.5404  0.5986  0.6336  0.6388  0.6233  0.5970
  0.5677  0.5364  0.5027  0.4665  0.4275  0.3853  0.3398  0.2907  0.2381  0.1819
  0.3145  0.3168  0.3243  0.3394  0.3606  0.3861  0.4136  0.4412  0.4677  0.4931
  0.5162  0.5351  0.5497  0.5619  0.5745  0.6076  0.6355  0.6414  0.6235  0.5933
  0.5603  0.5267  0.4920  0.4558  0.4179  0.3789  0.3376  0.2921  0.2414  0.1854
  0.1274
  0.4240  0.4194  0.4187  0.4235  0.4337  0.4481  0.4663  0.4869  0.5082  0.5295
  0.5502  0.5693  0.5860  0.5993  0.6100  0.6303  0.6452  0.6482  0.6302  0.5968
  0.5588  0.5211  0.4838  0.4463  0.4080  0.3688  0.3289  0.2868  0.2408  0.1896
  0.1325
  0.5282  0.5191  0.5134  0.5114  0.5134  0.5189  0.5273  0.5387  0.5525  0.5680
  0.5839  0.5993  0.6137  0.6265  0.6373  0.6550  0.6621  0.6593  0.6413  0.6064
  0.5641  0.5210  0.4793  0.4387  0.3986  0.3587  0.3181  0.2765  0.2323  0.1855
  0.1363
  0.6246  0.6130  0.6044  0.5986  0.5953  0.5943  0.5954  0.5986  0.6037  0.6114
  0.6209  0.6312  0.6414  0.6511  0.6598  0.6755  0.6801  0.6736  0.6547  0.6206
  0.5765  0.5291  0.4822  0.4370  0.3936  0.3514  0.3096  0.2679  0.2257  0.1821
  0.1359
  0.7112  0.6997  0.6901  0.6822  0.6758  0.6709  0.6672  0.6646  0.6628  0.6626
  0.6645  0.6682  0.6730  0.6782  0.6832  0.6932  0.6963  0.6879  0.6677  0.6353
  0.5918  0.5427  0.4919  0.4419  0.3939  0.3479  0.3034  0.2602  0.2174  0.1745
  0.1305
  0.7865  0.7836  0.7772  0.7686  0.7589  0.7492  0.7401  0.7323  0.7257  0.7202
  0.7156  0.7121  0.7103  0.7098  0.7103  0.7115  0.7107  0.7016  0.6806
 [Fe/H] = -1.50 [alpha/Fe] =-0.40 BC value =  I   
 -0.5326 -0.5411 -0.5142 -0.4101 -0.2818 -0.1581 -0.0535  0.0346  0.1161  0.1942
  0.2691  0.3404  0.4076  0.4701  0.5267  0.6429  0.7046  0.7158  0.7096
 -0.3590 -0.2947 -0.2772 -0.2844 -0.2267 -0.1254 -0.0234  0.0638  0.1412  0.2142
  0.2837  0.3500  0.4123  0.4698  0.5217  0.6215  0.6784  0.6969  0.6893  0.6680
 -0.2522 -0.1765 -0.1113 -0.0699 -0.0692 -0.0584  0.0057  0.0873  0.1616  0.2295
  0.2939  0.3554  0.4132  0.4667  0.5147  0.6065  0.6593  0.6774  0.6699  0.6489
  0.6209
 -0.1602 -0.0945 -0.0263  0.0381  0.0872  0.1104  0.1111  0.1313  0.1850  0.2457
  0.3045  0.3611  0.4148  0.4645  0.5092  0.5946  0.6439  0.6618  0.6546  0.6336
  0.6061  0.5743
 -0.0687 -0.0183  0.0399  0.0999  0.1554  0.2040  0.2400  0.2584  0.2636  0.2841
  0.3238  0.3715  0.4198  0.4656  0.5072  0.5868  0.6331  0.6505  0.6435  0.6217
  0.5936  0.5621  0.5274  0.4885
  0.0236  0.0619  0.1060  0.1564  0.2081  0.2565  0.3006  0.3390  0.3668  0.3803
  0.3896  0.4076  0.4369  0.4732  0.5102  0.5840  0.6273  0.6440  0.6369  0.6136
  0.5839  0.5514  0.5167  0.4795  0.4400  0.3976  0.3513  0.3006  0.2455  0.1884
  0.1221  0.1479  0.1790  0.2163  0.2588  0.3022  0.3435  0.3820  0.4170  0.4464
  0.4678  0.4808  0.4919  0.5070  0.5274  0.5865  0.6264  0.6423  0.6352  0.6105
  0.5778  0.5430  0.5072  0.4699  0.4308  0.3900  0.3466  0.2998  0.2488  0.1933
  0.1337
  0.2193  0.2384  0.2584  0.2848  0.3152  0.3498  0.3853  0.4197  0.4521  0.4825
  0.5098  0.5325  0.5491  0.5607  0.5708  0.6001  0.6309  0.6452  0.6384  0.6129
  0.5769  0.5385  0.5001  0.4614  0.4220  0.3824  0.3413  0.2974  0.2495  0.1968
  0.1388
  0.3115  0.3277  0.3421  0.3600  0.3813  0.4052  0.4320  0.4602  0.4878  0.5144
  0.5397  0.5631  0.5837  0.6001  0.6120  0.6302  0.6440  0.6527  0.6455  0.6201
  0.5817  0.5389  0.4964  0.4547  0.4136  0.3723  0.3303  0.2863  0.2403  0.1926
  0.1432
  0.3948  0.4101  0.4229  0.4376  0.4522  0.4687  0.4865  0.5062  0.5273  0.5486
  0.5693  0.5893  0.6081  0.6249  0.6389  0.6587  0.6653  0.6653  0.6559  0.6314
  0.5926  0.5467  0.4996  0.4537  0.4092  0.3659  0.3228  0.2797  0.2361  0.1910
  0.1435
  0.4649  0.4845  0.4989  0.5128  0.5238  0.5363  0.5485  0.5609  0.5741  0.5888
  0.6039  0.6188  0.6334  0.6472  0.6597  0.6807  0.6866  0.6819  0.6686  0.6443
  0.6067  0.5598  0.5093  0.4588  0.4100  0.3630  0.3174  0.2728  0.2287  0.1843
  0.1391
  0.5215  0.5509  0.5702  0.5845  0.5953  0.6042  0.6127  0.6211  0.6287  0.6365
  0.6452  0.6543  0.6636  0.6728  0.6817  0.6987  0.7045  0.6986  0.6826
 [Fe/H] = -1.00 [alpha/Fe] =-0.40 BC value =  I   
 -0.7141 -0.6540 -0.5062 -0.3504 -0.2040 -0.0829  0.0043  0.0791  0.1504  0.2186
  0.2829  0.3441  0.4022  0.4572  0.5088  0.6174  0.6908  0.7251  0.7247
 -0.4589 -0.4599 -0.4443 -0.3300 -0.1965 -0.0747  0.0216  0.0977  0.1675  0.2325
  0.2934  0.3510  0.4056  0.4572  0.5054  0.6055  0.6715  0.7020  0.7020  0.6831
 -0.3473 -0.2637 -0.2330 -0.2422 -0.1771 -0.0694  0.0320  0.1132  0.1814  0.2438
  0.3014  0.3556  0.4070  0.4556  0.5008  0.5944  0.6551  0.6835  0.6841  0.6659
  0.6379
 -0.2753 -0.1834 -0.1015 -0.0490 -0.0425 -0.0295  0.0415  0.1245  0.1946  0.2550
  0.3097  0.3608  0.4092  0.4548  0.4974  0.5854  0.6423  0.6690  0.6700  0.6524
  0.6248  0.5922
 -0.2059 -0.1259 -0.0426  0.0338  0.0932  0.1259  0.1304  0.1524  0.2085  0.2677
  0.3200  0.3681  0.4136  0.4564  0.4965  0.5796  0.6331  0.6582  0.6594  0.6422
  0.6144  0.5818  0.5459  0.5069
 -0.1324 -0.0667  0.0054  0.0794  0.1484  0.2065  0.2490  0.2718  0.2787  0.2981
  0.3367  0.3792  0.4211  0.4611  0.4987  0.5770  0.6275  0.6512  0.6522  0.6351
  0.6065  0.5731  0.5371  0.4985  0.4575  0.4134  0.3652  0.3124  0.2557  0.1990
 -0.0548 -0.0011  0.0581  0.1213  0.1856  0.2456  0.2982  0.3419  0.3741  0.3914
  0.4002  0.4145  0.4393  0.4712  0.5047  0.5779  0.6254  0.6478  0.6485  0.6314
  0.6019  0.5667  0.5296  0.4907  0.4500  0.4076  0.3625  0.3137  0.2603  0.2027
  0.1442
  0.0225  0.0700  0.1185  0.1701  0.2242  0.2790  0.3307  0.3770  0.4169  0.4500
  0.4741  0.4884  0.4976  0.5087  0.5254  0.5826  0.6270  0.6478  0.6484  0.6314
  0.6011  0.5637  0.5243  0.4840  0.4430  0.4005  0.3568  0.3110  0.2617  0.2080
  0.1493
  0.0950  0.1418  0.1850  0.2278  0.2718  0.3171  0.3628  0.4065  0.4460  0.4813
  0.5117  0.5362  0.5544  0.5665  0.5753  0.6004  0.6330  0.6517  0.6518  0.6351
  0.6044  0.5647  0.5220  0.4790  0.4362  0.3930  0.3490  0.3030  0.2551  0.2054
  0.1541
  0.1582  0.2069  0.2503  0.2893  0.3263  0.3630  0.4001  0.4376  0.4734  0.5066
  0.5365  0.5629  0.5854  0.6037  0.6173  0.6357  0.6483  0.6594  0.6585  0.6426
  0.6125  0.5717  0.5257  0.4791  0.4332  0.3881  0.3430  0.2979  0.2521  0.2050
  0.1555
  0.2079  0.2626  0.3089  0.3490  0.3844  0.4161  0.4460  0.4758  0.5054  0.5343
  0.5612  0.5856  0.6075  0.6267  0.6428  0.6672  0.6739  0.6740  0.6686  0.6526
  0.6237  0.5830  0.5350  0.4846  0.4348  0.3864  0.3390  0.2925  0.2463  0.1999
  0.1527
  0.2420  0.3055  0.3570  0.4012  0.4387  0.4704  0.4978  0.5221  0.5451  0.5679
  0.5902  0.6110  0.6300  0.6471  0.6623  0.6891  0.6978  0.6938  0.6826
 [Fe/H] = -0.75 [alpha/Fe] =-0.40 BC value =  I   
 -0.7682 -0.6426 -0.4693 -0.3120 -0.1704 -0.0529  0.0326  0.1024  0.1669  0.2319
  0.2923  0.3494  0.4035  0.4547  0.5029  0.6078  0.6836  0.7248  0.7315
 -0.5354 -0.5518 -0.4543 -0.3045 -0.1666 -0.0460  0.0454  0.1177  0.1823  0.2445
  0.3019  0.3559  0.4071  0.4554  0.5010  0.5986  0.6672  0.7035  0.7090  0.6925
 -0.3821 -0.3197 -0.3330 -0.2848 -0.1639 -0.0464  0.0538  0.1306  0.1951  0.2550
  0.3097  0.3608  0.4091  0.4547  0.4978  0.5897  0.6533  0.6864  0.6917  0.6762
  0.6487
 -0.3166 -0.2143 -0.1402 -0.1238 -0.1200 -0.0412  0.0563  0.1409  0.2071  0.2655
  0.3178  0.3662  0.4118  0.4549  0.4955  0.5824  0.6423  0.6731  0.6782  0.6635
  0.6366  0.6035
 -0.2603 -0.1637 -0.0696  0.0064  0.0498  0.0553  0.0789  0.1473  0.2182  0.2766
  0.3275  0.3734  0.4165  0.4571  0.4953  0.5775  0.6343  0.6632  0.6679  0.6538
  0.6271  0.5942  0.5578  0.5181
 -0.2008 -0.1167 -0.0294  0.0549  0.1270  0.1804  0.2088  0.2166  0.2404  0.2897
  0.3393  0.3831  0.4237  0.4618  0.4978  0.5753  0.6291  0.6564  0.6606  0.6468
  0.6201  0.5867  0.5501  0.5109  0.4687  0.4230  0.3736  0.3204  0.2640  0.2061
 -0.1366 -0.0642  0.0116  0.0885  0.1625  0.2278  0.2812  0.3201  0.3414  0.3509
  0.3685  0.3995  0.4347  0.4697  0.5032  0.5760  0.6268  0.6526  0.6565  0.6428
  0.6159  0.5815  0.5438  0.5043  0.4626  0.4186  0.3719  0.3219  0.2681  0.2100
  0.1517
 -0.0721 -0.0058  0.0596  0.1261  0.1926  0.2565  0.3143  0.3633  0.4027  0.4319
  0.4490  0.4586  0.4705  0.4893  0.5141  0.5798  0.6275  0.6519  0.6553  0.6419
  0.6151  0.5793  0.5398  0.4988  0.4567  0.4132  0.3683  0.3210  0.2704  0.2157
  0.1565
 -0.0124  0.0539  0.1145  0.1724  0.2296  0.2861  0.3405  0.3904  0.4337  0.4702
  0.4998  0.5214  0.5353  0.5443  0.5535  0.5899  0.6320  0.6545  0.6574  0.6442
  0.6173  0.5804  0.5384  0.4949  0.4511  0.4068  0.3615  0.3150  0.2668  0.2157
  0.1617
  0.0381  0.1066  0.1681  0.2230  0.2734  0.3218  0.3690  0.4147  0.4568  0.4943
  0.5266  0.5538  0.5755  0.5917  0.6030  0.6209  0.6417  0.6603  0.6627  0.6500
  0.6238  0.5865  0.5423  0.4956  0.4490  0.4028  0.3566  0.3102  0.2631  0.2146
  0.1639
  0.0760  0.1502  0.2147  0.2717  0.3215  0.3649  0.4054  0.4443  0.4818  0.5168
  0.5483  0.5758  0.5994  0.6191  0.6349  0.6576  0.6662  0.6714  0.6710  0.6585
  0.6332  0.5964  0.5509  0.5013  0.4512  0.4019  0.3535  0.3058  0.2584  0.2106
  0.1623
  0.0976  0.1814  0.2513  0.3127  0.3660  0.4106  0.4481  0.4817  0.5131  0.5433
  0.5715  0.5971  0.6197  0.6392  0.6558  0.6840  0.6932  0.6911  0.6833
 [Fe/H] = -0.50 [alpha/Fe] =-0.40 BC value =  I   
 -0.7840 -0.6063 -0.4267 -0.2752 -0.1462 -0.0330  0.0523  0.1228  0.1838  0.2455
  0.3028  0.3567  0.4075  0.4554  0.5004  0.6003  0.6762  0.7212  0.7378
 -0.6364 -0.5870 -0.4320 -0.2718 -0.1382 -0.0247  0.0639  0.1350  0.1981  0.2574
  0.3121  0.3631  0.4113  0.4567  0.4997  0.5935  0.6632  0.7043  0.7157  0.7030
 -0.4184 -0.4127 -0.4003 -0.2761 -0.1378 -0.0217  0.0727  0.1468  0.2100  0.2678
  0.3199  0.3684  0.4140  0.4570  0.4977  0.5866  0.6519  0.6893  0.6993  0.6874
  0.6611
 -0.3454 -0.2431 -0.2050 -0.2144 -0.1373 -0.0230  0.0769  0.1572  0.2215  0.2779
  0.3282  0.3743  0.4173  0.4580  0.4964  0.5808  0.6427  0.6775  0.6866  0.6753
  0.6499  0.6167
 -0.3017 -0.1896 -0.0921 -0.0321 -0.0242 -0.0034  0.0780  0.1629  0.2322  0.2882
  0.3376  0.3816  0.4224  0.4607  0.4969  0.5768  0.6357  0.6686  0.6768  0.6659
  0.6412  0.6085  0.5715  0.5309
 -0.2577 -0.1542 -0.0531  0.0369  0.1039  0.1392  0.1473  0.1775  0.2395  0.2992
  0.3482  0.3909  0.4296  0.4657  0.4998  0.5750  0.6310  0.6622  0.6698  0.6591
  0.6349  0.6022  0.5651  0.5252  0.4822  0.4356  0.3849  0.3299  0.2717  0.2145
 -0.2096 -0.1163 -0.0231  0.0667  0.1471  0.2127  0.2596  0.2852  0.2963  0.3196
  0.3615  0.4025  0.4392  0.4732  0.5052  0.5757  0.6286  0.6583  0.6655  0.6549
  0.6310  0.5980  0.5602  0.5199  0.4774  0.4322  0.3842  0.3329  0.2775  0.2187
  0.1602
 -0.1605 -0.0730  0.0111  0.0931  0.1709  0.2422  0.3024  0.3503  0.3848  0.4053
  0.4166  0.4322  0.4563  0.4847  0.5136  0.5792  0.6289  0.6570  0.6639  0.6536
  0.6299  0.5964  0.5574  0.5159  0.4728  0.4281  0.3812  0.3323  0.2805  0.2250
  0.1654
 -0.1156 -0.0283  0.0521  0.1267  0.1976  0.2645  0.3261  0.3798  0.4241  0.4593
  0.4853  0.5018  0.5121  0.5222  0.5360  0.5867  0.6326  0.6588  0.6651  0.6549
  0.6313  0.5974  0.5567  0.5131  0.4685  0.4231  0.3765  0.3285  0.2787  0.2266
  0.1709
 -0.0794  0.0105  0.0917  0.1642  0.2294  0.2901  0.3469  0.3996  0.4462  0.4858
  0.5186  0.5447  0.5641  0.5771  0.5860  0.6071  0.6392  0.6633  0.6691  0.6593
  0.6363  0.6024  0.5605  0.5145  0.4674  0.4203  0.3729  0.3251  0.2764  0.2264
  0.1742
 -0.0552  0.0404  0.1251  0.2004  0.2654  0.3220  0.3734  0.4213  0.4655  0.5053
  0.5398  0.5688  0.5927  0.6116  0.6259  0.6457  0.6580  0.6714  0.6758  0.6662
  0.6440  0.6106  0.5682  0.5201  0.4702  0.4203  0.3709  0.3220  0.2731  0.2238
  0.1741
 -0.0466  0.0590  0.1489  0.2288  0.2984  0.3568  0.4059  0.4494  0.4890  0.5256
  0.5589  0.5879  0.6127  0.6335  0.6504  0.6775  0.6870  0.6885  0.6859
 [Fe/H] = -0.25 [alpha/Fe] =-0.40 BC value =  I   
 -0.7550 -0.5560 -0.3798 -0.2384 -0.1189 -0.0137  0.0685  0.1411  0.2020  0.2594
  0.3142  0.3657  0.4139  0.4590  0.5014  0.5957  0.6698  0.7198  0.7415
 -0.6199 -0.5756 -0.3959 -0.2371 -0.1089 -0.0027  0.0812  0.1522  0.2141  0.2710
  0.3235  0.3724  0.4181  0.4611  0.5016  0.5910  0.6600  0.7046  0.7218  0.7139
 -0.4834 -0.5062 -0.4057 -0.2494 -0.1099  0.0039  0.0917  0.1638  0.2253  0.2814
  0.3316  0.3780  0.4214  0.4621  0.5006  0.5857  0.6512  0.6921  0.7069  0.6990
  0.6749
 -0.3665 -0.2881 -0.3026 -0.2483 -0.1195  0.0010  0.0981  0.1739  0.2363  0.2915
  0.3401  0.3842  0.4253  0.4637  0.5001  0.5811  0.6436  0.6821  0.6953  0.6876
  0.6645  0.6317
 -0.3297 -0.2073 -0.1212 -0.1039 -0.0952 -0.0044  0.0973  0.1813  0.2467  0.3013
  0.3495  0.3918  0.4307  0.4669  0.5012  0.5777  0.6375  0.6742  0.6864  0.6787
  0.6565  0.6246  0.5871  0.5459
 -0.3011 -0.1788 -0.0682  0.0181  0.0643  0.0713  0.1055  0.1823  0.2546  0.3117
  0.3596  0.4010  0.4380  0.4722  0.5044  0.5763  0.6331  0.6683  0.6798  0.6722
  0.6507  0.6193  0.5821  0.5414  0.4975  0.4499  0.3979  0.3414  0.2822  0.2245
 -0.2702 -0.1550 -0.0458  0.0526  0.1343  0.1918  0.2217  0.2342  0.2662  0.3207
  0.3704  0.4118  0.4474  0.4798  0.5100  0.5773  0.6308  0.6644  0.6755  0.6680
  0.6469  0.6159  0.5785  0.5377  0.4943  0.4480  0.3987  0.3458  0.2889  0.2292
  0.1704
 -0.2401 -0.1283 -0.0247  0.0711  0.1580  0.2322  0.2905  0.3316  0.3556  0.3695
  0.3912  0.4254  0.4593  0.4898  0.5181  0.5808  0.6309  0.6627  0.6735  0.6663
  0.6455  0.6145  0.5766  0.5350  0.4912  0.4455  0.3972  0.3465  0.2931  0.2363
  0.1759
 -0.2122 -0.1002  0.0010  0.0925  0.1759  0.2512  0.3172  0.3715  0.4138  0.4446
  0.4644  0.4770  0.4908  0.5092  0.5313  0.5878  0.6342  0.6639  0.6740  0.6669
  0.6462  0.6151  0.5764  0.5333  0.4882  0.4419  0.3940  0.3447  0.2934  0.2393
  0.1821
 -0.1924 -0.0780  0.0249  0.1157  0.1959  0.2679  0.3328  0.3905  0.4392  0.4789
  0.5102  0.5335  0.5493  0.5598  0.5687  0.5996  0.6398  0.6674  0.6769  0.6702
  0.6500  0.6190  0.5798  0.5352  0.4882  0.4405  0.3920  0.3428  0.2924  0.2401
  0.1866
 -0.1840 -0.0634  0.0431  0.1374  0.2187  0.2887  0.3505  0.4061  0.4555  0.4983
  0.5340  0.5630  0.5859  0.6032  0.6152  0.6329  0.6519  0.6738  0.6824  0.6758
  0.6562  0.6257  0.5863  0.5405  0.4914  0.4414  0.3913  0.3411  0.2907  0.2397
  0.1884
 -0.1898 -0.0596  0.0529  0.1523  0.2387  0.3114  0.3724  0.4253  0.4723  0.5142
  0.5510  0.5821  0.6078  0.6287  0.6451  0.6695  0.6796  0.6865  0.6906
 [Fe/H] =  0.00 [alpha/Fe] =-0.40 BC value =  I   
 -0.7051 -0.5078 -0.3423 -0.2108 -0.0932  0.0084  0.0859  0.1546  0.2172  0.2732
  0.3259  0.3758  0.4221  0.4652  0.5054  0.5947  0.6631  0.7119  0.7439
 -0.6734 -0.5417 -0.3586 -0.2068 -0.0850  0.0188  0.0978  0.1673  0.2294  0.2846
  0.3354  0.3828  0.4268  0.4678  0.5065  0.5916  0.6589  0.7051  0.7271  0.7248
 -0.5822 -0.5416 -0.3834 -0.2189 -0.0839  0.0249  0.1103  0.1796  0.2401  0.2952
  0.3439  0.3889  0.4306  0.4695  0.5062  0.5876  0.6520  0.6951  0.7143  0.7108
  0.6896
 -0.4470 -0.3745 -0.3660 -0.2367 -0.0938  0.0241  0.1174  0.1905  0.2512  0.3055
  0.3527  0.3954  0.4349  0.4717  0.5063  0.5837  0.6457  0.6868  0.7043  0.7003
  0.6800  0.6484
 -0.3445 -0.2249 -0.1794 -0.1900 -0.1037  0.0163  0.1182  0.1985  0.2617  0.3150
  0.3621  0.4032  0.4406  0.4753  0.5078  0.5808  0.6403  0.6800  0.6964  0.6923
  0.6728  0.6422  0.6046  0.5630
 -0.3274 -0.1925 -0.0810 -0.0145 -0.0075  0.0223  0.1132  0.2008  0.2705  0.3252
  0.3721  0.4124  0.4481  0.4808  0.5113  0.5797  0.6361  0.6744  0.6904  0.6863
  0.6673  0.6377  0.6008  0.5595  0.5147  0.4662  0.4130  0.3548  0.2947  0.2363
 -0.3148 -0.1797 -0.0584  0.0433  0.1167  0.1526  0.1639  0.2050  0.2736  0.3346
  0.3823  0.4229  0.4574  0.4885  0.5171  0.5809  0.6337  0.6705  0.6861  0.6822
  0.6637  0.6348  0.5983  0.5571  0.5130  0.4658  0.4149  0.3603  0.3022  0.2416
  0.1824
 -0.3036 -0.1696 -0.0480  0.0590  0.1503  0.2223  0.2717  0.2987  0.3151  0.3462
  0.3927  0.4339  0.4686  0.4982  0.5253  0.5846  0.6337  0.6684  0.6836  0.6801
  0.6621  0.6334  0.5970  0.5557  0.5114  0.4648  0.4155  0.3637  0.3085  0.2496
  0.1884
 -0.2980 -0.1598 -0.0377  0.0698  0.1635  0.2442  0.3107  0.3619  0.3982  0.4212
  0.4372  0.4570  0.4842  0.5115  0.5367  0.5916  0.6370  0.6692  0.6834  0.6800
  0.6621  0.6335  0.5969  0.5549  0.5098  0.4629  0.4140  0.3631  0.3101  0.2544
  0.1954
 -0.2972 -0.1557 -0.0309  0.0788  0.1732  0.2548  0.3253  0.3851  0.4334  0.4709
  0.4986  0.5177  0.5310  0.5434  0.5576  0.6009  0.6422  0.6720  0.6854  0.6822
  0.6648  0.6364  0.5997  0.5570  0.5108  0.4629  0.4137  0.3632  0.3112  0.2576
  0.2018
 -0.3003 -0.1573 -0.0294  0.0848  0.1828  0.2655  0.3362  0.3975  0.4500  0.4938
  0.5291  0.5567  0.5776  0.5925  0.6029  0.6232  0.6509  0.6775  0.6898  0.6866
  0.6698  0.6418  0.6051  0.5619  0.5144  0.4649  0.4143  0.3632  0.3114  0.2586
  0.2052
 -0.3073 -0.1646 -0.0321  0.0847  0.1886  0.2760  0.3484  0.4096  0.4623  0.5078
  0.5464  0.5782  0.6038  0.6239  0.6726  0.6585  0.6631  0.6857  0.6966
 [Fe/H] =  0.25 [alpha/Fe] =-0.40 BC value =  I   
 -0.6529 -0.4597 -0.3049 -0.1847 -0.0690  0.0275  0.1058  0.1717  0.2330  0.2870
  0.3385  0.3870  0.4321  0.4737  0.5122  0.5971  0.6631  0.7118  0.7456
 -0.6970 -0.4979 -0.3199 -0.1764 -0.0619  0.0377  0.1175  0.1837  0.2453  0.2986
  0.3482  0.3944  0.4372  0.4768  0.5139  0.5953  0.6603  0.7067  0.7321  0.7352
 -0.5591 -0.5323 -0.3440 -0.1879 -0.0602  0.0443  0.1282  0.1956  0.2553  0.3093
  0.3570  0.4008  0.4413  0.4790  0.5142  0.5922  0.6548  0.6989  0.7216  0.7227
  0.7051
 -0.4401 -0.4670 -0.3710 -0.2109 -0.0676  0.0447  0.1352  0.2065  0.2659  0.3197
  0.3659  0.4076  0.4460  0.4815  0.5148  0.5889  0.6494  0.6921  0.7133  0.7135
  0.6964  0.6666
 -0.3544 -0.2590 -0.2728 -0.2185 -0.0850  0.0395  0.1381  0.2151  0.2764  0.3288
  0.3754  0.4155  0.4519  0.4853  0.5166  0.5864  0.6444  0.6860  0.7065  0.7064
  0.6898  0.6611  0.6240  0.5813
 -0.3415 -0.2007 -0.1019 -0.0822 -0.0713  0.0276  0.1336  0.2191  0.2857  0.3391
  0.3853  0.4247  0.4594  0.4910  0.5202  0.5854  0.6404  0.6807  0.7010  0.7010
  0.6849  0.6571  0.6210  0.5793  0.5340  0.4843  0.4293  0.3702  0.3094  0.2500
 -0.3427 -0.1923 -0.0653  0.0311  0.0804  0.0877  0.1324  0.2164  0.2906  0.3487
  0.3953  0.4351  0.4688  0.4987  0.5261  0.5867  0.6380  0.6766  0.6967  0.6971
  0.6815  0.6544  0.6191  0.5780  0.5333  0.4856  0.4341  0.3781  0.3177  0.2562
  0.1961
 -0.3496 -0.1951 -0.0602  0.0529  0.1433  0.2049  0.2351  0.2522  0.2943  0.3544
  0.4054  0.4456  0.4797  0.5086  0.5344  0.5905  0.6378  0.6741  0.6937  0.6946
  0.6796  0.6530  0.6183  0.5775  0.5331  0.4860  0.4355  0.3817  0.3249  0.2652
  0.2030
 -0.3672 -0.2030 -0.0622  0.0574  0.1574  0.2395  0.3022  0.3452  0.3708  0.3904
  0.4195  0.4584  0.4922  0.5210  0.5456  0.5976  0.6410  0.6745  0.6928  0.6937
  0.6791  0.6528  0.6181  0.5774  0.5328  0.4857  0.4361  0.3841  0.3296  0.2721
  0.2111
 -0.3860 -0.2177 -0.0715  0.0548  0.1601  0.2481  0.3214  0.3805  0.4256  0.4583
  0.4807  0.4978  0.5160  0.5376  0.5592  0.6066  0.6462  0.6767  0.6938  0.6948
  0.6808  0.6549  0.6204  0.5797  0.5347  0.4871  0.4375  0.3861  0.3328  0.2772
  0.2195
 -0.4174 -0.2404 -0.0867  0.0460  0.1588  0.2514  0.3284  0.3931  0.4466  0.4895
  0.5230  0.5480  0.5663  0.5798  0.5915  0.6209  0.6542  0.6817  0.6973  0.6980
  0.6846  0.6592  0.6249  0.5841  0.5386  0.4901  0.4396  0.3879  0.3349  0.2805
  0.2248
 -0.4614 -0.2710 -0.1052  0.0297  0.1509  0.2514  0.3330  0.4004  0.4568  0.5043
  0.5435  0.5748  0.5993  0.6180  0.6425  0.6405  0.6650  0.6895  0.7033
 [Fe/H] =  0.50 [alpha/Fe] =-0.40 BC value =  I   
 -0.5825 -0.4129 -0.2729 -0.1596 -0.0439  0.0477  0.1223  0.1877  0.2466  0.3009
  0.3518  0.3994  0.4435  0.4842  0.5217  0.6030  0.6686  0.7165  0.7472
 -0.6567 -0.4508 -0.2834 -0.1507 -0.0393  0.0572  0.1343  0.1988  0.2596  0.3125
  0.3615  0.4069  0.4489  0.4877  0.5237  0.6022  0.6647  0.7103  0.7375  0.7446
 -0.6765 -0.4998 -0.3135 -0.1586 -0.0401  0.0631  0.1451  0.2108  0.2708  0.3235
  0.3703  0.4135  0.4534  0.4901  0.5244  0.5997  0.6603  0.7043  0.7293  0.7346
  0.7210
 -0.4728 -0.5055 -0.3497 -0.1817 -0.0431  0.0642  0.1526  0.2219  0.2802  0.3340
  0.3794  0.4204  0.4581  0.4929  0.5252  0.5967  0.6554  0.6985  0.7226  0.7269
  0.7133  0.6858
 -0.3675 -0.3356 -0.3351 -0.2073 -0.0604  0.0613  0.1555  0.2308  0.2909  0.3428
  0.3890  0.4284  0.4641  0.4968  0.5271  0.5943  0.6506  0.6929  0.7165  0.7208
  0.7075  0.6810  0.6449  0.6021
 -0.3468 -0.2102 -0.1511 -0.1641 -0.0763  0.0481  0.1539  0.2362  0.3003  0.3527
  0.3988  0.4376  0.4716  0.5024  0.5308  0.5934  0.6466  0.6877  0.7114  0.7158
  0.7030  0.6774  0.6424  0.6008  0.5546  0.5045  0.4488  0.3876  0.3261  0.2656
 -0.3553 -0.1971 -0.0714  0.0048  0.0123  0.0468  0.1440  0.2354  0.3066  0.3629
  0.4082  0.4479  0.4810  0.5101  0.5367  0.5947  0.6440  0.6833  0.7069  0.7119
  0.6998  0.6748  0.6408  0.6002  0.5552  0.5066  0.4542  0.3973  0.3353  0.2731
  0.2119
 -0.3788 -0.2075 -0.0650  0.0492  0.1304  0.1680  0.1814  0.2326  0.3069  0.3697
  0.4187  0.4580  0.4918  0.5200  0.5450  0.5985  0.6438  0.6804  0.7034  0.7091
  0.6977  0.6734  0.6401  0.6003  0.5560  0.5086  0.4579  0.4039  0.3456  0.2830
  0.2200
 -0.4148 -0.2291 -0.0744  0.0523  0.1547  0.2334  0.2857  0.3135  0.3355  0.3762
  0.4276  0.4702  0.5036  0.5322  0.5562  0.6057  0.6468  0.6803  0.7019  0.7075
  0.6968  0.6730  0.6400  0.6006  0.5567  0.5097  0.4599  0.4072  0.3514  0.2922
  0.2292
 -0.4614 -0.2636 -0.0968  0.0420  0.1543  0.2454  0.3183  0.3734  0.4115  0.4370
  0.4585  0.4849  0.5170  0.5446  0.5685  0.6148  0.6521  0.6822  0.7020  0.7075
  0.6976  0.6746  0.6421  0.6031  0.5593  0.5124  0.4628  0.4109  0.3566  0.2996
  0.2384
 -0.5248 -0.3110 -0.1301  0.0211  0.1451  0.2444  0.3251  0.3910  0.4433  0.4835
  0.5133  0.5352  0.5528  0.5698  0.5874  0.6268  0.6600  0.6870  0.7047  0.7096
  0.7003  0.6781  0.6461  0.6072  0.5635  0.5163  0.4663  0.4145  0.3607  0.3050
  0.2473
 -0.6049 -0.3713 -0.1663 -0.0097  0.1259  0.2365  0.3246  0.3959  0.4544  0.5023
  0.5406  0.5705  0.5933  0.6106  0.6129  0.6417  0.6705  0.6947  0.7100
 [Fe/H] =  0.75 [alpha/Fe] =-0.40 BC value =  I   
 -0.5300 -0.3743 -0.2442 -0.1372 -0.0220  0.0638  0.1358  0.2014  0.2613  0.3159
  0.3660  0.4128  0.4563  0.4963  0.5331  0.6118  0.6746  0.7205  0.7509
 -0.5954 -0.4054 -0.2507 -0.1278 -0.0183  0.0743  0.1495  0.2147  0.2745  0.3276
  0.3756  0.4205  0.4620  0.5003  0.5356  0.6118  0.6721  0.7165  0.7442  0.7544
 -0.6564 -0.4584 -0.2779 -0.1318 -0.0195  0.0811  0.1605  0.2256  0.2861  0.3378
  0.3843  0.4271  0.4665  0.5028  0.5365  0.6098  0.6686  0.7119  0.7381  0.7466
  0.7369
 -0.6127 -0.5006 -0.3189 -0.1529 -0.0213  0.0815  0.1686  0.2369  0.2941  0.3483
  0.3932  0.4340  0.4713  0.5056  0.5374  0.6070  0.6641  0.7068  0.7326  0.7405
  0.7306  0.7058
 -0.4033 -0.4275 -0.3440 -0.1838 -0.0358  0.0803  0.1723  0.2457  0.3050  0.3566
  0.4028  0.4418  0.4771  0.5095  0.5393  0.6047  0.6593  0.7015  0.7273  0.7353
  0.7257  0.7018  0.6670  0.6241
 -0.3492 -0.2333 -0.2381 -0.1934 -0.0591  0.0701  0.1716  0.2513  0.3145  0.3662
  0.4123  0.4509  0.4845  0.5150  0.5429  0.6037  0.6552  0.6961  0.7222  0.7307
  0.7217  0.6986  0.6651  0.6238  0.5771  0.5259  0.4691  0.4069  0.3451  0.2833
 -0.3574 -0.1992 -0.0849 -0.0552 -0.0474  0.0536  0.1639  0.2529  0.3216  0.3764
  0.4213  0.4610  0.4938  0.5225  0.5486  0.6048  0.6524  0.6914  0.7174  0.7266
  0.7186  0.6963  0.6637  0.6238  0.5787  0.5296  0.4765  0.4181  0.3549  0.2921
  0.2297
 -0.3916 -0.2102 -0.0664  0.0423  0.0998  0.1075  0.1575  0.2466  0.3242  0.3842
  0.4318  0.4707  0.5044  0.5322  0.5567  0.6085  0.6519  0.6880  0.7133  0.7232
  0.7162  0.6949  0.6632  0.6243  0.5804  0.5327  0.4818  0.4269  0.3671  0.3031
  0.2392
 -0.4375 -0.2399 -0.0782  0.0511  0.1517  0.2200  0.2515  0.2724  0.3240  0.3888
  0.4421  0.4828  0.5159  0.5443  0.5678  0.6157  0.6548  0.6875  0.7110  0.7210
  0.7149  0.6943  0.6633  0.6250  0.5818  0.5350  0.4849  0.4318  0.3751  0.3144
  0.2496
 -0.5084 -0.2890 -0.1084  0.0372  0.1527  0.2441  0.3130  0.3589  0.3863  0.4116
  0.4488  0.4922  0.5277  0.5559  0.5799  0.6247  0.6600  0.6891  0.7104  0.7200
  0.7149  0.6955  0.6653  0.6276  0.5849  0.5386  0.4893  0.4373  0.3824  0.3243
  0.2629
 -0.6028 -0.3575 -0.1551  0.0086  0.1392  0.2421  0.3241  0.3890  0.4377  0.4726
  0.4980  0.5203  0.5447  0.5712  0.5937  0.6363  0.6679  0.6936  0.7124  0.7210
  0.7163  0.6981  0.6688  0.6317  0.5893  0.5432  0.4940  0.4424  0.3884  0.3318
  0.2727
 -0.7207 -0.4454 -0.2154 -0.0347  0.1124  0.2294  0.3211  0.3944  0.4533  0.5002
  0.5364  0.5638  0.5851  0.6028  0.6092  0.6505  0.6785  0.7010  0.7170
 [Fe/H] =  1.00 [alpha/Fe] =-0.40 BC value =  I   
 -0.4743 -0.3441 -0.2246 -0.1148 -0.0046  0.0915  0.1719  0.2399  0.2980  0.3486
  0.3936  0.4346  0.4730  0.5102  0.5464  0.6234  0.6843  0.7288  0.7568
 -0.5492 -0.3663 -0.2209 -0.1093 -0.0003  0.0903  0.1643  0.2292  0.2896  0.3423
  0.3906  0.4354  0.4766  0.5145  0.5493  0.6241  0.6827  0.7259  0.7529  0.7643
 -0.6263 -0.4154 -0.2445 -0.1097 -0.0014  0.0978  0.1754  0.2405  0.3009  0.3525
  0.3990  0.4417  0.4810  0.5172  0.5505  0.6225  0.6798  0.7222  0.7487  0.7592
  0.7529
 -0.6414 -0.4733 -0.2852 -0.1257 -0.0040  0.0982  0.1842  0.2515  0.3084  0.3628
  0.4076  0.4483  0.4856  0.5198  0.5513  0.6199  0.6756  0.7177  0.7442  0.7545
  0.7481  0.7262
 -0.4864 -0.4738 -0.3274 -0.1571 -0.0132  0.0950  0.1875  0.2605  0.3192  0.3715
  0.4169  0.4558  0.4912  0.5234  0.5530  0.6174  0.6708  0.7124  0.7394  0.7502
  0.7442  0.7232  0.6900  0.6477
 -0.3555 -0.2940 -0.3043 -0.1865 -0.0369  0.0903  0.1863  0.2664  0.3285  0.3797
  0.4263  0.4647  0.4983  0.5286  0.5563  0.6162  0.6664  0.7068  0.7342  0.7459
  0.7408  0.7207  0.6889  0.6483  0.6016  0.5491  0.4907  0.4282  0.3660  0.3030
 -0.3553 -0.2028 -0.1206 -0.1332 -0.0549  0.0719  0.1829  0.2676  0.3358  0.3900
  0.4344  0.4745  0.5072  0.5358  0.5617  0.6171  0.6633  0.7016  0.7288  0.7415
  0.7377  0.7188  0.6881  0.6490  0.6038  0.5541  0.4998  0.4402  0.3765  0.3132
  0.2496
 -0.3880 -0.2082 -0.0679  0.0244  0.0389  0.0694  0.1690  0.2646  0.3395  0.3979
  0.4449  0.4835  0.5176  0.5453  0.5696  0.6205  0.6625  0.6977  0.7240  0.7375
  0.7351  0.7174  0.6879  0.6500  0.6063  0.5583  0.5065  0.4508  0.3900  0.3251
  0.2608
 -0.4439 -0.2403 -0.0766  0.0511  0.1438  0.1884  0.2031  0.2595  0.3383  0.4048
  0.4561  0.4955  0.5286  0.5571  0.5805  0.6274  0.6651  0.6968  0.7212  0.7344
  0.7330  0.7166  0.6880  0.6511  0.6084  0.5616  0.5113  0.4577  0.4004  0.3384
  0.2724
 -0.5322 -0.2986 -0.1100  0.0380  0.1533  0.2415  0.3002  0.3303  0.3566  0.4047
  0.4604  0.5055  0.5400  0.5682  0.5922  0.6363  0.6700  0.6979  0.7197  0.7324
  0.7319  0.7170  0.6897  0.6537  0.6120  0.5661  0.5169  0.4648  0.4096  0.3507
  0.2879
 -0.6519 -0.3831 -0.1656  0.0056  0.1388  0.2424  0.3236  0.3846  0.4260  0.4541
  0.4811  0.5147  0.5514  0.5811  0.6046  0.6477  0.6779  0.7022  0.7211  0.7323
  0.7321  0.7186  0.6926  0.6576  0.6165  0.5712  0.5226  0.4713  0.4173  0.3603
  0.3002
 -0.8031 -0.4938 -0.2434 -0.0473  0.1076  0.2276  0.3207  0.3944  0.4522  0.4962
  0.5287  0.5539  0.5765  0.5993  0.6177  0.6616  0.6888  0.7097  0.7254
