 [Fe/H] = -2.00 [alpha/Fe] =-0.40 BC value =  R   
 -1.7489 -1.7073 -1.8978 -1.8542 -1.7072 -1.5002 -1.2717 -1.1200 -0.9875 -0.8501
 -0.7205 -0.6000 -0.4894 -0.3889 -0.2987 -0.1115  0.0275  0.1425  0.1933
 -1.7533 -1.5929 -1.4605 -1.3740 -1.3316 -1.2601 -1.1328 -0.9915 -0.8616 -0.7393
 -0.6228 -0.5139 -0.4141 -0.3235 -0.2417 -0.0722  0.0511  0.1328  0.1833  0.2137
 -1.5903 -1.4348 -1.2888 -1.1616 -1.0601 -0.9983 -0.9543 -0.8773 -0.7720 -0.6592
 -0.5536 -0.4549 -0.3639 -0.2813 -0.2069 -0.0540  0.0553  0.1266  0.1704  0.1975
  0.2137
 -1.4551 -1.3182 -1.1795 -1.0484 -0.9317 -0.8329 -0.7566 -0.7067 -0.6576 -0.5864
 -0.4987 -0.4100 -0.3277 -0.2523 -0.1839 -0.0430  0.0570  0.1202  0.1585  0.1823
  0.1972  0.2053
 -1.3310 -1.2168 -1.0942 -0.9707 -0.8540 -0.7495 -0.6594 -0.5837 -0.5273 -0.4799
 -0.4283 -0.3645 -0.2953 -0.2279 -0.1657 -0.0351  0.0585  0.1160  0.1492  0.1690
  0.1816  0.1888  0.1915  0.1898
 -1.2153 -1.1186 -1.0161 -0.9061 -0.7964 -0.6929 -0.6006 -0.5206 -0.4524 -0.3950
 -0.3463 -0.3007 -0.2511 -0.1980 -0.1449 -0.0268  0.0617  0.1158  0.1448  0.1593
  0.1681  0.1730  0.1745  0.1730  0.1689  0.1611  0.1489  0.1312  0.1076  0.0778
 -1.1099 -1.0246 -0.9382 -0.8437 -0.7451 -0.6477 -0.5565 -0.4752 -0.4057 -0.3460
 -0.2934 -0.2459 -0.2022 -0.1594 -0.1161 -0.0141  0.0679  0.1213  0.1465  0.1555
  0.1588  0.1598  0.1587  0.1556  0.1507  0.1455  0.1378  0.1245  0.1035  0.0743
  0.0408
 -1.0169 -0.9380 -0.8604 -0.7787 -0.6930 -0.6052 -0.5189 -0.4383 -0.3676 -0.3075
 -0.2557 -0.2092 -0.1656 -0.1248 -0.0858  0.0038  0.0775  0.1290  0.1537  0.1589
  0.1562  0.1515  0.1460  0.1399  0.1328  0.1249  0.1173  0.1075  0.0924  0.0696
  0.0377
 -0.9380 -0.8619 -0.7874 -0.7109 -0.6362 -0.5588 -0.4806 -0.4043 -0.3339 -0.2724
 -0.2204 -0.1758 -0.1351 -0.0965 -0.0594  0.0238  0.0909  0.1388  0.1644  0.1684
  0.1610  0.1500  0.1387  0.1277  0.1169  0.1064  0.0956  0.0841  0.0697  0.0523
  0.0320
 -0.8753 -0.7994 -0.7249 -0.6519 -0.5802 -0.5099 -0.4404 -0.3708 -0.3037 -0.2420
 -0.1885 -0.1435 -0.1049 -0.0690 -0.0351  0.0413  0.1044  0.1496  0.1753  0.1808
  0.1721  0.1566  0.1391  0.1221  0.1061  0.0913  0.0771  0.0635  0.0496  0.0344
  0.0182
 -0.8263 -0.7472 -0.6713 -0.5986 -0.5286 -0.4613 -0.3965 -0.3337 -0.2721 -0.2131
 -0.1592 -0.1126 -0.0737 -0.0406 -0.0106  0.0585  0.1178  0.1607  0.1855  0.1930
  0.1854  0.1685  0.1470  0.1243  0.1023  0.0819  0.0629  0.0454  0.0287  0.0122
 -0.0052
 -0.7753 -0.6818 -0.6020 -0.5322 -0.4691 -0.4097 -0.3518 -0.2939 -0.2370 -0.1824
 -0.1311 -0.0843 -0.0439 -0.0103  0.0179  0.0778  0.1310  0.1718  0.1960
 [Fe/H] = -1.50 [alpha/Fe] =-0.40 BC value =  R   
 -2.0891 -2.0403 -1.9485 -1.7556 -1.5322 -1.3190 -1.1415 -0.9974 -0.8690 -0.7485
 -0.6340 -0.5264 -0.4264 -0.3342 -0.2501 -0.0759  0.0535  0.1511  0.2062
 -1.8374 -1.6867 -1.6060 -1.5607 -1.4280 -1.2409 -1.0614 -0.9134 -0.7884 -0.6738
 -0.5660 -0.4651 -0.3719 -0.2868 -0.2098 -0.0515  0.0652  0.1455  0.1962  0.2268
 -1.6973 -1.5262 -1.3780 -1.2667 -1.2122 -1.1439 -1.0068 -0.8578 -0.7311 -0.6218
 -0.5202 -0.4255 -0.3382 -0.2586 -0.1869 -0.0399  0.0673  0.1401  0.1850  0.2121
  0.2280
 -1.5946 -1.4316 -1.2750 -1.1302 -1.0106 -0.9287 -0.8785 -0.8028 -0.6902 -0.5829
 -0.4863 -0.3973 -0.3152 -0.2405 -0.1730 -0.0346  0.0663  0.1342  0.1750  0.1988
  0.2129  0.2205
 -1.5071 -1.3596 -1.2104 -1.0672 -0.9362 -0.8198 -0.7257 -0.6578 -0.6080 -0.5406
 -0.4575 -0.3736 -0.2963 -0.2260 -0.1623 -0.0313  0.0649  0.1296  0.1673  0.1876
  0.1992  0.2054  0.2072  0.2038
 -1.4311 -1.2956 -1.1589 -1.0223 -0.8919 -0.7721 -0.6645 -0.5716 -0.4974 -0.4445
 -0.3979 -0.3411 -0.2760 -0.2107 -0.1509 -0.0269  0.0653  0.1278  0.1631  0.1798
  0.1876  0.1912  0.1916  0.1890  0.1845  0.1766  0.1635  0.1440  0.1175  0.0863
 -1.3557 -1.2335 -1.1103 -0.9843 -0.8597 -0.7415 -0.6330 -0.5357 -0.4506 -0.3797
 -0.3231 -0.2779 -0.2336 -0.1851 -0.1342 -0.0195  0.0685  0.1293  0.1634  0.1769
  0.1800  0.1796  0.1772  0.1728  0.1666  0.1593  0.1493  0.1344  0.1131  0.0845
  0.0490
 -1.2865 -1.1714 -1.0620 -0.9467 -0.8308 -0.7174 -0.6107 -0.5129 -0.4257 -0.3495
 -0.2850 -0.2311 -0.1854 -0.1446 -0.1045 -0.0063  0.0753  0.1342  0.1680  0.1796
  0.1782  0.1726  0.1658  0.1583  0.1499  0.1424  0.1338  0.1216  0.1038  0.0789
  0.0459
 -1.2295 -1.1156 -1.0119 -0.9069 -0.7998 -0.6932 -0.5906 -0.4941 -0.4063 -0.3283
 -0.2611 -0.2041 -0.1547 -0.1113 -0.0725  0.0143  0.0876  0.1428  0.1762  0.1876
  0.1830  0.1718  0.1594  0.1471  0.1351  0.1232  0.1108  0.0964  0.0797  0.0611
  0.0408
 -1.1924 -1.0728 -0.9673 -0.8681 -0.7696 -0.6703 -0.5726 -0.4792 -0.3923 -0.3132
 -0.2438 -0.1845 -0.1340 -0.0898 -0.0500  0.0341  0.1022  0.1534  0.1860  0.1985
  0.1934  0.1785  0.1604  0.1423  0.1252  0.1090  0.0934  0.0782  0.0626  0.0458
  0.0279
 -1.1854 -1.0444 -0.9302 -0.8317 -0.7394 -0.6467 -0.5547 -0.4648 -0.3798 -0.3010
 -0.2299 -0.1679 -0.1154 -0.0707 -0.0314  0.0515  0.1170  0.1655  0.1966  0.2101
  0.2064  0.1905  0.1686  0.1449  0.1219  0.1003  0.0799  0.0609  0.0427  0.0246
  0.0058
 -1.2023 -1.0305 -0.9008 -0.7979 -0.7088 -0.6226 -0.5365 -0.4511 -0.3683 -0.2903
 -0.2188 -0.1547 -0.0990 -0.0521 -0.0124  0.0676  0.1309  0.1778  0.2077
 [Fe/H] = -1.00 [alpha/Fe] =-0.40 BC value =  R   
 -2.2929 -2.1565 -1.9083 -1.6491 -1.3986 -1.1849 -1.0261 -0.8941 -0.7749 -0.6653
 -0.5622 -0.4649 -0.3737 -0.2888 -0.2103 -0.0451  0.0787  0.1673  0.2251
 -1.9346 -1.8797 -1.8054 -1.6003 -1.3694 -1.1532 -0.9764 -0.8386 -0.7198 -0.6133
 -0.5141 -0.4211 -0.3343 -0.2540 -0.1804 -0.0276  0.0848  0.1638  0.2153  0.2462
 -1.7886 -1.6170 -1.5232 -1.4827 -1.3395 -1.1411 -0.9552 -0.8043 -0.6829 -0.5783
 -0.4826 -0.3935 -0.3107 -0.2344 -0.1646 -0.0204  0.0851  0.1585  0.2058  0.2335
  0.2490
 -1.7147 -1.5232 -1.3573 -1.2349 -1.1734 -1.1002 -0.9491 -0.7906 -0.6592 -0.5530
 -0.4598 -0.3741 -0.2949 -0.2220 -0.1555 -0.0180  0.0827  0.1527  0.1972  0.2225
  0.2360  0.2425
 -1.6611 -1.4756 -1.2995 -1.1414 -1.0099 -0.9143 -0.8557 -0.7721 -0.6493 -0.5348
 -0.4415 -0.3583 -0.2821 -0.2123 -0.1486 -0.0170  0.0799  0.1475  0.1901  0.2133
  0.2245  0.2295  0.2301  0.2276
 -1.6163 -1.4412 -1.2695 -1.1070 -0.9585 -0.8290 -0.7231 -0.6446 -0.5874 -0.5142
 -0.4258 -0.3439 -0.2698 -0.2026 -0.1415 -0.0150  0.0785  0.1442  0.1854  0.2068
  0.2154  0.2176  0.2166  0.2125  0.2064  0.1967  0.1814  0.1592  0.1305  0.0999
 -1.5772 -1.4122 -1.2483 -1.0900 -0.9411 -0.8053 -0.6840 -0.5782 -0.4916 -0.4269
 -0.3746 -0.3187 -0.2553 -0.1914 -0.1325 -0.0110  0.0794  0.1434  0.1836  0.2037
  0.2096  0.2084  0.2044  0.1984  0.1904  0.1814  0.1694  0.1523  0.1281  0.0968
  0.0624
 -1.5422 -1.3857 -1.2303 -1.0780 -0.9326 -0.7966 -0.6721 -0.5601 -0.4614 -0.3772
 -0.3089 -0.2572 -0.2130 -0.1672 -0.1182 -0.0039  0.0832  0.1455  0.1852  0.2046
  0.2083  0.2032  0.1952  0.1859  0.1757  0.1644  0.1527  0.1386  0.1195  0.0935
  0.0594
 -1.5172 -1.3600 -1.2124 -1.0667 -0.9254 -0.7921 -0.6683 -0.5547 -0.4522 -0.3614
 -0.2833 -0.2187 -0.1671 -0.1244 -0.0854  0.0100  0.0914  0.1516  0.1906  0.2098
  0.2121  0.2035  0.1905  0.1767  0.1628  0.1488  0.1341  0.1173  0.0984  0.0776
  0.0550
 -1.5120 -1.3473 -1.1976 -1.0591 -0.9231 -0.7924 -0.6701 -0.5570 -0.4534 -0.3597
 -0.2767 -0.2056 -0.1464 -0.0975 -0.0558  0.0302  0.1036  0.1601  0.1984  0.2180
  0.2205  0.2098  0.1924  0.1732  0.1544  0.1363  0.1184  0.1009  0.0830  0.0638
  0.0418
 -1.5416 -1.3400 -1.1869 -1.0515 -0.9222 -0.7956 -0.6746 -0.5620 -0.4584 -0.3636
 -0.2779 -0.2024 -0.1378 -0.0840 -0.0387  0.0500  0.1187  0.1722  0.2085  0.2284
  0.2319  0.2209  0.2006  0.1765  0.1521  0.1287  0.1064  0.0853  0.0648  0.0443
  0.0232
 -1.6157 -1.3662 -1.1887 -1.0478 -0.9199 -0.7989 -0.6825 -0.5702 -0.4660 -0.3705
 -0.2834 -0.2050 -0.1361 -0.0774 -0.0283  0.0650  0.1335  0.1852  0.2204
 [Fe/H] = -0.75 [alpha/Fe] =-0.40 BC value =  R   
 -2.3436 -2.1333 -1.8541 -1.5929 -1.3474 -1.1355 -0.9771 -0.8497 -0.7370 -0.6306
 -0.5318 -0.4387 -0.3512 -0.2696 -0.1937 -0.0315  0.0910  0.1783  0.2368
 -2.0263 -1.9937 -1.8141 -1.5660 -1.3293 -1.1115 -0.9392 -0.8046 -0.6905 -0.5867
 -0.4908 -0.4012 -0.3173 -0.2393 -0.1672 -0.0157  0.0964  0.1752  0.2272  0.2586
 -1.8236 -1.6857 -1.6526 -1.5365 -1.3230 -1.1128 -0.9254 -0.7781 -0.6600 -0.5572
 -0.4640 -0.3775 -0.2970 -0.2223 -0.1535 -0.0095  0.0963  0.1701  0.2183  0.2470
  0.2624
 -1.7566 -1.5561 -1.4057 -1.3341 -1.2758 -1.1143 -0.9311 -0.7692 -0.6411 -0.5361
 -0.4446 -0.3608 -0.2832 -0.2115 -0.1456 -0.0078  0.0937  0.1644  0.2102  0.2369
  0.2505  0.2566
 -1.7203 -1.5148 -1.3285 -1.1759 -1.0679 -1.0083 -0.9205 -0.7753 -0.6352 -0.5217
 -0.4293 -0.3472 -0.2720 -0.2030 -0.1397 -0.0072  0.0907  0.1592  0.2033  0.2285
  0.2402  0.2447  0.2447  0.2413
 -1.6956 -1.4953 -1.3058 -1.1335 -0.9855 -0.8642 -0.7756 -0.7133 -0.6286 -0.5167
 -0.4172 -0.3351 -0.2615 -0.1945 -0.1335 -0.0059  0.0888  0.1555  0.1984  0.2223
  0.2322  0.2344  0.2326  0.2277  0.2197  0.2079  0.1915  0.1695  0.1415  0.1090
 -1.6774 -1.4845 -1.2984 -1.1240 -0.9655 -0.8257 -0.7052 -0.6050 -0.5293 -0.4696
 -0.4001 -0.3233 -0.2509 -0.1853 -0.1261 -0.0028  0.0889  0.1540  0.1961  0.2190
  0.2272  0.2265  0.2219  0.2150  0.2061  0.1947  0.1805  0.1622  0.1382  0.1062
  0.0712
 -1.6632 -1.4777 -1.2972 -1.1252 -0.9652 -0.8200 -0.6901 -0.5757 -0.4771 -0.3952
 -0.3315 -0.2794 -0.2279 -0.1723 -0.1166  0.0027  0.0915  0.1552  0.1966  0.2191
  0.2260  0.2225  0.2141  0.2040  0.1927  0.1801  0.1669  0.1511  0.1306  0.1035
  0.0688
 -1.6587 -1.4715 -1.2971 -1.1292 -0.9706 -0.8244 -0.6914 -0.5716 -0.4652 -0.3721
 -0.2928 -0.2280 -0.1774 -0.1345 -0.0923  0.0127  0.0981  0.1601  0.2009  0.2230
  0.2290  0.2229  0.2105  0.1960  0.1810  0.1658  0.1497  0.1328  0.1141  0.0915
  0.0648
 -1.6724 -1.4738 -1.3013 -1.1385 -0.9827 -0.8366 -0.7028 -0.5808 -0.4706 -0.3721
 -0.2856 -0.2116 -0.1503 -0.1008 -0.0594  0.0296  0.1076  0.1672  0.2075  0.2299
  0.2360  0.2286  0.2127  0.1933  0.1736  0.1543  0.1352  0.1163  0.0968  0.0761
  0.0527
 -1.7190 -1.4892 -1.3094 -1.1489 -0.9976 -0.8533 -0.7187 -0.5956 -0.4836 -0.3820
 -0.2909 -0.2111 -0.1428 -0.0863 -0.0394  0.0505  0.1217  0.1778  0.2167  0.2393
  0.2460  0.2385  0.2205  0.1969  0.1720  0.1477  0.1242  0.1018  0.0799  0.0579
  0.0356
 -1.8166 -1.5317 -1.3286 -1.1625 -1.0130 -0.8724 -0.7390 -0.6146 -0.5008 -0.3973
 -0.3035 -0.2194 -0.1458 -0.0830 -0.0307  0.0663  0.1364  0.1906  0.2282
 [Fe/H] = -0.50 [alpha/Fe] =-0.40 BC value =  R   
 -2.3691 -2.0846 -1.7979 -1.5429 -1.3125 -1.1041 -0.9440 -0.8141 -0.7038 -0.6006
 -0.5049 -0.4152 -0.3310 -0.2521 -0.1786 -0.0191  0.1031  0.1912  0.2500
 -2.1547 -2.0378 -1.7878 -1.5276 -1.2946 -1.0835 -0.9129 -0.7781 -0.6642 -0.5629
 -0.4697 -0.3828 -0.3014 -0.2255 -0.1549 -0.0044  0.1085  0.1880  0.2406  0.2728
 -1.8654 -1.8062 -1.7409 -1.5294 -1.2957 -1.0850 -0.9021 -0.7568 -0.6388 -0.5375
 -0.4463 -0.3620 -0.2835 -0.2104 -0.1426  0.0013  0.1085  0.1833  0.2324  0.2622
  0.2779
 -1.7846 -1.5903 -1.4918 -1.4556 -1.3014 -1.0972 -0.9097 -0.7502 -0.6234 -0.5196
 -0.4294 -0.3472 -0.2712 -0.2007 -0.1355  0.0029  0.1060  0.1779  0.2247  0.2528
  0.2671  0.2728
 -1.7626 -1.5403 -1.3552 -1.2283 -1.1691 -1.0878 -0.9246 -0.7597 -0.6196 -0.5079
 -0.4162 -0.3351 -0.2610 -0.1929 -0.1300  0.0032  0.1029  0.1728  0.2181  0.2449
  0.2580  0.2623  0.2616  0.2570
 -1.7585 -1.5330 -1.3287 -1.1541 -1.0170 -0.9214 -0.8588 -0.7634 -0.6293 -0.5054
 -0.4063 -0.3246 -0.2516 -0.1852 -0.1243  0.0042  0.1008  0.1690  0.2132  0.2390
  0.2509  0.2534  0.2511  0.2454  0.2370  0.2245  0.2065  0.1818  0.1513  0.1199
 -1.7639 -1.5406 -1.3325 -1.1448 -0.9820 -0.8459 -0.7350 -0.6515 -0.5858 -0.5034
 -0.4029 -0.3158 -0.2425 -0.1771 -0.1177  0.0068  0.1003  0.1670  0.2106  0.2357
  0.2464  0.2469  0.2420  0.2344  0.2244  0.2117  0.1964  0.1766  0.1504  0.1176
  0.0830
 -1.7740 -1.5555 -1.3485 -1.1570 -0.9851 -0.8340 -0.7041 -0.5926 -0.4996 -0.4260
 -0.3649 -0.2997 -0.2324 -0.1682 -0.1100  0.0113  0.1023  0.1674  0.2106  0.2353
  0.2450  0.2436  0.2356  0.2249  0.2126  0.1988  0.1828  0.1646  0.1429  0.1156
  0.0802
 -1.7940 -1.5736 -1.3682 -1.1769 -1.0013 -0.8439 -0.7047 -0.5825 -0.4760 -0.3840
 -0.3070 -0.2445 -0.1930 -0.1448 -0.0958  0.0193  0.1077  0.1714  0.2139  0.2383
  0.2473  0.2442  0.2330  0.2183  0.2024  0.1859  0.1685  0.1498  0.1293  0.1058
  0.0768
 -1.8311 -1.5970 -1.3934 -1.2048 -1.0285 -0.8674 -0.7230 -0.5944 -0.4806 -0.3803
 -0.2929 -0.2183 -0.1563 -0.1069 -0.0649  0.0314  0.1150  0.1772  0.2194  0.2439
  0.2530  0.2490  0.2353  0.2164  0.1961  0.1758  0.1554  0.1349  0.1137  0.0912
  0.0660
 -1.8972 -1.6343 -1.4227 -1.2345 -1.0603 -0.8984 -0.7503 -0.6172 -0.4983 -0.3923
 -0.2984 -0.2165 -0.1463 -0.0880 -0.0403  0.0513  0.1268  0.1860  0.2274  0.2521
  0.2616  0.2574  0.2423  0.2201  0.1952  0.1702  0.1457  0.1218  0.0983  0.0746
  0.0508
 -2.0125 -1.6959 -1.4622 -1.2675 -1.0933 -0.9327 -0.7838 -0.6474 -0.5244 -0.4140
 -0.3151 -0.2275 -0.1509 -0.0856 -0.0312  0.0684  0.1406  0.1977  0.2377
 [Fe/H] = -0.25 [alpha/Fe] =-0.40 BC value =  R   
 -2.3648 -2.0494 -1.7597 -1.5097 -1.2849 -1.0819 -0.9220 -0.7865 -0.6747 -0.5753
 -0.4817 -0.3943 -0.3127 -0.2363 -0.1647 -0.0079  0.1146  0.2034  0.2635
 -2.1528 -2.0434 -1.7609 -1.4974 -1.2652 -1.0595 -0.8925 -0.7559 -0.6418 -0.5423
 -0.4507 -0.3658 -0.2866 -0.2125 -0.1432  0.0062  0.1205  0.2018  0.2555  0.2886
 -1.9582 -1.9376 -1.7601 -1.5088 -1.2708 -1.0583 -0.8817 -0.7375 -0.6201 -0.5200
 -0.4301 -0.3473 -0.2705 -0.1988 -0.1320  0.0118  0.1210  0.1978  0.2480  0.2788
  0.2952
 -1.8095 -1.6529 -1.6249 -1.5065 -1.2892 -1.0764 -0.8887 -0.7329 -0.6075 -0.5043
 -0.4150 -0.3339 -0.2592 -0.1899 -0.1254  0.0134  0.1189  0.1929  0.2410  0.2703
  0.2856  0.2913
 -1.7893 -1.5590 -1.3950 -1.3271 -1.2673 -1.0962 -0.9092 -0.7426 -0.6052 -0.4945
 -0.4033 -0.3230 -0.2498 -0.1825 -0.1201  0.0138  0.1160  0.1881  0.2349  0.2631
  0.2775  0.2822  0.2810  0.2759
 -1.8031 -1.5545 -1.3429 -1.1791 -1.0733 -1.0161 -0.9177 -0.7630 -0.6161 -0.4933
 -0.3948 -0.3135 -0.2411 -0.1752 -0.1147  0.0146  0.1137  0.1842  0.2301  0.2575
  0.2711  0.2746  0.2720  0.2656  0.2560  0.2420  0.2225  0.1965  0.1649  0.1327
 -1.8324 -1.5780 -1.3508 -1.1562 -0.9978 -0.8761 -0.7892 -0.7217 -0.6257 -0.5036
 -0.3938 -0.3061 -0.2329 -0.1677 -0.1084  0.0170  0.1130  0.1819  0.2273  0.2541
  0.2669  0.2692  0.2645  0.2563  0.2453  0.2315  0.2144  0.1927  0.1649  0.1311
  0.0960
 -1.8729 -1.6155 -1.3816 -1.1739 -0.9950 -0.8446 -0.7209 -0.6196 -0.5397 -0.4714
 -0.3927 -0.3034 -0.2260 -0.1602 -0.1014  0.0212  0.1144  0.1817  0.2267  0.2532
  0.2653  0.2662  0.2594  0.2484  0.2353  0.2203  0.2029  0.1832  0.1595  0.1300
  0.0937
 -1.9197 -1.6577 -1.4222 -1.2078 -1.0175 -0.8528 -0.7123 -0.5926 -0.4900 -0.4032
 -0.3317 -0.2699 -0.2086 -0.1490 -0.0921  0.0283  0.1191  0.1849  0.2292  0.2555
  0.2669  0.2665  0.2574  0.2431  0.2267  0.2092  0.1904  0.1705  0.1482  0.1221
  0.0912
 -1.9842 -1.7088 -1.4708 -1.2552 -1.0586 -0.8841 -0.7323 -0.6008 -0.4871 -0.3881
 -0.3023 -0.2294 -0.1682 -0.1172 -0.0713  0.0365  0.1250  0.1897  0.2337  0.2601
  0.2714  0.2703  0.2593  0.2419  0.2217  0.2006  0.1791  0.1570  0.1340  0.1099
  0.0820
 -2.0755 -1.7719 -1.5239 -1.3062 -1.1084 -0.9287 -0.7683 -0.6277 -0.5049 -0.3975
 -0.3034 -0.2215 -0.1510 -0.0917 -0.0433  0.0527  0.1341  0.1969  0.2405  0.2671
  0.2788  0.2774  0.2654  0.2455  0.2214  0.1962  0.1707  0.1455  0.1203  0.0947
  0.0690
 -2.2096 -1.8560 -1.5867 -1.3605 -1.1606 -0.9795 -0.8151 -0.6674 -0.5369 -0.4218
 -0.3205 -0.2315 -0.1540 -0.0874 -0.0315  0.0707  0.1464  0.2069  0.2494
 [Fe/H] =  0.00 [alpha/Fe] =-0.40 BC value =  R   
 -2.2812 -1.9689 -1.6964 -1.4636 -1.2449 -1.0500 -0.8980 -0.7673 -0.6525 -0.5538
 -0.4620 -0.3761 -0.2964 -0.2218 -0.1521  0.0021  0.1231  0.2137  0.2782
 -2.2134 -1.9962 -1.7112 -1.4576 -1.2349 -1.0336 -0.8741 -0.7388 -0.6233 -0.5247
 -0.4342 -0.3505 -0.2729 -0.2003 -0.1324  0.0159  0.1319  0.2158  0.2715  0.3060
 -2.0822 -1.9825 -1.7373 -1.4774 -1.2441 -1.0367 -0.8630 -0.7222 -0.6047 -0.5046
 -0.4156 -0.3338 -0.2582 -0.1878 -0.1220  0.0216  0.1331  0.2128  0.2651  0.2970
  0.3143
 -1.9085 -1.7656 -1.7106 -1.5017 -1.2683 -1.0565 -0.8708 -0.7178 -0.5939 -0.4906
 -0.4019 -0.3216 -0.2478 -0.1793 -0.1156  0.0234  0.1315  0.2087  0.2589  0.2894
  0.3058  0.3119
 -1.7978 -1.5792 -1.4746 -1.4449 -1.2878 -1.0826 -0.8928 -0.7278 -0.5921 -0.4823
 -0.3914 -0.3115 -0.2390 -0.1723 -0.1105  0.0238  0.1290  0.2043  0.2534  0.2829
  0.2986  0.3041  0.3024  0.2967
 -1.8231 -1.5624 -1.3574 -1.2261 -1.1739 -1.0873 -0.9181 -0.7499 -0.6028 -0.4819
 -0.3839 -0.3029 -0.2308 -0.1653 -0.1051  0.0248  0.1267  0.2005  0.2489  0.2778
  0.2929  0.2976  0.2950  0.2879  0.2770  0.2622  0.2415  0.2135  0.1809  0.1477
 -1.8768 -1.5953 -1.3573 -1.1653 -1.0239 -0.9338 -0.8719 -0.7660 -0.6241 -0.4928
 -0.3838 -0.2963 -0.2232 -0.1580 -0.0989  0.0272  0.1258  0.1979  0.2458  0.2745
  0.2889  0.2928  0.2889  0.2802  0.2685  0.2537  0.2351  0.2115  0.1820  0.1471
  0.1112
 -1.9476 -1.6535 -1.3969 -1.1791 -1.0000 -0.8588 -0.7502 -0.6685 -0.5972 -0.5042
 -0.3941 -0.2958 -0.2173 -0.1512 -0.0921  0.0314  0.1269  0.1973  0.2447  0.2731
  0.2871  0.2900  0.2846  0.2739  0.2603  0.2444  0.2258  0.2045  0.1787  0.1471
  0.1097
 -2.0252 -1.7228 -1.4563 -1.2223 -1.0224 -0.8561 -0.7198 -0.6075 -0.5142 -0.4369
 -0.3674 -0.2927 -0.2131 -0.1440 -0.0842  0.0381  0.1313  0.1998  0.2464  0.2746
  0.2880  0.2898  0.2828  0.2697  0.2534  0.2352  0.2153  0.1935  0.1695  0.1415
  0.1082
 -2.1128 -1.8035 -1.5294 -1.2872 -1.0733 -0.8894 -0.7347 -0.6047 -0.4947 -0.3999
 -0.3184 -0.2488 -0.1871 -0.1288 -0.0745  0.0447  0.1365  0.2037  0.2499  0.2782
  0.2915  0.2926  0.2843  0.2690  0.2496  0.2283  0.2059  0.1825  0.1577  0.1309
  0.1014
 -2.2252 -1.8956 -1.6087 -1.3606 -1.1398 -0.9444 -0.7748 -0.6302 -0.5071 -0.4012
 -0.3091 -0.2289 -0.1596 -0.0999 -0.0494  0.0557  0.1435  0.2098  0.2557  0.2842
  0.2977  0.2987  0.2894  0.2723  0.2500  0.2251  0.1992  0.1729  0.1461  0.1184
  0.0904
 -2.3625 -1.9990 -1.6957 -1.4382 -1.2121 -1.0115 -0.8325 -0.6758 -0.5405 -0.4237
 -0.3225 -0.2343 -0.1573 -0.0905 -0.0089  0.0711  0.1523  0.2181  0.2638
 [Fe/H] =  0.25 [alpha/Fe] =-0.40 BC value =  R   
 -2.2302 -1.9189 -1.6556 -1.4357 -1.2179 -1.0297 -0.8765 -0.7485 -0.6341 -0.5366
 -0.4453 -0.3604 -0.2817 -0.2086 -0.1403  0.0114  0.1322  0.2249  0.2933
 -2.2626 -1.9563 -1.6735 -1.4271 -1.2123 -1.0159 -0.8550 -0.7235 -0.6077 -0.5101
 -0.4201 -0.3371 -0.2604 -0.1890 -0.1221  0.0250  0.1426  0.2295  0.2882  0.3246
 -2.0634 -1.9860 -1.7034 -1.4502 -1.2232 -1.0199 -0.8477 -0.7091 -0.5914 -0.4920
 -0.4032 -0.3219 -0.2469 -0.1773 -0.1123  0.0307  0.1445  0.2276  0.2829  0.3166
  0.3350
 -1.9037 -1.8920 -1.7303 -1.4845 -1.2480 -1.0402 -0.8563 -0.7054 -0.5827 -0.4793
 -0.3907 -0.3105 -0.2371 -0.1693 -0.1061  0.0327  0.1434  0.2243  0.2777  0.3100
  0.3275  0.3343
 -1.8049 -1.6265 -1.6018 -1.4923 -1.2792 -1.0668 -0.8777 -0.7147 -0.5814 -0.4720
 -0.3810 -0.3013 -0.2289 -0.1626 -0.1011  0.0334  0.1411  0.2204  0.2728  0.3043
  0.3212  0.3275  0.3259  0.3188
 -1.8280 -1.5667 -1.3867 -1.3207 -1.2653 -1.0938 -0.9062 -0.7371 -0.5914 -0.4719
 -0.3743 -0.2933 -0.2212 -0.1559 -0.0958  0.0344  0.1389  0.2167  0.2686  0.2996
  0.3160  0.3218  0.3197  0.3121  0.3009  0.2846  0.2617  0.2327  0.1994  0.1648
 -1.8974 -1.5975 -1.3589 -1.1819 -1.0776 -1.0269 -0.9225 -0.7640 -0.6135 -0.4825
 -0.3744 -0.2873 -0.2141 -0.1489 -0.0897  0.0370  0.1381  0.2140  0.2654  0.2963
  0.3122  0.3174  0.3145  0.3059  0.2936  0.2785  0.2591  0.2336  0.2015  0.1656
  0.1286
 -1.9956 -1.6692 -1.3979 -1.1785 -1.0082 -0.8863 -0.8058 -0.7376 -0.6324 -0.5033
 -0.3854 -0.2874 -0.2088 -0.1423 -0.0831  0.0412  0.1391  0.2129  0.2637  0.2946
  0.3103  0.3147  0.3108  0.3008  0.2871  0.2707  0.2512  0.2279  0.1999  0.1668
  0.1283
 -2.1114 -1.7646 -1.4701 -1.2229 -1.0205 -0.8591 -0.7334 -0.6352 -0.5571 -0.4832
 -0.3949 -0.2956 -0.2072 -0.1361 -0.0757  0.0480  0.1433  0.2150  0.2647  0.2954
  0.3107  0.3143  0.3092  0.2976  0.2818  0.2634  0.2428  0.2198  0.1940  0.1639
  0.1281
 -2.2336 -1.8763 -1.5667 -1.3003 -1.0743 -0.8870 -0.7344 -0.6105 -0.5081 -0.4212
 -0.3462 -0.2769 -0.2060 -0.1338 -0.0711  0.0540  0.1482  0.2183  0.2673  0.2980
  0.3133  0.3164  0.3103  0.2971  0.2791  0.2583  0.2354  0.2110  0.1847  0.1557
  0.1240
 -2.3800 -2.0037 -1.6770 -1.3953 -1.1536 -0.9464 -0.7725 -0.6284 -0.5086 -0.4071
 -0.3191 -0.2424 -0.1749 -0.1140 -0.0575  0.0611  0.1544  0.2237  0.2721  0.3029
  0.3185  0.3215  0.3146  0.3001  0.2800  0.2563  0.2305  0.2034  0.1753  0.1459
  0.1151
 -2.5505 -2.1468 -1.7877 -1.4984 -1.2461 -1.0265 -0.8365 -0.6745 -0.5382 -0.4229
 -0.3242 -0.2385 -0.1632 -0.0972 -0.0349  0.0693  0.1619  0.2312  0.2791
 [Fe/H] =  0.50 [alpha/Fe] =-0.40 BC value =  R   
 -2.1508 -1.8677 -1.6220 -1.4101 -1.1908 -1.0099 -0.8616 -0.7344 -0.6229 -0.5231
 -0.4318 -0.3473 -0.2693 -0.1968 -0.1292  0.0201  0.1467  0.2413  0.3084
 -2.2275 -1.9116 -1.6384 -1.4038 -1.1914 -0.9987 -0.8419 -0.7121 -0.5967 -0.4986
 -0.4086 -0.3259 -0.2496 -0.1789 -0.1128  0.0333  0.1522  0.2424  0.3048  0.3436
 -2.2309 -1.9635 -1.6794 -1.4251 -1.2081 -1.0052 -0.8355 -0.6990 -0.5805 -0.4818
 -0.3930 -0.3117 -0.2371 -0.1680 -0.1036  0.0389  0.1546  0.2416  0.3008  0.3372
  0.3570
 -1.9512 -1.9543 -1.7212 -1.4634 -1.2295 -1.0258 -0.8439 -0.6957 -0.5740 -0.4700
 -0.3815 -0.3013 -0.2279 -0.1604 -0.0976  0.0410  0.1539  0.2389  0.2964  0.3315
  0.3505  0.3581
 -1.8204 -1.7314 -1.6921 -1.4954 -1.2647 -1.0524 -0.8663 -0.7045 -0.5728 -0.4636
 -0.3727 -0.2927 -0.2202 -0.1539 -0.0926  0.0419  0.1519  0.2354  0.2919  0.3265
  0.3449  0.3521  0.3510  0.3436
 -1.8232 -1.5768 -1.4563 -1.4351 -1.2869 -1.0849 -0.8943 -0.7258 -0.5823 -0.4642
 -0.3665 -0.2854 -0.2130 -0.1475 -0.0875  0.0431  0.1499  0.2318  0.2880  0.3221
  0.3401  0.3470  0.3455  0.3379  0.3256  0.3092  0.2857  0.2541  0.2201  0.1842
 -1.8965 -1.5914 -1.3635 -1.2213 -1.1748 -1.0916 -0.9237 -0.7543 -0.6038 -0.4735
 -0.3671 -0.2798 -0.2064 -0.1409 -0.0815  0.0458  0.1490  0.2290  0.2846  0.3188
  0.3365  0.3429  0.3409  0.3327  0.3202  0.3040  0.2836  0.2574  0.2233  0.1867
  0.1482
 -2.0182 -1.6664 -1.3909 -1.1784 -1.0283 -0.9428 -0.8862 -0.7754 -0.6306 -0.4951
 -0.3772 -0.2801 -0.2014 -0.1347 -0.0750  0.0502  0.1502  0.2276  0.2825  0.3168
  0.3345  0.3403  0.3376  0.3285  0.3151  0.2985  0.2785  0.2549  0.2254  0.1891
  0.1497
 -2.1636 -1.7803 -1.4665 -1.2154 -1.0174 -0.8680 -0.7615 -0.6861 -0.6135 -0.5123
 -0.3955 -0.2886 -0.2003 -0.1288 -0.0678  0.0572  0.1545  0.2295  0.2830  0.3170
  0.3346  0.3399  0.3363  0.3260  0.3111  0.2930  0.2721  0.2484  0.2210  0.1890
  0.1507
 -2.3432 -1.9268 -1.5805 -1.2975 -1.0667 -0.8818 -0.7365 -0.6235 -0.5335 -0.4576
 -0.3834 -0.3005 -0.2106 -0.1300 -0.0644  0.0632  0.1595  0.2325  0.2849  0.3187
  0.3366  0.3416  0.3373  0.3259  0.3094  0.2894  0.2667  0.2418  0.2144  0.1849
  0.1488
 -2.5842 -2.1059 -1.7171 -1.4090 -1.1521 -0.9394 -0.7662 -0.6264 -0.5133 -0.4189
 -0.3375 -0.2651 -0.1969 -0.1290 -0.0622  0.0685  0.1654  0.2376  0.2891  0.3228
  0.3409  0.3460  0.3412  0.3287  0.3107  0.2885  0.2634  0.2363  0.2074  0.1764
  0.1432
 -2.8864 -2.3176 -1.8626 -1.5389 -1.2608 -1.0271 -0.8307 -0.6680 -0.5340 -0.4228
 -0.3287 -0.2468 -0.1743 -0.1093 -0.0612  0.0731  0.1722  0.2448  0.2956
 [Fe/H] =  0.75 [alpha/Fe] =-0.40 BC value =  R   
 -2.0965 -1.8278 -1.5930 -1.3889 -1.1697 -0.9984 -0.8547 -0.7270 -0.6133 -0.5120
 -0.4209 -0.3367 -0.2590 -0.1869 -0.1198  0.0280  0.1546  0.2511  0.3220
 -2.1738 -1.8702 -1.6086 -1.3850 -1.1738 -0.9869 -0.8336 -0.7025 -0.5882 -0.4887
 -0.3995 -0.3168 -0.2407 -0.1702 -0.1046  0.0406  0.1606  0.2537  0.3202  0.3626
 -2.2333 -1.9326 -1.6501 -1.4033 -1.1927 -0.9927 -0.8273 -0.6920 -0.5727 -0.4742
 -0.3851 -0.3037 -0.2290 -0.1601 -0.0959  0.0461  0.1634  0.2539  0.3175  0.3575
  0.3794
 -2.1483 -1.9698 -1.7020 -1.4426 -1.2144 -1.0152 -0.8348 -0.6886 -0.5680 -0.4633
 -0.3746 -0.2940 -0.2204 -0.1529 -0.0902  0.0483  0.1630  0.2518  0.3139  0.3528
  0.3740  0.3826
 -1.8717 -1.8587 -1.7220 -1.4853 -1.2496 -1.0412 -0.8562 -0.6972 -0.5668 -0.4577
 -0.3664 -0.2861 -0.2133 -0.1468 -0.0854  0.0493  0.1611  0.2485  0.3099  0.3483
  0.3691  0.3775  0.3769  0.3691
 -1.8185 -1.6097 -1.5765 -1.4882 -1.2847 -1.0739 -0.8851 -0.7180 -0.5755 -0.4587
 -0.3608 -0.2794 -0.2067 -0.1407 -0.0804  0.0507  0.1593  0.2450  0.3060  0.3442
  0.3648  0.3729  0.3723  0.3648  0.3520  0.3344  0.3098  0.2772  0.2428  0.2055
 -1.8822 -1.5853 -1.3826 -1.3072 -1.2639 -1.1016 -0.9162 -0.7460 -0.5959 -0.4673
 -0.3617 -0.2743 -0.2005 -0.1346 -0.0748  0.0535  0.1585  0.2421  0.3025  0.3408
  0.3614  0.3692  0.3682  0.3606  0.3479  0.3313  0.3103  0.2824  0.2471  0.2098
  0.1699
 -2.0162 -1.6515 -1.3828 -1.1873 -1.0758 -1.0324 -0.9322 -0.7754 -0.6233 -0.4879
 -0.3710 -0.2747 -0.1958 -0.1286 -0.0686  0.0579  0.1597  0.2407  0.3001  0.3385
  0.3592  0.3668  0.3653  0.3571  0.3440  0.3273  0.3075  0.2829  0.2516  0.2136
  0.1733
 -2.1769 -1.7736 -1.4525 -1.2055 -1.0190 -0.8910 -0.8166 -0.7526 -0.6434 -0.5115
 -0.3887 -0.2825 -0.1946 -0.1229 -0.0614  0.0651  0.1644  0.2425  0.3003  0.3384
  0.3591  0.3664  0.3642  0.3551  0.3411  0.3234  0.3025  0.2784  0.2502  0.2163
  0.1758
 -2.4114 -1.9470 -1.5743 -1.2843 -1.0557 -0.8784 -0.7460 -0.6505 -0.5779 -0.5034
 -0.4089 -0.3034 -0.2060 -0.1245 -0.0582  0.0711  0.1695  0.2455  0.3018  0.3395
  0.3606  0.3680  0.3653  0.3554  0.3402  0.3211  0.2989  0.2739  0.2459  0.2141
  0.1779
 -2.7275 -2.1717 -1.7346 -1.4045 -1.1399 -0.9279 -0.7597 -0.6280 -0.5252 -0.4415
 -0.3679 -0.2950 -0.2170 -0.1349 -0.0604  0.0760  0.1755  0.2505  0.3055  0.3428
  0.3642  0.3719  0.3690  0.3583  0.3419  0.3212  0.2970  0.2703  0.2412  0.2094
  0.1745
 -3.1252 -2.4477 -1.9204 -1.5573 -1.2586 -1.0166 -0.8193 -0.6596 -0.5309 -0.4264
 -0.3390 -0.2625 -0.1929 -0.1266 -0.0680  0.0798  0.1824  0.2575  0.3114
 [Fe/H] =  1.00 [alpha/Fe] =-0.40 BC value =  R   
 -2.0402 -1.8042 -1.5821 -1.3727 -1.1599 -0.9742 -0.8190 -0.6883 -0.5770 -0.4807
 -0.3958 -0.3189 -0.2475 -0.1790 -0.1125  0.0351  0.1617  0.2639  0.3358
 -2.1431 -1.8394 -1.5851 -1.3754 -1.1639 -0.9801 -0.8286 -0.6978 -0.5826 -0.4833
 -0.3929 -0.3099 -0.2338 -0.1634 -0.0981  0.0467  0.1676  0.2647  0.3343  0.3803
 -2.2242 -1.9013 -1.6246 -1.3897 -1.1833 -0.9847 -0.8225 -0.6872 -0.5681 -0.4693
 -0.3797 -0.2979 -0.2229 -0.1539 -0.0899  0.0520  0.1704  0.2642  0.3321  0.3764
  0.4011
 -2.2122 -1.9621 -1.6799 -1.4242 -1.2068 -1.0071 -0.8284 -0.6841 -0.5639 -0.4591
 -0.3699 -0.2889 -0.2150 -0.1472 -0.0845  0.0541  0.1701  0.2624  0.3292  0.3725
  0.3968  0.4069
 -1.9901 -1.9365 -1.7245 -1.4714 -1.2367 -1.0366 -0.8498 -0.6917 -0.5628 -0.4531
 -0.3623 -0.2817 -0.2083 -0.1414 -0.0799  0.0552  0.1684  0.2593  0.3256  0.3686
  0.3926  0.4028  0.4029  0.3953
 -1.8247 -1.6954 -1.6750 -1.5016 -1.2767 -1.0642 -0.8805 -0.7115 -0.5711 -0.4553
 -0.3572 -0.2755 -0.2023 -0.1358 -0.0751  0.0568  0.1667  0.2558  0.3217  0.3648
  0.3888  0.3989  0.3992  0.3921  0.3794  0.3604  0.3340  0.3015  0.2669  0.2283
 -1.8652 -1.5863 -1.4352 -1.4184 -1.2936 -1.0989 -0.9089 -0.7412 -0.5905 -0.4632
 -0.3587 -0.2709 -0.1966 -0.1301 -0.0697  0.0596  0.1662  0.2530  0.3181  0.3614
  0.3857  0.3957  0.3959  0.3889  0.3763  0.3591  0.3369  0.3078  0.2722  0.2345
  0.1933
 -1.9898 -1.6337 -1.3794 -1.2153 -1.1650 -1.0976 -0.9382 -0.7704 -0.6182 -0.4830
 -0.3671 -0.2716 -0.1922 -0.1246 -0.0639  0.0641  0.1676  0.2515  0.3154  0.3588
  0.3834  0.3935  0.3935  0.3862  0.3735  0.3566  0.3358  0.3103  0.2783  0.2396
  0.1989
 -2.1598 -1.7520 -1.4345 -1.1984 -1.0317 -0.9421 -0.8933 -0.7876 -0.6441 -0.5062
 -0.3830 -0.2785 -0.1910 -0.1189 -0.0569  0.0712  0.1724  0.2534  0.3155  0.3583
  0.3831  0.3931  0.3927  0.3848  0.3716  0.3542  0.3332  0.3087  0.2798  0.2447
  0.2029
 -2.4365 -1.9410 -1.5545 -1.2662 -1.0458 -0.8815 -0.7700 -0.7004 -0.6323 -0.5299
 -0.4107 -0.2990 -0.2017 -0.1205 -0.0538  0.0773  0.1778  0.2566  0.3167  0.3589
  0.3840  0.3944  0.3938  0.3853  0.3713  0.3530  0.3312  0.3063  0.2781  0.2455
  0.2077
 -2.8146 -2.2007 -1.7295 -1.3868 -1.1226 -0.9161 -0.7567 -0.6375 -0.5500 -0.4790
 -0.4051 -0.3179 -0.2222 -0.1325 -0.0568  0.0821  0.1840  0.2618  0.3204  0.3617
  0.3869  0.3978  0.3972  0.3883  0.3733  0.3539  0.3307  0.3046  0.2756  0.2433
  0.2074
 -3.2941 -2.5311 -1.9595 -1.5515 -1.2438 -1.0003 -0.8064 -0.6526 -0.5321 -0.4370
 -0.3584 -0.2876 -0.2170 -0.1436 -0.0659  0.0856  0.1910  0.2690  0.3266
