 [Fe/H] = -2.50 [alpha/Fe] = 0.40 BC value = F606W
 -3.3760 -3.0632 -2.8312 -2.5672 -2.2732 -2.0324 -1.8940 -1.8155 -1.7339 -1.6253
 -1.5032 -1.3706 -1.2391 -1.1171 -1.0013 -0.7482 -0.5491 -0.4045 -0.2938
 -3.0503 -2.6733 -2.3892 -2.1556 -1.9652 -1.8152 -1.6973 -1.6005 -1.5138 -1.4290
 -1.3403 -1.2425 -1.1343 -1.0233 -0.9183 -0.6948 -0.5231 -0.3978 -0.3063 -0.2425
 -2.8349 -2.4307 -2.1194 -1.8928 -1.7399 -1.6269 -1.5261 -1.4346 -1.3540 -1.2820
 -1.2108 -1.1352 -1.0479 -0.9506 -0.8557 -0.6550 -0.5040 -0.3943 -0.3168 -0.2608
 -0.2187
 -2.7298 -2.3354 -2.0218 -1.7788 -1.5973 -1.4675 -1.3804 -1.3178 -1.2545 -1.1843
 -1.1147 -1.0487 -0.9799 -0.8990 -0.8135 -0.6288 -0.4918 -0.3940 -0.3252 -0.2746
 -0.2358 -0.2051
 -2.6558 -2.2849 -1.9846 -1.7444 -1.5546 -1.4084 -1.2992 -1.2186 -1.1588 -1.1077
 -1.0500 -0.9856 -0.9235 -0.8574 -0.7831 -0.6117 -0.4836 -0.3941 -0.3329 -0.2879
 -0.2528 -0.2245 -0.2013 -0.1820
 -2.5705 -2.2335 -1.9568 -1.7304 -1.5445 -1.3925 -1.2708 -1.1757 -1.1011 -1.0398
 -0.9859 -0.9320 -0.8753 -0.8188 -0.7555 -0.5990 -0.4771 -0.3924 -0.3373 -0.2986
 -0.2682 -0.2433 -0.2224 -0.2047 -0.1896 -0.1772 -0.1682 -0.1664 -0.1740 -0.1880
 -2.4595 -2.1612 -1.9143 -1.7093 -1.5365 -1.3889 -1.2632 -1.1580 -1.0727 -1.0026
 -0.9418 -0.8857 -0.8311 -0.7799 -0.7263 -0.5864 -0.4706 -0.3885 -0.3366 -0.3038
 -0.2795 -0.2593 -0.2422 -0.2272 -0.2140 -0.2024 -0.1934 -0.1871 -0.1883 -0.2002
 -0.2192
 -2.3276 -2.0670 -1.8506 -1.6697 -1.5152 -1.3796 -1.2584 -1.1507 -1.0576 -0.9797
 -0.9136 -0.8546 -0.7994 -0.7467 -0.6975 -0.5714 -0.4632 -0.3827 -0.3317 -0.3023
 -0.2841 -0.2701 -0.2581 -0.2473 -0.2375 -0.2283 -0.2203 -0.2143 -0.2115 -0.2152
 -0.2312
 -2.1791 -1.9551 -1.7670 -1.6092 -1.4739 -1.3534 -1.2429 -1.1403 -1.0463 -0.9630
 -0.8915 -0.8297 -0.7740 -0.7214 -0.6726 -0.5544 -0.4533 -0.3756 -0.3240 -0.2954
 -0.2812 -0.2734 -0.2678 -0.2627 -0.2576 -0.2523 -0.2472 -0.2427 -0.2397 -0.2399
 -0.2469
 -2.0294 -1.8397 -1.6756 -1.5367 -1.4181 -1.3126 -1.2149 -1.1218 -1.0330 -0.9499
 -0.8748 -0.8093 -0.7521 -0.7005 -0.6525 -0.5401 -0.4435 -0.3687 -0.3168 -0.2866
 -0.2731 -0.2692 -0.2696 -0.2711 -0.2721 -0.2722 -0.2716 -0.2705 -0.2696 -0.2698
 -0.2708
 -1.8824 -1.7232 -1.5810 -1.4575 -1.3512 -1.2581 -1.1724 -1.0902 -1.0101 -0.9324
 -0.8585 -0.7908 -0.7311 -0.6789 -0.6321 -0.5265 -0.4337 -0.3610 -0.3097 -0.2781
 -0.2632 -0.2601 -0.2641 -0.2712 -0.2788 -0.2853 -0.2905 -0.2945 -0.2975 -0.3002
 -0.3038
 -1.7381 -1.6056 -1.4868 -1.3769 -1.2803 -1.1954 -1.1186 -1.0463 -0.9756 -0.9060
 -0.8376 -0.7721 -0.7113 -0.6574 -0.6114 -0.5136 -0.4239 -0.3525 -0.3027
 [Fe/H] = -2.00 [alpha/Fe] = 0.40 BC value = F606W
 -4.2647 -3.7970 -3.3865 -3.0309 -2.7266 -2.4600 -2.2172 -1.9901 -1.7861 -1.6121
 -1.4595 -1.3195 -1.1879 -1.0664 -0.9455 -0.7143 -0.5335 -0.3963 -0.2978
 -3.9647 -3.4869 -3.0640 -2.7019 -2.3994 -2.1487 -1.9379 -1.7503 -1.5869 -1.4471
 -1.3237 -1.2077 -1.0937 -0.9838 -0.8823 -0.6704 -0.5092 -0.3886 -0.3017 -0.2395
 -3.6217 -3.1383 -2.7377 -2.4574 -2.1816 -1.9481 -1.7529 -1.5876 -1.4469 -1.3275
 -1.2236 -1.1273 -1.0304 -0.9313 -0.8370 -0.6400 -0.4930 -0.3848 -0.3072 -0.2511
 -0.2086
 -3.3561 -2.8686 -2.4830 -2.1863 -1.9564 -1.7724 -1.6167 -1.4767 -1.3502 -1.2403
 -1.1463 -1.0631 -0.9827 -0.8968 -0.8096 -0.6231 -0.4849 -0.3849 -0.3143 -0.2635
 -0.2249 -0.1945
 -3.2571 -2.7650 -2.3610 -2.0459 -1.8044 -1.6193 -1.4759 -1.3620 -1.2673 -1.1813
 -1.0939 -1.0136 -0.9410 -0.8692 -0.7912 -0.6138 -0.4812 -0.3864 -0.3211 -0.2752
 -0.2405 -0.2127 -0.1900 -0.1715
 -3.2165 -2.7262 -2.3209 -1.9954 -1.7375 -1.5350 -1.3781 -1.2582 -1.1676 -1.0997
 -1.0401 -0.9751 -0.9080 -0.8423 -0.7745 -0.6077 -0.4789 -0.3872 -0.3256 -0.2845
 -0.2544 -0.2302 -0.2101 -0.1931 -0.1790 -0.1677 -0.1598 -0.1590 -0.1671 -0.1809
 -3.1726 -2.7051 -2.3104 -1.9894 -1.7317 -1.5253 -1.3601 -1.2289 -1.1259 -1.0441
 -0.9778 -0.9218 -0.8677 -0.8123 -0.7541 -0.6016 -0.4760 -0.3861 -0.3265 -0.2894
 -0.2645 -0.2451 -0.2287 -0.2146 -0.2024 -0.1919 -0.1840 -0.1789 -0.1810 -0.1931
 -0.2122
 -3.1018 -2.6665 -2.2953 -1.9886 -1.7383 -1.5347 -1.3675 -1.2293 -1.1161 -1.0241
 -0.9481 -0.8834 -0.8263 -0.7745 -0.7249 -0.5912 -0.4717 -0.3829 -0.3239 -0.2888
 -0.2687 -0.2550 -0.2438 -0.2339 -0.2249 -0.2167 -0.2100 -0.2052 -0.2036 -0.2081
 -0.2245
 -2.9898 -2.5934 -2.2544 -1.9698 -1.7350 -1.5407 -1.3779 -1.2393 -1.1207 -1.0201
 -0.9356 -0.8640 -0.8014 -0.7451 -0.6946 -0.5736 -0.4634 -0.3769 -0.3179 -0.2833
 -0.2662 -0.2581 -0.2529 -0.2486 -0.2443 -0.2400 -0.2360 -0.2327 -0.2310 -0.2323
 -0.2401
 -2.8460 -2.5026 -2.1987 -1.9386 -1.7209 -1.5389 -1.3842 -1.2499 -1.1316 -1.0272
 -0.9357 -0.8570 -0.7892 -0.7293 -0.6754 -0.5571 -0.4536 -0.3706 -0.3116 -0.2757
 -0.2589 -0.2540 -0.2546 -0.2566 -0.2583 -0.2593 -0.2597 -0.2598 -0.2601 -0.2615
 -0.2636
 -2.6834 -2.3910 -2.1253 -1.8920 -1.6929 -1.5239 -1.3789 -1.2517 -1.1376 -1.0341
 -0.9403 -0.8566 -0.7832 -0.7192 -0.6627 -0.5433 -0.4430 -0.3631 -0.3049 -0.2676
 -0.2494 -0.2452 -0.2491 -0.2567 -0.2648 -0.2720 -0.2782 -0.2832 -0.2873 -0.2913
 -0.2960
 -2.5044 -2.2613 -2.0392 -1.8369 -1.6560 -1.4983 -1.3631 -1.2433 -1.1349 -1.0353
 -0.9430 -0.8580 -0.7809 -0.7125 -0.6565 -0.5322 -0.4316 -0.3544 -0.2978
 [Fe/H] = -1.50 [alpha/Fe] = 0.40 BC value = F606W
 -5.0985 -4.6806 -4.2941 -3.9291 -3.5852 -3.2297 -2.8268 -2.3818 -2.0025 -1.7035
 -1.4718 -1.2900 -1.1423 -1.0177 -0.9092 -0.6876 -0.5167 -0.3850 -0.2878
 -4.8237 -4.3568 -3.9290 -3.5381 -3.1783 -2.8385 -2.4889 -2.1265 -1.8168 -1.5663
 -1.3666 -1.2052 -1.0709 -0.9553 -0.8538 -0.6474 -0.4923 -0.3755 -0.2892 -0.2265
 -4.6111 -4.1337 -3.6850 -3.2742 -2.9054 -2.5755 -2.2684 -1.9635 -1.6964 -1.4762
 -1.2977 -1.1516 -1.0279 -0.9194 -0.8228 -0.6261 -0.4804 -0.3725 -0.2937 -0.2367
 -0.1945
 -4.2747 -3.8028 -3.4239 -3.0581 -2.7108 -2.3920 -2.1080 -1.8455 -1.6099 -1.4111
 -1.2476 -1.1132 -0.9994 -0.8983 -0.8062 -0.6163 -0.4761 -0.3737 -0.2999 -0.2473
 -0.2086 -0.1787
 -3.9668 -3.4837 -3.0768 -2.7328 -2.4393 -2.1860 -1.9601 -1.7426 -1.5394 -1.3603
 -1.2085 -1.0822 -0.9762 -0.8832 -0.7967 -0.6125 -0.4756 -0.3766 -0.3064 -0.2573
 -0.2222 -0.1951 -0.1732 -0.1558
 -3.8620 -3.3365 -2.8866 -2.5115 -2.2031 -1.9492 -1.7418 -1.5731 -1.4298 -1.2989
 -1.1729 -1.0572 -0.9558 -0.8682 -0.7885 -0.6111 -0.4764 -0.3793 -0.3116 -0.2655
 -0.2341 -0.2105 -0.1915 -0.1757 -0.1629 -0.1531 -0.1470 -0.1477 -0.1565 -0.1701
 -3.8565 -3.3057 -2.8259 -2.4262 -2.1001 -1.8360 -1.6215 -1.4462 -1.3029 -1.1883
 -1.0967 -1.0148 -0.9331 -0.8532 -0.7783 -0.6098 -0.4769 -0.3807 -0.3145 -0.2707
 -0.2427 -0.2235 -0.2083 -0.1955 -0.1846 -0.1757 -0.1695 -0.1668 -0.1698 -0.1823
 -0.2008
 -3.8736 -3.3227 -2.8310 -2.4140 -2.0728 -1.7978 -1.5758 -1.3953 -1.2481 -1.1276
 -1.0290 -0.9493 -0.8833 -0.8218 -0.7602 -0.6067 -0.4762 -0.3804 -0.3144 -0.2721
 -0.2438 -0.2321 -0.2217 -0.2131 -0.2055 -0.1990 -0.1940 -0.1900 -0.1899 -0.1970
 -0.2134
 -3.8509 -3.3253 -2.8416 -2.4252 -2.0782 -1.7964 -1.5689 -1.3834 -1.2311 -1.1055
 -1.0015 -0.9147 -0.8417 -0.7798 -0.7253 -0.5949 -0.4722 -0.3771 -0.3111 -0.2691
 -0.2457 -0.2348 -0.2297 -0.2265 -0.2236 -0.2208 -0.2186 -0.2171 -0.2172 -0.2203
 -0.2291
 -3.7761 -3.2899 -2.8400 -2.4376 -2.0967 -1.8151 -1.5857 -1.3971 -1.2410 -1.1101
 -0.9996 -0.9063 -0.8269 -0.7586 -0.6993 -0.5764 -0.4653 -0.3733 -0.3067 -0.2638
 -0.2405 -0.2316 -0.2311 -0.2336 -0.2365 -0.2389 -0.2410 -0.2428 -0.2449 -0.2482
 -0.2520
 -3.6510 -3.2151 -2.8071 -2.4308 -2.1061 -1.8327 -1.6059 -1.4182 -1.2610 -1.1273
 -1.0122 -0.9126 -0.8266 -0.7524 -0.6879 -0.5591 -0.4544 -0.3669 -0.3012 -0.2571
 -0.2327 -0.2240 -0.2261 -0.2336 -0.2425 -0.2509 -0.2586 -0.2651 -0.2709 -0.2766
 -0.2831
 -3.4773 -3.1022 -2.7435 -2.4047 -2.1027 -1.8426 -1.6230 -1.4384 -1.2821 -1.1480
 -1.0309 -0.9277 -0.8364 -0.7562 -0.6911 -0.5430 -0.4395 -0.3579 -0.2946
 [Fe/H] = -1.00 [alpha/Fe] = 0.40 BC value = F606W
 -5.6257 -5.3004 -5.0060 -4.7330 -4.4949 -4.1908 -3.7090 -3.0348 -2.4049 -1.9096
 -1.5538 -1.3040 -1.1247 -0.9877 -0.8756 -0.6579 -0.4952 -0.3689 -0.2718
 -5.3587 -4.9846 -4.6488 -4.3448 -4.0580 -3.7486 -3.3261 -2.7639 -2.2399 -1.8106
 -1.4851 -1.2476 -1.0741 -0.9421 -0.8348 -0.6275 -0.4747 -0.3597 -0.2731 -0.2089
 -5.1939 -4.7768 -4.3971 -4.0538 -3.7393 -3.4305 -3.0635 -2.5927 -2.1422 -1.7592
 -1.4553 -1.2244 -1.0518 -0.9204 -0.8148 -0.6131 -0.4663 -0.3577 -0.2772 -0.2177
 -0.1742
 -5.0410 -4.6172 -4.2161 -3.8429 -3.4993 -3.1793 -2.8560 -2.4635 -2.0716 -1.7268
 -1.4427 -1.2183 -1.0455 -0.9127 -0.8070 -0.6080 -0.4645 -0.3595 -0.2829 -0.2269
 -0.1863 -0.1561
 -4.6865 -4.3266 -3.9869 -3.6501 -3.3123 -2.9858 -2.6740 -2.3485 -2.0092 -1.6992
 -1.4348 -1.2188 -1.0472 -0.9128 -0.8061 -0.6079 -0.4661 -0.3630 -0.2890 -0.2356
 -0.1977 -0.1701 -0.1490 -0.1328
 -4.3742 -3.9525 -3.5973 -3.2931 -3.0193 -2.7575 -2.4909 -2.2164 -1.9345 -1.6641
 -1.4235 -1.2194 -1.0514 -0.9166 -0.8085 -0.6101 -0.4690 -0.3668 -0.2942 -0.2431
 -0.2076 -0.1828 -0.1644 -0.1501 -0.1391 -0.1314 -0.1280 -0.1306 -0.1410 -0.1549
 -4.2704 -3.7837 -3.3628 -3.0081 -2.7089 -2.4478 -2.2105 -1.9888 -1.7746 -1.5720
 -1.3816 -1.2067 -1.0519 -0.9209 -0.8121 -0.6128 -0.4719 -0.3698 -0.2979 -0.2484
 -0.2151 -0.1933 -0.1784 -0.1671 -0.1582 -0.1515 -0.1475 -0.1474 -0.1529 -0.1666
 -0.1848
 -4.2997 -3.7695 -3.2956 -2.8879 -2.5454 -2.2588 -2.0132 -1.7956 -1.5966 -1.4169
 -1.2636 -1.1347 -1.0200 -0.9127 -0.8131 -0.6153 -0.4742 -0.3718 -0.2997 -0.2509
 -0.2194 -0.2004 -0.1893 -0.1821 -0.1766 -0.1723 -0.1698 -0.1693 -0.1728 -0.1803
 -0.1962
 -4.3698 -3.8257 -3.3215 -2.8737 -2.4914 -2.1734 -1.9095 -1.6867 -1.4937 -1.3238
 -1.1752 -1.0496 -0.9475 -0.8634 -0.7878 -0.6143 -0.4741 -0.3713 -0.2987 -0.2501
 -0.2198 -0.2032 -0.1959 -0.1932 -0.1923 -0.1918 -0.1921 -0.1931 -0.1959 -0.2016
 -0.2125
 -4.4209 -3.8927 -3.3841 -2.9187 -2.5106 -2.1655 -1.8802 -1.6452 -1.4488 -1.2817
 -1.1378 -1.0140 -0.9090 -0.8216 -0.7492 -0.6032 -0.4738 -0.3708 -0.2971 -0.2475
 -0.2173 -0.2020 -0.1975 -0.1994 -0.2035 -0.2079 -0.2124 -0.2166 -0.2213 -0.2273
 -0.2357
 -4.4106 -3.9099 -3.4272 -2.9673 -2.5531 -2.1944 -1.8940 -1.6461 -1.4418 -1.2715
 -1.1271 -1.0035 -0.8973 -0.8064 -0.7290 -0.5826 -0.4669 -0.3687 -0.2943 -0.2434
 -0.2123 -0.1972 -0.1943 -0.1996 -0.2087 -0.2186 -0.2282 -0.2369 -0.2452 -0.2536
 -0.2627
 -4.3393 -3.8828 -3.4283 -2.9941 -2.5898 -2.2328 -1.9277 -1.6718 -1.4602 -1.2845
 -1.1366 -1.0104 -0.9016 -0.8073 -0.7272 -0.5525 -0.4534 -0.3650 -0.2903
 [Fe/H] = -0.75 [alpha/Fe] = 0.40 BC value = F606W
 -5.7439 -5.4603 -5.2116 -4.9936 -4.7583 -4.4456 -4.0043 -3.3931 -2.6554 -2.0555
 -1.6292 -1.3361 -1.1319 -0.9824 -0.8649 -0.6448 -0.4829 -0.3590 -0.2629
 -5.4846 -5.1552 -4.8690 -4.6217 -4.3972 -4.1464 -3.7511 -3.1335 -2.5081 -1.9771
 -1.5776 -1.2929 -1.0915 -0.9445 -0.8303 -0.6186 -0.4655 -0.3507 -0.2639 -0.1986
 -5.3288 -4.9535 -4.6212 -4.3316 -4.0765 -3.8224 -3.4808 -2.9651 -2.4274 -1.9492
 -1.5689 -1.2855 -1.0801 -0.9302 -0.8154 -0.6070 -0.4586 -0.3490 -0.2677 -0.2068
 -0.1620
 -5.2205 -4.8175 -4.4481 -4.1165 -3.8219 -3.5500 -3.2557 -2.8318 -2.3679 -1.9379
 -1.5783 -1.2973 -1.0864 -0.9305 -0.8124 -0.6038 -0.4577 -0.3509 -0.2730 -0.2154
 -0.1732 -0.1424
 -5.0089 -4.6451 -4.2898 -3.9497 -3.6301 -3.3320 -3.0468 -2.7063 -2.3095 -1.9261
 -1.5910 -1.3170 -1.1028 -0.9403 -0.8170 -0.6054 -0.4600 -0.3546 -0.2787 -0.2236
 -0.1836 -0.1549 -0.1338 -0.1173
 -4.6058 -4.2576 -3.9630 -3.6945 -3.4272 -3.1492 -2.8623 -2.5714 -2.2401 -1.9038
 -1.5972 -1.3358 -1.1228 -0.9556 -0.8267 -0.6093 -0.4637 -0.3586 -0.2838 -0.2305
 -0.1927 -0.1663 -0.1476 -0.1338 -0.1237 -0.1172 -0.1153 -0.1194 -0.1306 -0.1451
 -4.4008 -3.9730 -3.6143 -3.3201 -3.0697 -2.8408 -2.6155 -2.3757 -2.1169 -1.8453
 -1.5818 -1.3442 -1.1405 -0.9730 -0.8396 -0.6144 -0.4677 -0.3624 -0.2877 -0.2357
 -0.1997 -0.1756 -0.1599 -0.1490 -0.1411 -0.1357 -0.1334 -0.1347 -0.1417 -0.1562
 -0.1748
 -4.3810 -3.8941 -3.4673 -3.1066 -2.8074 -2.5538 -2.3265 -2.1098 -1.8919 -1.6771
 -1.4801 -1.2998 -1.1333 -0.9830 -0.8528 -0.6203 -0.4715 -0.3654 -0.2902 -0.2385
 -0.2040 -0.1823 -0.1696 -0.1622 -0.1577 -0.1548 -0.1537 -0.1549 -0.1591 -0.1691
 -0.1869
 -4.4569 -3.9381 -3.4629 -3.0454 -2.6911 -2.3948 -2.1438 -1.9223 -1.7169 -1.5209
 -1.3403 -1.1846 -1.0554 -0.9442 -0.8423 -0.6248 -0.4731 -0.3662 -0.2903 -0.2385
 -0.2052 -0.1854 -0.1757 -0.1723 -0.1719 -0.1727 -0.1744 -0.1771 -0.1815 -0.1889
 -0.2014
 -4.5577 -4.0347 -3.5381 -3.0848 -2.6865 -2.3478 -2.0647 -1.8260 -1.6192 -1.4345
 -1.2670 -1.1178 -0.9902 -0.8852 -0.7989 -0.6227 -0.4758 -0.3674 -0.2902 -0.2373
 -0.2039 -0.1853 -0.1778 -0.1781 -0.1821 -0.1874 -0.1931 -0.1989 -0.2053 -0.2134
 -0.2232
 -4.6104 -4.1090 -3.6212 -3.1560 -2.7355 -2.3673 -2.0554 -1.7949 -1.5769 -1.3911
 -1.2296 -1.0876 -0.9634 -0.8572 -0.7679 -0.6029 -0.4740 -0.3674 -0.2889 -0.2346
 -0.2003 -0.1820 -0.1759 -0.1788 -0.1870 -0.1972 -0.2077 -0.2179 -0.2277 -0.2377
 -0.2523
 -4.6150 -4.1310 -3.6656 -3.2169 -2.7942 -2.4154 -2.0864 -1.8083 -1.5768 -1.3833
 -1.2197 -1.0791 -0.9569 -0.8508 -0.7493 -0.5654 -0.4677 -0.3662 -0.2864
 [Fe/H] = -0.50 [alpha/Fe] = 0.40 BC value = F606W
 -5.7953 -5.5485 -5.3471 -5.1799 -5.0032 -4.7421 -4.3281 -3.7058 -2.9107 -2.2247
 -1.7289 -1.3879 -1.1537 -0.9866 -0.8600 -0.6330 -0.4717 -0.3489 -0.2521
 -5.5413 -5.2543 -5.0155 -4.8231 -4.6582 -4.4664 -4.1177 -3.4803 -2.7872 -2.1651
 -1.6925 -1.3571 -1.1231 -0.9561 -0.8310 -0.6107 -0.4562 -0.3411 -0.2539 -0.1875
 -5.3882 -5.0536 -4.7679 -4.5322 -4.3373 -4.1437 -3.8486 -3.3243 -2.7253 -2.1606
 -1.7039 -1.3654 -1.1232 -0.9498 -0.8215 -0.6016 -0.4504 -0.3395 -0.2572 -0.1952
 -0.1490
 -5.3009 -4.9279 -4.5957 -4.3106 -4.0718 -3.8597 -3.6126 -3.1924 -2.6805 -2.1718
 -1.7361 -1.3956 -1.1429 -0.9593 -0.8243 -0.6005 -0.4504 -0.3414 -0.2620 -0.2031
 -0.1593 -0.1272
 -5.1901 -4.8163 -4.4671 -4.1496 -3.8683 -3.6207 -3.3841 -3.0588 -2.6282 -2.1788
 -1.7708 -1.4349 -1.1747 -0.9802 -0.8360 -0.6039 -0.4534 -0.3452 -0.2673 -0.2106
 -0.1688 -0.1386 -0.1169 -0.1008
 -4.8538 -4.5526 -4.2646 -3.9811 -3.7028 -3.4342 -3.1778 -2.9096 -2.5576 -2.1682
 -1.7962 -1.4734 -1.2115 -1.0082 -0.8544 -0.6101 -0.4581 -0.3497 -0.2723 -0.2170
 -0.1771 -0.1487 -0.1291 -0.1154 -0.1061 -0.1008 -0.1002 -0.1062 -0.1184 -0.1338
 -4.5216 -4.1592 -3.8684 -3.6312 -3.4203 -3.2117 -2.9860 -2.7362 -2.4557 -2.1311
 -1.8025 -1.5026 -1.2470 -1.0400 -0.8779 -0.6183 -0.4633 -0.3542 -0.2765 -0.2220
 -0.1837 -0.1573 -0.1399 -0.1287 -0.1215 -0.1174 -0.1165 -0.1194 -0.1284 -0.1440
 -0.1632
 -4.4215 -3.9857 -3.6152 -3.3139 -3.0707 -2.8648 -2.6732 -2.4765 -2.2526 -2.0057
 -1.7494 -1.4991 -1.2688 -1.0692 -0.9041 -0.6286 -0.4684 -0.3581 -0.2797 -0.2252
 -0.1882 -0.1636 -0.1487 -0.1404 -0.1362 -0.1344 -0.1349 -0.1376 -0.1439 -0.1556
 -0.1747
 -4.4673 -3.9837 -3.5509 -3.1801 -2.8728 -2.6198 -2.4035 -2.2041 -2.0035 -1.7912
 -1.5807 -1.3880 -1.2153 -1.0586 -0.9157 -0.6392 -0.4722 -0.3603 -0.2809 -0.2259
 -0.1896 -0.1669 -0.1543 -0.1493 -0.1487 -0.1503 -0.1535 -0.1590 -0.1667 -0.1764
 -0.1880
 -4.5900 -4.0832 -3.6122 -3.1890 -2.8237 -2.5159 -2.2584 -2.0369 -1.8358 -1.6419
 -1.4518 -1.2743 -1.1191 -0.9890 -0.8784 -0.6493 -0.4779 -0.3630 -0.2821 -0.2260
 -0.1894 -0.1677 -0.1571 -0.1548 -0.1578 -0.1635 -0.1704 -0.1778 -0.1860 -0.1960
 -0.2078
 -4.6943 -4.1992 -3.7173 -3.2691 -2.8639 -2.5115 -2.2118 -1.9593 -1.7428 -1.5509
 -1.3748 -1.2119 -1.0648 -0.9377 -0.8313 -0.6346 -0.4823 -0.3651 -0.2824 -0.2248
 -0.1872 -0.1656 -0.1563 -0.1562 -0.1625 -0.1722 -0.1835 -0.1950 -0.2065 -0.2184
 -0.2341
 -4.7431 -4.2723 -3.8081 -3.3593 -2.9380 -2.5608 -2.2304 -1.9489 -1.7114 -1.5094
 -1.3341 -1.1788 -1.0402 -0.9175 -0.7744 -0.5951 -0.4854 -0.3666 -0.2818
 [Fe/H] = -0.25 [alpha/Fe] = 0.40 BC value = F606W
 -5.7966 -5.5945 -5.5628 -5.5730 -5.5000 -5.2425 -4.7190 -3.9394 -3.1443 -2.4150
 -1.8534 -1.4623 -1.1928 -1.0027 -0.8627 -0.6242 -0.4604 -0.3381 -0.2421
 -5.5470 -5.3039 -5.1147 -4.9747 -4.8675 -4.7240 -4.4184 -3.7706 -3.0456 -2.3679
 -1.8297 -1.4424 -1.1713 -0.9797 -0.8393 -0.6048 -0.4470 -0.3309 -0.2432 -0.1758
 -5.3922 -5.1001 -4.8623 -4.6803 -4.5416 -4.4027 -4.1545 -3.6388 -3.0068 -2.3816
 -1.8584 -1.4654 -1.1831 -0.9821 -0.8358 -0.5982 -0.4424 -0.3294 -0.2459 -0.1827
 -0.1350
 -5.3105 -4.9724 -4.6820 -4.4464 -4.2635 -4.1091 -3.9110 -3.5151 -2.9790 -2.4143
 -1.9108 -1.5126 -1.2166 -1.0019 -0.8457 -0.5992 -0.4431 -0.3314 -0.2502 -0.1899
 -0.1445 -0.1110
 -5.2511 -4.8901 -4.5630 -4.2790 -4.0435 -3.8514 -3.6684 -3.3760 -2.9366 -2.4396
 -1.9669 -1.5710 -1.2638 -1.0345 -0.8659 -0.6050 -0.4470 -0.3353 -0.2550 -0.1966
 -0.1533 -0.1215 -0.0987 -0.0822
 -4.9936 -4.7453 -4.4352 -4.1443 -3.8800 -3.6462 -3.4397 -3.2113 -2.8654 -2.4419
 -2.0118 -1.6290 -1.3175 -1.0761 -0.8944 -0.6144 -0.4527 -0.3402 -0.2599 -0.2026
 -0.1610 -0.1308 -0.1097 -0.0954 -0.0859 -0.0816 -0.0830 -0.0907 -0.1040 -0.1204
 -4.6608 -4.3674 -4.1264 -3.9078 -3.6923 -3.4729 -3.2501 -3.0281 -2.7597 -2.4121
 -2.0345 -1.6773 -1.3704 -1.1224 -0.9295 -0.6270 -0.4593 -0.3455 -0.2644 -0.2074
 -0.1671 -0.1387 -0.1193 -0.1071 -0.0999 -0.0965 -0.0967 -0.1017 -0.1126 -0.1294
 -0.1495
 -4.4532 -4.0731 -3.7640 -3.5237 -3.3332 -3.1682 -3.0054 -2.8221 -2.5999 -2.3305
 -2.0201 -1.7041 -1.4149 -1.1684 -0.9685 -0.6431 -0.4664 -0.3506 -0.2685 -0.2109
 -0.1715 -0.1446 -0.1273 -0.1174 -0.1127 -0.1114 -0.1132 -0.1175 -0.1258 -0.1397
 -0.1599
 -4.4384 -3.9967 -3.6137 -3.2964 -3.0437 -2.8423 -2.6714 -2.5107 -2.3335 -2.1215
 -1.8861 -1.6455 -1.4113 -1.1935 -1.0017 -0.6611 -0.4725 -0.3540 -0.2707 -0.2125
 -0.1733 -0.1480 -0.1327 -0.1252 -0.1235 -0.1252 -0.1294 -0.1351 -0.1433 -0.1553
 -0.1719
 -4.5447 -4.0634 -3.6321 -3.2504 -2.9294 -2.6663 -2.4501 -2.2634 -2.0866 -1.9012
 -1.6997 -1.4973 -1.3102 -1.1428 -0.9928 -0.6839 -0.4821 -0.3584 -0.2734 -0.2138
 -0.1740 -0.1494 -0.1357 -0.1305 -0.1315 -0.1367 -0.1442 -0.1531 -0.1632 -0.1741
 -0.1893
 -4.6824 -4.1993 -3.7379 -3.3148 -2.9407 -2.6207 -2.3524 -2.1264 -1.9294 -1.7464
 -1.5654 -1.3851 -1.2145 -1.0629 -0.9332 -0.6822 -0.4932 -0.3628 -0.2752 -0.2140
 -0.1731 -0.1484 -0.1358 -0.1324 -0.1360 -0.1444 -0.1557 -0.1683 -0.1815 -0.1954
 -0.2122
 -4.7811 -4.3173 -3.8606 -3.4216 -3.0186 -2.6588 -2.3467 -2.0809 -1.8548 -1.6585
 -1.4809 -1.3151 -1.1595 -1.0174 -0.8229 -0.6560 -0.5058 -0.3672 -0.2761
 [Fe/H] =  0.00 [alpha/Fe] = 0.40 BC value = F606W
 -5.7571 -5.6046 -5.6374 -5.6982 -5.6475 -5.3924 -4.8623 -4.0742 -3.3423 -2.6164
 -2.0021 -1.5584 -1.2502 -1.0331 -0.8757 -0.6186 -0.4507 -0.3274 -0.2313
 -5.5110 -5.3183 -5.1812 -5.0928 -5.0293 -4.9347 -4.6603 -3.9937 -3.2732 -2.5759
 -1.9864 -1.5482 -1.2375 -1.0174 -0.8579 -0.6023 -0.4389 -0.3206 -0.2319 -0.1636
 -5.3519 -5.1076 -4.9218 -4.7941 -4.7076 -4.6159 -4.4095 -3.9108 -3.2554 -2.6009
 -2.0282 -1.5845 -1.2608 -1.0290 -0.8611 -0.5983 -0.4354 -0.3194 -0.2341 -0.1697
 -0.1205
 -5.2667 -4.9704 -4.7276 -4.5448 -4.4168 -4.3141 -4.1596 -3.7944 -3.2479 -2.6495
 -2.0960 -1.6474 -1.3078 -1.0598 -0.8792 -0.6019 -0.4371 -0.3216 -0.2379 -0.1760
 -0.1292 -0.0942
 -5.2288 -4.8945 -4.6016 -4.3605 -4.1759 -4.0383 -3.9044 -3.6492 -3.2175 -2.6916
 -2.1712 -1.7226 -1.3699 -1.1050 -0.9092 -0.6111 -0.4420 -0.3258 -0.2425 -0.1822
 -0.1373 -0.1039 -0.0799 -0.0636
 -5.1480 -4.8170 -4.5089 -4.2331 -3.9986 -3.8097 -3.6556 -3.4693 -3.1445 -2.7050
 -2.2320 -1.7983 -1.4397 -1.1604 -0.9488 -0.6250 -0.4490 -0.3312 -0.2475 -0.1877
 -0.1445 -0.1126 -0.0900 -0.0747 -0.0654 -0.0614 -0.0635 -0.0731 -0.0875 -0.1053
 -4.8273 -4.5717 -4.3241 -4.0820 -3.8507 -3.6362 -3.4439 -3.2672 -3.0280 -2.6797
 -2.2692 -1.8641 -1.5098 -1.2211 -0.9963 -0.6435 -0.4573 -0.3373 -0.2524 -0.1925
 -0.1502 -0.1200 -0.0989 -0.0851 -0.0772 -0.0736 -0.0747 -0.0816 -0.0946 -0.1126
 -0.1340
 -4.4947 -4.1782 -3.9327 -3.7421 -3.5798 -3.4225 -3.2562 -3.0740 -2.8729 -2.6060
 -2.2689 -1.9076 -1.5701 -1.2818 -1.0480 -0.6670 -0.4669 -0.3435 -0.2572 -0.1964
 -0.1545 -0.1257 -0.1063 -0.0943 -0.0882 -0.0867 -0.0890 -0.0950 -0.1051 -0.1212
 -0.1428
 -4.3880 -4.0055 -3.6758 -3.4151 -3.2172 -3.0637 -2.9331 -2.8028 -2.6486 -2.4492
 -2.1937 -1.9009 -1.6030 -1.3295 -1.0958 -0.6932 -0.4765 -0.3483 -0.2605 -0.1987
 -0.1566 -0.1289 -0.1113 -0.1013 -0.0975 -0.0984 -0.1029 -0.1102 -0.1202 -0.1341
 -0.1531
 -4.4610 -4.0158 -3.6272 -3.2931 -3.0211 -2.8074 -2.6378 -2.4912 -2.3470 -2.1880
 -1.9996 -1.7788 -1.5523 -1.3327 -1.1283 -0.7271 -0.4909 -0.3547 -0.2645 -0.2011
 -0.1581 -0.1306 -0.1144 -0.1063 -0.1048 -0.1083 -0.1155 -0.1252 -0.1370 -0.1512
 -0.1678
 -4.6043 -4.1396 -3.7076 -3.3181 -2.9830 -2.7040 -2.4765 -2.2887 -2.1246 -1.9666
 -1.7953 -1.6117 -1.4231 -1.2423 -1.0797 -0.7478 -0.5088 -0.3617 -0.2678 -0.2027
 -0.1584 -0.1305 -0.1149 -0.1085 -0.1091 -0.1151 -0.1255 -0.1383 -0.1528 -0.1687
 -0.1869
 -4.7421 -4.2858 -3.8403 -3.4239 -3.0459 -2.7146 -2.4332 -2.1969 -1.9968 -1.8203
 -1.6540 -1.4880 -1.3211 -1.1605 -0.9500 -0.7553 -0.5302 -0.3693 -0.2704
 [Fe/H] =  0.25 [alpha/Fe] = 0.40 BC value = F606W
 -5.6792 -5.5804 -5.5158 -5.4368 -5.2954 -5.0533 -4.6798 -4.1503 -3.4830 -2.8048
 -2.1667 -1.6754 -1.3265 -1.0799 -0.9012 -0.6187 -0.4430 -0.3174 -0.2207
 -5.4398 -5.3042 -5.3516 -5.4472 -5.4596 -5.2827 -4.8308 -4.1251 -3.4389 -2.7701
 -2.1566 -1.6738 -1.3224 -1.0713 -0.8890 -0.6053 -0.4331 -0.3114 -0.2210 -0.1515
 -5.2727 -5.0835 -4.9559 -4.8842 -4.8458 -4.7943 -4.6236 -4.1188 -3.4499 -2.8016
 -2.2062 -1.7215 -1.3570 -1.0924 -0.8997 -0.6041 -0.4309 -0.3106 -0.2229 -0.1568
 -0.1061
 -5.1782 -4.9313 -4.7430 -4.6173 -4.5433 -4.4861 -4.3699 -4.0343 -3.4692 -2.8586
 -2.2841 -1.7951 -1.4168 -1.1346 -0.9269 -0.6112 -0.4337 -0.3131 -0.2264 -0.1624
 -0.1140 -0.0775
 -5.1426 -4.8432 -4.5995 -4.4097 -4.2803 -4.1947 -4.1037 -3.8839 -3.4610 -2.9125
 -2.3684 -1.8834 -1.4927 -1.1923 -0.9674 -0.6248 -0.4399 -0.3177 -0.2308 -0.1680
 -0.1213 -0.0864 -0.0610 -0.0437
 -5.1251 -4.7997 -4.5139 -4.2703 -4.0790 -3.9411 -3.8370 -3.6892 -3.3893 -2.9423
 -2.4427 -1.9730 -1.5766 -1.2611 -1.0190 -0.6446 -0.4486 -0.3238 -0.2359 -0.1732
 -0.1278 -0.0945 -0.0703 -0.0538 -0.0438 -0.0399 -0.0427 -0.0537 -0.0690 -0.0884
 -4.9484 -4.6717 -4.4075 -4.1581 -3.9357 -3.7479 -3.5992 -3.4690 -3.2612 -2.9237
 -2.4932 -2.0535 -1.6601 -1.3353 -1.0790 -0.6707 -0.4593 -0.3306 -0.2412 -0.1779
 -0.1332 -0.1013 -0.0785 -0.0633 -0.0541 -0.0499 -0.0514 -0.0596 -0.0745 -0.0937
 -0.1166
 -4.5547 -4.3079 -4.1101 -3.9320 -3.7560 -3.5816 -3.4127 -3.2551 -3.0907 -2.8447
 -2.5019 -2.1117 -1.7365 -1.4097 -1.1435 -0.7031 -0.4724 -0.3381 -0.2467 -0.1822
 -0.1374 -0.1066 -0.0853 -0.0716 -0.0638 -0.0612 -0.0635 -0.0700 -0.0821 -0.1005
 -0.1234
 -4.3574 -4.0220 -3.7517 -3.5489 -3.3980 -3.2772 -3.1652 -3.0440 -2.8987 -2.7058
 -2.4456 -2.1223 -1.7834 -1.4703 -1.2026 -0.7382 -0.4866 -0.3444 -0.2509 -0.1850
 -0.1397 -0.1096 -0.0899 -0.0779 -0.0719 -0.0712 -0.0750 -0.0827 -0.0943 -0.1102
 -0.1318
 -4.3564 -3.9615 -3.6184 -3.3350 -3.1148 -2.9495 -2.8232 -2.7178 -2.6173 -2.4880
 -2.3030 -2.0649 -1.7921 -1.5157 -1.2601 -0.7821 -0.5072 -0.3532 -0.2561 -0.1884
 -0.1419 -0.1115 -0.0928 -0.0824 -0.0783 -0.0796 -0.0856 -0.0953 -0.1081 -0.1230
 -0.1433
 -4.4731 -4.0448 -3.6485 -3.3014 -3.0107 -2.7765 -2.5925 -2.4461 -2.3211 -2.1981
 -2.0575 -1.8817 -1.6784 -1.4665 -1.2604 -0.8236 -0.5324 -0.3637 -0.2611 -0.1913
 -0.1432 -0.1119 -0.0936 -0.0845 -0.0823 -0.0857 -0.0941 -0.1063 -0.1213 -0.1387
 -0.1583
 -4.6306 -4.1916 -3.7717 -3.3842 -3.0385 -2.7438 -2.4991 -2.2986 -2.1323 -1.9861
 -1.8441 -1.6926 -1.5264 -1.3523 -1.2035 -0.8627 -0.5622 -0.3759 -0.2659
 [Fe/H] =  0.50 [alpha/Fe] = 0.40 BC value = F606W
 -5.5628 -5.5219 -5.1979 -4.7887 -4.4437 -4.2252 -4.1714 -4.1710 -3.5893 -2.9774
 -2.3413 -1.8100 -1.4212 -1.1424 -0.9406 -0.6264 -0.4402 -0.3096 -0.2123
 -5.3334 -5.2616 -5.2529 -5.6250 -5.6681 -5.4141 -4.8910 -4.1925 -3.5654 -2.9466
 -2.3343 -1.8160 -1.4262 -1.1420 -0.9347 -0.6162 -0.4317 -0.3048 -0.2114 -0.1406
 -5.1546 -5.0278 -4.9724 -4.9562 -4.9539 -4.9425 -4.8005 -4.2421 -3.5922 -2.9799
 -2.3866 -1.8721 -1.4711 -1.1732 -0.9534 -0.6183 -0.4308 -0.3046 -0.2135 -0.1452
 -0.0924
 -5.0507 -4.8619 -4.7359 -4.6706 -4.6483 -4.6304 -4.5484 -4.2277 -3.6426 -3.0383
 -2.4638 -1.9558 -1.5423 -1.2270 -0.9904 -0.6297 -0.4349 -0.3074 -0.2169 -0.1502
 -0.0998 -0.0615
 -5.0053 -4.7584 -4.5658 -4.4354 -4.3635 -4.3263 -4.2730 -4.0869 -3.6569 -3.1067
 -2.5532 -2.0504 -1.6296 -1.2963 -1.0421 -0.6489 -0.4427 -0.3125 -0.2212 -0.1552
 -0.1064 -0.0696 -0.0427 -0.0243
 -5.0000 -4.7137 -4.4667 -4.2704 -4.1328 -4.0492 -3.9907 -3.8795 -3.6015 -3.1442
 -2.6383 -2.1481 -1.7245 -1.3774 -1.1056 -0.6759 -0.4537 -0.3192 -0.2264 -0.1601
 -0.1122 -0.0770 -0.0512 -0.0335 -0.0226 -0.0182 -0.0215 -0.0329 -0.0488 -0.0697
 -4.9368 -4.6555 -4.3977 -4.1652 -3.9723 -3.8274 -3.7283 -3.6415 -3.4648 -3.1359
 -2.6950 -2.2387 -1.8189 -1.4635 -1.1775 -0.7108 -0.4678 -0.3271 -0.2321 -0.1649
 -0.1173 -0.0832 -0.0588 -0.0420 -0.0317 -0.0271 -0.0286 -0.0368 -0.0527 -0.0729
 -0.0975
 -4.6268 -4.4237 -4.2225 -4.0246 -3.8364 -3.6647 -3.5185 -3.4027 -3.2764 -3.0549
 -2.7105 -2.3059 -1.9041 -1.5490 -1.2536 -0.7529 -0.4858 -0.3359 -0.2382 -0.1694
 -0.1214 -0.0880 -0.0650 -0.0495 -0.0403 -0.0364 -0.0380 -0.0448 -0.0577 -0.0777
 -0.1019
 -4.3210 -4.0492 -3.8423 -3.6894 -3.5648 -3.4472 -3.3257 -3.1990 -3.0718 -2.9052
 -2.6584 -2.3249 -1.9607 -1.6183 -1.3226 -0.7977 -0.5059 -0.3445 -0.2432 -0.1728
 -0.1238 -0.0908 -0.0690 -0.0551 -0.0473 -0.0448 -0.0474 -0.0545 -0.0665 -0.0843
 -0.1082
 -4.2442 -3.9025 -3.6130 -3.3853 -3.2155 -3.0939 -3.0023 -2.9234 -2.8414 -2.7240
 -2.5439 -2.2958 -1.9928 -1.6806 -1.3928 -0.8513 -0.5338 -0.3565 -0.2497 -0.1771
 -0.1265 -0.0929 -0.0717 -0.0591 -0.0529 -0.0520 -0.0562 -0.0649 -0.0778 -0.0948
 -0.1161
 -4.3154 -3.9269 -3.5780 -3.2789 -3.0355 -2.8471 -2.7064 -2.5993 -2.5120 -2.4259
 -2.3186 -2.1574 -1.9396 -1.6887 -1.4343 -0.9051 -0.5669 -0.3714 -0.2565 -0.1810
 -0.1287 -0.0939 -0.0726 -0.0610 -0.0564 -0.0573 -0.0634 -0.0739 -0.0885 -0.1066
 -0.1279
 -4.4650 -4.0552 -3.6692 -3.3181 -3.0135 -2.7589 -2.5541 -2.3924 -2.2626 -2.1505
 -2.0413 -1.9166 -1.7660 -1.5841 -1.4471 -0.9591 -0.6052 -0.3892 -0.2636
