 [Fe/H] = -2.00 [alpha/Fe] =-0.40 BC value = F475W
 -5.0983 -4.9171 -5.1075 -5.0310 -4.7976 -4.4583 -4.0638 -3.8103 -3.5714 -3.3219
 -3.0850 -2.8635 -2.6574 -2.4641 -2.2794 -1.8716 -1.4580 -1.0858 -0.8221
 -4.9711 -4.6531 -4.3996 -4.2260 -4.1195 -3.9771 -3.7547 -3.5018 -3.2571 -3.0186
 -2.7899 -2.5765 -2.3798 -2.1980 -2.0279 -1.6404 -1.2970 -1.0102 -0.7890 -0.6188
 -4.6706 -4.3572 -4.0800 -3.8472 -3.6577 -3.5227 -3.4092 -3.2432 -3.0307 -2.8029
 -2.5834 -2.3769 -2.1873 -2.0142 -1.8556 -1.5083 -1.2112 -0.9609 -0.7641 -0.6110
 -0.4873
 -4.4239 -4.1405 -3.8718 -3.6313 -3.4199 -3.2324 -3.0716 -2.9428 -2.8066 -2.6302
 -2.4311 -2.2348 -2.0517 -1.8845 -1.7329 -1.4112 -1.1476 -0.9282 -0.7507 -0.6116
 -0.4983 -0.4016
 -4.2004 -3.9565 -3.7127 -3.4815 -3.2708 -3.0782 -2.8996 -2.7343 -2.5906 -2.4527
 -2.3021 -2.1327 -1.9610 -1.7994 -1.6521 -1.3450 -1.1029 -0.9051 -0.7450 -0.6176
 -0.5133 -0.4238 -0.3443 -0.2725
 -3.9934 -3.7833 -3.5731 -3.3618 -3.1606 -2.9729 -2.7968 -2.6291 -2.4701 -2.3202
 -2.1807 -2.0429 -1.8971 -1.7482 -1.6052 -1.3042 -1.0741 -0.8904 -0.7429 -0.6255
 -0.5294 -0.4470 -0.3735 -0.3061 -0.2407 -0.1792 -0.1245 -0.0791 -0.0447 -0.0223
 -3.8040 -3.6201 -3.4382 -3.2532 -3.0677 -2.8899 -2.7206 -2.5587 -2.4033 -2.2526
 -2.1081 -1.9716 -1.8407 -1.7106 -1.5805 -1.2848 -1.0578 -0.8819 -0.7422 -0.6322
 -0.5436 -0.4684 -0.4015 -0.3398 -0.2821 -0.2270 -0.1756 -0.1295 -0.0898 -0.0592
 -0.0449
 -3.6332 -3.4689 -3.3074 -3.1452 -2.9807 -2.8159 -2.6559 -2.5021 -2.3537 -2.2090
 -2.0681 -1.9322 -1.8026 -1.6792 -1.5597 -1.2814 -1.0530 -0.8788 -0.7426 -0.6365
 -0.5535 -0.4853 -0.4255 -0.3704 -0.3187 -0.2692 -0.2207 -0.1754 -0.1361 -0.1050
 -0.0833
 -3.4821 -3.3322 -3.1846 -3.0348 -2.8902 -2.7425 -2.5939 -2.4483 -2.3078 -2.1708
 -2.0361 -1.9048 -1.7782 -1.6571 -1.5413 -1.2771 -1.0540 -0.8787 -0.7431 -0.6380
 -0.5578 -0.4951 -0.4424 -0.3950 -0.3502 -0.3070 -0.2653 -0.2255 -0.1894 -0.1570
 -0.1282
 -3.3519 -3.2122 -3.0739 -2.9370 -2.8014 -2.6673 -2.5338 -2.3989 -2.2659 -2.1364
 -2.0096 -1.8848 -1.7629 -1.6452 -1.5324 -1.2754 -1.0582 -0.8833 -0.7468 -0.6411
 -0.5607 -0.5002 -0.4528 -0.4126 -0.3755 -0.3398 -0.3050 -0.2708 -0.2379 -0.2070
 -0.1782
 -3.2395 -3.1035 -2.9705 -2.8403 -2.7127 -2.5878 -2.4653 -2.3443 -2.2220 -2.1001
 -1.9805 -1.8632 -1.7476 -1.6346 -1.5252 -1.2740 -1.0609 -0.8872 -0.7502 -0.6439
 -0.5627 -0.5021 -0.4570 -0.4220 -0.3921 -0.3642 -0.3372 -0.3102 -0.2835 -0.2575
 -0.2331
 -3.1295 -2.9773 -2.8418 -2.7185 -2.6033 -2.4928 -2.3841 -2.2752 -2.1659 -2.0561
 -1.9461 -1.8362 -1.7278 -1.6211 -1.5164 -1.2722 -1.0620 -0.8900 -0.7528
 [Fe/H] = -1.50 [alpha/Fe] =-0.40 BC value = F475W
 -5.3899 -5.2450 -5.0579 -4.7463 -4.3892 -4.0392 -3.7371 -3.4805 -3.2443 -3.0193
 -2.8060 -2.6075 -2.4246 -2.2555 -2.0972 -1.7429 -1.4040 -1.0908 -0.8391
 -4.9360 -4.6455 -4.4749 -4.3628 -4.1378 -3.8330 -3.5291 -3.2639 -3.0278 -2.8045
 -2.5931 -2.3968 -2.2175 -2.0544 -1.9047 -1.5723 -1.2777 -1.0156 -0.7972 -0.6236
 -4.6773 -4.3552 -4.0898 -3.8897 -3.7693 -3.6268 -3.3834 -3.1171 -2.8774 -2.6578
 -2.4490 -2.2542 -2.0762 -1.9154 -1.7698 -1.4569 -1.1927 -0.9633 -0.7700 -0.6136
 -0.4866
 -4.4913 -4.1813 -3.9020 -3.6550 -3.4493 -3.2935 -3.1725 -3.0047 -2.7807 -2.5633
 -2.3580 -2.1650 -1.9874 -1.8267 -1.6822 -1.3788 -1.1335 -0.9276 -0.7542 -0.6119
 -0.4952 -0.3963
 -4.3369 -4.0536 -3.7832 -3.5379 -3.3192 -3.1203 -2.9457 -2.7987 -2.6661 -2.4972
 -2.3046 -2.1147 -1.9377 -1.7764 -1.6311 -1.3299 -1.0950 -0.9043 -0.7461 -0.6155
 -0.5077 -0.4160 -0.3354 -0.2628
 -4.2078 -3.9442 -3.6939 -3.4549 -3.2367 -3.0376 -2.8511 -2.6761 -2.5188 -2.3828
 -2.2439 -2.0833 -1.9145 -1.7535 -1.6067 -1.3030 -1.0716 -0.8896 -0.7421 -0.6213
 -0.5216 -0.4369 -0.3624 -0.2948 -0.2317 -0.1736 -0.1214 -0.0759 -0.0386 -0.0144
 -4.0817 -3.8428 -3.6155 -3.3907 -3.1772 -2.9809 -2.7988 -2.6255 -2.4594 -2.3041
 -2.1612 -2.0279 -1.8904 -1.7453 -1.6015 -1.2925 -1.0596 -0.8811 -0.7400 -0.6264
 -0.5340 -0.4564 -0.3884 -0.3266 -0.2692 -0.2137 -0.1621 -0.1171 -0.0806 -0.0540
 -0.0367
 -3.9668 -3.7458 -3.5397 -3.3329 -3.1298 -2.9367 -2.7583 -2.5910 -2.4305 -2.2748
 -2.1254 -1.9842 -1.8528 -1.7265 -1.5994 -1.2961 -1.0565 -0.8773 -0.7390 -0.6298
 -0.5430 -0.4720 -0.4109 -0.3557 -0.3042 -0.2537 -0.2057 -0.1623 -0.1251 -0.0956
 -0.0744
 -3.8694 -3.6567 -3.4629 -3.2728 -3.0837 -2.8983 -2.7227 -2.5587 -2.4041 -2.2549
 -2.1092 -1.9675 -1.8322 -1.7055 -1.5859 -1.3035 -1.0604 -0.8763 -0.7377 -0.6304
 -0.5469 -0.4811 -0.4268 -0.3789 -0.3343 -0.2917 -0.2511 -0.2136 -0.1792 -0.1477
 -0.1188
 -3.7944 -3.5801 -3.3912 -3.2141 -3.0388 -2.8653 -2.6954 -2.5336 -2.3820 -2.2384
 -2.0995 -1.9633 -1.8300 -1.7023 -1.5817 -1.3099 -1.0730 -0.8828 -0.7405 -0.6323
 -0.5494 -0.4861 -0.4368 -0.3957 -0.3586 -0.3234 -0.2895 -0.2565 -0.2248 -0.1954
 -0.1680
 -3.7400 -3.5168 -3.3264 -3.1547 -2.9894 -2.8275 -2.6680 -2.5118 -2.3622 -2.2210
 -2.0870 -1.9575 -1.8302 -1.7056 -1.5855 -1.3148 -1.0836 -0.8927 -0.7454 -0.6348
 -0.5509 -0.4878 -0.4409 -0.4048 -0.3746 -0.3471 -0.3209 -0.2949 -0.2693 -0.2445
 -0.2215
 -3.6999 -3.4668 -3.2686 -3.0937 -2.9339 -2.7817 -2.6328 -2.4865 -2.3431 -2.2044
 -2.0727 -1.9473 -1.8262 -1.7077 -1.5914 -1.3222 -1.0924 -0.9023 -0.7517
 [Fe/H] = -1.00 [alpha/Fe] =-0.40 BC value = F475W
 -5.5231 -5.2622 -4.8602 -4.4476 -4.0549 -3.7157 -3.4481 -3.2098 -2.9865 -2.7792
 -2.5847 -2.4043 -2.2389 -2.0877 -1.9486 -1.6386 -1.3564 -1.0910 -0.8545
 -4.9358 -4.7935 -4.6365 -4.3079 -3.9422 -3.5959 -3.3024 -3.0566 -2.8320 -2.6243
 -2.4295 -2.2489 -2.0837 -1.9340 -1.7982 -1.5042 -1.2484 -1.0161 -0.8090 -0.6337
 -4.6864 -4.3825 -4.2033 -4.1002 -3.8572 -3.5354 -3.2271 -2.9640 -2.7369 -2.5296
 -2.3353 -2.1542 -1.9879 -1.8372 -1.7012 -1.4135 -1.1734 -0.9633 -0.7786 -0.6207
 -0.4891
 -4.5578 -4.2238 -3.9465 -3.7394 -3.6128 -3.4628 -3.2003 -2.9260 -2.6865 -2.4778
 -2.2845 -2.1032 -1.9353 -1.7823 -1.6444 -1.3564 -1.1242 -0.9282 -0.7597 -0.6156
 -0.4943 -0.3916
 -4.4684 -4.1420 -3.8478 -3.5920 -3.3787 -3.2094 -3.0815 -2.9072 -2.6755 -2.4567
 -2.2635 -2.0825 -1.9133 -1.7577 -1.6166 -1.3237 -1.0938 -0.9059 -0.7487 -0.6156
 -0.5032 -0.4077 -0.3249 -0.2514
 -4.3991 -4.0882 -3.7951 -3.5297 -3.2941 -3.0870 -2.9069 -2.7543 -2.6202 -2.4524
 -2.2630 -2.0824 -1.9124 -1.7544 -1.6098 -1.3088 -1.0766 -0.8925 -0.7425 -0.6180
 -0.5136 -0.4252 -0.3484 -0.2800 -0.2178 -0.1611 -0.1097 -0.0633 -0.0245 -0.0026
 -4.3435 -4.0482 -3.7645 -3.4992 -3.2591 -3.0455 -2.8515 -2.6718 -2.5095 -2.3690
 -2.2355 -2.0860 -1.9242 -1.7658 -1.6182 -1.3074 -1.0693 -0.8852 -0.7392 -0.6208
 -0.5233 -0.4415 -0.3712 -0.3085 -0.2513 -0.1980 -0.1491 -0.1053 -0.0672 -0.0373
 -0.0238
 -4.2969 -4.0162 -3.7438 -3.4840 -3.2425 -3.0240 -2.8278 -2.6471 -2.4772 -2.3183
 -2.1738 -2.0435 -1.9145 -1.7773 -1.6356 -1.3170 -1.0702 -0.8827 -0.7375 -0.6228
 -0.5306 -0.4550 -0.3911 -0.3349 -0.2834 -0.2356 -0.1897 -0.1474 -0.1108 -0.0815
 -0.0606
 -4.2636 -3.9874 -3.7257 -3.4737 -3.2345 -3.0138 -2.8141 -2.6331 -2.4652 -2.3057
 -2.1544 -2.0132 -1.8819 -1.7584 -1.6365 -1.3329 -1.0765 -0.8826 -0.7360 -0.6226
 -0.5337 -0.4630 -0.4053 -0.3558 -0.3112 -0.2694 -0.2302 -0.1943 -0.1615 -0.1317
 -0.1045
 -4.2485 -3.9725 -3.7142 -3.4708 -3.2372 -3.0167 -2.8137 -2.6294 -2.4617 -2.3052
 -2.1562 -2.0134 -1.8773 -1.7487 -1.6284 -1.3495 -1.0945 -0.8907 -0.7390 -0.6243
 -0.5361 -0.4679 -0.4147 -0.3715 -0.3338 -0.2991 -0.2664 -0.2350 -0.2053 -0.1779
 -0.1538
 -4.2514 -3.9576 -3.7032 -3.4670 -3.2416 -3.0253 -2.8217 -2.6337 -2.4627 -2.3061
 -2.1600 -2.0205 -1.8858 -1.7559 -1.6322 -1.3571 -1.1144 -0.9057 -0.7457 -0.6270
 -0.5376 -0.4699 -0.4190 -0.3803 -0.3490 -0.3215 -0.2961 -0.2716 -0.2477 -0.2250
 -0.2040
 -4.2735 -3.9574 -3.6942 -3.4607 -3.2411 -3.0321 -2.8331 -2.6446 -2.4700 -2.3101
 -2.1634 -2.0264 -1.8956 -1.7689 -1.6457 -1.3660 -1.1288 -0.9237 -0.7570
 [Fe/H] = -0.75 [alpha/Fe] =-0.40 BC value = F475W
 -5.5303 -5.1543 -4.7058 -4.2930 -3.9156 -3.5898 -3.3271 -3.0966 -2.8836 -2.6826
 -2.4957 -2.3225 -2.1637 -2.0191 -1.8869 -1.5956 -1.3350 -1.0893 -0.8616
 -5.0064 -4.8977 -4.5958 -4.2048 -3.8322 -3.4910 -3.2093 -2.9703 -2.7542 -2.5527
 -2.3650 -2.1912 -2.0320 -1.8875 -1.7567 -1.4763 -1.2350 -1.0153 -0.8156 -0.6410
 -4.6886 -4.4390 -4.3423 -4.1350 -3.7952 -3.4584 -3.1533 -2.8995 -2.6794 -2.4775
 -2.2897 -2.1150 -1.9542 -1.8080 -1.6759 -1.3978 -1.1671 -0.9642 -0.7839 -0.6261
 -0.4923
 -4.5774 -4.2394 -3.9885 -3.8487 -3.7226 -3.4517 -3.1494 -2.8750 -2.6441 -2.4402
 -2.2526 -2.0772 -1.9147 -1.7658 -1.6310 -1.3496 -1.1231 -0.9305 -0.7636 -0.6189
 -0.4954 -0.3903
 -4.5185 -4.1708 -3.8676 -3.6234 -3.4413 -3.3175 -3.1450 -2.8903 -2.6426 -2.4299
 -2.2415 -2.0659 -1.9018 -1.7501 -1.6118 -1.3232 -1.0963 -0.9092 -0.7514 -0.6168
 -0.5022 -0.4043 -0.3196 -0.2449
 -4.4836 -4.1413 -3.8281 -3.5532 -3.3214 -3.1256 -2.9668 -2.8334 -2.6580 -2.4441
 -2.2485 -2.0724 -1.9071 -1.7530 -1.6111 -1.3130 -1.0817 -0.8965 -0.7444 -0.6173
 -0.5104 -0.4194 -0.3409 -0.2714 -0.2091 -0.1524 -0.1006 -0.0553 -0.0187  0.0049
 -4.4657 -4.1310 -3.8184 -3.5340 -3.2837 -3.0666 -2.8747 -2.7028 -2.5558 -2.4203
 -2.2611 -2.0906 -1.9252 -1.7693 -1.6241 -1.3153 -1.0766 -0.8898 -0.7405 -0.6189
 -0.5184 -0.4339 -0.3616 -0.2979 -0.2404 -0.1878 -0.1403 -0.0970 -0.0584 -0.0287
 -0.0152
 -4.4577 -4.1335 -3.8246 -3.5378 -3.2783 -3.0498 -2.8484 -2.6659 -2.4976 -2.3441
 -2.2079 -2.0788 -1.9399 -1.7924 -1.6470 -1.3281 -1.0797 -0.8882 -0.7392 -0.6204
 -0.5245 -0.4458 -0.3797 -0.3223 -0.2706 -0.2230 -0.1779 -0.1366 -0.1009 -0.0722
 -0.0512
 -4.4612 -4.1401 -3.8372 -3.5515 -3.2880 -3.0509 -2.8412 -2.6543 -2.4832 -2.3228
 -2.1733 -2.0367 -1.9112 -1.7886 -1.6614 -1.3471 -1.0882 -0.8895 -0.7381 -0.6202
 -0.5273 -0.4532 -0.3928 -0.3418 -0.2966 -0.2551 -0.2166 -0.1806 -0.1476 -0.1190
 -0.0949
 -4.4788 -4.1564 -3.8594 -3.5777 -3.3131 -3.0704 -2.8525 -2.6586 -2.4847 -2.3244
 -2.1734 -2.0310 -1.8978 -1.7731 -1.6553 -1.3707 -1.1079 -0.8993 -0.7422 -0.6225
 -0.5301 -0.4582 -0.4020 -0.3567 -0.3182 -0.2835 -0.2513 -0.2209 -0.1923 -0.1661
 -0.1433
 -4.5108 -4.1763 -3.8823 -3.6066 -3.3454 -3.1007 -2.8765 -2.6748 -2.4946 -2.3319
 -2.1815 -2.0397 -1.9046 -1.7762 -1.6544 -1.3810 -1.1322 -0.9163 -0.7504 -0.6262
 -0.5322 -0.4607 -0.4066 -0.3655 -0.3328 -0.3050 -0.2799 -0.2561 -0.2333 -0.2118
 -0.1916
 -4.5614 -4.2022 -3.9029 -3.6325 -3.3775 -3.1357 -2.9095 -2.7017 -2.5141 -2.3453
 -2.1925 -2.0513 -1.9179 -1.7900 -1.6669 -1.3885 -1.1499 -0.9384 -0.7640
 [Fe/H] = -0.50 [alpha/Fe] =-0.40 BC value = F475W
 -5.4763 -5.0068 -4.5506 -4.1546 -3.8075 -3.4956 -3.2359 -3.0050 -2.7971 -2.6031
 -2.4225 -2.2555 -2.1023 -1.9627 -1.8356 -1.5587 -1.3152 -1.0864 -0.8683
 -5.1325 -4.9068 -4.5057 -4.0979 -3.7357 -3.4117 -3.1383 -2.9026 -2.6893 -2.4944
 -2.3128 -2.1449 -1.9908 -1.8508 -1.7240 -1.4541 -1.2246 -1.0155 -0.8226 -0.6497
 -4.7079 -4.5695 -4.4270 -4.0878 -3.7203 -3.3871 -3.0947 -2.8479 -2.6310 -2.4344
 -2.2523 -2.0833 -1.9276 -1.7855 -1.6569 -1.3865 -1.1637 -0.9671 -0.7902 -0.6329
 -0.4970
 -4.5849 -4.2630 -4.0835 -3.9877 -3.7292 -3.4022 -3.0980 -2.8324 -2.6071 -2.4080
 -2.2254 -2.0555 -1.8979 -1.7531 -1.6214 -1.3457 -1.1244 -0.9350 -0.7690 -0.6236
 -0.4979 -0.3903
 -4.5511 -4.1867 -3.8899 -3.6812 -3.5609 -3.4029 -3.1298 -2.8542 -2.6118 -2.4053
 -2.2213 -2.0506 -1.8914 -1.7439 -1.6086 -1.3244 -1.1006 -0.9147 -0.7559 -0.6195
 -0.5023 -0.4019 -0.3150 -0.2389
 -4.5489 -4.1764 -3.8472 -3.5726 -3.3563 -3.1930 -3.0655 -2.8830 -2.6460 -2.4237
 -2.2331 -2.0614 -1.9009 -1.7511 -1.6123 -1.3180 -1.0882 -0.9025 -0.7482 -0.6183
 -0.5084 -0.4146 -0.3337 -0.2628 -0.1993 -0.1424 -0.0914 -0.0460 -0.0083  0.0134
 -4.5695 -4.1940 -3.8538 -3.5549 -3.3007 -3.0897 -2.9100 -2.7595 -2.6232 -2.4538
 -2.2593 -2.0834 -1.9219 -1.7702 -1.6284 -1.3234 -1.0851 -0.8967 -0.7442 -0.6187
 -0.5146 -0.4270 -0.3521 -0.2867 -0.2285 -0.1759 -0.1280 -0.0853 -0.0481 -0.0189
 -0.0053
 -4.6033 -4.2305 -3.8851 -3.5731 -3.2995 -3.0655 -2.8652 -2.6870 -2.5269 -2.3853
 -2.2515 -2.1037 -1.9494 -1.7978 -1.6542 -1.3390 -1.0903 -0.8962 -0.7430 -0.6199
 -0.5198 -0.4374 -0.3684 -0.3089 -0.2564 -0.2088 -0.1656 -0.1265 -0.0914 -0.0613
 -0.0404
 -4.6488 -4.2746 -3.9284 -3.6096 -3.3236 -3.0731 -2.8572 -2.6688 -2.4986 -2.3413
 -2.1974 -2.0667 -1.9429 -1.8143 -1.6801 -1.3608 -1.1012 -0.8992 -0.7428 -0.6200
 -0.5224 -0.4440 -0.3802 -0.3268 -0.2805 -0.2388 -0.2008 -0.1658 -0.1340 -0.1061
 -0.0834
 -4.7051 -4.3309 -3.9862 -3.6646 -3.3701 -3.1069 -2.8763 -2.6759 -2.4993 -2.3383
 -2.1883 -2.0486 -1.9200 -1.8003 -1.6842 -1.3906 -1.1231 -0.9111 -0.7485 -0.6232
 -0.5257 -0.4493 -0.3891 -0.3409 -0.3008 -0.2655 -0.2337 -0.2041 -0.1767 -0.1520
 -0.1305
 -4.7701 -4.3878 -4.0465 -3.7275 -3.4297 -3.1577 -2.9147 -2.7011 -2.5140 -2.3478
 -2.1960 -2.0542 -1.9209 -1.7960 -1.6782 -1.4070 -1.1513 -0.9300 -0.7587 -0.6284
 -0.5289 -0.4525 -0.3943 -0.3498 -0.3149 -0.2860 -0.2609 -0.2377 -0.2160 -0.1958
 -0.1766
 -4.8498 -4.4460 -4.1026 -3.7886 -3.4940 -3.2194 -2.9681 -2.7428 -2.5437 -2.3680
 -2.2111 -2.0679 -1.9339 -1.8072 -1.6865 -1.4133 -1.1733 -0.9554 -0.7746
 [Fe/H] = -0.25 [alpha/Fe] =-0.40 BC value = F475W
 -5.3514 -4.8510 -4.4083 -4.0380 -3.7145 -3.4207 -3.1686 -2.9342 -2.7261 -2.5405
 -2.3654 -2.2033 -2.0547 -1.9193 -1.7958 -1.5293 -1.2990 -1.0837 -0.8772
 -5.0576 -4.8429 -4.4025 -3.9999 -3.6511 -3.3447 -3.0827 -2.8485 -2.6379 -2.4490
 -2.2728 -2.1098 -1.9603 -1.8240 -1.7003 -1.4382 -1.2178 -1.0175 -0.8307 -0.6598
 -4.7901 -4.7062 -4.4104 -4.0187 -3.6498 -3.3226 -3.0454 -2.8046 -2.5917 -2.4005
 -2.2235 -2.0595 -1.9083 -1.7700 -1.6443 -1.3800 -1.1636 -0.9724 -0.7983 -0.6414
 -0.5036
 -4.5878 -4.3241 -4.2384 -4.0291 -3.6856 -3.3494 -3.0509 -2.7958 -2.5761 -2.3813
 -2.2036 -2.0384 -1.8854 -1.7445 -1.6158 -1.3452 -1.1285 -0.9422 -0.7769 -0.6303
 -0.5023 -0.3919
 -4.5633 -4.1955 -3.9314 -3.7996 -3.6738 -3.3940 -3.0919 -2.8189 -2.5853 -2.3834
 -2.2037 -2.0375 -1.8828 -1.7394 -1.6072 -1.3277 -1.1071 -0.9228 -0.7632 -0.6243
 -0.5044 -0.4011 -0.3117 -0.2338
 -4.5896 -4.1913 -3.8572 -3.6000 -3.4244 -3.3082 -3.1278 -2.8687 -2.6201 -2.4046
 -2.2183 -2.0507 -1.8946 -1.7489 -1.6136 -1.3240 -1.0964 -0.9112 -0.7550 -0.6218
 -0.5084 -0.4114 -0.3277 -0.2547 -0.1905 -0.1335 -0.0819 -0.0355  0.0015  0.0229
 -4.6478 -4.2319 -3.8695 -3.5641 -3.3189 -3.1269 -2.9770 -2.8444 -2.6637 -2.4467
 -2.2471 -2.0744 -1.9169 -1.7695 -1.6315 -1.3316 -1.0948 -0.9059 -0.7508 -0.6214
 -0.5130 -0.4216 -0.3436 -0.2759 -0.2163 -0.1631 -0.1160 -0.0738 -0.0362 -0.0077
  0.0057
 -4.7289 -4.3013 -3.9208 -3.5897 -3.3102 -3.0784 -2.8868 -2.7216 -2.5783 -2.4418
 -2.2823 -2.1075 -1.9475 -1.7987 -1.6586 -1.3494 -1.1018 -0.9065 -0.7499 -0.6223
 -0.5174 -0.4307 -0.3579 -0.2957 -0.2416 -0.1933 -0.1503 -0.1109 -0.0764 -0.0484
 -0.0280
 -4.8192 -4.3863 -3.9941 -3.6447 -3.3408 -3.0830 -2.8672 -2.6829 -2.5185 -2.3692
 -2.2339 -2.1043 -1.9683 -1.8285 -1.6897 -1.3735 -1.1150 -0.9111 -0.7507 -0.6228
 -0.5198 -0.4365 -0.3685 -0.3118 -0.2634 -0.2209 -0.1830 -0.1485 -0.1178 -0.0915
 -0.0699
 -4.9206 -4.4850 -4.0881 -3.7273 -3.4054 -3.1257 -2.8873 -2.6851 -2.5101 -2.3521
 -2.2061 -2.0715 -1.9474 -1.8300 -1.7109 -1.4077 -1.1392 -0.9252 -0.7579 -0.6271
 -0.5238 -0.4421 -0.3773 -0.3252 -0.2823 -0.2458 -0.2137 -0.1848 -0.1585 -0.1344
 -0.1152
 -5.0262 -4.5856 -4.1884 -3.8236 -3.4908 -3.1943 -2.9357 -2.7139 -2.5239 -2.3579
 -2.2076 -2.0682 -1.9382 -1.8179 -1.7047 -1.4336 -1.1706 -0.9462 -0.7702 -0.6339
 -0.5283 -0.4463 -0.3830 -0.3342 -0.2960 -0.2652 -0.2393 -0.2164 -0.1957 -0.1769
 -0.1589
 -5.1404 -4.6820 -4.2854 -3.9226 -3.5874 -3.2811 -3.0071 -2.7671 -2.5595 -2.3799
 -2.2221 -2.0795 -1.9472 -1.8232 -1.7064 -1.4409 -1.1981 -0.9744 -0.7885
 [Fe/H] =  0.00 [alpha/Fe] =-0.40 BC value = F475W
 -5.1939 -4.7003 -4.2836 -3.9388 -3.6269 -3.3463 -3.1072 -2.8833 -2.6756 -2.4943
 -2.3245 -2.1664 -2.0216 -1.8891 -1.7685 -1.5089 -1.2807 -1.0740 -0.8863
 -5.1115 -4.7436 -4.2991 -3.9123 -3.5808 -3.2855 -3.0370 -2.8090 -2.6006 -2.4167
 -2.2453 -2.0864 -1.9405 -1.8074 -1.6861 -1.4292 -1.2155 -1.0222 -0.8409 -0.6716
 -4.9399 -4.7434 -4.3504 -3.9458 -3.5865 -3.2723 -3.0047 -2.7725 -2.5632 -2.3762
 -2.2040 -2.0442 -1.8968 -1.7617 -1.6385 -1.3786 -1.1671 -0.9805 -0.8092 -0.6524
 -0.5128
 -4.7084 -4.4616 -4.3347 -3.9994 -3.6333 -3.3017 -3.0124 -2.7664 -2.5523 -2.3614
 -2.1883 -2.0273 -1.8782 -1.7408 -1.6147 -1.3484 -1.1354 -0.9523 -0.7879 -0.6400
 -0.5093 -0.3958
 -4.5626 -4.2137 -4.0281 -3.9427 -3.6830 -3.3571 -3.0542 -2.7893 -2.5629 -2.3659
 -2.1903 -2.0282 -1.8774 -1.7377 -1.6086 -1.3337 -1.1158 -0.9338 -0.7740 -0.6327
 -0.5094 -0.4026 -0.3103 -0.2302
 -4.6053 -4.1945 -3.8712 -3.6572 -3.5489 -3.3887 -3.1136 -2.8395 -2.5961 -2.3877
 -2.2056 -2.0421 -1.8898 -1.7479 -1.6160 -1.3315 -1.1063 -0.9226 -0.7655 -0.6291
 -0.5116 -0.4107 -0.3237 -0.2481 -0.1816 -0.1234 -0.0712 -0.0242  0.0122  0.0332
 -4.6936 -4.2479 -3.8735 -3.5731 -3.3511 -3.1991 -3.0785 -2.8907 -2.6521 -2.4281
 -2.2349 -2.0660 -1.9123 -1.7686 -1.6342 -1.3405 -1.1058 -0.9176 -0.7611 -0.6279
 -0.5149 -0.4190 -0.3373 -0.2665 -0.2047 -0.1503 -0.1016 -0.0589 -0.0228  0.0048
  0.0178
 -4.8171 -4.3438 -3.9362 -3.5932 -3.3145 -3.0964 -2.9243 -2.7839 -2.6493 -2.4772
 -2.2804 -2.1007 -1.9431 -1.7981 -1.6616 -1.3594 -1.1141 -0.9188 -0.7602 -0.6285
 -0.5184 -0.4267 -0.3496 -0.2840 -0.2272 -0.1776 -0.1341 -0.0960 -0.0623 -0.0335
 -0.0140
 -4.9635 -4.4661 -4.0337 -3.6601 -3.3448 -3.0864 -2.8777 -2.7036 -2.5516 -2.4152
 -2.2819 -2.1339 -1.9775 -1.8315 -1.6938 -1.3850 -1.1291 -0.9248 -0.7616 -0.6291
 -0.5207 -0.4318 -0.3589 -0.2982 -0.2468 -0.2025 -0.1639 -0.1299 -0.1000 -0.0746
 -0.0542
 -5.1162 -4.6106 -4.1621 -3.7654 -3.4215 -3.1306 -2.8902 -2.6918 -2.5228 -2.3713
 -2.2327 -2.1046 -1.9813 -1.8563 -1.7293 -1.4211 -1.1555 -0.9409 -0.7703 -0.6344
 -0.5253 -0.4377 -0.3675 -0.3108 -0.2643 -0.2253 -0.1922 -0.1632 -0.1378 -0.1157
 -0.0975
 -5.2605 -4.7581 -4.3041 -3.8940 -3.5290 -3.2118 -2.9424 -2.7173 -2.5291 -2.3668
 -2.2207 -2.0859 -1.9607 -1.8443 -1.7335 -1.4565 -1.1894 -0.9642 -0.7848 -0.6431
 -0.5312 -0.4430 -0.3739 -0.3199 -0.2775 -0.2436 -0.2161 -0.1927 -0.1725 -0.1550
 -0.1389
 -5.3963 -4.9087 -4.4411 -4.0312 -3.6560 -3.3207 -3.0272 -2.7763 -2.5646 -2.3852
 -2.2297 -2.0901 -1.9610 -1.8408 -1.7064 -1.4912 -1.2308 -0.9947 -0.8051
 [Fe/H] =  0.25 [alpha/Fe] =-0.40 BC value = F475W
 -5.0407 -4.5716 -4.1819 -3.8639 -3.5619 -3.2950 -3.0586 -2.8421 -2.6389 -2.4632
 -2.2973 -2.1429 -2.0010 -1.8713 -1.7528 -1.4974 -1.2748 -1.0756 -0.8968
 -5.1183 -4.6373 -4.2054 -3.8383 -3.5255 -3.2432 -2.9983 -2.7785 -2.5736 -2.3952
 -2.2281 -2.0730 -1.9303 -1.7998 -1.6806 -1.4272 -1.2178 -1.0301 -0.8536 -0.6863
 -4.8779 -4.7099 -4.2682 -3.8780 -3.5344 -3.2332 -2.9736 -2.7480 -2.5419 -2.3602
 -2.1923 -2.0362 -1.8922 -1.7600 -1.6390 -1.3826 -1.1744 -0.9918 -0.8232 -0.6667
 -0.5252
 -4.6806 -4.6109 -4.3363 -3.9504 -3.5827 -3.2623 -2.9822 -2.7438 -2.5348 -2.3477
 -2.1788 -2.0217 -1.8761 -1.7418 -1.6183 -1.3558 -1.1455 -0.9654 -0.8025 -0.6535
 -0.5201 -0.4029
 -4.5573 -4.2659 -4.1853 -3.9899 -3.6530 -3.3180 -3.0209 -2.7647 -2.5455 -2.3525
 -2.1810 -2.0229 -1.8757 -1.7393 -1.6131 -1.3428 -1.1275 -0.9477 -0.7886 -0.6453
 -0.5183 -0.4076 -0.3116 -0.2281
 -4.5994 -4.1917 -3.9046 -3.7762 -3.6597 -3.3840 -3.0838 -2.8120 -2.5762 -2.3736
 -2.1956 -2.0360 -1.8874 -1.7490 -1.6202 -1.3413 -1.1187 -0.9368 -0.7798 -0.6408
 -0.5190 -0.4136 -0.3227 -0.2439 -0.1752 -0.1142 -0.0595 -0.0126  0.0234  0.0443
 -4.7084 -4.2430 -3.8705 -3.5927 -3.4197 -3.3164 -3.1354 -2.8774 -2.6299 -2.4117
 -2.2237 -2.0589 -1.9088 -1.7688 -1.6378 -1.3505 -1.1186 -0.9318 -0.7749 -0.6388
 -0.5210 -0.4201 -0.3339 -0.2597 -0.1951 -0.1392 -0.0903 -0.0466 -0.0084  0.0184
  0.0310
 -4.8667 -4.3556 -3.9317 -3.5892 -3.3245 -3.1327 -2.9962 -2.8706 -2.6877 -2.4699
 -2.2678 -2.0928 -1.9388 -1.7972 -1.6644 -1.3695 -1.1276 -0.9333 -0.7740 -0.6390
 -0.5238 -0.4266 -0.3445 -0.2749 -0.2149 -0.1629 -0.1167 -0.0764 -0.0430 -0.0169
  0.0016
 -5.0639 -4.5112 -4.0448 -3.6564 -3.3401 -3.0906 -2.8969 -2.7413 -2.6088 -2.4754
 -2.3151 -2.1374 -1.9750 -1.8305 -1.6962 -1.3952 -1.1435 -0.9400 -0.7755 -0.6395
 -0.5258 -0.4311 -0.3526 -0.2873 -0.2321 -0.1850 -0.1448 -0.1102 -0.0805 -0.0558
 -0.0362
 -5.2564 -4.6944 -4.2035 -3.7769 -3.4193 -3.1261 -2.8909 -2.7018 -2.5433 -2.4030
 -2.2742 -2.1471 -2.0112 -1.8705 -1.7369 -1.4319 -1.1712 -0.9574 -0.7852 -0.6454
 -0.5309 -0.4371 -0.3609 -0.2990 -0.2481 -0.2057 -0.1704 -0.1406 -0.1153 -0.0943
 -0.0772
 -5.4912 -4.9027 -4.3858 -3.9337 -3.5421 -3.2117 -2.9387 -2.7164 -2.5343 -2.3790
 -2.2398 -2.1118 -1.9920 -1.8763 -1.7611 -1.4730 -1.2067 -0.9828 -0.8015 -0.6556
 -0.5381 -0.4435 -0.3680 -0.3083 -0.2609 -0.2229 -0.1925 -0.1678 -0.1473 -0.1305
 -0.1164
 -5.7684 -5.1360 -4.5673 -4.1097 -3.6964 -3.3364 -3.0301 -2.7744 -2.5636 -2.3882
 -2.2378 -2.1032 -1.9791 -1.8635 -1.7688 -1.5185 -1.2500 -1.0162 -0.8244
 [Fe/H] =  0.50 [alpha/Fe] =-0.40 BC value = F475W
 -4.8816 -4.4620 -4.1054 -3.8057 -3.5094 -3.2547 -3.0277 -2.8178 -2.6239 -2.4463
 -2.2837 -2.1325 -1.9932 -1.8652 -1.7477 -1.4954 -1.2776 -1.0873 -0.9064
 -5.0211 -4.5368 -4.1265 -3.7831 -3.4818 -3.2101 -2.9741 -2.7602 -2.5599 -2.3850
 -2.2215 -2.0697 -1.9299 -1.8015 -1.6840 -1.4328 -1.2258 -1.0419 -0.8693 -0.7048
 -5.0736 -4.6447 -4.2051 -3.8194 -3.4961 -3.2032 -2.9519 -2.7328 -2.5294 -2.3527
 -2.1887 -2.0361 -1.8951 -1.7653 -1.6463 -1.3925 -1.1865 -1.0068 -0.8408 -0.6850
 -0.5414
 -4.7234 -4.6736 -4.2992 -3.8980 -3.5385 -3.2303 -2.9592 -2.7286 -2.5243 -2.3405
 -2.1757 -2.0222 -1.8798 -1.7482 -1.6270 -1.3679 -1.1597 -0.9820 -0.8209 -0.6714
 -0.5352 -0.4141
 -4.5663 -4.3958 -4.2930 -3.9769 -3.6150 -3.2831 -2.9958 -2.7468 -2.5337 -2.3444
 -2.1770 -2.0225 -1.8786 -1.7452 -1.6216 -1.3555 -1.1425 -0.9648 -0.8064 -0.6625
 -0.5321 -0.4168 -0.3165 -0.2295
 -4.5831 -4.1985 -3.9918 -3.9201 -3.6776 -3.3579 -3.0548 -2.7891 -2.5612 -2.3642
 -2.1897 -2.0338 -1.8887 -1.7534 -1.6276 -1.3540 -1.1338 -0.9537 -0.7976 -0.6571
 -0.5313 -0.4210 -0.3254 -0.2428 -0.1708 -0.1080 -0.0516 -0.0015  0.0342  0.0556
 -4.6961 -4.2287 -3.8728 -3.6427 -3.5444 -3.3952 -3.1269 -2.8537 -2.6102 -2.3984
 -2.2160 -2.0547 -1.9082 -1.7714 -1.6435 -1.3624 -1.1337 -0.9485 -0.7922 -0.6542
 -0.5322 -0.4259 -0.3347 -0.2563 -0.1885 -0.1294 -0.0781 -0.0331  0.0063  0.0325
  0.0450
 -4.8818 -4.3441 -3.9182 -3.5870 -3.3508 -3.2067 -3.0994 -2.9140 -2.6775 -2.4535
 -2.2568 -2.0867 -1.9362 -1.7980 -1.6683 -1.3806 -1.1425 -0.9499 -0.7908 -0.6537
 -0.5342 -0.4312 -0.3437 -0.2694 -0.2057 -0.1507 -0.1035 -0.0633 -0.0285  0.0008
  0.0185
 -5.1135 -4.5204 -4.0337 -3.6430 -3.3349 -3.1031 -2.9353 -2.8093 -2.6823 -2.5099
 -2.3125 -2.1295 -1.9711 -1.8299 -1.6988 -1.4055 -1.1586 -0.9568 -0.7923 -0.6540
 -0.5357 -0.4350 -0.3506 -0.2801 -0.2207 -0.1701 -0.1272 -0.0910 -0.0606 -0.0358
 -0.0162
 -5.4039 -4.7543 -4.2124 -3.7677 -3.4066 -3.1189 -2.8952 -2.7215 -2.5800 -2.4548
 -2.3269 -2.1804 -2.0204 -1.8726 -1.7393 -1.4416 -1.1866 -0.9748 -0.8024 -0.6602
 -0.5411 -0.4413 -0.3587 -0.2911 -0.2353 -0.1888 -0.1503 -0.1184 -0.0921 -0.0713
 -0.0535
 -5.7927 -5.0458 -4.4340 -3.9441 -3.5354 -3.2004 -2.9306 -2.7162 -2.5443 -2.3995
 -2.2705 -2.1504 -2.0313 -1.9071 -1.7799 -1.4840 -1.2229 -1.0016 -0.8200 -0.6716
 -0.5494 -0.4486 -0.3665 -0.3006 -0.2476 -0.2048 -0.1706 -0.1432 -0.1214 -0.1043
 -0.0917
 -6.2800 -5.3949 -4.6641 -4.1544 -3.7094 -3.3328 -3.0207 -2.7665 -2.5610 -2.3928
 -2.2500 -2.1225 -2.0049 -1.8941 -1.8206 -1.5327 -1.2675 -1.0372 -0.8451
 [Fe/H] =  0.75 [alpha/Fe] =-0.40 BC value = F475W
 -4.7616 -4.3792 -4.0484 -3.7643 -3.4737 -3.2324 -3.0134 -2.8072 -2.6158 -2.4409
 -2.2819 -2.1337 -1.9965 -1.8700 -1.7536 -1.5021 -1.2862 -1.0981 -0.9221
 -4.9014 -4.4471 -4.0632 -3.7429 -3.4505 -3.1904 -2.9619 -2.7505 -2.5559 -2.3826
 -2.2245 -2.0759 -1.9385 -1.8120 -1.6958 -1.4460 -1.2398 -1.0579 -0.8885 -0.7260
 -5.0367 -4.5684 -4.1390 -3.7716 -3.4646 -3.1822 -2.9403 -2.7260 -2.5256 -2.3532
 -2.1927 -2.0434 -1.9052 -1.7778 -1.6605 -1.4089 -1.2039 -1.0261 -0.8622 -0.7071
 -0.5619
 -4.9698 -4.6685 -4.2479 -3.8486 -3.5034 -3.2082 -2.9450 -2.7207 -2.5208 -2.3400
 -2.1788 -2.0286 -1.8891 -1.7602 -1.6411 -1.3852 -1.1785 -1.0027 -0.8432 -0.6938
 -0.5552 -0.4299
 -4.6225 -4.5537 -4.3174 -3.9446 -3.5776 -3.2561 -2.9768 -2.7361 -2.5280 -2.3419
 -2.1780 -2.0270 -1.8863 -1.7556 -1.6345 -1.3725 -1.1614 -0.9855 -0.8292 -0.6845
 -0.5512 -0.4313 -0.3260 -0.2346
 -4.5677 -4.2358 -4.1446 -3.9825 -3.6619 -3.3291 -3.0322 -2.7738 -2.5519 -2.3596
 -2.1884 -2.0359 -1.8940 -1.7617 -1.6385 -1.3699 -1.1523 -0.9739 -0.8191 -0.6781
 -0.5492 -0.4339 -0.3331 -0.2458 -0.1702 -0.1039 -0.0446  0.0078  0.0439  0.0663
 -4.6684 -4.2150 -3.8946 -3.7536 -3.6583 -3.4011 -3.1057 -2.8331 -2.5955 -2.3902
 -2.2121 -2.0541 -1.9109 -1.7772 -1.6522 -1.3770 -1.1515 -0.9680 -0.8128 -0.6743
 -0.5488 -0.4374 -0.3406 -0.2573 -0.1856 -0.1233 -0.0692 -0.0212  0.0201  0.0462
  0.0592
 -4.8658 -4.3183 -3.9037 -3.5969 -3.4132 -3.3239 -3.1572 -2.9067 -2.6596 -2.4400
 -2.2492 -2.0835 -1.9364 -1.8014 -1.6748 -1.3935 -1.1596 -0.9688 -0.8106 -0.6729
 -0.5501 -0.4417 -0.3482 -0.2686 -0.2006 -0.1421 -0.0921 -0.0492 -0.0120  0.0185
  0.0356
 -5.1115 -4.5009 -4.0101 -3.6273 -3.3362 -3.1344 -3.0094 -2.8978 -2.7194 -2.5037
 -2.3005 -2.1230 -1.9686 -1.8308 -1.7029 -1.4167 -1.1749 -0.9754 -0.8117 -0.6726
 -0.5510 -0.4448 -0.3542 -0.2779 -0.2136 -0.1590 -0.1128 -0.0739 -0.0416 -0.0155
  0.0048
 -5.4712 -4.7656 -4.1948 -3.7456 -3.3900 -3.1145 -2.9095 -2.7600 -2.6422 -2.5188
 -2.3615 -2.1837 -2.0174 -1.8720 -1.7416 -1.4513 -1.2022 -0.9934 -0.8219 -0.6788
 -0.5564 -0.4511 -0.3621 -0.2882 -0.2269 -0.1759 -0.1336 -0.0985 -0.0702 -0.0481
 -0.0316
 -5.9498 -5.1124 -4.4446 -3.9297 -3.5152 -3.1838 -2.9229 -2.7211 -2.5641 -2.4346
 -2.3178 -2.1982 -2.0656 -1.9218 -1.7865 -1.4931 -1.2382 -1.0207 -0.8402 -0.6906
 -0.5653 -0.4592 -0.3706 -0.2979 -0.2389 -0.1909 -0.1522 -0.1211 -0.0968 -0.0783
 -0.0654
 -6.5472 -5.5413 -4.7315 -4.1678 -3.6989 -3.3152 -3.0049 -2.7570 -2.5605 -2.4028
 -2.2703 -2.1522 -2.0415 -1.9318 -1.8376 -1.5421 -1.2829 -1.0573 -0.8666
 [Fe/H] =  1.00 [alpha/Fe] =-0.40 BC value = F475W
 -4.6559 -4.3248 -4.0189 -3.7360 -3.4574 -3.2040 -2.9783 -2.7761 -2.5939 -2.4284
 -2.2769 -2.1371 -2.0070 -1.8846 -1.7692 -1.5173 -1.3017 -1.1101 -0.9356
 -4.8108 -4.3761 -4.0147 -3.7195 -3.4340 -3.1820 -2.9597 -2.7526 -2.5617 -2.3934
 -2.2367 -2.0909 -1.9557 -1.8309 -1.7159 -1.4667 -1.2602 -1.0776 -0.9096 -0.7491
 -4.9808 -4.4930 -4.0814 -3.7386 -3.4453 -3.1711 -2.9372 -2.7267 -2.5306 -2.3617
 -2.2046 -2.0583 -1.9227 -1.7974 -1.6818 -1.4320 -1.2272 -1.0502 -0.8876 -0.7332
 -0.5869
 -5.0276 -4.6281 -4.1927 -3.8049 -3.4812 -3.1934 -2.9380 -2.7196 -2.5232 -2.3461
 -2.1884 -2.0414 -1.9048 -1.7783 -1.6614 -1.4085 -1.2027 -1.0279 -0.8696 -0.7205
 -0.5801 -0.4507
 -4.7647 -4.6418 -4.3010 -3.9062 -3.5450 -3.2407 -2.9660 -2.7314 -2.5280 -2.3442
 -2.1846 -2.0368 -1.8990 -1.7711 -1.6524 -1.3945 -1.1853 -1.0107 -0.8556 -0.7110
 -0.5756 -0.4514 -0.3406 -0.2438
 -4.5646 -4.3413 -4.2676 -3.9890 -3.6366 -3.3039 -3.0187 -2.7641 -2.5486 -2.3602
 -2.1917 -2.0426 -1.9037 -1.7742 -1.6536 -1.3899 -1.1749 -0.9980 -0.8447 -0.7038
 -0.5727 -0.4530 -0.3465 -0.2538 -0.1739 -0.1034 -0.0399  0.0140  0.0515  0.0759
 -4.6361 -4.2090 -3.9603 -3.8971 -3.6937 -3.3880 -3.0858 -2.8204 -2.5871 -2.3871
 -2.2130 -2.0577 -1.9175 -1.7869 -1.6645 -1.3948 -1.1726 -0.9908 -0.8370 -0.6988
 -0.5713 -0.4553 -0.3527 -0.2638 -0.1872 -0.1210 -0.0635 -0.0115  0.0315  0.0584
  0.0727
 -4.8194 -4.2878 -3.8944 -3.6324 -3.5306 -3.4107 -3.1611 -2.8919 -2.6468 -2.4320
 -2.2461 -2.0842 -1.9399 -1.8079 -1.6843 -1.4091 -1.1793 -0.9906 -0.8336 -0.6961
 -0.5714 -0.4586 -0.3592 -0.2736 -0.2005 -0.1379 -0.0842 -0.0380  0.0026  0.0349
  0.0521
 -5.0732 -4.4629 -3.9810 -3.6148 -3.3528 -3.2036 -3.1137 -2.9455 -2.7160 -2.4914
 -2.2916 -2.1202 -1.9693 -1.8344 -1.7096 -1.4301 -1.1931 -0.9963 -0.8339 -0.6950
 -0.5715 -0.4610 -0.3643 -0.2818 -0.2119 -0.1527 -0.1027 -0.0605 -0.0253  0.0038
  0.0256
 -5.4765 -4.7419 -4.1606 -3.7175 -3.3750 -3.1191 -2.9439 -2.8301 -2.7195 -2.5561
 -2.3617 -2.1770 -2.0149 -1.8730 -1.7456 -1.4624 -1.2190 -1.0136 -0.8435 -0.7005
 -0.5765 -0.4670 -0.3720 -0.2914 -0.2242 -0.1680 -0.1214 -0.0826 -0.0512 -0.0267
 -0.0084
 -6.0176 -5.1248 -4.4251 -3.8994 -3.4887 -3.1672 -2.9203 -2.7368 -2.6017 -2.4913
 -2.3754 -2.2349 -2.0755 -1.9234 -1.7895 -1.5024 -1.2538 -1.0405 -0.8617 -0.7124
 -0.5853 -0.4753 -0.3808 -0.3013 -0.2357 -0.1821 -0.1385 -0.1032 -0.0751 -0.0542
 -0.0398
 -6.6964 -5.6116 -4.7745 -4.1531 -3.6732 -3.2907 -2.9878 -2.7500 -2.5662 -2.4225
 -2.3038 -2.1960 -2.0865 -1.9677 -1.8413 -1.5501 -1.2975 -1.0770 -0.8885
