 [Fe/H] = -2.00 [alpha/Fe] =-0.40 BC value =F350LP
 -1.9019 -1.8807 -2.0666 -2.0587 -1.9602 -1.7996 -1.6046 -1.4789 -1.3644 -1.2430
 -1.1271 -1.0169 -0.9133 -0.8180 -0.7307 -0.5432 -0.3892 -0.2478 -0.1583
 -1.9032 -1.7991 -1.7119 -1.6589 -1.6410 -1.5954 -1.4962 -1.3776 -1.2628 -1.1511
 -1.0426 -0.9394 -0.8432 -0.7546 -0.6732 -0.4978 -0.3557 -0.2434 -0.1578 -0.0921
 -1.7658 -1.6651 -1.5654 -1.4760 -1.4039 -1.3634 -1.3366 -1.2775 -1.1866 -1.0831
 -0.9821 -0.8850 -0.7939 -0.7098 -0.6329 -0.4691 -0.3386 -0.2361 -0.1577 -0.0975
 -0.0499
 -1.6438 -1.5588 -1.4655 -1.3726 -1.2868 -1.2115 -1.1524 -1.1150 -1.0759 -1.0126
 -0.9294 -0.8412 -0.7559 -0.6762 -0.6029 -0.4474 -0.3256 -0.2317 -0.1598 -0.1047
 -0.0610 -0.0252
 -1.5240 -1.4591 -1.3809 -1.2956 -1.2107 -1.1311 -1.0590 -0.9956 -0.9468 -0.9041
 -0.8557 -0.7929 -0.7215 -0.6488 -0.5796 -0.4311 -0.3156 -0.2283 -0.1626 -0.1126
 -0.0729 -0.0403 -0.0129  0.0102
 -1.4049 -1.3566 -1.2971 -1.2257 -1.1489 -1.0721 -0.9996 -0.9328 -0.8721 -0.8178
 -0.7703 -0.7246 -0.6733 -0.6162 -0.5568 -0.4181 -0.3074 -0.2246 -0.1639 -0.1192
 -0.0841 -0.0553 -0.0311 -0.0101  0.0098  0.0273  0.0408  0.0490  0.0508  0.0457
 -1.2892 -1.2528 -1.2086 -1.1531 -1.0887 -1.0200 -0.9512 -0.8858 -0.8254 -0.7692
 -0.7165 -0.6676 -0.6214 -0.5751 -0.5265 -0.4049 -0.2998 -0.2195 -0.1627 -0.1226
 -0.0925 -0.0683 -0.0480 -0.0303 -0.0145  0.0007  0.0140  0.0233  0.0274  0.0248
  0.0140
 -1.1791 -1.1509 -1.1167 -1.0742 -1.0236 -0.9663 -0.9053 -0.8440 -0.7857 -0.7314
 -0.6804 -0.6316 -0.5846 -0.5397 -0.4958 -0.3886 -0.2916 -0.2141 -0.1588 -0.1218
 -0.0963 -0.0771 -0.0615 -0.0480 -0.0360 -0.0248 -0.0133 -0.0035  0.0020  0.0013
 -0.0069
 -1.0773 -1.0541 -1.0257 -0.9902 -0.9514 -0.9058 -0.8550 -0.8010 -0.7470 -0.6952
 -0.6466 -0.6007 -0.5563 -0.5129 -0.4705 -0.3705 -0.2812 -0.2077 -0.1529 -0.1170
 -0.0945 -0.0799 -0.0696 -0.0613 -0.0540 -0.0469 -0.0403 -0.0343 -0.0305 -0.0292
 -0.0301
 -0.9861 -0.9657 -0.9403 -0.9106 -0.8770 -0.8399 -0.7993 -0.7545 -0.7074 -0.6598
 -0.6141 -0.5710 -0.5299 -0.4895 -0.4499 -0.3556 -0.2713 -0.2010 -0.1473 -0.1111
 -0.0892 -0.0772 -0.0713 -0.0683 -0.0664 -0.0645 -0.0625 -0.0604 -0.0585 -0.0574
 -0.0574
 -0.9058 -0.8848 -0.8605 -0.8333 -0.8037 -0.7717 -0.7377 -0.7016 -0.6626 -0.6215
 -0.5799 -0.5398 -0.5017 -0.4653 -0.4296 -0.3422 -0.2617 -0.1942 -0.1419 -0.1050
 -0.0825 -0.0709 -0.0673 -0.0685 -0.0717 -0.0754 -0.0789 -0.0818 -0.0841 -0.0864
 -0.0893
 -0.8295 -0.7982 -0.7714 -0.7470 -0.7234 -0.6989 -0.6723 -0.6429 -0.6110 -0.5772
 -0.5421 -0.5063 -0.4714 -0.4380 -0.4058 -0.3276 -0.2523 -0.1873 -0.1363
 [Fe/H] = -1.50 [alpha/Fe] =-0.40 BC value =F350LP
 -2.2014 -2.1897 -2.1384 -1.9980 -1.8258 -1.6551 -1.5081 -1.3847 -1.2712 -1.1620
 -1.0570 -0.9571 -0.8630 -0.7750 -0.6933 -0.5171 -0.3729 -0.2495 -0.1588
 -1.9981 -1.8986 -1.8536 -1.8367 -1.7425 -1.5952 -1.4467 -1.3188 -1.2061 -1.0996
 -0.9976 -0.9007 -0.8099 -0.7257 -0.6481 -0.4820 -0.3482 -0.2402 -0.1550 -0.0886
 -1.8767 -1.7597 -1.6555 -1.5791 -1.5499 -1.5069 -1.3987 -1.2719 -1.1578 -1.0543
 -0.9556 -0.8618 -0.7737 -0.6921 -0.6173 -0.4585 -0.3325 -0.2323 -0.1539 -0.0927
 -0.0442
 -1.7784 -1.6700 -1.5590 -1.4527 -1.3645 -1.3069 -1.2751 -1.2172 -1.1198 -1.0195
 -0.9245 -0.8340 -0.7487 -0.6695 -0.5966 -0.4426 -0.3219 -0.2276 -0.1547 -0.0983
 -0.0537 -0.0173
 -1.6852 -1.5934 -1.4912 -1.3877 -1.2900 -1.2009 -1.1275 -1.0747 -1.0359 -0.9765
 -0.8968 -0.8119 -0.7301 -0.6534 -0.5824 -0.4321 -0.3150 -0.2248 -0.1564 -0.1045
 -0.0638 -0.0307 -0.0031  0.0200
 -1.5949 -1.5169 -1.4299 -1.3349 -1.2394 -1.1486 -1.0639 -0.9875 -0.9246 -0.8783
 -0.8348 -0.7785 -0.7107 -0.6395 -0.5713 -0.4245 -0.3099 -0.2224 -0.1575 -0.1098
 -0.0733 -0.0440 -0.0196  0.0011  0.0198  0.0358  0.0480  0.0557  0.0580  0.0532
 -1.4992 -1.4364 -1.3651 -1.2837 -1.1964 -1.1093 -1.0259 -0.9475 -0.8752 -0.8114
 -0.7577 -0.7126 -0.6665 -0.6140 -0.5567 -0.4179 -0.3056 -0.2198 -0.1571 -0.1126
 -0.0805 -0.0555 -0.0351 -0.0176 -0.0024  0.0122  0.0246  0.0330  0.0357  0.0318
  0.0216
 -1.4052 -1.3517 -1.2950 -1.2273 -1.1522 -1.0726 -0.9936 -0.9177 -0.8461 -0.7794
 -0.7187 -0.6644 -0.6166 -0.5724 -0.5272 -0.4086 -0.3009 -0.2164 -0.1547 -0.1122
 -0.0838 -0.0634 -0.0475 -0.0342 -0.0226 -0.0106  0.0004  0.0085  0.0120  0.0097
  0.0009
 -1.3174 -1.2684 -1.2198 -1.1641 -1.1007 -1.0318 -0.9600 -0.8884 -0.8196 -0.7545
 -0.6939 -0.6379 -0.5862 -0.5388 -0.4951 -0.3911 -0.2931 -0.2112 -0.1501 -0.1085
 -0.0823 -0.0659 -0.0549 -0.0466 -0.0396 -0.0332 -0.0276 -0.0237 -0.0215 -0.0209
 -0.0217
 -1.2412 -1.1927 -1.1467 -1.0978 -1.0448 -0.9862 -0.9235 -0.8587 -0.7943 -0.7320
 -0.6733 -0.6185 -0.5673 -0.5194 -0.4744 -0.3739 -0.2837 -0.2060 -0.1457 -0.1036
 -0.0777 -0.0635 -0.0565 -0.0532 -0.0514 -0.0500 -0.0489 -0.0477 -0.0469 -0.0471
 -0.0482
 -1.1822 -1.1256 -1.0776 -1.0318 -0.9860 -0.9353 -0.8812 -0.8242 -0.7660 -0.7080
 -0.6519 -0.5991 -0.5497 -0.5033 -0.4593 -0.3598 -0.2735 -0.1997 -0.1408 -0.0983
 -0.0716 -0.0576 -0.0527 -0.0532 -0.0565 -0.0605 -0.0647 -0.0684 -0.0717 -0.0751
 -0.0792
 -1.1355 -1.0673 -1.0126 -0.9668 -0.9245 -0.8810 -0.8344 -0.7846 -0.7330 -0.6805
 -0.6284 -0.5781 -0.5306 -0.4861 -0.4442 -0.3484 -0.2641 -0.1929 -0.1357
 [Fe/H] = -1.00 [alpha/Fe] =-0.40 BC value =F350LP
 -2.3886 -2.3026 -2.1166 -1.9152 -1.7156 -1.5422 -1.4111 -1.2984 -1.1924 -1.0915
 -0.9953 -0.9037 -0.8172 -0.7359 -0.6598 -0.4938 -0.3578 -0.2459 -0.1557
 -2.0946 -2.0736 -2.0335 -1.8784 -1.6952 -1.5190 -1.3716 -1.2529 -1.1455 -1.0456
 -0.9507 -0.8607 -0.7758 -0.6965 -0.6229 -0.4644 -0.3372 -0.2342 -0.1510 -0.0841
 -1.9673 -1.8464 -1.7869 -1.7723 -1.6671 -1.5079 -1.3530 -1.2231 -1.1136 -1.0145
 -0.9213 -0.8329 -0.7496 -0.6719 -0.5999 -0.4458 -0.3237 -0.2264 -0.1487 -0.0866
 -0.0371
 -1.8922 -1.7576 -1.6360 -1.5482 -1.5123 -1.4648 -1.3442 -1.2096 -1.0928 -0.9928
 -0.9012 -0.8147 -0.7331 -0.6567 -0.5859 -0.4347 -0.3157 -0.2220 -0.1484 -0.0904
 -0.0443 -0.0070
 -1.8261 -1.7023 -1.5754 -1.4570 -1.3582 -1.2888 -1.2506 -1.1871 -1.0821 -0.9777
 -0.8866 -0.8020 -0.7221 -0.6471 -0.5774 -0.4282 -0.3111 -0.2198 -0.1492 -0.0946
 -0.0521 -0.0180  0.0101  0.0338
 -1.7594 -1.6511 -1.5337 -1.4149 -1.3025 -1.2028 -1.1207 -1.0606 -1.0173 -0.9556
 -0.8735 -0.7918 -0.7139 -0.6405 -0.5720 -0.4244 -0.3085 -0.2187 -0.1503 -0.0985
 -0.0594 -0.0288 -0.0039  0.0167  0.0345  0.0493  0.0604  0.0675  0.0697  0.0646
 -1.6903 -1.5968 -1.4931 -1.3834 -1.2738 -1.1704 -1.0756 -0.9909 -0.9199 -0.8661
 -0.8208 -0.7674 -0.7028 -0.6341 -0.5675 -0.4218 -0.3067 -0.2178 -0.1506 -0.1010
 -0.0650 -0.0381 -0.0170  0.0004  0.0150  0.0281  0.0387  0.0457  0.0482  0.0449
  0.0338
 -1.6203 -1.5381 -1.4478 -1.3501 -1.2489 -1.1486 -1.0534 -0.9649 -0.8842 -0.8126
 -0.7523 -0.7038 -0.6597 -0.6114 -0.5571 -0.4194 -0.3050 -0.2164 -0.1498 -0.1015
 -0.0679 -0.0446 -0.0275 -0.0142 -0.0031  0.0063  0.0153  0.0222  0.0252  0.0226
  0.0135
 -1.5540 -1.4764 -1.3965 -1.3104 -1.2193 -1.1265 -1.0353 -0.9481 -0.8665 -0.7911
 -0.7228 -0.6630 -0.6118 -0.5671 -0.5244 -0.4110 -0.3016 -0.2134 -0.1471 -0.0993
 -0.0671 -0.0466 -0.0337 -0.0249 -0.0183 -0.0128 -0.0085 -0.0060 -0.0054 -0.0063
 -0.0088
 -1.4975 -1.4204 -1.3441 -1.2674 -1.1862 -1.1021 -1.0174 -0.9344 -0.8550 -0.7801
 -0.7104 -0.6469 -0.5900 -0.5394 -0.4942 -0.3936 -0.2964 -0.2108 -0.1443 -0.0962
 -0.0640 -0.0450 -0.0351 -0.0307 -0.0289 -0.0281 -0.0282 -0.0285 -0.0293 -0.0313
 -0.0355
 -1.4577 -1.3680 -1.2931 -1.2217 -1.1488 -1.0729 -0.9954 -0.9181 -0.8428 -0.7703
 -0.7018 -0.6379 -0.5793 -0.5262 -0.4779 -0.3753 -0.2867 -0.2065 -0.1410 -0.0923
 -0.0594 -0.0403 -0.0320 -0.0308 -0.0335 -0.0378 -0.0428 -0.0477 -0.0526 -0.0577
 -0.0635
 -1.4361 -1.3318 -1.2493 -1.1777 -1.1086 -1.0395 -0.9693 -0.8979 -0.8275 -0.7587
 -0.6927 -0.6303 -0.5719 -0.5181 -0.4687 -0.3628 -0.2758 -0.2004 -0.1369
 [Fe/H] = -0.75 [alpha/Fe] =-0.40 BC value =F350LP
 -2.4401 -2.2855 -2.0706 -1.8655 -1.6695 -1.4976 -1.3668 -1.2582 -1.1584 -1.0602
 -0.9676 -0.8794 -0.7960 -0.7178 -0.6445 -0.4832 -0.3507 -0.2421 -0.1528
 -2.1755 -2.1732 -2.0420 -1.8470 -1.6573 -1.4795 -1.3363 -1.2206 -1.1180 -1.0206
 -0.9288 -0.8418 -0.7597 -0.6828 -0.6112 -0.4561 -0.3312 -0.2302 -0.1483 -0.0816
 -2.0010 -1.9071 -1.8999 -1.8198 -1.6511 -1.4797 -1.3235 -1.1973 -1.0913 -0.9942
 -0.9038 -0.8181 -0.7373 -0.6616 -0.5912 -0.4396 -0.3189 -0.2227 -0.1455 -0.0832
 -0.0330
 -1.9326 -1.7887 -1.6791 -1.6354 -1.6029 -1.4773 -1.3260 -1.1880 -1.0748 -0.9765
 -0.8871 -0.8030 -0.7236 -0.6490 -0.5796 -0.4301 -0.3118 -0.2185 -0.1448 -0.0860
 -0.0392 -0.0012
 -1.8813 -1.7400 -1.6029 -1.4880 -1.4098 -1.3733 -1.3101 -1.1904 -1.0687 -0.9652
 -0.8755 -0.7928 -0.7148 -0.6414 -0.5730 -0.4250 -0.3080 -0.2165 -0.1452 -0.0894
 -0.0457 -0.0107  0.0178  0.0416
 -1.8308 -1.7023 -1.5689 -1.4403 -1.3272 -1.2345 -1.1691 -1.1253 -1.0581 -0.9604
 -0.8674 -0.7854 -0.7087 -0.6366 -0.5690 -0.4224 -0.3062 -0.2157 -0.1461 -0.0926
 -0.0517 -0.0200  0.0055  0.0263  0.0435  0.0575  0.0684  0.0752  0.0769  0.0719
 -1.7777 -1.6632 -1.5410 -1.4169 -1.2978 -1.1900 -1.0957 -1.0168 -0.9575 -0.9103
 -0.8502 -0.7772 -0.7033 -0.6328 -0.5664 -0.4211 -0.3053 -0.2153 -0.1466 -0.0949
 -0.0565 -0.0280 -0.0061  0.0115  0.0260  0.0379  0.0471  0.0535  0.0563  0.0528
  0.0416
 -1.7227 -1.6199 -1.5102 -1.3958 -1.2813 -1.1720 -1.0712 -0.9806 -0.9006 -0.8326
 -0.7786 -0.7322 -0.6819 -0.6242 -0.5629 -0.4202 -0.3048 -0.2148 -0.1465 -0.0957
 -0.0591 -0.0335 -0.0153 -0.0015  0.0094  0.0183  0.0263  0.0322  0.0342  0.0311
  0.0220
 -1.6702 -1.5726 -1.4732 -1.3694 -1.2633 -1.1587 -1.0586 -0.9655 -0.8804 -0.8034
 -0.7354 -0.6775 -0.6293 -0.5857 -0.5404 -0.4167 -0.3029 -0.2128 -0.1446 -0.0942
 -0.0588 -0.0355 -0.0207 -0.0112 -0.0045  0.0004  0.0040  0.0065  0.0074  0.0053
  0.0000
 -1.6256 -1.5280 -1.4348 -1.3401 -1.2430 -1.1454 -1.0499 -0.9586 -0.8730 -0.7938
 -0.7215 -0.6565 -0.5995 -0.5500 -0.5062 -0.4038 -0.3010 -0.2116 -0.1428 -0.0921
 -0.0567 -0.0345 -0.0222 -0.0165 -0.0143 -0.0139 -0.0145 -0.0157 -0.0175 -0.0206
 -0.0258
 -1.5951 -1.4892 -1.3971 -1.3080 -1.2185 -1.1283 -1.0386 -0.9515 -0.8682 -0.7896
 -0.7164 -0.6492 -0.5882 -0.5339 -0.4854 -0.3838 -0.2930 -0.2093 -0.1406 -0.0891
 -0.0531 -0.0308 -0.0198 -0.0168 -0.0187 -0.0229 -0.0283 -0.0339 -0.0397 -0.0459
 -0.0524
 -1.5841 -1.4625 -1.3645 -1.2766 -1.1916 -1.1074 -1.0238 -0.9415 -0.8619 -0.7857
 -0.7137 -0.6463 -0.5841 -0.5274 -0.4762 -0.3689 -0.2818 -0.2042 -0.1377
 [Fe/H] = -0.50 [alpha/Fe] =-0.40 BC value =F350LP
 -2.4566 -2.2423 -2.0192 -1.8186 -1.6357 -1.4674 -1.3353 -1.2246 -1.1273 -1.0322
 -0.9424 -0.8572 -0.7767 -0.7010 -0.6302 -0.4733 -0.3439 -0.2370 -0.1490
 -2.2849 -2.2105 -2.0166 -1.8092 -1.6223 -1.4509 -1.3097 -1.1943 -1.0922 -0.9977
 -0.9086 -0.8243 -0.7447 -0.6701 -0.6003 -0.4484 -0.3253 -0.2258 -0.1449 -0.0787
 -2.0384 -2.0111 -1.9759 -1.8110 -1.6226 -1.4506 -1.2992 -1.1753 -1.0700 -0.9749
 -0.8869 -0.8038 -0.7254 -0.6517 -0.5829 -0.4336 -0.3140 -0.2185 -0.1419 -0.0795
 -0.0288
 -1.9603 -1.8195 -1.7538 -1.7413 -1.6243 -1.4585 -1.3030 -1.1679 -1.0565 -0.9600
 -0.8727 -0.7909 -0.7136 -0.6410 -0.5730 -0.4254 -0.3076 -0.2145 -0.1407 -0.0815
 -0.0337  0.0049
 -1.9223 -1.7654 -1.6273 -1.5339 -1.4989 -1.4439 -1.3123 -1.1736 -1.0523 -0.9513
 -0.8631 -0.7823 -0.7063 -0.6348 -0.5676 -0.4212 -0.3044 -0.2127 -0.1408 -0.0841
 -0.0390 -0.0031  0.0261  0.0501
 -1.8892 -1.7396 -1.5922 -1.4598 -1.3552 -1.2855 -1.2443 -1.1716 -1.0586 -0.9494
 -0.8571 -0.7764 -0.7015 -0.6310 -0.5647 -0.4195 -0.3032 -0.2121 -0.1415 -0.0866
 -0.0440 -0.0108  0.0155  0.0369  0.0546  0.0684  0.0783  0.0841  0.0853  0.0803
 -1.8546 -1.7167 -1.5755 -1.4384 -1.3141 -1.2085 -1.1229 -1.0600 -1.0114 -0.9442
 -0.8551 -0.7722 -0.6979 -0.6284 -0.5630 -0.4191 -0.3030 -0.2121 -0.1421 -0.0886
 -0.0480 -0.0175  0.0057  0.0239  0.0384  0.0499  0.0589  0.0645  0.0659  0.0621
  0.0515
 -1.8173 -1.6908 -1.5600 -1.4285 -1.3024 -1.1867 -1.0850 -0.9968 -0.9228 -0.8641
 -0.8142 -0.7569 -0.6920 -0.6256 -0.5617 -0.4193 -0.3033 -0.2122 -0.1424 -0.0895
 -0.0504 -0.0222 -0.0022  0.0125  0.0236  0.0321  0.0382  0.0423  0.0437  0.0412
  0.0320
 -1.7812 -1.6609 -1.5391 -1.4164 -1.2952 -1.1797 -1.0730 -0.9771 -0.8918 -0.8166
 -0.7521 -0.6984 -0.6515 -0.6040 -0.5523 -0.4180 -0.3026 -0.2112 -0.1411 -0.0886
 -0.0504 -0.0241 -0.0069  0.0040  0.0111  0.0159  0.0188  0.0202  0.0200  0.0173
  0.0105
 -1.7510 -1.6317 -1.5170 -1.4025 -1.2884 -1.1772 -1.0716 -0.9736 -0.8842 -0.8034
 -0.7308 -0.6666 -0.6110 -0.5636 -0.5207 -0.4121 -0.3028 -0.2112 -0.1404 -0.0874
 -0.0493 -0.0237 -0.0086 -0.0009  0.0022  0.0028  0.0017 -0.0004 -0.0033 -0.0077
 -0.0142
 -1.7319 -1.6069 -1.4944 -1.3855 -1.2782 -1.1729 -1.0710 -0.9745 -0.8845 -0.8015
 -0.7258 -0.6572 -0.5956 -0.5414 -0.4938 -0.3931 -0.2985 -0.2107 -0.1393 -0.0855
 -0.0468 -0.0212 -0.0069 -0.0015 -0.0019 -0.0055 -0.0110 -0.0173 -0.0241 -0.0315
 -0.0389
 -1.7299 -1.5914 -1.4752 -1.3682 -1.2653 -1.1653 -1.0683 -0.9749 -0.8866 -0.8039
 -0.7271 -0.6565 -0.5922 -0.5341 -0.4823 -0.3755 -0.2879 -0.2075 -0.1379
 [Fe/H] = -0.25 [alpha/Fe] =-0.40 BC value =F350LP
 -2.4323 -2.1939 -1.9713 -1.7784 -1.6034 -1.4421 -1.3119 -1.1970 -1.0985 -1.0077
 -0.9203 -0.8373 -0.7592 -0.6858 -0.6170 -0.4643 -0.3376 -0.2330 -0.1462
 -2.2707 -2.2030 -1.9816 -1.7731 -1.5889 -1.4241 -1.2873 -1.1709 -1.0694 -0.9772
 -0.8903 -0.8083 -0.7310 -0.6583 -0.5903 -0.4414 -0.3199 -0.2213 -0.1412 -0.0752
 -2.1124 -2.1186 -1.9860 -1.7855 -1.5936 -1.4214 -1.2765 -1.1544 -1.0504 -0.9572
 -0.8712 -0.7903 -0.7140 -0.6422 -0.5750 -0.4281 -0.3093 -0.2142 -0.1378 -0.0755
 -0.0243
 -1.9817 -1.8715 -1.8674 -1.7829 -1.6085 -1.4345 -1.2796 -1.1487 -1.0393 -0.9442
 -0.8587 -0.7789 -0.7037 -0.6329 -0.5664 -0.4208 -0.3035 -0.2103 -0.1363 -0.0767
 -0.0282  0.0113
 -1.9490 -1.7833 -1.6615 -1.6195 -1.5844 -1.4486 -1.2942 -1.1544 -1.0364 -0.9370
 -0.8504 -0.7714 -0.6973 -0.6275 -0.5618 -0.4174 -0.3007 -0.2085 -0.1361 -0.0785
 -0.0323  0.0047  0.0347  0.0592
 -1.9324 -1.7627 -1.6070 -1.4820 -1.4043 -1.3692 -1.2965 -1.1690 -1.0438 -0.9364
 -0.8455 -0.7663 -0.6930 -0.6242 -0.5594 -0.4161 -0.2999 -0.2081 -0.1365 -0.0805
 -0.0363 -0.0016  0.0259  0.0480  0.0656  0.0790  0.0886  0.0943  0.0950  0.0898
 -1.9170 -1.7547 -1.5964 -1.4514 -1.3289 -1.2352 -1.1713 -1.1239 -1.0482 -0.9440
 -0.8461 -0.7632 -0.6901 -0.6221 -0.5582 -0.4161 -0.3001 -0.2083 -0.1371 -0.0822
 -0.0397 -0.0070  0.0178  0.0370  0.0520  0.0634  0.0714  0.0761  0.0771  0.0727
  0.0622
 -1.9018 -1.7475 -1.5948 -1.4484 -1.3144 -1.1975 -1.1004 -1.0215 -0.9603 -0.9079
 -0.8427 -0.7628 -0.6884 -0.6208 -0.5575 -0.4168 -0.3010 -0.2090 -0.1377 -0.0832
 -0.0418 -0.0112  0.0111  0.0272  0.0390  0.0476  0.0532  0.0567  0.0571  0.0530
  0.0435
 -1.8843 -1.7366 -1.5915 -1.4495 -1.3146 -1.1911 -1.0818 -0.9872 -0.9055 -0.8358
 -0.7778 -0.7266 -0.6722 -0.6143 -0.5548 -0.4165 -0.3010 -0.2086 -0.1371 -0.0826
 -0.0421 -0.0129  0.0070  0.0199  0.0282  0.0333  0.0357  0.0366  0.0353  0.0309
  0.0229
 -1.8714 -1.7264 -1.5875 -1.4520 -1.3207 -1.1971 -1.0837 -0.9819 -0.8919 -0.8121
 -0.7417 -0.6804 -0.6276 -0.5809 -0.5357 -0.4161 -0.3025 -0.2096 -0.1372 -0.0822
 -0.0417 -0.0133  0.0051  0.0154  0.0202  0.0215  0.0203  0.0175  0.0134  0.0083
 -0.0003
 -1.8665 -1.7182 -1.5823 -1.4519 -1.3259 -1.2053 -1.0920 -0.9878 -0.8934 -0.8086
 -0.7325 -0.6644 -0.6039 -0.5508 -0.5045 -0.4027 -0.3020 -0.2105 -0.1373 -0.0813
 -0.0402 -0.0118  0.0058  0.0144  0.0164  0.0139  0.0088  0.0021 -0.0056 -0.0143
 -0.0229
 -1.8746 -1.7164 -1.5786 -1.4506 -1.3286 -1.2120 -1.1013 -0.9975 -0.9017 -0.8141
 -0.7346 -0.6628 -0.5981 -0.5401 -0.4885 -0.3832 -0.2937 -0.2098 -0.1372
 [Fe/H] =  0.00 [alpha/Fe] =-0.40 BC value =F350LP
 -2.3683 -2.1299 -1.9188 -1.7379 -1.5660 -1.4107 -1.2870 -1.1768 -1.0761 -0.9865
 -0.9014 -0.8202 -0.7440 -0.6724 -0.6054 -0.4563 -0.3316 -0.2281 -0.1429
 -2.3255 -2.1624 -1.9366 -1.7351 -1.5582 -1.3967 -1.2666 -1.1520 -1.0499 -0.9594
 -0.8745 -0.7943 -0.7188 -0.6480 -0.5815 -0.4352 -0.3150 -0.2170 -0.1372 -0.0712
 -2.2200 -2.1569 -1.9625 -1.7528 -1.5647 -1.3972 -1.2552 -1.1367 -1.0335 -0.9414
 -0.8572 -0.7781 -0.7037 -0.6336 -0.5678 -0.4231 -0.3051 -0.2100 -0.1335 -0.0712
 -0.0198
 -2.0694 -1.9691 -1.9404 -1.7741 -1.5839 -1.4110 -1.2588 -1.1311 -1.0237 -0.9296
 -0.8458 -0.7677 -0.6944 -0.6252 -0.5601 -0.4167 -0.2997 -0.2061 -0.1317 -0.0717
 -0.0226  0.0176
 -1.9616 -1.8022 -1.7300 -1.7214 -1.5989 -1.4310 -1.2742 -1.1368 -1.0212 -0.9235
 -0.8382 -0.7608 -0.6884 -0.6202 -0.5560 -0.4137 -0.2972 -0.2043 -0.1311 -0.0728
 -0.0257  0.0124  0.0433  0.0685
 -1.9569 -1.7743 -1.6209 -1.5224 -1.4920 -1.4309 -1.2931 -1.1526 -1.0282 -0.9233
 -0.8338 -0.7560 -0.6843 -0.6171 -0.5537 -0.4126 -0.2965 -0.2039 -0.1314 -0.0742
 -0.0288  0.0073  0.0361  0.0591  0.0773  0.0910  0.1005  0.1057  0.1060  0.1004
 -1.9618 -1.7769 -1.6067 -1.4610 -1.3516 -1.2856 -1.2446 -1.1626 -1.0440 -0.9312
 -0.8351 -0.7534 -0.6816 -0.6150 -0.5524 -0.4128 -0.2970 -0.2044 -0.1320 -0.0756
 -0.0315  0.0029  0.0294  0.0500  0.0659  0.0776  0.0858  0.0900  0.0899  0.0848
  0.0741
 -1.9684 -1.7877 -1.6152 -1.4577 -1.3210 -1.2103 -1.1260 -1.0652 -1.0127 -0.9380
 -0.8433 -0.7553 -0.6805 -0.6140 -0.5518 -0.4135 -0.2982 -0.2053 -0.1328 -0.0767
 -0.0335 -0.0007  0.0239  0.0419  0.0549  0.0640  0.0696  0.0722  0.0715  0.0668
  0.0567
 -1.9775 -1.7977 -1.6285 -1.4690 -1.3238 -1.1967 -1.0895 -1.0007 -0.9275 -0.8675
 -0.8127 -0.7503 -0.6791 -0.6122 -0.5506 -0.4135 -0.2986 -0.2055 -0.1326 -0.0765
 -0.0340 -0.0023  0.0203  0.0357  0.0457  0.0517  0.0544  0.0544  0.0521  0.0467
  0.0374
 -1.9812 -1.8085 -1.6440 -1.4871 -1.3403 -1.2068 -1.0891 -0.9871 -0.8997 -0.8238
 -0.7581 -0.7013 -0.6497 -0.5979 -0.5454 -0.4151 -0.3008 -0.2073 -0.1335 -0.0768
 -0.0342 -0.0031  0.0182  0.0316  0.0388  0.0415  0.0409  0.0378  0.0327  0.0257
  0.0162
 -1.9882 -1.8189 -1.6581 -1.5051 -1.3602 -1.2254 -1.1029 -0.9937 -0.8978 -0.8137
 -0.7394 -0.6735 -0.6153 -0.5639 -0.5179 -0.4098 -0.3026 -0.2091 -0.1345 -0.0768
 -0.0336 -0.0025  0.0182  0.0301  0.0351  0.0347  0.0306  0.0240  0.0156  0.0058
 -0.0045
 -1.9982 -1.8289 -1.6701 -1.5216 -1.3794 -1.2463 -1.1227 -1.0100 -0.9090 -0.8189
 -0.7389 -0.6677 -0.6039 -0.5469 -0.4681 -0.3976 -0.3040 -0.2109 -0.1356
 [Fe/H] =  0.25 [alpha/Fe] =-0.40 BC value =F350LP
 -2.3128 -2.0761 -1.8750 -1.7061 -1.5359 -1.3871 -1.2629 -1.1560 -1.0563 -0.9689
 -0.8851 -0.8056 -0.7307 -0.6608 -0.5953 -0.4493 -0.3267 -0.2243 -0.1394
 -2.3539 -2.1167 -1.8947 -1.7008 -1.5316 -1.3752 -1.2445 -1.1341 -1.0325 -0.9441
 -0.8607 -0.7820 -0.7081 -0.6388 -0.5736 -0.4298 -0.3108 -0.2131 -0.1333 -0.0672
 -2.1961 -2.1506 -1.9237 -1.7209 -1.5394 -1.3763 -1.2364 -1.1205 -1.0181 -0.9276
 -0.8448 -0.7672 -0.6943 -0.6258 -0.5613 -0.4188 -0.3015 -0.2062 -0.1294 -0.0667
 -0.0150
 -2.0625 -2.0745 -1.9509 -1.7511 -1.5587 -1.3904 -1.2407 -1.1155 -1.0100 -0.9166
 -0.8342 -0.7575 -0.6856 -0.6180 -0.5543 -0.4129 -0.2964 -0.2023 -0.1272 -0.0666
 -0.0170  0.0238
 -1.9703 -1.8418 -1.8388 -1.7587 -1.5848 -1.4103 -1.2551 -1.1205 -1.0076 -0.9112
 -0.8269 -0.7508 -0.6798 -0.6131 -0.5502 -0.4101 -0.2941 -0.2006 -0.1264 -0.0672
 -0.0193  0.0197  0.0515  0.0773
 -1.9678 -1.7810 -1.6460 -1.6040 -1.5704 -1.4318 -1.2765 -1.1360 -1.0139 -0.9109
 -0.8228 -0.7461 -0.6757 -0.6099 -0.5478 -0.4092 -0.2936 -0.2002 -0.1264 -0.0682
 -0.0216  0.0158  0.0457  0.0697  0.0889  0.1033  0.1130  0.1180  0.1180  0.1121
 -1.9878 -1.7859 -1.6115 -1.4758 -1.3978 -1.3668 -1.2875 -1.1563 -1.0298 -0.9184
 -0.8239 -0.7436 -0.6729 -0.6076 -0.5464 -0.4092 -0.2941 -0.2008 -0.1270 -0.0693
 -0.0238  0.0121  0.0403  0.0623  0.0793  0.0919  0.1002  0.1042  0.1039  0.0985
  0.0873
 -2.0155 -1.8101 -1.6231 -1.4610 -1.3291 -1.2340 -1.1746 -1.1264 -1.0429 -0.9341
 -0.8325 -0.7457 -0.6718 -0.6064 -0.5456 -0.4098 -0.2953 -0.2019 -0.1280 -0.0704
 -0.0255  0.0091  0.0357  0.0555  0.0703  0.0807  0.0874  0.0901  0.0885  0.0824
  0.0717
 -2.0527 -1.8406 -1.6492 -1.4766 -1.3264 -1.2010 -1.1016 -1.0250 -0.9658 -0.9097
 -0.8379 -0.7523 -0.6731 -0.6052 -0.5443 -0.4096 -0.2958 -0.2023 -0.1281 -0.0704
 -0.0260  0.0077  0.0327  0.0505  0.0627  0.0704  0.0739  0.0740  0.0711  0.0646
  0.0540
 -2.0773 -1.8733 -1.6836 -1.5071 -1.3483 -1.2094 -1.0913 -0.9932 -0.9118 -0.8432
 -0.7843 -0.7290 -0.6697 -0.6055 -0.5451 -0.4115 -0.2982 -0.2044 -0.1296 -0.0712
 -0.0267  0.0065  0.0305  0.0467  0.0567  0.0616  0.0623  0.0596  0.0542  0.0460
  0.0352
 -2.1126 -1.9080 -1.7184 -1.5426 -1.3803 -1.2344 -1.1061 -0.9953 -0.9010 -0.8200
 -0.7495 -0.6875 -0.6323 -0.5814 -0.5316 -0.4119 -0.3008 -0.2069 -0.1312 -0.0720
 -0.0268  0.0065  0.0299  0.0450  0.0532  0.0557  0.0534  0.0477  0.0393  0.0286
  0.0164
 -2.1587 -1.9448 -1.7485 -1.5782 -1.4159 -1.2671 -1.1331 -1.0144 -0.9109 -0.8209
 -0.7424 -0.6732 -0.6116 -0.5565 -0.5038 -0.4108 -0.3036 -0.2098 -0.1329
 [Fe/H] =  0.50 [alpha/Fe] =-0.40 BC value =F350LP
 -2.2349 -2.0229 -1.8375 -1.6762 -1.5058 -1.3638 -1.2448 -1.1390 -1.0430 -0.9544
 -0.8715 -0.7933 -0.7198 -0.6510 -0.5866 -0.4433 -0.3202 -0.2194 -0.1358
 -2.3120 -2.0672 -1.8550 -1.6723 -1.5062 -1.3539 -1.2275 -1.1196 -1.0192 -0.9315
 -0.8491 -0.7717 -0.6991 -0.6309 -0.5670 -0.4253 -0.3073 -0.2097 -0.1297 -0.0637
 -2.3289 -2.1199 -1.8932 -1.6906 -1.5187 -1.3570 -1.2200 -1.1069 -1.0045 -0.9158
 -0.8343 -0.7579 -0.6862 -0.6189 -0.5557 -0.4152 -0.2985 -0.2030 -0.1255 -0.0624
 -0.0103
 -2.0992 -2.1210 -1.9336 -1.7239 -1.5348 -1.3710 -1.2239 -1.1019 -0.9982 -0.9053
 -0.8241 -0.7486 -0.6779 -0.6115 -0.5490 -0.4098 -0.2938 -0.1993 -0.1232 -0.0618
 -0.0116  0.0298
 -1.9842 -1.9302 -1.9130 -1.7537 -1.5641 -1.3905 -1.2390 -1.1063 -0.9956 -0.9003
 -0.8169 -0.7420 -0.6721 -0.6067 -0.5450 -0.4071 -0.2917 -0.1975 -0.1222 -0.0619
 -0.0132  0.0267  0.0593  0.0858
 -1.9697 -1.7910 -1.7049 -1.7018 -1.5838 -1.4168 -1.2594 -1.1205 -1.0012 -0.9002
 -0.8128 -0.7372 -0.6679 -0.6032 -0.5424 -0.4061 -0.2912 -0.1972 -0.1222 -0.0626
 -0.0149  0.0236  0.0547  0.0796  0.0996  0.1149  0.1253  0.1307  0.1306  0.1247
 -1.9966 -1.7868 -1.6173 -1.5091 -1.4818 -1.4211 -1.2828 -1.1417 -1.0161 -0.9063
 -0.8140 -0.7345 -0.6648 -0.6007 -0.5405 -0.4058 -0.2917 -0.1977 -0.1228 -0.0635
 -0.0167  0.0207  0.0503  0.0736  0.0919  0.1056  0.1147  0.1193  0.1190  0.1132
  0.1018
 -2.0437 -1.8176 -1.6234 -1.4634 -1.3464 -1.2826 -1.2446 -1.1572 -1.0364 -0.9221
 -0.8216 -0.7364 -0.6635 -0.5991 -0.5393 -0.4060 -0.2927 -0.1989 -0.1238 -0.0645
 -0.0182  0.0181  0.0464  0.0681  0.0844  0.0963  0.1036  0.1067  0.1054  0.0994
  0.0883
 -2.1039 -1.8639 -1.6558 -1.4766 -1.3267 -1.2092 -1.1256 -1.0692 -1.0154 -0.9339
 -0.8351 -0.7431 -0.6648 -0.5977 -0.5377 -0.4055 -0.2930 -0.1993 -0.1240 -0.0647
 -0.0186  0.0170  0.0440  0.0640  0.0783  0.0879  0.0930  0.0940  0.0911  0.0841
  0.0727
 -2.1655 -1.9216 -1.7053 -1.5140 -1.3484 -1.2086 -1.0945 -1.0045 -0.9339 -0.8755
 -0.8180 -0.7504 -0.6733 -0.6015 -0.5393 -0.4070 -0.2952 -0.2015 -0.1257 -0.0659
 -0.0195  0.0158  0.0420  0.0606  0.0732  0.0806  0.0833  0.0820  0.0769  0.0687
  0.0564
 -2.2541 -1.9907 -1.7617 -1.5638 -1.3880 -1.2352 -1.1050 -0.9959 -0.9060 -0.8308
 -0.7663 -0.7090 -0.6543 -0.5978 -0.5391 -0.4091 -0.2979 -0.2042 -0.1278 -0.0672
 -0.0202  0.0152  0.0411  0.0588  0.0700  0.0754  0.0757  0.0717  0.0641  0.0534
  0.0397
 -2.3697 -2.0712 -1.8140 -1.6179 -1.4374 -1.2762 -1.1352 -1.0138 -0.9104 -0.8226
 -0.7475 -0.6819 -0.6234 -0.5704 -0.5371 -0.4118 -0.3011 -0.2074 -0.1303
 [Fe/H] =  0.75 [alpha/Fe] =-0.40 BC value =F350LP
 -2.1768 -1.9787 -1.8039 -1.6502 -1.4808 -1.3476 -1.2328 -1.1273 -1.0306 -0.9419
 -0.8602 -0.7831 -0.7107 -0.6429 -0.5795 -0.4383 -0.3166 -0.2167 -0.1327
 -2.2495 -2.0190 -1.8193 -1.6475 -1.4836 -1.3372 -1.2146 -1.1064 -1.0078 -0.9199
 -0.8394 -0.7631 -0.6915 -0.6244 -0.5615 -0.4218 -0.3046 -0.2071 -0.1266 -0.0602
 -2.3134 -2.0793 -1.8571 -1.6627 -1.4975 -1.3393 -1.2069 -1.0957 -0.9934 -0.9060
 -0.8254 -0.7500 -0.6794 -0.6132 -0.5510 -0.4124 -0.2964 -0.2006 -0.1224 -0.0585
 -0.0058
 -2.2584 -2.1219 -1.9056 -1.6963 -1.5136 -1.3548 -1.2099 -1.0903 -0.9885 -0.8958
 -0.8156 -0.7410 -0.6713 -0.6060 -0.5445 -0.4073 -0.2920 -0.1971 -0.1201 -0.0576
 -0.0066  0.0355
 -2.0254 -2.0355 -1.9298 -1.7352 -1.5424 -1.3734 -1.2239 -1.0943 -0.9855 -0.8911
 -0.8084 -0.7344 -0.6655 -0.6010 -0.5404 -0.4047 -0.2900 -0.1954 -0.1190 -0.0575
 -0.0077  0.0331  0.0665  0.0936
 -1.9698 -1.8183 -1.8068 -1.7420 -1.5736 -1.3993 -1.2446 -1.1079 -0.9902 -0.8910
 -0.8043 -0.7295 -0.6611 -0.5973 -0.5375 -0.4034 -0.2894 -0.1951 -0.1189 -0.0579
 -0.0089  0.0307  0.0628  0.0887  0.1094  0.1256  0.1368  0.1430  0.1433  0.1376
 -1.9941 -1.7860 -1.6336 -1.5823 -1.5568 -1.4233 -1.2690 -1.1279 -1.0039 -0.8963
 -0.8054 -0.7265 -0.6577 -0.5944 -0.5353 -0.4028 -0.2898 -0.1956 -0.1194 -0.0587
 -0.0103  0.0284  0.0593  0.0839  0.1032  0.1181  0.1284  0.1338  0.1341  0.1284
  0.1170
 -2.0534 -1.8146 -1.6212 -1.4717 -1.3864 -1.3597 -1.2816 -1.1511 -1.0239 -0.9107
 -0.8119 -0.7281 -0.6560 -0.5924 -0.5336 -0.4026 -0.2906 -0.1967 -0.1204 -0.0596
 -0.0116  0.0263  0.0562  0.0794  0.0972  0.1105  0.1194  0.1236  0.1230  0.1172
  0.1058
 -2.1280 -1.8702 -1.6533 -1.4733 -1.3295 -1.2286 -1.1727 -1.1265 -1.0387 -0.9282
 -0.8244 -0.7340 -0.6569 -0.5906 -0.5314 -0.4014 -0.2905 -0.1970 -0.1207 -0.0597
 -0.0119  0.0254  0.0543  0.0761  0.0923  0.1038  0.1107  0.1132  0.1113  0.1045
  0.0927
 -2.2232 -1.9474 -1.7116 -1.5120 -1.3446 -1.2081 -1.1028 -1.0273 -0.9721 -0.9152
 -0.8389 -0.7497 -0.6663 -0.5945 -0.5327 -0.4024 -0.2922 -0.1990 -0.1224 -0.0611
 -0.0129  0.0242  0.0524  0.0733  0.0881  0.0978  0.1027  0.1033  0.0995  0.0913
  0.0789
 -2.3571 -2.0462 -1.7857 -1.5707 -1.3868 -1.2315 -1.1026 -0.9985 -0.9163 -0.8502
 -0.7929 -0.7358 -0.6723 -0.6026 -0.5370 -0.4044 -0.2945 -0.2015 -0.1246 -0.0627
 -0.0140  0.0235  0.0514  0.0715  0.0852  0.0933  0.0963  0.0947  0.0888  0.0789
  0.0650
 -2.5295 -2.1666 -1.8664 -1.6414 -1.4455 -1.2762 -1.1320 -1.0107 -0.9100 -0.8267
 -0.7568 -0.6962 -0.6410 -0.5878 -0.5443 -0.4074 -0.2974 -0.2045 -0.1273
 [Fe/H] =  1.00 [alpha/Fe] =-0.40 BC value =F350LP
 -2.1150 -1.9462 -1.7836 -1.6268 -1.4643 -1.3197 -1.1960 -1.0891 -0.9956 -0.9123
 -0.8368 -0.7668 -0.7005 -0.6363 -0.5736 -0.4340 -0.3134 -0.2112 -0.1285
 -2.2048 -1.9785 -1.7878 -1.6293 -1.4666 -1.3240 -1.2041 -1.0973 -0.9988 -0.9121
 -0.8315 -0.7560 -0.6854 -0.6193 -0.5573 -0.4191 -0.3026 -0.2043 -0.1238 -0.0571
 -2.2853 -2.0368 -1.8231 -1.6409 -1.4807 -1.3249 -1.1963 -1.0861 -0.9848 -0.8982
 -0.8183 -0.7437 -0.6739 -0.6086 -0.5473 -0.4105 -0.2952 -0.1992 -0.1203 -0.0554
 -0.0021
 -2.2961 -2.0991 -1.8739 -1.6702 -1.4983 -1.3402 -1.1977 -1.0807 -0.9802 -0.8881
 -0.8086 -0.7349 -0.6660 -0.6015 -0.5410 -0.4057 -0.2912 -0.1959 -0.1180 -0.0544
 -0.0024  0.0404
 -2.1202 -2.0921 -1.9195 -1.7124 -1.5222 -1.3617 -1.2116 -1.0836 -0.9769 -0.8825
 -0.8014 -0.7282 -0.6600 -0.5964 -0.5367 -0.4029 -0.2892 -0.1944 -0.1169 -0.0541
 -0.0031  0.0386  0.0728  0.1007
 -1.9759 -1.8889 -1.8862 -1.7436 -1.5571 -1.3827 -1.2336 -1.0962 -0.9809 -0.8833
 -0.7970 -0.7231 -0.6554 -0.5924 -0.5334 -0.4013 -0.2885 -0.1940 -0.1168 -0.0543
 -0.0040  0.0368  0.0700  0.0968  0.1184  0.1351  0.1471  0.1542  0.1553  0.1503
 -1.9874 -1.7887 -1.6772 -1.6761 -1.5752 -1.4125 -1.2550 -1.1173 -0.9934 -0.8877
 -0.7984 -0.7199 -0.6518 -0.5892 -0.5308 -0.4003 -0.2886 -0.1944 -0.1172 -0.0550
 -0.0050  0.0350  0.0672  0.0930  0.1133  0.1291  0.1403  0.1470  0.1484  0.1434
  0.1325
 -2.0447 -1.8073 -1.6209 -1.4949 -1.4624 -1.4127 -1.2798 -1.1395 -1.0133 -0.9011
 -0.8038 -0.7214 -0.6497 -0.5868 -0.5287 -0.3996 -0.2890 -0.1953 -0.1182 -0.0558
 -0.0061  0.0334  0.0647  0.0894  0.1086  0.1231  0.1331  0.1387  0.1395  0.1348
  0.1238
 -2.1310 -1.8644 -1.6458 -1.4705 -1.3404 -1.2715 -1.2381 -1.1531 -1.0331 -0.9176
 -0.8144 -0.7263 -0.6502 -0.5844 -0.5260 -0.3978 -0.2884 -0.1953 -0.1183 -0.0559
 -0.0063  0.0327  0.0633  0.0869  0.1048  0.1178  0.1264  0.1306  0.1301  0.1245
  0.1133
 -2.2536 -1.9546 -1.7066 -1.5046 -1.3401 -1.2115 -1.1227 -1.0695 -1.0182 -0.9353
 -0.8354 -0.7413 -0.6588 -0.5879 -0.5267 -0.3981 -0.2895 -0.1970 -0.1199 -0.0573
 -0.0074  0.0316  0.0617  0.0845  0.1012  0.1129  0.1199  0.1225  0.1206  0.1138
  0.1020
 -2.4280 -2.0779 -1.7930 -1.5669 -1.3801 -1.2261 -1.1019 -1.0065 -0.9369 -0.8820
 -0.8246 -0.7541 -0.6739 -0.5976 -0.5315 -0.3997 -0.2913 -0.1990 -0.1219 -0.0589
 -0.0086  0.0307  0.0607  0.0829  0.0988  0.1092  0.1146  0.1155  0.1120  0.1036
  0.0906
 -2.6543 -2.2343 -1.9050 -1.6502 -1.4434 -1.2704 -1.1264 -1.0077 -0.9120 -0.8358
 -0.7734 -0.7179 -0.6623 -0.6029 -0.5404 -0.4026 -0.2938 -0.2013 -0.1243
