 [Fe/H] = -2.00 [alpha/Fe] =-0.40 BC value = F098M
  0.7195  0.6886  0.5097  0.4763  0.5039  0.5777  0.6897  0.7535  0.8061  0.8600
  0.9084  0.9541  0.9947  1.0298  1.0589  1.1113  1.1139  1.0436  0.9783
  0.6863  0.7086  0.7226  0.7158  0.6866  0.6791  0.7113  0.7604  0.8100  0.8562
  0.8991  0.9384  0.9733  1.0031  1.0271  1.0588  1.0498  1.0117  0.9616  0.9076
  0.7615  0.7809  0.8020  0.8184  0.8256  0.8128  0.7912  0.7920  0.8177  0.8543
  0.8904  0.9249  0.9562  0.9830  1.0044  1.0324  1.0242  0.9875  0.9377  0.8841
  0.8299
  0.8336  0.8418  0.8584  0.8761  0.8911  0.9012  0.9016  0.8872  0.8737  0.8764
  0.8942  0.9194  0.9456  0.9693  0.9883  1.0125  1.0044  0.9689  0.9191  0.8654
  0.8112  0.7573
  0.9128  0.9047  0.9102  0.9226  0.9360  0.9476  0.9560  0.9599  0.9549  0.9451
  0.9370  0.9382  0.9483  0.9640  0.9795  0.9996  0.9908  0.9556  0.9056  0.8508
  0.7957  0.7413  0.6877  0.6350
  0.9997  0.9772  0.9672  0.9689  0.9763  0.9850  0.9924  0.9979  1.0014  1.0018
  0.9967  0.9887  0.9830  0.9816  0.9840  0.9937  0.9835  0.9486  0.8980  0.8407
  0.7836  0.7276  0.6728  0.6192  0.5673  0.5160  0.4641  0.4106  0.3546  0.2957
  1.0918  1.0581  1.0343  1.0229  1.0201  1.0222  1.0260  1.0293  1.0315  1.0333
  1.0336  1.0310  1.0251  1.0179  1.0112  0.9982  0.9827  0.9491  0.8968  0.8362
  0.7756  0.7169  0.6600  0.6047  0.5511  0.5002  0.4501  0.3985  0.3437  0.2849
  0.2241
  1.1867  1.1446  1.1109  1.0876  1.0730  1.0653  1.0622  1.0611  1.0603  1.0596
  1.0587  1.0571  1.0539  1.0482  1.0404  1.0165  0.9893  0.9535  0.9015  0.8384
  0.7734  0.7106  0.6505  0.5926  0.5367  0.4829  0.4318  0.3813  0.3292  0.2737
  0.2136
  1.2819  1.2337  1.1933  1.1618  1.1363  1.1183  1.1059  1.0976  1.0916  1.0872
  1.0832  1.0792  1.0748  1.0693  1.0622  1.0364  1.0025  0.9617  0.9098  0.8455
  0.7767  0.7092  0.6447  0.5831  0.5241  0.4674  0.4128  0.3598  0.3069  0.2537
  0.2004
  1.3750  1.3226  1.2776  1.2394  1.2073  1.1808  1.1594  1.1426  1.1293  1.1190
  1.1105  1.1029  1.0956  1.0879  1.0795  1.0531  1.0173  0.9734  0.9208  0.8572
  0.7869  0.7156  0.6464  0.5802  0.5172  0.4570  0.3992  0.3436  0.2898  0.2369
  0.1842
  1.4629  1.4089  1.3612  1.3190  1.2818  1.2494  1.2211  1.1967  1.1758  1.1582
  1.1435  1.1307  1.1193  1.1083  1.0973  1.0670  1.0304  0.9852  0.9316  0.8695
  0.7998  0.7270  0.6543  0.5836  0.5161  0.4516  0.3899  0.3309  0.2741  0.2190
  0.1648
  1.5414  1.4932  1.4466  1.4022  1.3607  1.3224  1.2878  1.2570  1.2297  1.2054
  1.1839  1.1648  1.1478  1.1324  1.1178  1.0811  1.0419  0.9963  0.9423
 [Fe/H] = -1.50 [alpha/Fe] =-0.40 BC value = F098M
  0.4554  0.4175  0.4111  0.4686  0.5485  0.6309  0.7033  0.7630  0.8158  0.8630
  0.9040  0.9403  0.9724  1.0010  1.0256  1.0697  1.0812  1.0487  0.9957
  0.5730  0.5963  0.5833  0.5513  0.5735  0.6332  0.6989  0.7572  0.8075  0.8514
  0.8891  0.9222  0.9516  0.9774  0.9996  1.0362  1.0421  1.0161  0.9699  0.9168
  0.6444  0.6791  0.7069  0.7159  0.6919  0.6770  0.7074  0.7560  0.8028  0.8436
  0.8786  0.9091  0.9361  0.9597  0.9798  1.0121  1.0161  0.9919  0.9470  0.8944
  0.8403
  0.7079  0.7353  0.7675  0.7970  0.8140  0.8102  0.7884  0.7836  0.8083  0.8422
  0.8735  0.9013  0.9260  0.9477  0.9660  0.9945  0.9966  0.9733  0.9297  0.8770
  0.8226  0.7684
  0.7763  0.7885  0.8133  0.8410  0.8648  0.8830  0.8912  0.8850  0.8684  0.8661
  0.8801  0.9005  0.9216  0.9411  0.9578  0.9830  0.9832  0.9601  0.9172  0.8640
  0.8084  0.7533  0.6992  0.6452
  0.8530  0.8496  0.8597  0.8800  0.9022  0.9215  0.9372  0.9482  0.9505  0.9419
  0.9304  0.9256  0.9303  0.9417  0.9551  0.9770  0.9754  0.9521  0.9096  0.8552
  0.7976  0.7407  0.6852  0.6308  0.5784  0.5268  0.4742  0.4193  0.3615  0.3017
  0.9421  0.9222  0.9157  0.9225  0.9373  0.9535  0.9680  0.9798  0.9887  0.9935
  0.9920  0.9836  0.9738  0.9675  0.9664  0.9762  0.9727  0.9491  0.9069  0.8512
  0.7909  0.7312  0.6733  0.6171  0.5626  0.5103  0.4586  0.4058  0.3505  0.2918
  0.2298
  1.0385  1.0066  0.9847  0.9760  0.9780  0.9868  0.9972  1.0066  1.0142  1.0201
  1.0240  1.0244  1.0198  1.0114  1.0023  0.9858  0.9749  0.9504  0.9087  0.8524
  0.7891  0.7258  0.6647  0.6058  0.5490  0.4954  0.4435  0.3913  0.3373  0.2802
  0.2193
  1.1394  1.0988  1.0656  1.0429  1.0310  1.0277  1.0303  1.0351  1.0395  1.0431
  1.0458  1.0473  1.0468  1.0432  1.0363  1.0110  0.9845  0.9555  0.9136  0.8576
  0.7921  0.7248  0.6595  0.5970  0.5370  0.4794  0.4236  0.3685  0.3140  0.2600
  0.2066
  1.2424  1.1946  1.1531  1.1214  1.0970  1.0812  1.0726  1.0692  1.0683  1.0681
  1.0676  1.0668  1.0654  1.0629  1.0583  1.0355  1.0027  0.9658  0.9222  0.8670
  0.8012  0.7310  0.6615  0.5946  0.5307  0.4695  0.4107  0.3540  0.2989  0.2448
  0.1910
  1.3444  1.2932  1.2459  1.2069  1.1728  1.1473  1.1278  1.1140  1.1046  1.0984
  1.0935  1.0889  1.0844  1.0798  1.0745  1.0537  1.0208  0.9797  0.9328  0.8778
  0.8131  0.7420  0.6695  0.5983  0.5299  0.4646  0.4019  0.3418  0.2839  0.2276
  0.1724
  1.4452  1.3946  1.3440  1.2982  1.2577  1.2230  1.1943  1.1712  1.1525  1.1378
  1.1264  1.1167  1.1078  1.0995  1.0914  1.0681  1.0357  0.9938  0.9445
 [Fe/H] = -1.00 [alpha/Fe] =-0.40 BC value = F098M
  0.2854  0.3044  0.3956  0.4964  0.5972  0.6818  0.7395  0.7874  0.8332  0.8757
  0.9115  0.9416  0.9673  0.9898  1.0094  1.0449  1.0593  1.0483  1.0099
  0.4749  0.4461  0.4324  0.4988  0.5829  0.6636  0.7284  0.7781  0.8235  0.8640
  0.8976  0.9255  0.9492  0.9696  0.9872  1.0186  1.0298  1.0175  0.9810  0.9308
  0.5557  0.5980  0.5976  0.5643  0.5916  0.6552  0.7191  0.7719  0.8161  0.8554
  0.8876  0.9140  0.9361  0.9549  0.9710  0.9990  1.0074  0.9940  0.9590  0.9097
  0.8557
  0.6078  0.6570  0.7004  0.7192  0.6996  0.6854  0.7197  0.7681  0.8119  0.8500
  0.8812  0.9065  0.9274  0.9450  0.9598  0.9849  0.9910  0.9765  0.9423  0.8936
  0.8394  0.7846
  0.6625  0.6985  0.7432  0.7840  0.8095  0.8127  0.7930  0.7886  0.8146  0.8484
  0.8786  0.9028  0.9227  0.9391  0.9529  0.9756  0.9797  0.9641  0.9301  0.8818
  0.8267  0.7709  0.7159  0.6626
  0.7279  0.7449  0.7780  0.8171  0.8523  0.8781  0.8911  0.8881  0.8726  0.8686
  0.8841  0.9038  0.9217  0.9369  0.9496  0.9701  0.9726  0.9560  0.9219  0.8736
  0.8175  0.7598  0.7033  0.6479  0.5944  0.5413  0.4870  0.4302  0.3708  0.3112
  0.8062  0.8040  0.8192  0.8469  0.8789  0.9077  0.9302  0.9456  0.9517  0.9459
  0.9343  0.9288  0.9316  0.9402  0.9502  0.9681  0.9691  0.9517  0.9174  0.8691
  0.8118  0.7519  0.6930  0.6357  0.5799  0.5262  0.4729  0.4184  0.3611  0.3007
  0.2393
  0.8962  0.8777  0.8744  0.8855  0.9066  0.9313  0.9540  0.9724  0.9856  0.9933
  0.9940  0.9880  0.9778  0.9688  0.9644  0.9696  0.9690  0.9508  0.9165  0.8683
  0.8101  0.7477  0.6858  0.6257  0.5676  0.5112  0.4570  0.4034  0.3484  0.2905
  0.2287
  0.9948  0.9640  0.9450  0.9391  0.9451  0.9592  0.9767  0.9933  1.0068  1.0169
  1.0231  1.0252  1.0226  1.0148  1.0044  0.9826  0.9725  0.9530  0.9184  0.8705
  0.8119  0.7471  0.6817  0.6181  0.5568  0.4977  0.4402  0.3834  0.3272  0.2716
  0.2165
  1.0989  1.0585  1.0283  1.0078  0.9983  0.9984  1.0055  1.0161  1.0266  1.0354
  1.0417  1.0454  1.0465  1.0443  1.0385  1.0124  0.9847  0.9591  0.9240  0.8768
  0.8187  0.7528  0.6841  0.6166  0.5514  0.4889  0.4284  0.3700  0.3132  0.2573
  0.2013
  1.2062  1.1606  1.1212  1.0896  1.0668  1.0531  1.0473  1.0476  1.0513  1.0560
  1.0600  1.0623  1.0630  1.0620  1.0588  1.0390  1.0069  0.9713  0.9325  0.8854
  0.8283  0.7625  0.6919  0.6206  0.5513  0.4847  0.4206  0.3589  0.2993  0.2413
  0.1844
  1.3163  1.2661  1.2202  1.1805  1.1479  1.1226  1.1044  1.0929  1.0865  1.0838
  1.0829  1.0819  1.0802  1.0776  1.0739  1.0573  1.0276  0.9886  0.9445
 [Fe/H] = -0.75 [alpha/Fe] =-0.40 BC value = F098M
  0.2357  0.3071  0.4190  0.5236  0.6230  0.7064  0.7624  0.8052  0.8448  0.8857
  0.9197  0.9479  0.9712  0.9908  1.0077  1.0388  1.0524  1.0460  1.0158
  0.4082  0.3671  0.4200  0.5153  0.6052  0.6878  0.7488  0.7948  0.8354  0.8746
  0.9067  0.9329  0.9544  0.9723  0.9876  1.0148  1.0253  1.0169  0.9867  0.9397
  0.5248  0.5497  0.5129  0.5265  0.5989  0.6723  0.7376  0.7871  0.8279  0.8660
  0.8970  0.9221  0.9423  0.9590  0.9730  0.9972  1.0052  0.9949  0.9650  0.9190
  0.8658
  0.5730  0.6309  0.6676  0.6560  0.6338  0.6725  0.7293  0.7815  0.8231  0.8600
  0.8904  0.9148  0.9342  0.9499  0.9629  0.9847  0.9906  0.9786  0.9486  0.9034
  0.8500  0.7951
  0.6184  0.6679  0.7217  0.7610  0.7726  0.7524  0.7474  0.7807  0.8209  0.8565
  0.8868  0.9105  0.9294  0.9443  0.9564  0.9761  0.9803  0.9670  0.9366  0.8917
  0.8380  0.7821  0.7267  0.6728
  0.6741  0.7052  0.7505  0.7977  0.8347  0.8556  0.8558  0.8395  0.8373  0.8588
  0.8863  0.9094  0.9276  0.9418  0.9531  0.9708  0.9736  0.9592  0.9283  0.8836
  0.8294  0.7719  0.7149  0.6591  0.6043  0.5497  0.4945  0.4377  0.3785  0.3176
  0.7439  0.7547  0.7827  0.8214  0.8611  0.8934  0.9157  0.9262  0.9226  0.9099
  0.9053  0.9158  0.9297  0.9424  0.9527  0.9685  0.9699  0.9547  0.9235  0.8786
  0.8240  0.7648  0.7056  0.6477  0.5913  0.5358  0.4809  0.4256  0.3683  0.3073
  0.2460
  0.8277  0.8199  0.8286  0.8513  0.8824  0.9142  0.9413  0.9612  0.9734  0.9776
  0.9723  0.9625  0.9557  0.9542  0.9575  0.9691  0.9691  0.9532  0.9217  0.8770
  0.8221  0.7613  0.6993  0.6387  0.5799  0.5226  0.4672  0.4123  0.3562  0.2975
  0.2353
  0.9221  0.9001  0.8912  0.8962  0.9125  0.9356  0.9599  0.9812  0.9973  1.0081
  1.0134  1.0129  1.0072  0.9975  0.9876  0.9748  0.9712  0.9544  0.9226  0.8781
  0.8230  0.7608  0.6960  0.6319  0.5699  0.5099  0.4514  0.3944  0.3383  0.2814
  0.2233
  1.0237  0.9915  0.9687  0.9574  0.9574  0.9667  0.9819  0.9989  1.0142  1.0262
  1.0342  1.0382  1.0386  1.0350  1.0272  0.9998  0.9782  0.9589  0.9270  0.8830
  0.8285  0.7657  0.6985  0.6309  0.5651  0.5017  0.4403  0.3809  0.3230  0.2660
  0.2088
  1.1302  1.0907  1.0577  1.0336  1.0190  1.0136  1.0159  1.0236  1.0334  1.0429
  1.0504  1.0549  1.0568  1.0560  1.0524  1.0304  0.9990  0.9680  0.9341  0.8904
  0.8367  0.7742  0.7057  0.6350  0.5654  0.4981  0.4331  0.3705  0.3098  0.2507
  0.1930
  1.2402  1.1954  1.1552  1.1212  1.0950  1.0767  1.0658  1.0615  1.0618  1.0650
  1.0687  1.0714  1.0723  1.0714  1.0686  1.0522  1.0224  0.9852  0.9448
 [Fe/H] = -0.50 [alpha/Fe] =-0.40 BC value = F098M
  0.2208  0.3324  0.4505  0.5534  0.6445  0.7253  0.7807  0.8233  0.8592  0.8978
  0.9302  0.9570  0.9786  0.9961  1.0106  1.0369  1.0482  1.0423  1.0209
  0.3242  0.3371  0.4353  0.5403  0.6295  0.7081  0.7669  0.8112  0.8502  0.8872
  0.9181  0.9430  0.9630  0.9790  0.9922  1.0150  1.0236  1.0167  0.9919  0.9495
  0.4945  0.4723  0.4569  0.5315  0.6192  0.6942  0.7561  0.8031  0.8424  0.8789
  0.9088  0.9328  0.9517  0.9667  0.9788  0.9991  1.0055  0.9965  0.9708  0.9291
  0.8774
  0.5496  0.6075  0.6140  0.5810  0.6180  0.6860  0.7472  0.7974  0.8372  0.8725
  0.9021  0.9256  0.9439  0.9582  0.9695  0.9877  0.9923  0.9816  0.9549  0.9136
  0.8622  0.8073
  0.5854  0.6476  0.7040  0.7295  0.7112  0.7030  0.7445  0.7928  0.8341  0.8680
  0.8977  0.9209  0.9389  0.9527  0.9633  0.9797  0.9829  0.9709  0.9433  0.9020
  0.8506  0.7950  0.7393  0.6846
  0.6294  0.6758  0.7326  0.7839  0.8161  0.8211  0.8036  0.8046  0.8339  0.8665
  0.8954  0.9187  0.9364  0.9498  0.9599  0.9746  0.9764  0.9635  0.9352  0.8937
  0.8423  0.7857  0.7285  0.6721  0.6171  0.5621  0.5057  0.4467  0.3855  0.3252
  0.6883  0.7141  0.7560  0.8049  0.8496  0.8814  0.8973  0.8957  0.8828  0.8810
  0.8976  0.9191  0.9364  0.9494  0.9590  0.9721  0.9726  0.9589  0.9302  0.8886
  0.8370  0.7794  0.7202  0.6618  0.6046  0.5483  0.4926  0.4361  0.3770  0.3152
  0.2535
  0.7633  0.7688  0.7910  0.8261  0.8664  0.9038  0.9322  0.9502  0.9576  0.9540
  0.9436  0.9386  0.9439  0.9527  0.9607  0.9720  0.9713  0.9570  0.9281  0.8865
  0.8348  0.7762  0.7148  0.6538  0.5942  0.5361  0.4788  0.4223  0.3652  0.3060
  0.2431
  0.8514  0.8400  0.8438  0.8610  0.8882  0.9197  0.9495  0.9733  0.9896  0.9989
  1.0010  0.9957  0.9877  0.9800  0.9750  0.9751  0.9726  0.9575  0.9283  0.8867
  0.8349  0.7755  0.7120  0.6478  0.5852  0.5243  0.4648  0.4067  0.3492  0.2914
  0.2316
  0.9489  0.9259  0.9132  0.9128  0.9236  0.9426  0.9655  0.9880  1.0066  1.0199
  1.0280  1.0309  1.0293  1.0236  1.0144  0.9900  0.9769  0.9608  0.9317  0.8905
  0.8392  0.7795  0.7144  0.6473  0.5811  0.5170  0.4546  0.3941  0.3349  0.2765
  0.2180
  1.0521  1.0209  0.9966  0.9816  0.9766  0.9807  0.9915  1.0063  1.0216  1.0348
  1.0444  1.0499  1.0518  1.0504  1.0457  1.0212  0.9919  0.9673  0.9376  0.8968
  0.8460  0.7867  0.7208  0.6514  0.5818  0.5140  0.4482  0.3845  0.3227  0.2623
  0.2035
  1.1596  1.1229  1.0901  1.0641  1.0459  1.0359  1.0333  1.0366  1.0435  1.0519
  1.0595  1.0649  1.0674  1.0673  1.0646  1.0470  1.0165  0.9819  0.9465
 [Fe/H] = -0.25 [alpha/Fe] =-0.40 BC value = F098M
  0.2453  0.3716  0.4885  0.5861  0.6717  0.7467  0.7989  0.8421  0.8773  0.9116
  0.9426  0.9685  0.9889  1.0049  1.0177  1.0394  1.0477  1.0428  1.0239
  0.3408  0.3470  0.4636  0.5696  0.6576  0.7317  0.7865  0.8297  0.8669  0.9016
  0.9313  0.9555  0.9744  0.9891  1.0006  1.0192  1.0252  1.0181  0.9968  0.9596
  0.4431  0.3969  0.4525  0.5526  0.6436  0.7195  0.7769  0.8217  0.8586  0.8936
  0.9223  0.9456  0.9637  0.9775  0.9882  1.0047  1.0088  0.9998  0.9767  0.9393
  0.8905
  0.5344  0.5718  0.5343  0.5534  0.6318  0.7071  0.7684  0.8155  0.8531  0.8871
  0.9155  0.9383  0.9560  0.9693  0.9793  0.9940  0.9967  0.9863  0.9618  0.9241
  0.8755  0.8214
  0.5644  0.6348  0.6814  0.6711  0.6533  0.7014  0.7606  0.8106  0.8494  0.8818
  0.9107  0.9332  0.9507  0.9637  0.9732  0.9863  0.9878  0.9764  0.9509  0.9127
  0.8643  0.8098  0.7538  0.6987
  0.5961  0.6575  0.7219  0.7699  0.7842  0.7655  0.7685  0.8074  0.8470  0.8794
  0.9073  0.9302  0.9475  0.9603  0.9695  0.9812  0.9814  0.9692  0.9431  0.9045
  0.8561  0.8011  0.7439  0.6871  0.6312  0.5751  0.5175  0.4574  0.3951  0.3341
  0.6429  0.6840  0.7392  0.7956  0.8405  0.8649  0.8659  0.8526  0.8559  0.8802
  0.9062  0.9290  0.9464  0.9591  0.9680  0.9785  0.9774  0.9645  0.9381  0.8992
  0.8506  0.7952  0.7366  0.6778  0.6200  0.5629  0.5059  0.4479  0.3875  0.3246
  0.2625
  0.7054  0.7262  0.7632  0.8099  0.8574  0.8970  0.9229  0.9346  0.9323  0.9224
  0.9202  0.9317  0.9477  0.9600  0.9687  0.9781  0.9758  0.9622  0.9356  0.8967
  0.8480  0.7920  0.7319  0.6708  0.6107  0.5518  0.4934  0.4355  0.3769  0.3162
  0.2525
  0.7849  0.7871  0.8042  0.8344  0.8722  0.9106  0.9436  0.9673  0.9811  0.9860
  0.9825  0.9737  0.9685  0.9697  0.9735  0.9803  0.9766  0.9622  0.9352  0.8964
  0.8475  0.7908  0.7292  0.6656  0.6026  0.5410  0.4806  0.4215  0.3626  0.3029
  0.2416
  0.8759  0.8641  0.8635  0.8753  0.8977  0.9261  0.9557  0.9820  1.0018  1.0147
  1.0211  1.0214  1.0164  1.0092  1.0013  0.9871  0.9798  0.9647  0.9377  0.8993
  0.8506  0.7938  0.7311  0.6653  0.5993  0.5346  0.4714  0.4097  0.3492  0.2891
  0.2292
  0.9744  0.9533  0.9391  0.9348  0.9406  0.9548  0.9742  0.9954  1.0148  1.0302
  1.0404  1.0457  1.0466  1.0437  1.0378  1.0127  0.9885  0.9697  0.9426  0.9045
  0.8563  0.7997  0.7366  0.6691  0.6003  0.5322  0.4658  0.4011  0.3381  0.2763
  0.2161
  1.0776  1.0504  1.0270  1.0102  1.0014  1.0009  1.0072  1.0182  1.0312  1.0439
  1.0544  1.0612  1.0643  1.0640  1.0610  1.0416  1.0112  0.9802  0.9500
 [Fe/H] =  0.00 [alpha/Fe] =-0.40 BC value = F098M
  0.2872  0.4141  0.5250  0.6165  0.7021  0.7738  0.8212  0.8599  0.8956  0.9280
  0.9570  0.9821  1.0019  1.0171  1.0284  1.0461  1.0506  1.0438  1.0274
  0.2993  0.3758  0.4964  0.5993  0.6843  0.7577  0.8079  0.8491  0.8857  0.9182
  0.9464  0.9699  0.9883  1.0021  1.0124  1.0274  1.0305  1.0222  1.0022  0.9696
  0.3642  0.3710  0.4715  0.5793  0.6692  0.7436  0.7997  0.8416  0.8766  0.9103
  0.9376  0.9603  0.9779  0.9910  1.0006  1.0137  1.0153  1.0054  0.9836  0.9497
  0.9044
  0.4695  0.5025  0.4845  0.5634  0.6542  0.7300  0.7905  0.8355  0.8709  0.9036
  0.9307  0.9528  0.9700  0.9827  0.9919  1.0036  1.0040  0.9930  0.9698  0.9350
  0.8897  0.8372
  0.5532  0.6225  0.6352  0.6019  0.6468  0.7191  0.7812  0.8299  0.8669  0.8975
  0.9254  0.9472  0.9642  0.9767  0.9856  0.9960  0.9954  0.9837  0.9596  0.9241
  0.8786  0.8260  0.7703  0.7149
  0.5745  0.6480  0.7136  0.7447  0.7265  0.7261  0.7750  0.8244  0.8639  0.8945
  0.9213  0.9434  0.9603  0.9727  0.9814  0.9907  0.9890  0.9768  0.9522  0.9161
  0.8705  0.8177  0.7611  0.7038  0.6470  0.5903  0.5317  0.4699  0.4066  0.3446
  0.6060  0.6647  0.7308  0.7900  0.8276  0.8337  0.8190  0.8284  0.8618  0.8935
  0.9190  0.9412  0.9582  0.9707  0.9793  0.9878  0.9847  0.9719  0.9472  0.9109
  0.8650  0.8119  0.7543  0.6955  0.6371  0.5793  0.5212  0.4617  0.3998  0.3358
  0.2729
  0.6567  0.6935  0.7454  0.8020  0.8533  0.8903  0.9083  0.9076  0.8983  0.9018
  0.9206  0.9406  0.9580  0.9705  0.9791  0.9870  0.9827  0.9691  0.9442  0.9080
  0.8620  0.8084  0.7499  0.6893  0.6289  0.5693  0.5101  0.4511  0.3909  0.3283
  0.2635
  0.7216  0.7417  0.7740  0.8172  0.8638  0.9066  0.9396  0.9601  0.9682  0.9658
  0.9585  0.9555  0.9625  0.9732  0.9814  0.9886  0.9832  0.9686  0.9433  0.9070
  0.8607  0.8066  0.7471  0.6846  0.6217  0.5597  0.4985  0.4379  0.3777  0.3166
  0.2535
  0.8073  0.8078  0.8214  0.8467  0.8803  0.9169  0.9511  0.9789  0.9978  1.0083
  1.0112  1.0076  1.0002  0.9949  0.9930  0.9925  0.9858  0.9704  0.9451  0.9090
  0.8629  0.8086  0.7484  0.6844  0.6191  0.5542  0.4904  0.4278  0.3660  0.3045
  0.2427
  0.9039  0.8896  0.8871  0.8953  0.9128  0.9370  0.9638  0.9898  1.0115  1.0274
  1.0369  1.0408  1.0397  1.0346  1.0280  1.0076  0.9914  0.9747  0.9491  0.9133
  0.8676  0.8135  0.7528  0.6877  0.6203  0.5526  0.4858  0.4203  0.3561  0.2929
  0.2309
  1.0115  0.9870  0.9688  0.9615  0.9639  0.9735  0.9886  1.0064  1.0242  1.0398
  1.0516  1.0588  1.0616  1.0606  1.0864  1.0339  1.0000  0.9815  0.9553
 [Fe/H] =  0.25 [alpha/Fe] =-0.40 BC value = F098M
  0.3339  0.4604  0.5641  0.6472  0.7327  0.8002  0.8476  0.8826  0.9165  0.9459
  0.9734  0.9975  1.0170  1.0316  1.0421  1.0567  1.0586  1.0501  1.0327
  0.2892  0.4162  0.5333  0.6315  0.7124  0.7833  0.8343  0.8713  0.9067  0.9365
  0.9632  0.9859  1.0039  1.0173  1.0269  1.0390  1.0394  1.0294  1.0094  0.9796
  0.3897  0.3834  0.5057  0.6088  0.6952  0.7680  0.8236  0.8634  0.8967  0.9286
  0.9545  0.9764  0.9937  1.0065  1.0155  1.0260  1.0251  1.0138  0.9922  0.9606
  0.9189
  0.4798  0.4307  0.4836  0.5861  0.6792  0.7530  0.8130  0.8567  0.8902  0.9217
  0.9474  0.9686  0.9855  0.9980  1.0067  1.0161  1.0143  1.0022  0.9794  0.9466
  0.9044  0.8544
  0.5478  0.5976  0.5610  0.5811  0.6633  0.7412  0.8030  0.8505  0.8857  0.9147
  0.9417  0.9626  0.9792  0.9915  1.0000  1.0085  1.0058  0.9933  0.9699  0.9363
  0.8935  0.8433  0.7885  0.7321
  0.5639  0.6437  0.6990  0.6913  0.6764  0.7315  0.7939  0.8440  0.8822  0.9113
  0.9369  0.9582  0.9745  0.9867  0.9952  1.0030  0.9992  0.9864  0.9628  0.9287
  0.8855  0.8350  0.7797  0.7223  0.6652  0.6072  0.5468  0.4841  0.4200  0.3566
  0.5826  0.6554  0.7275  0.7824  0.7999  0.7824  0.7945  0.8388  0.8787  0.9096
  0.9340  0.9552  0.9717  0.9838  0.9922  0.9995  0.9947  0.9812  0.9576  0.9234
  0.8799  0.8291  0.7731  0.7146  0.6558  0.5977  0.5388  0.4778  0.4139  0.3489
  0.2849
  0.6185  0.6721  0.7364  0.7991  0.8497  0.8779  0.8798  0.8705  0.8816  0.9092
  0.9338  0.9536  0.9705  0.9828  0.9912  0.9982  0.9923  0.9779  0.9542  0.9201
  0.8766  0.8253  0.7687  0.7089  0.6485  0.5885  0.5286  0.4680  0.4061  0.3423
  0.2764
  0.6669  0.7063  0.7536  0.8079  0.8607  0.9047  0.9342  0.9474  0.9463  0.9404
  0.9432  0.9567  0.9714  0.9840  0.9924  0.9992  0.9923  0.9769  0.9526  0.9185
  0.8748  0.8230  0.7656  0.7045  0.6421  0.5799  0.5182  0.4569  0.3954  0.3325
  0.2673
  0.7405  0.7591  0.7882  0.8266  0.8702  0.9129  0.9495  0.9765  0.9923  0.9982
  0.9962  0.9905  0.9868  0.9900  0.9961  1.0020  0.9945  0.9782  0.9536  0.9196
  0.8761  0.8243  0.7663  0.7042  0.6400  0.5755  0.5114  0.4480  0.3851  0.3219
  0.2584
  0.8279  0.8300  0.8422  0.8636  0.8926  0.9257  0.9585  0.9876  1.0100  1.0249
  1.0324  1.0337  1.0301  1.0235  1.0183  1.0093  0.9990  0.9818  0.9568  0.9230
  0.8798  0.8281  0.7699  0.7070  0.6413  0.5745  0.5077  0.4417  0.3765  0.3119
  0.2480
  0.9290  0.9189  0.9162  0.9195  0.9332  0.9529  0.9760  0.9995  1.0208  1.0381
  1.0502  1.0568  1.0585  1.0562  1.0590  1.0211  1.0058  0.9877  0.9622
 [Fe/H] =  0.50 [alpha/Fe] =-0.40 BC value = F098M
  0.3997  0.5088  0.6019  0.6805  0.7671  0.8295  0.8730  0.9081  0.9384  0.9660
  0.9920  1.0150  1.0339  1.0486  1.0593  1.0706  1.0683  1.0580  1.0390
  0.3306  0.4614  0.5714  0.6626  0.7428  0.8117  0.8598  0.8944  0.9285  0.9567
  0.9819  1.0037  1.0213  1.0346  1.0439  1.0539  1.0517  1.0399  1.0191  0.9902
  0.3037  0.4150  0.5361  0.6396  0.7206  0.7942  0.8486  0.8863  0.9194  0.9489
  0.9732  0.9941  1.0111  1.0237  1.0325  1.0413  1.0381  1.0253  1.0032  0.9728
  0.9339
  0.4588  0.4060  0.5044  0.6136  0.7053  0.7774  0.8371  0.8792  0.9109  0.9418
  0.9659  0.9861  1.0025  1.0149  1.0234  1.0314  1.0275  1.0142  0.9913  0.9597
  0.9199  0.8725
  0.5405  0.5384  0.5147  0.5929  0.6862  0.7642  0.8249  0.8721  0.9060  0.9337
  0.9597  0.9795  0.9956  1.0077  1.0162  1.0236  1.0190  1.0054  0.9822  0.9498
  0.9092  0.8614  0.8082  0.7519
  0.5609  0.6389  0.6618  0.6275  0.6749  0.7505  0.8150  0.8648  0.9017  0.9295
  0.9543  0.9745  0.9902  1.0022  1.0106  1.0176  1.0122  0.9983  0.9751  0.9423
  0.9012  0.8529  0.7992  0.7423  0.6844  0.6261  0.5650  0.5000  0.4350  0.3703
  0.5706  0.6528  0.7251  0.7636  0.7467  0.7516  0.8059  0.8578  0.8974  0.9276
  0.9503  0.9709  0.9867  0.9984  1.0067  1.0136  1.0073  0.9928  0.9696  0.9369
  0.8955  0.8467  0.7924  0.7348  0.6759  0.6169  0.5572  0.4953  0.4297  0.3638
  0.2985
  0.5913  0.6606  0.7337  0.7984  0.8416  0.8501  0.8383  0.8564  0.8940  0.9257
  0.9497  0.9684  0.9847  0.9966  1.0048  1.0115  1.0044  0.9890  0.9656  0.9333
  0.8918  0.8426  0.7878  0.7292  0.6691  0.6089  0.5486  0.4877  0.4245  0.3581
  0.2912
  0.6236  0.6820  0.7425  0.8048  0.8604  0.9019  0.9228  0.9235  0.9190  0.9299
  0.9516  0.9701  0.9845  0.9968  1.0051  1.0118  1.0039  0.9874  0.9634  0.9310
  0.8895  0.8400  0.7844  0.7248  0.6633  0.6013  0.5394  0.4774  0.4147  0.3503
  0.2831
  0.6865  0.7217  0.7648  0.8149  0.8661  0.9123  0.9489  0.9724  0.9823  0.9819
  0.9785  0.9800  0.9886  0.9985  1.0070  1.0138  1.0057  0.9882  0.9636  0.9312
  0.8901  0.8407  0.7847  0.7244  0.6614  0.5976  0.5335  0.4698  0.4060  0.3418
  0.2751
  0.7611  0.7797  0.8065  0.8406  0.8800  0.9202  0.9570  0.9873  1.0088  1.0211
  1.0253  1.0236  1.0191  1.0151  1.0156  1.0181  1.0095  0.9914  0.9662  0.9337
  0.8929  0.8439  0.7878  0.7268  0.6628  0.5971  0.5307  0.4645  0.3987  0.3331
  0.2673
  0.8474  0.8560  0.8691  0.8855  0.9104  0.9391  0.9689  0.9965  1.0199  1.0377
  1.0489  1.0541  1.0542  1.0505  1.0309  1.0247  1.0153  0.9970  0.9712
 [Fe/H] =  0.75 [alpha/Fe] =-0.40 BC value = F098M
  0.4558  0.5545  0.6398  0.7130  0.7994  0.8556  0.8969  0.9317  0.9618  0.9885
  1.0127  1.0343  1.0525  1.0667  1.0769  1.0873  1.0827  1.0698  1.0500
  0.3905  0.5095  0.6100  0.6938  0.7735  0.8390  0.8846  0.9193  0.9521  0.9796
  1.0027  1.0234  1.0406  1.0537  1.0628  1.0715  1.0672  1.0535  1.0318  1.0028
  0.3314  0.4571  0.5736  0.6714  0.7488  0.8215  0.8735  0.9098  0.9433  0.9708
  0.9937  1.0137  1.0301  1.0426  1.0513  1.0593  1.0542  1.0399  1.0170  0.9867
  0.9495
  0.3536  0.4188  0.5353  0.6435  0.7315  0.8018  0.8615  0.9026  0.9327  0.9634
  0.9860  1.0052  1.0211  1.0334  1.0419  1.0493  1.0437  1.0290  1.0056  0.9744
  0.9362  0.8911
  0.5165  0.4697  0.5141  0.6160  0.7114  0.7872  0.8481  0.8945  0.9276  0.9541
  0.9795  0.9981  1.0135  1.0255  1.0340  1.0411  1.0350  1.0202  0.9966  0.9649
  0.9258  0.8802  0.8286  0.7728
  0.5614  0.6241  0.5949  0.6090  0.6919  0.7726  0.8360  0.8857  0.9224  0.9491
  0.9732  0.9926  1.0075  1.0192  1.0275  1.0345  1.0279  1.0128  0.9894  0.9575
  0.9179  0.8716  0.8196  0.7636  0.7054  0.6458  0.5835  0.5172  0.4515  0.3853
  0.5673  0.6533  0.7176  0.7181  0.7023  0.7600  0.8254  0.8778  0.9172  0.9464
  0.9682  0.9882  1.0033  1.0146  1.0227  1.0297  1.0225  1.0069  0.9835  0.9518
  0.9120  0.8652  0.8126  0.7561  0.6974  0.6378  0.5774  0.5139  0.4468  0.3802
  0.3134
  0.5758  0.6572  0.7345  0.7956  0.8198  0.8041  0.8220  0.8706  0.9126  0.9438
  0.9671  0.9848  1.0006  1.0119  1.0199  1.0267  1.0189  1.0025  0.9790  0.9475
  0.9079  0.8608  0.8077  0.7504  0.6909  0.6306  0.5702  0.5083  0.4434  0.3754
  0.3076
  0.5938  0.6678  0.7382  0.8053  0.8603  0.8937  0.8978  0.8931  0.9123  0.9433
  0.9681  0.9859  0.9995  1.0114  1.0194  1.0260  1.0178  1.0003  0.9761  0.9447
  0.9052  0.8578  0.8041  0.7459  0.6852  0.6235  0.5614  0.4990  0.4355  0.3696
  0.3006
  0.6417  0.6943  0.7504  0.8096  0.8658  0.9131  0.9468  0.9630  0.9642  0.9635
  0.9726  0.9886  1.0017  1.0119  1.0203  1.0272  1.0189  1.0006  0.9756  0.9441
  0.9050  0.8580  0.8041  0.7452  0.6835  0.6203  0.5565  0.4926  0.4282  0.3629
  0.2959
  0.6958  0.7367  0.7801  0.8257  0.8734  0.9186  0.9575  0.9875  1.0061  1.0141
  1.0145  1.0129  1.0136  1.0182  1.0238  1.0303  1.0221  1.0034  0.9776  0.9458
  0.9070  0.8605  0.8067  0.7474  0.6847  0.6201  0.5543  0.4883  0.4223  0.3558
  0.2888
  0.7561  0.7950  0.8275  0.8598  0.8946  0.9310  0.9656  0.9961  1.0204  1.0375
  1.0470  1.0500  1.0485  1.0449  1.0299  1.0353  1.0274  1.0087  0.9821
 [Fe/H] =  1.00 [alpha/Fe] =-0.40 BC value = F098M
  0.5181  0.5945  0.6707  0.7466  0.8278  0.8952  0.9467  0.9855  1.0146  1.0363
  1.0527  1.0656  1.0765  1.0867  1.0964  1.1062  1.1002  1.0828  1.0613
  0.4406  0.5552  0.6485  0.7226  0.8024  0.8656  0.9098  0.9434  0.9770  1.0029
  1.0253  1.0450  1.0615  1.0743  1.0833  1.0914  1.0856  1.0693  1.0464  1.0168
  0.3733  0.5037  0.6123  0.7012  0.7762  0.8485  0.8985  0.9344  0.9679  0.9941
  1.0160  1.0349  1.0509  1.0633  1.0720  1.0796  1.0731  1.0573  1.0335  1.0028
  0.9661
  0.3449  0.4512  0.5710  0.6746  0.7556  0.8272  0.8867  0.9268  0.9558  0.9863
  1.0079  1.0261  1.0414  1.0535  1.0620  1.0695  1.0627  1.0468  1.0226  0.9912
  0.9536  0.9100
  0.4566  0.4429  0.5348  0.6436  0.7371  0.8081  0.8714  0.9182  0.9503  0.9772
  1.0009  1.0185  1.0332  1.0449  1.0534  1.0608  1.0539  1.0378  1.0137  0.9820
  0.9437  0.8995  0.8495  0.7945
  0.5601  0.5801  0.5485  0.6202  0.7145  0.7953  0.8561  0.9080  0.9443  0.9702
  0.9941  1.0124  1.0265  1.0378  1.0461  1.0535  1.0463  1.0301  1.0062  0.9746
  0.9359  0.8910  0.8406  0.7856  0.7277  0.6668  0.6025  0.5355  0.4691  0.4013
  0.5691  0.6534  0.6927  0.6597  0.7015  0.7787  0.8463  0.8973  0.9378  0.9668
  0.9876  1.0073  1.0216  1.0324  1.0404  1.0477  1.0402  1.0237  0.9998  0.9685
  0.9299  0.8846  0.8337  0.7782  0.7198  0.6597  0.5979  0.5329  0.4651  0.3978
  0.3296
  0.5720  0.6586  0.7357  0.7846  0.7743  0.7782  0.8350  0.8899  0.9317  0.9631
  0.9859  1.0027  1.0183  1.0290  1.0366  1.0437  1.0360  1.0187  0.9947  0.9637
  0.9254  0.8800  0.8286  0.7726  0.7136  0.6531  0.5915  0.5286  0.4628  0.3937
  0.3253
  0.5766  0.6622  0.7388  0.8072  0.8570  0.8716  0.8629  0.8866  0.9279  0.9619
  0.9866  1.0031  1.0162  1.0278  1.0353  1.0419  1.0339  1.0159  0.9912  0.9601
  0.9220  0.8766  0.8247  0.7680  0.7081  0.6466  0.5842  0.5211  0.4568  0.3896
  0.3193
  0.6105  0.6775  0.7437  0.8091  0.8675  0.9134  0.9395  0.9434  0.9441  0.9616
  0.9861  1.0049  1.0177  1.0273  1.0355  1.0421  1.0341  1.0155  0.9900  0.9587
  0.9210  0.8760  0.8242  0.7670  0.7063  0.6437  0.5800  0.5158  0.4511  0.3849
  0.3165
  0.6416  0.7045  0.7631  0.8178  0.8714  0.9195  0.9589  0.9863  0.9995  1.0022
  1.0042  1.0114  1.0225  1.0312  1.0374  1.0444  1.0365  1.0176  0.9914  0.9596
  0.9220  0.8776  0.8262  0.7688  0.7074  0.6436  0.5783  0.5126  0.4463  0.3794
  0.3115
  0.6700  0.7432  0.7970  0.8423  0.8854  0.9273  0.9652  0.9971  1.0212  1.0364
  1.0432  1.0444  1.0441  1.0444  1.0410  1.0488  1.0411  1.0222  0.9954
