 [Fe/H] = -2.00 [alpha/Fe] =-0.40 BC value = F336W
-10.8146-10.5127-10.5747-10.2156-10.1401 -9.7057 -8.9052 -8.3820 -7.9603 -7.5336
 -7.1116 -6.7017 -6.3102 -5.9327 -5.5628 -4.7327 -3.6732 -2.6977 -2.0799
-10.3905 -9.7653 -9.3143 -9.0253 -8.8451 -8.6372 -8.3284 -7.9180 -7.4710 -7.0396
 -6.6047 -6.1796 -5.7734 -5.3857 -5.0067 -4.0500 -3.0994 -2.3284 -1.7994 -1.4557
 -9.8343 -9.1724 -8.6562 -8.2713 -7.9797 -7.7693 -7.5944 -7.3655 -7.0526 -6.6704
 -6.2396 -5.7883 -5.3540 -4.9440 -4.5540 -3.6269 -2.7549 -2.0372 -1.5426 -1.2274
 -1.0321
 -9.4171 -8.7541 -8.2070 -7.7785 -7.4346 -7.1328 -6.8637 -6.6456 -6.4419 -6.1906
 -5.8563 -5.4410 -4.9910 -4.5597 -4.1608 -3.2682 -2.4742 -1.8166 -1.3366 -1.0399
 -0.8596 -0.7545
 -9.0906 -8.4410 -7.8809 -7.4229 -7.0515 -6.7265 -6.4113 -6.1013 -5.8277 -5.5818
 -5.3352 -5.0339 -4.6635 -4.2541 -3.8545 -2.9954 -2.2671 -1.6495 -1.1846 -0.8920
 -0.7170 -0.6156 -0.5619 -0.5384
 -8.8394 -8.2046 -7.6425 -7.1618 -6.7648 -6.4269 -6.1104 -5.7872 -5.4588 -5.1428
 -4.8579 -4.5911 -4.3052 -3.9818 -3.6335 -2.8129 -2.1331 -1.5489 -1.0899 -0.7846
 -0.6028 -0.4982 -0.4415 -0.4166 -0.4139 -0.4244 -0.4403 -0.4553 -0.4646 -0.4647
 -8.6596 -8.0379 -7.4782 -6.9821 -6.5564 -6.1986 -5.8800 -5.5701 -5.2480 -4.9148
 -4.5895 -4.2886 -4.0104 -3.7360 -3.4475 -2.7066 -2.0608 -1.5083 -1.0492 -0.7210
 -0.5183 -0.4017 -0.3372 -0.3059 -0.2972 -0.3036 -0.3186 -0.3367 -0.3535 -0.3650
 -0.3674
 -8.5471 -7.9362 -7.3801 -6.8773 -6.4287 -6.0388 -5.7026 -5.3981 -5.0970 -4.7822
 -4.4578 -4.1400 -3.8427 -3.5681 -3.3052 -2.6460 -2.0295 -1.5032 -1.0500 -0.7002
 -0.4675 -0.3282 -0.2497 -0.2084 -0.1921 -0.1926 -0.2040 -0.2213 -0.2404 -0.2577
 -0.2710
 -8.4977 -7.8946 -7.3419 -6.8335 -6.3720 -5.9564 -5.5889 -5.2658 -4.9706 -4.6788
 -4.3766 -4.0673 -3.7651 -3.4807 -3.2158 -2.6022 -2.0195 -1.5069 -1.0696 -0.7087
 -0.4485 -0.2802 -0.1800 -0.1247 -0.0982 -0.0910 -0.0974 -0.1122 -0.1295 -0.1481
 -0.1677
 -8.5076 -7.9081 -7.3572 -6.8507 -6.3848 -5.9559 -5.5628 -5.2093 -4.8933 -4.6037
 -4.3220 -4.0354 -3.7441 -3.4638 -3.1972 -2.5836 -2.0315 -1.5308 -1.1011 -0.7400
 -0.4610 -0.2647 -0.1373 -0.0609 -0.0193 -0.0010  0.0010 -0.0080 -0.0238 -0.0428
 -0.0632
 -8.5709 -7.9757 -7.4255 -6.9165 -6.4451 -6.0081 -5.6028 -5.2277 -4.8845 -4.5725
 -4.2863 -4.0128 -3.7399 -3.4658 -3.1967 -2.5844 -2.0485 -1.5602 -1.1332 -0.7749
 -0.4875 -0.2723 -0.1206 -0.0205  0.0405  0.0736  0.0868  0.0862  0.0761  0.0600
  0.0410
 -8.6776 -8.1086 -7.5650 -7.0489 -6.5625 -6.1072 -5.6843 -5.2938 -4.9336 -4.6011
 -4.2940 -4.0095 -3.7408 -3.4783 -3.2180 -2.6024 -2.0666 -1.5915 -1.1694
 [Fe/H] = -1.50 [alpha/Fe] =-0.40 BC value = F336W
-11.2919-10.9539-10.6097-10.1799 -9.7271 -9.1716 -8.4936 -7.9320 -7.5019 -7.1128
 -6.7344 -6.3701 -6.0218 -5.6850 -5.3552 -4.5653 -3.6901 -2.8464 -2.2209
-10.3121 -9.7401 -9.4350 -9.2578 -9.0032 -8.6597 -8.1835 -7.6087 -7.1331 -6.7188
 -6.3168 -5.9287 -5.5586 -5.2054 -4.8636 -4.0327 -3.2168 -2.4805 -1.9220 -1.5466
 -9.7334 -9.0673 -8.6095 -8.3224 -8.1707 -8.0191 -7.7528 -7.3488 -6.8551 -6.4113
 -5.9803 -5.5621 -5.1645 -4.7899 -4.4351 -3.6104 -2.8529 -2.1867 -1.6706 -1.3219
 -1.1034
 -9.3633 -8.6555 -8.1269 -7.7385 -7.4579 -7.2592 -7.1048 -6.9003 -6.5694 -6.1532
 -5.7147 -5.2701 -4.8458 -4.4512 -4.0855 -3.2721 -2.5644 -1.9551 -1.4722 -1.1395
 -0.9321 -0.8098
 -9.1329 -8.4015 -7.8195 -7.3821 -7.0460 -6.7588 -6.4958 -6.2659 -6.0605 -5.7996
 -5.4534 -5.0456 -4.6174 -4.2081 -3.8332 -3.0287 -2.3574 -1.7877 -1.3264 -0.9979
 -0.7915 -0.6705 -0.6044 -0.5648
 -9.0215 -8.2671 -7.6420 -7.1464 -6.7632 -6.4480 -6.1525 -5.8532 -5.5662 -5.3166
 -5.0727 -4.7831 -4.4354 -4.0563 -3.6813 -2.8771 -2.2278 -1.6827 -1.2323 -0.8968
 -0.6806 -0.5532 -0.4829 -0.4487 -0.4379 -0.4411 -0.4509 -0.4611 -0.4668 -0.4639
 -8.9930 -8.2314 -7.5759 -7.0257 -6.5852 -6.2325 -5.9271 -5.6280 -5.3174 -5.0113
 -4.7269 -4.4689 -4.2066 -3.9129 -3.5912 -2.8048 -2.1637 -1.6317 -1.1861 -0.8365
 -0.5999 -0.4578 -0.3781 -0.3371 -0.3212 -0.3219 -0.3320 -0.3453 -0.3570 -0.3636
 -0.3650
 -9.0338 -8.2771 -7.6051 -7.0130 -6.5140 -6.1062 -5.7704 -5.4710 -5.1749 -4.8683
 -4.5615 -4.2693 -4.0016 -3.7483 -3.4876 -2.7882 -2.1498 -1.6226 -1.1788 -0.8159
 -0.5526 -0.3863 -0.2906 -0.2392 -0.2154 -0.2099 -0.2163 -0.2293 -0.2446 -0.2589
 -0.2697
 -9.1374 -8.3847 -7.7035 -7.0856 -6.5401 -6.0744 -5.6877 -5.3615 -5.0674 -4.7781
 -4.4818 -4.1835 -3.8966 -3.6302 -3.3815 -2.7702 -2.1634 -1.6372 -1.1943 -0.8229
 -0.5355 -0.3404 -0.2217 -0.1550 -0.1210 -0.1082 -0.1098 -0.1179 -0.1305 -0.1471
 -0.1673
 -9.2912 -8.5372 -7.8549 -7.2389 -6.6630 -6.1505 -5.7065 -5.3305 -5.0096 -4.7199
 -4.4394 -4.1557 -3.8704 -3.5940 -3.3342 -2.7510 -2.1925 -1.6736 -1.2306 -0.8555
 -0.5511 -0.3279 -0.1807 -0.0917 -0.0420 -0.0181 -0.0116 -0.0168 -0.0294 -0.0457
 -0.0638
 -9.4651 -8.7313 -8.0566 -7.4380 -6.8438 -6.3068 -5.8209 -5.3928 -5.0233 -4.7040
 -4.4174 -4.1446 -3.8731 -3.6015 -3.3367 -2.7418 -2.2149 -1.7164 -1.2728 -0.8960
 -0.5828 -0.3398 -0.1667 -0.0523  0.0177  0.0567  0.0743  0.0772  0.0700  0.0564
  0.0395
 -9.6569 -8.9670 -8.3087 -7.6736 -7.0719 -6.5131 -6.0010 -5.5381 -5.1240 -4.7588
 -4.4400 -4.1544 -3.8869 -3.6257 -3.3666 -2.7592 -2.2345 -1.7575 -1.3189
 [Fe/H] = -1.00 [alpha/Fe] =-0.40 BC value = F336W
-11.6431-11.1440-10.5791-10.0535 -9.3427 -8.5668 -7.9139 -7.4549 -7.0722 -6.7281
 -6.4003 -6.0858 -5.7838 -5.4905 -5.2020 -4.4835 -3.7490 -3.0238 -2.4051
-10.2874 -9.9606 -9.7056 -9.3520 -8.9612 -8.4038 -7.7066 -7.1590 -6.7306 -6.3568
 -6.0025 -5.6653 -5.3442 -5.0362 -4.7371 -4.0127 -3.3114 -2.6565 -2.1002 -1.6888
 -9.6239 -9.0214 -8.7286 -8.6000 -8.3906 -8.0756 -7.5852 -6.9806 -6.4843 -6.0736
 -5.6909 -5.3283 -4.9860 -4.6624 -4.3535 -3.6290 -2.9590 -2.3580 -1.8523 -1.4705
 -1.2160
 -9.2928 -8.5727 -8.0951 -7.8130 -7.6779 -7.5517 -7.2938 -6.8693 -6.3337 -5.8717
 -5.4623 -5.0760 -4.7136 -4.3751 -4.0576 -3.3352 -2.6906 -2.1273 -1.6571 -1.2945
 -1.0483 -0.8969
 -9.1524 -8.3562 -7.7767 -7.3683 -7.0852 -6.8861 -6.7440 -6.5477 -6.2020 -5.7437
 -5.3136 -4.9096 -4.5305 -4.1783 -3.8519 -3.1283 -2.5008 -1.9603 -1.5108 -1.1581
 -0.9116 -0.7583 -0.6708 -0.6235
 -9.1602 -8.3057 -7.6287 -7.1305 -6.7590 -6.4685 -6.2238 -6.0055 -5.8090 -5.5502
 -5.1946 -4.8127 -4.4301 -4.0671 -3.7313 -2.9991 -2.3796 -1.8507 -1.4102 -1.0590
 -0.8050 -0.6427 -0.5488 -0.4993 -0.4764 -0.4694 -0.4705 -0.4734 -0.4725 -0.4625
 -9.2835 -8.3937 -7.6372 -7.0414 -6.5929 -6.2476 -5.9538 -5.6745 -5.4057 -5.1634
 -4.9343 -4.6700 -4.3577 -4.0199 -3.6833 -2.9367 -2.3162 -1.7910 -1.3519 -0.9959
 -0.7283 -0.5504 -0.4446 -0.3871 -0.3595 -0.3500 -0.3512 -0.3572 -0.3634 -0.3656
 -0.3600
 -9.4868 -8.5891 -7.7772 -7.0948 -6.5525 -6.1326 -5.7975 -5.5023 -5.2151 -4.9304
 -4.6642 -4.4257 -4.1948 -3.9422 -3.6598 -2.9303 -2.3011 -1.7738 -1.3313 -0.9675
 -0.6830 -0.4834 -0.3594 -0.2893 -0.2533 -0.2388 -0.2374 -0.2433 -0.2524 -0.2611
 -0.2669
 -9.7475 -8.8524 -8.0123 -7.2653 -6.6368 -6.1313 -5.7297 -5.4001 -5.1066 -4.8213
 -4.5391 -4.2711 -4.0241 -3.7962 -3.5712 -2.9484 -2.3206 -1.7863 -1.3386 -0.9662
 -0.6652 -0.4412 -0.2936 -0.2062 -0.1587 -0.1364 -0.1305 -0.1321 -0.1390 -0.1506
 -0.1664
-10.0406 -9.1642 -8.3290 -7.5428 -6.8468 -6.2577 -5.7763 -5.3857 -5.0599 -4.7693
 -4.4913 -4.2185 -3.9553 -3.7083 -3.4796 -2.9403 -2.3712 -1.8330 -1.3770 -0.9957
 -0.6802 -0.4324 -0.2568 -0.1452 -0.0804 -0.0463 -0.0324 -0.0314 -0.0387 -0.0504
 -0.0638
-10.3257 -9.5050 -8.6804 -7.8859 -7.1502 -6.4952 -5.9356 -5.4713 -5.0883 -4.7647
 -4.4774 -4.2069 -3.9435 -3.6880 -3.4450 -2.9059 -2.4031 -1.8942 -1.4324 -1.0418
 -0.7149 -0.4484 -0.2471 -0.1089 -0.0220  0.0282  0.0535  0.0623  0.0600  0.0505
  0.0372
-10.5966 -9.8201 -9.0307 -8.2529 -7.5078 -6.8164 -6.1970 -5.6618 -5.2101 -4.8316
 -4.5095 -4.2244 -3.9595 -3.7047 -3.4572 -2.8930 -2.4093 -1.9454 -1.4956
 [Fe/H] = -0.75 [alpha/Fe] =-0.40 BC value = F336W
-11.7714-11.1449-10.5392 -9.9563 -9.1613 -8.2379 -7.6180 -7.2062 -6.8681 -6.5493
 -6.2494 -5.9614 -5.6837 -5.4132 -5.1458 -4.4747 -3.7942 -3.1233 -2.5134
-10.4134-10.1485 -9.7603 -9.3511 -8.8731 -8.1415 -7.4216 -6.9204 -6.5336 -6.1873
 -5.8635 -5.5563 -5.2631 -4.9802 -4.7034 -4.0272 -3.3693 -2.7516 -2.2097 -1.7846
 -9.5800 -9.0864 -8.9172 -8.7146 -8.4198 -7.9994 -7.3576 -6.7475 -6.2946 -5.9133
 -5.5640 -5.2356 -4.9256 -4.6307 -4.3468 -3.6706 -3.0344 -2.4571 -1.9618 -1.5691
 -1.2932
 -9.2466 -8.5432 -8.1295 -7.9513 -7.8454 -7.6255 -7.2505 -6.6938 -6.1513 -5.7226
 -5.3482 -4.9990 -4.6724 -4.3655 -4.0747 -3.4000 -2.7821 -2.2321 -1.7669 -1.3952
 -1.1283 -0.9572
 -9.1420 -8.3250 -7.7539 -7.3857 -7.1646 -7.0433 -6.8884 -6.5758 -6.1089 -5.6161
 -5.2117 -4.8443 -4.5021 -4.1833 -3.8848 -3.2082 -2.6027 -2.0690 -1.6201 -1.2595
 -0.9938 -0.8201 -0.7170 -0.6583
 -9.2092 -8.3024 -7.6094 -7.1176 -6.7717 -6.5149 -6.3187 -6.1564 -5.9285 -5.5649
 -5.1432 -4.7622 -4.4070 -4.0769 -3.7696 -3.0849 -2.4853 -1.9599 -1.5174 -1.1595
 -0.8891 -0.7061 -0.5956 -0.5345 -0.5032 -0.4898 -0.4854 -0.4827 -0.4762 -0.4625
 -9.4085 -8.4434 -7.6415 -7.0301 -6.5838 -6.2472 -5.9704 -5.7201 -5.4976 -5.2893
 -5.0302 -4.7076 -4.3689 -4.0349 -3.7191 -3.0205 -2.4201 -1.8975 -1.4548 -1.0937
 -0.8137 -0.6162 -0.4926 -0.4225 -0.3863 -0.3706 -0.3663 -0.3673 -0.3688 -0.3666
 -0.3567
 -9.6949 -8.7084 -7.8285 -7.1052 -6.5464 -6.1261 -5.7955 -5.5087 -5.2368 -4.9781
 -4.7442 -4.5243 -4.2831 -4.0089 -3.7148 -3.0072 -2.3999 -1.8754 -1.4296 -1.0609
 -0.7678 -0.5516 -0.4095 -0.3254 -0.2802 -0.2590 -0.2522 -0.2536 -0.2586 -0.2633
 -0.2651
-10.0360 -9.0468 -8.1231 -7.3158 -6.6520 -6.1303 -5.7252 -5.3979 -5.1091 -4.8327
 -4.5663 -4.3207 -4.0987 -3.8869 -3.6629 -3.0293 -2.4136 -1.8835 -1.4320 -1.0546
 -0.7477 -0.5110 -0.3462 -0.2437 -0.1858 -0.1565 -0.1453 -0.1449 -0.1505 -0.1579
 -0.1661
-10.3972 -9.4454 -8.5093 -7.6463 -6.8967 -6.2768 -5.7803 -5.3845 -5.0588 -4.7712
 -4.4992 -4.2374 -3.9918 -3.7660 -3.5573 -3.0377 -2.4650 -1.9278 -1.4686 -1.0812
 -0.7602 -0.5027 -0.3119 -0.1850 -0.1086 -0.0667 -0.0473 -0.0420 -0.0457 -0.0542
 -0.0647
-10.7353 -9.8449 -8.9323 -8.0514 -7.2455 -6.5442 -5.9579 -5.4802 -5.0914 -4.7667
 -4.4812 -4.2153 -3.9610 -3.7196 -3.4941 -2.9949 -2.5044 -1.9925 -1.5257 -1.1279
 -0.7940 -0.5191 -0.3043 -0.1511 -0.0518  0.0071  0.0384  0.0515  0.0526  0.0461
  0.0355
-11.0418-10.2120 -9.3510 -8.4844 -7.6588 -6.9051 -6.2451 -5.6866 -5.2234 -4.8397
 -4.5160 -4.2320 -3.9711 -3.7236 -3.4874 -2.9601 -2.5044 -2.0488 -1.5948
 [Fe/H] = -0.50 [alpha/Fe] =-0.40 BC value = F336W
-11.8390-11.1414-10.4943 -9.8000 -8.8825 -7.9652 -7.3809 -6.9872 -6.6807 -6.3951
 -6.1247 -5.8640 -5.6106 -5.3619 -5.1146 -4.4873 -3.8499 -3.2300 -2.6325
-10.6634-10.2675 -9.8015 -9.3290 -8.7107 -7.8677 -7.1748 -6.7106 -6.3530 -6.0431
 -5.7530 -5.4776 -5.2129 -4.9554 -4.7010 -4.0698 -3.4466 -2.8573 -2.3313 -1.8978
 -9.5885 -9.2826 -9.0871 -8.7833 -8.4039 -7.8311 -7.1073 -6.5350 -6.1189 -5.7754
 -5.4641 -5.1723 -4.8958 -4.6304 -4.3717 -3.7423 -3.1345 -2.5732 -2.0850 -1.6848
 -1.3876
 -9.1959 -8.5462 -8.2535 -8.1468 -7.9494 -7.6249 -7.1086 -6.4803 -5.9768 -5.5897
 -5.2551 -4.9457 -4.6560 -4.3819 -4.1189 -3.4928 -2.8995 -2.3573 -1.8920 -1.5123
 -1.2257 -1.0324
 -9.1111 -8.2883 -7.7516 -7.4526 -7.3247 -7.2031 -6.9342 -6.4898 -5.9428 -5.4863
 -5.1213 -4.7940 -4.4905 -4.2063 -3.9372 -3.3112 -2.7294 -2.1997 -1.7462 -1.3770
 -1.0936 -0.8976 -0.7753 -0.7027
 -9.2270 -8.2782 -7.5806 -7.1093 -6.8017 -6.6070 -6.4763 -6.2842 -5.9350 -5.4755
 -5.0566 -4.7094 -4.3921 -4.0970 -3.8201 -3.1886 -2.6138 -2.0920 -1.6430 -1.2761
 -0.9904 -0.7861 -0.6554 -0.5790 -0.5360 -0.5136 -0.5024 -0.4949 -0.4842 -0.4640
 -9.5000 -8.4603 -7.6214 -7.0063 -6.5704 -6.2562 -6.0112 -5.8123 -5.6333 -5.3932
 -5.0454 -4.6800 -4.3509 -4.0454 -3.7600 -3.1176 -2.5447 -2.0272 -1.5784 -1.2080
 -0.9153 -0.6986 -0.5543 -0.4677 -0.4200 -0.3958 -0.3847 -0.3799 -0.3763 -0.3692
 -0.3541
 -9.8674 -8.7895 -7.8452 -7.0883 -6.5232 -6.1090 -5.7913 -5.5217 -5.2778 -5.0584
 -4.8510 -4.6093 -4.3296 -4.0370 -3.7486 -3.0926 -2.5161 -1.9999 -1.5491 -1.1716
 -0.8681 -0.6359 -0.4737 -0.3720 -0.3142 -0.2842 -0.2710 -0.2668 -0.2667 -0.2668
 -0.2639
-10.2867 -9.1823 -8.1958 -7.3320 -6.6388 -6.1082 -5.7066 -5.3873 -5.1091 -4.8493
 -4.6070 -4.3877 -4.1833 -3.9708 -3.7369 -3.1036 -2.5195 -2.0010 -1.5465 -1.1609
 -0.8447 -0.5954 -0.4126 -0.2921 -0.2205 -0.1818 -0.1638 -0.1580 -0.1590 -0.1627
 -0.1664
-10.7139 -9.6724 -8.6449 -7.7113 -6.9144 -6.2678 -5.7609 -5.3655 -5.0453 -4.7654
 -4.5044 -4.2585 -4.0336 -3.8301 -3.6387 -3.1275 -2.5608 -2.0377 -1.5786 -1.1838
 -0.8538 -0.5861 -0.3803 -0.2361 -0.1450 -0.0927 -0.0661 -0.0555 -0.0547 -0.0593
 -0.0663
-11.0944-10.1362 -9.1344 -8.1698 -7.3036 -6.5629 -5.9536 -5.4651 -5.0743 -4.7529
 -4.4733 -4.2159 -3.9742 -3.7500 -3.5445 -3.0860 -2.6065 -2.0969 -1.6322 -1.2284
 -0.8856 -0.6011 -0.3740 -0.2050 -0.0907 -0.0203  0.0189  0.0376  0.0431  0.0402
  0.0331
-11.4280-10.5540 -9.6130 -8.6624 -7.7631 -6.9589 -6.2655 -5.6872 -5.2135 -4.8267
 -4.5044 -4.2250 -3.9713 -3.7345 -3.5129 -3.0290 -2.6035 -2.1565 -1.7009
 [Fe/H] = -0.25 [alpha/Fe] =-0.40 BC value = F336W
-11.8518-11.1243-10.3982 -9.5268 -8.5275 -7.6959 -7.1737 -6.8017 -6.5222 -6.2752
 -6.0343 -5.7998 -5.5706 -5.3434 -5.1153 -4.5295 -3.9263 -3.3313 -2.7692
-10.6463-10.3592 -9.8395 -9.2491 -8.4359 -7.5668 -6.9470 -6.5237 -6.2043 -5.9325
 -5.6772 -5.4336 -5.1978 -4.9657 -4.7337 -4.1459 -3.5513 -2.9809 -2.4664 -2.0279
 -9.7330 -9.5293 -9.2095 -8.8323 -8.3172 -7.5680 -6.8534 -6.3388 -5.9685 -5.6678
 -5.3961 -5.1415 -4.8987 -4.6630 -4.4301 -3.8478 -3.2652 -2.7130 -2.2259 -1.8183
 -1.5010
 -9.1620 -8.6333 -8.4805 -8.2967 -8.0022 -7.5416 -6.8863 -6.2697 -5.8214 -5.4787
 -5.1869 -4.9184 -4.6662 -4.4253 -4.1909 -3.6163 -3.0479 -2.5098 -2.0385 -1.6482
 -1.3429 -1.1250
 -9.0623 -8.2615 -7.7957 -7.6124 -7.5098 -7.2799 -6.8803 -6.3156 -5.7747 -5.3682
 -5.0464 -4.7612 -4.4968 -4.2481 -4.0098 -3.4395 -2.8850 -2.3590 -1.8964 -1.5143
 -1.2135 -0.9940 -0.8487 -0.7577
 -9.2081 -8.2350 -7.5524 -7.1234 -6.8870 -6.7713 -6.6157 -6.2952 -5.8289 -5.3463
 -4.9713 -4.6649 -4.3867 -4.1278 -3.8830 -3.3110 -2.7673 -2.2519 -1.7940 -1.4134
 -1.1116 -0.8857 -0.7316 -0.6355 -0.5780 -0.5448 -0.5251 -0.5103 -0.4935 -0.4676
 -9.5428 -8.4386 -7.5795 -6.9727 -6.5640 -6.2899 -6.1040 -5.9566 -5.7398 -5.3878
 -4.9715 -4.6239 -4.3297 -4.0598 -3.8070 -3.2271 -2.6893 -2.1825 -1.7272 -1.3438
 -1.0360 -0.8001 -0.6332 -0.5259 -0.4626 -0.4270 -0.4071 -0.3954 -0.3862 -0.3737
 -0.3529
 -9.9945 -8.8229 -7.8222 -7.0473 -6.4886 -6.0899 -5.7952 -5.5584 -5.3590 -5.1726
 -4.9401 -4.6283 -4.3186 -4.0377 -3.7763 -3.1847 -2.6477 -2.1468 -1.6927 -1.3040
 -0.9865 -0.7379 -0.5549 -0.4322 -0.3578 -0.3159 -0.2940 -0.2832 -0.2775 -0.2722
 -0.2641
-10.4818 -9.3049 -8.2231 -7.3111 -6.5982 -6.0694 -5.6796 -5.3755 -5.1162 -4.8830
 -4.6732 -4.4759 -4.2604 -4.0239 -3.7762 -3.1767 -2.6358 -2.1369 -1.6832 -1.2880
 -0.9591 -0.6956 -0.4950 -0.3544 -0.2653 -0.2139 -0.1870 -0.1743 -0.1697 -0.1686
 -0.1677
-10.9657 -9.8392 -8.7324 -7.7363 -6.8965 -6.2300 -5.7214 -5.3340 -5.0252 -4.7583
 -4.5143 -4.2907 -4.0885 -3.9024 -3.7175 -3.2012 -2.6600 -2.1612 -1.7071 -1.3056
 -0.9641 -0.6838 -0.4633 -0.3009 -0.1922 -0.1263 -0.0901 -0.0726 -0.0662 -0.0668
 -0.0689
-11.3885-10.3596 -9.2777 -8.2458 -7.3266 -6.5500 -5.9209 -5.4273 -5.0411 -4.7285
 -4.4594 -4.2148 -3.9892 -3.7845 -3.5995 -3.1750 -2.7030 -2.2078 -1.7525 -1.3454
 -0.9927 -0.6966 -0.4568 -0.2721 -0.1409 -0.0561 -0.0064  0.0198  0.0309  0.0326
  0.0297
-11.7457-10.8144 -9.8035 -8.7842 -7.8305 -6.9823 -6.2584 -5.6614 -5.1807 -4.7951
 -4.4789 -4.2082 -3.9653 -3.7422 -3.5374 -3.1002 -2.7028 -2.2648 -1.8140
 [Fe/H] =  0.00 [alpha/Fe] =-0.40 BC value = F336W
-11.9376-11.1355-10.2327 -9.1847 -8.1695 -7.4369 -6.9931 -6.6741 -6.4173 -6.1993
 -5.9879 -5.7788 -5.5723 -5.3653 -5.1560 -4.6085 -4.0479 -3.4829 -2.9157
-10.9162-10.4687 -9.8528 -9.0676 -8.1178 -7.2852 -6.7534 -6.3827 -6.0999 -5.8646
 -5.6430 -5.4295 -5.2208 -5.0131 -4.8029 -4.2578 -3.6886 -3.1298 -2.6198 -2.1756
-10.0377 -9.7247 -9.3176 -8.8320 -8.1299 -7.2882 -6.6252 -6.1806 -5.8569 -5.5978
 -5.3647 -5.1450 -4.9339 -4.7265 -4.5188 -3.9848 -3.4281 -2.8817 -2.3894 -1.9715
 -1.6355
 -9.3390 -8.8569 -8.6898 -8.4023 -7.9940 -7.3671 -6.6443 -6.0839 -5.6946 -5.3982
 -5.1485 -4.9188 -4.7021 -4.4930 -4.2869 -3.7665 -3.2270 -2.6934 -2.2114 -1.8062
 -1.4815 -1.2380
 -9.0044 -8.2630 -7.9326 -7.8294 -7.6284 -7.2802 -6.7361 -6.1155 -5.6242 -5.2707
 -4.9931 -4.7486 -4.5221 -4.3077 -4.1001 -3.5896 -3.0686 -2.5500 -2.0758 -1.6760
 -1.3554 -1.1115 -0.9404 -0.8271
 -9.1480 -8.1773 -7.5385 -7.1910 -7.0588 -6.9338 -6.6532 -6.2011 -5.6678 -5.2265
 -4.8985 -4.6331 -4.3933 -4.1700 -3.9574 -3.4494 -2.9445 -2.4420 -1.9753 -1.5770
 -1.2554 -1.0067 -0.8272 -0.7073 -0.6317 -0.5837 -0.5525 -0.5294 -0.5053 -0.4733
 -9.5252 -8.3744 -7.5209 -6.9454 -6.5862 -6.3840 -6.2619 -6.0730 -5.7273 -5.2826
 -4.8784 -4.5713 -4.3145 -4.0796 -3.8594 -3.3464 -2.8523 -2.3643 -1.9054 -1.5062
 -1.1795 -0.9228 -0.7321 -0.6006 -0.5170 -0.4663 -0.4353 -0.4151 -0.3988 -0.3803
 -0.3536
-10.0498 -8.7948 -7.7561 -6.9859 -6.4494 -6.0839 -5.8303 -5.6469 -5.4861 -5.2630
 -4.9338 -4.5725 -4.2829 -4.0345 -3.8046 -3.2811 -2.7915 -2.3148 -1.8631 -1.4622
 -1.1274 -0.8600 -0.6556 -0.5097 -0.4142 -0.3563 -0.3227 -0.3027 -0.2900 -0.2795
 -0.2659
-10.7500 -9.3502 -8.1898 -7.2455 -6.5353 -6.0245 -5.6568 -5.3773 -5.1492 -4.9536
 -4.7690 -4.5551 -4.2859 -4.0251 -3.7862 -3.2495 -2.7588 -2.2887 -1.8421 -1.4390
 -1.0954 -0.8150 -0.5959 -0.4339 -0.3239 -0.2556 -0.2164 -0.1949 -0.1832 -0.1762
 -0.1705
-11.3231 -9.9676 -8.7654 -7.7022 -6.8339 -6.1663 -5.6710 -5.3006 -5.0091 -4.7615
 -4.5418 -4.3452 -4.1624 -3.9730 -3.7747 -3.2552 -2.7610 -2.2951 -1.8533 -1.4482
 -1.0947 -0.7996 -0.5632 -0.3824 -0.2538 -0.1704 -0.1209 -0.0940 -0.0805 -0.0747
 -0.0725
-11.7345-10.5352 -9.3820 -8.2717 -7.2964 -6.4926 -5.8591 -5.3740 -5.0012 -4.7026
 -4.4481 -4.2207 -4.0153 -3.8310 -3.6624 -3.2515 -2.7883 -2.3238 -1.8857 -1.4800
 -1.1183 -0.8092 -0.5553 -0.3549 -0.2057 -0.1034 -0.0396 -0.0031  0.0155  0.0231
  0.0250
-11.9842-11.0529 -9.9478 -8.8708 -7.8495 -6.9576 -6.2079 -5.6039 -5.1278 -4.7520
 -4.4478 -4.1897 -3.9605 -3.7534 -3.4493 -3.2384 -2.8407 -2.3748 -1.9393
 [Fe/H] =  0.25 [alpha/Fe] =-0.40 BC value = F336W
-12.2350-11.0621 -9.9234 -8.8168 -7.8588 -7.2333 -6.8418 -6.5721 -6.3499 -6.1611
 -5.9745 -5.7888 -5.6031 -5.4159 -5.2246 -4.7160 -4.1831 -3.6353 -3.0762
-11.2433-10.5679 -9.7804 -8.7721 -7.7973 -7.0537 -6.5841 -6.2731 -6.0303 -5.8292
 -5.6375 -5.4511 -5.2672 -5.0825 -4.8936 -4.3937 -3.8532 -3.3054 -2.7948 -2.3430
-10.1057 -9.9109 -9.4476 -8.7446 -7.8650 -7.0233 -6.4338 -6.0538 -5.7758 -5.5567
 -5.3576 -5.1690 -4.9863 -4.8052 -4.6218 -4.1395 -3.6152 -3.0783 -2.5789 -2.1471
 -1.7917
 -9.3359 -9.1479 -8.8637 -8.4784 -7.8984 -7.1300 -6.4184 -5.9283 -5.5949 -5.3424
 -5.1309 -4.9357 -4.7508 -4.5712 -4.3921 -3.9290 -3.4266 -2.9045 -2.4127 -1.9891
 -1.6431 -1.3735
 -8.9661 -8.3468 -8.1804 -8.0037 -7.6952 -7.1929 -6.5267 -5.9222 -5.4964 -5.1925
 -4.9567 -4.7497 -4.5578 -4.3754 -4.1972 -3.7490 -3.2704 -2.7677 -2.2848 -1.8647
 -1.5212 -1.2520 -1.0529 -0.9138
 -9.0686 -8.1313 -7.5713 -7.3585 -7.2534 -7.0132 -6.5943 -6.0328 -5.5050 -5.1202
 -4.8378 -4.6117 -4.4080 -4.2183 -4.0368 -3.5952 -3.1378 -2.6575 -2.1866 -1.7687
 -1.4236 -1.1502 -0.9442 -0.7979 -0.6986 -0.6325 -0.5875 -0.5530 -0.5198 -0.4808
 -9.4519 -8.2892 -7.4654 -6.9425 -6.6686 -6.5520 -6.3942 -6.0698 -5.6117 -5.1462
 -4.7899 -4.5242 -4.3037 -4.1029 -3.9144 -3.4702 -3.0274 -2.5686 -2.1125 -1.6976
 -1.3484 -1.0679 -0.8521 -0.6950 -0.5873 -0.5164 -0.4703 -0.4392 -0.4147 -0.3887
 -0.3561
-10.0331 -8.7132 -7.6669 -6.9216 -6.4221 -6.1075 -5.9212 -5.7858 -5.5771 -5.2340
 -4.8337 -4.4999 -4.2464 -4.0308 -3.8327 -3.3786 -2.9430 -2.5010 -2.0598 -1.6491
 -1.2948 -1.0051 -0.7773 -0.6074 -0.4877 -0.4091 -0.3594 -0.3281 -0.3069 -0.2889
 -0.2693
-10.8356 -9.3249 -8.1077 -7.1552 -6.4642 -5.9813 -5.6461 -5.4065 -5.2250 -5.0582
 -4.8440 -4.5479 -4.2407 -3.9983 -3.7881 -3.3195 -2.8843 -2.4526 -2.0230 -1.6167
 -1.2579 -0.9581 -0.7179 -0.5337 -0.4004 -0.3108 -0.2550 -0.2211 -0.2002 -0.1861
 -0.1745
-11.3881 -9.9874 -8.7368 -7.6223 -6.7446 -6.0908 -5.6170 -5.2701 -5.0037 -4.7852
 -4.5976 -4.4225 -4.2322 -4.0030 -3.7831 -3.2987 -2.8598 -2.4347 -2.0150 -1.6132
 -1.2500 -0.9390 -0.6843 -0.4839 -0.3338 -0.2292 -0.1622 -0.1220 -0.0988 -0.0847
 -0.0775
-12.0784-10.6696 -9.3952 -8.2429 -7.2238 -6.4071 -5.7817 -5.3133 -4.9592 -4.6794
 -4.4446 -4.2401 -4.0587 -3.8925 -3.7256 -3.3007 -2.8630 -2.4404 -2.0281 -1.6312
 -1.2649 -0.9434 -0.6741 -0.4568 -0.2886 -0.1661 -0.0841 -0.0334 -0.0044  0.0110
  0.0186
-12.9063-11.3714-10.0532 -8.9051 -7.8270 -6.8935 -6.1300 -5.5286 -5.0640 -4.7034
 -4.4147 -4.1725 -3.9610 -3.7733 -3.6156 -3.3255 -2.8939 -2.4697 -2.0623
 [Fe/H] =  0.50 [alpha/Fe] =-0.40 BC value = F336W
-12.3827-10.8386 -9.5383 -8.4582 -7.5899 -7.0715 -6.7467 -6.5103 -6.3222 -6.1545
 -5.9879 -5.8217 -5.6544 -5.4821 -5.3045 -4.8399 -4.2939 -3.7540 -3.2345
-11.5787-10.6218 -9.5716 -8.4391 -7.5059 -6.8631 -6.4689 -6.2061 -5.9995 -5.8236
 -5.6556 -5.4914 -5.3283 -5.1634 -4.9938 -4.5389 -4.0327 -3.5011 -2.9905 -2.5318
-10.6288-10.0985 -9.4434 -8.5368 -7.5816 -6.7927 -6.2862 -5.9658 -5.7292 -5.5428
 -5.3716 -5.2081 -5.0487 -4.8898 -4.7279 -4.2958 -3.8114 -3.2936 -2.7917 -2.3452
 -1.9687
 -9.5106 -9.4056 -9.0225 -8.4863 -7.7008 -6.8723 -6.2243 -5.8079 -5.5259 -5.3121
 -5.1323 -4.9658 -4.8069 -4.6516 -4.4960 -4.0875 -3.6300 -3.1315 -2.6381 -2.1968
 -1.8276 -1.5311
 -8.9791 -8.5788 -8.4243 -8.1409 -7.6913 -7.0167 -6.3059 -5.7580 -5.3953 -5.1372
 -4.9386 -4.7633 -4.6003 -4.4447 -4.2918 -3.9019 -3.4720 -2.9982 -2.5184 -2.0792
 -1.7112 -1.4149 -1.1865 -1.0187
 -8.9864 -8.1165 -7.7020 -7.5906 -7.3876 -7.0159 -6.4492 -5.8388 -5.3620 -5.0339
 -4.7932 -4.6022 -4.4300 -4.2692 -4.1150 -3.7353 -3.3297 -2.8833 -2.4199 -1.9866
 -1.6168 -1.3168 -1.0827 -0.9082 -0.7828 -0.6936 -0.6301 -0.5824 -0.5376 -0.4901
 -9.3346 -8.1977 -7.4273 -6.9956 -6.8432 -6.7156 -6.4274 -5.9688 -5.4510 -5.0189
 -4.7145 -4.4869 -4.2996 -4.1293 -3.9693 -3.5899 -3.2021 -2.7818 -2.3401 -1.9148
 -1.5431 -1.2365 -0.9941 -0.8099 -0.6761 -0.5823 -0.5168 -0.4702 -0.4348 -0.3994
 -0.3598
 -9.9522 -8.5900 -7.5687 -6.8657 -6.4248 -6.1951 -6.0759 -5.8890 -5.5461 -5.1156
 -4.7221 -4.4328 -4.2141 -4.0297 -3.8603 -3.4722 -3.0934 -2.6946 -2.2750 -1.8611
 -1.4885 -1.1747 -0.9218 -0.7260 -0.5810 -0.4784 -0.4086 -0.3608 -0.3274 -0.3012
 -0.2739
-10.8128 -9.2237 -7.9815 -7.0519 -6.3959 -5.9533 -5.6688 -5.4900 -5.3438 -5.1305
 -4.8086 -4.4570 -4.1816 -3.9701 -3.7883 -3.3850 -3.0071 -2.6214 -2.2198 -1.8183
 -1.4471 -1.1265 -0.8631 -0.6550 -0.4974 -0.3838 -0.3067 -0.2560 -0.2224 -0.1988
 -0.1803
-11.6514-10.0123 -8.6369 -7.4997 -6.6380 -6.0130 -5.5696 -5.2554 -5.0264 -4.8479
 -4.6836 -4.4883 -4.2289 -3.9668 -3.7602 -3.3359 -2.9534 -2.5754 -2.1882 -1.7992
 -1.4309 -1.1041 -0.8293 -0.6072 -0.4346 -0.3065 -0.2178 -0.1597 -0.1231 -0.0996
 -0.0850
-12.8247-10.9558 -9.4084 -8.1512 -7.1078 -6.3006 -5.6977 -5.2538 -4.9237 -4.6688
 -4.4613 -4.2846 -4.1225 -3.9546 -3.7580 -3.3190 -2.9292 -2.5535 -2.1761 -1.7977
 -1.4336 -1.1024 -0.8168 -0.5807 -0.3921 -0.2478 -0.1442 -0.0747 -0.0312 -0.0053
  0.0102
-14.3326-12.0542-10.1196 -8.8680 -7.7470 -6.7880 -6.0270 -5.4421 -4.9971 -4.6560
 -4.3869 -4.1647 -3.9747 -3.8087 -3.7817 -3.3343 -2.9345 -2.5557 -2.1835
 [Fe/H] =  0.75 [alpha/Fe] =-0.40 BC value = F336W
-12.2189-10.4794 -9.1402 -8.1616 -7.3949 -6.9695 -6.6945 -6.4861 -6.3176 -6.1663
 -6.0164 -5.8662 -5.7140 -5.5565 -5.3934 -4.9646 -4.4506 -3.9303 -3.4183
-11.9862-10.5367 -9.2554 -8.1265 -7.2743 -6.7289 -6.3953 -6.1675 -5.9910 -5.8347
 -5.6863 -5.5398 -5.3933 -5.2443 -5.0911 -4.6771 -4.2080 -3.7005 -3.1962 -2.7308
-10.9148-10.2529 -9.3543 -8.2502 -7.3108 -6.6102 -6.1823 -5.9092 -5.7077 -5.5467
 -5.3971 -5.2535 -5.1126 -4.9714 -4.8271 -4.4397 -3.9974 -3.5087 -3.0145 -2.5580
 -2.1620
-10.0336 -9.6523 -9.1445 -8.3854 -7.4466 -6.6446 -6.0743 -5.7208 -5.4825 -5.3004
 -5.1459 -5.0016 -4.8633 -4.7274 -4.5907 -4.2299 -3.8188 -3.3550 -2.8732 -2.4215
 -2.0306 -1.7071
 -9.1049 -8.8934 -8.6357 -8.2352 -7.5898 -6.7921 -6.1026 -5.6284 -5.3210 -5.1020
 -4.9337 -4.7839 -4.6439 -4.5095 -4.3771 -4.0373 -3.6566 -3.2222 -2.7581 -2.3120
 -1.9219 -1.5983 -1.3400 -1.1411
 -8.9234 -8.1703 -7.9530 -7.7880 -7.4688 -6.9290 -6.2547 -5.6614 -5.2458 -4.9680
 -4.7638 -4.6019 -4.4553 -4.3180 -4.1859 -3.8588 -3.5040 -3.1007 -2.6599 -2.2230
 -1.8326 -1.5057 -1.2427 -1.0383 -0.8844 -0.7698 -0.6846 -0.6190 -0.5595 -0.5017
 -9.2043 -8.1188 -7.4317 -7.1538 -7.0468 -6.8049 -6.3703 -5.8068 -5.2902 -4.9127
 -4.6539 -4.4603 -4.3014 -4.1567 -4.0206 -3.6966 -3.3610 -2.9864 -2.5727 -2.1500
 -1.7609 -1.4292 -1.1589 -0.9463 -0.7847 -0.6644 -0.5758 -0.5106 -0.4603 -0.4130
 -0.3650
 -9.8140 -8.4496 -7.4773 -6.8354 -6.4914 -6.3629 -6.2076 -5.8825 -5.4275 -4.9742
 -4.6227 -4.3753 -4.1883 -4.0312 -3.8871 -3.5567 -3.2316 -2.8803 -2.4937 -2.0898
 -1.7055 -1.3692 -1.0902 -0.8674 -0.6955 -0.5668 -0.4726 -0.4045 -0.3553 -0.3173
 -0.2803
-10.6753 -9.0678 -7.8389 -6.9510 -6.3419 -5.9587 -5.7545 -5.6259 -5.4226 -5.0832
 -4.6937 -4.3649 -4.1264 -3.9441 -3.7881 -3.4435 -3.1199 -2.7836 -2.4195 -2.0348
 -1.6589 -1.3202 -1.0332 -0.7998 -0.6165 -0.4774 -0.3757 -0.3033 -0.2525 -0.2160
 -0.1881
-11.6923 -9.9171 -8.4832 -7.3571 -6.5298 -5.9425 -5.5389 -5.2733 -5.0975 -4.9469
 -4.7452 -4.4557 -4.1496 -3.9144 -3.7335 -3.3670 -3.0381 -2.7096 -2.3631 -1.9978
 -1.6331 -1.2946 -0.9998 -0.7547 -0.5580 -0.4055 -0.2923 -0.2118 -0.1567 -0.1192
 -0.0932
-13.0903-10.9975 -9.3170 -8.0083 -6.9679 -6.1879 -5.6161 -5.2021 -4.9039 -4.6839
 -4.5112 -4.3549 -4.1811 -3.9561 -3.7288 -3.3248 -2.9858 -2.6586 -2.3229 -1.9731
 -1.6205 -1.2850 -0.9847 -0.7285 -0.5182 -0.3511 -0.2239 -0.1319 -0.0688 -0.0277
 -0.0011
-14.8694-12.3090-10.1472 -8.7798 -7.6178 -6.6549 -5.9133 -5.3533 -4.9328 -4.6157
 -4.3711 -4.1747 -4.0097 -3.8612 -3.7740 -3.3169 -2.9630 -2.6306 -2.2989
 [Fe/H] =  1.00 [alpha/Fe] =-0.40 BC value = F336W
-11.7187-10.0822 -8.8267 -7.9144 -7.2648 -6.8024 -6.4789 -6.2577 -6.1076 -6.0022
 -5.9191 -5.8395 -5.7472 -5.6288 -5.4802 -5.0784 -4.5959 -4.0463 -3.5529
-12.1389-10.3095 -8.9017 -7.8737 -7.1047 -6.6358 -6.3517 -6.1531 -5.9977 -5.8568
 -5.7217 -5.5881 -5.4548 -5.3188 -5.1786 -4.7987 -4.3648 -3.8679 -3.3804 -2.9199
-11.5334-10.3221 -9.1346 -7.9699 -7.0939 -6.4758 -6.1112 -5.8769 -5.7044 -5.5618
 -5.4283 -5.2996 -5.1726 -5.0451 -4.9148 -4.5637 -4.1601 -3.7044 -3.2285 -2.7720
 -2.3626
-10.3841 -9.8941 -9.1860 -8.1788 -7.2070 -6.4572 -5.9619 -5.6614 -5.4583 -5.3021
 -5.1668 -5.0396 -4.9170 -4.7961 -4.6743 -4.3517 -3.9818 -3.5558 -3.0972 -2.6475
 -2.2420 -1.8950
 -9.4316 -9.1939 -8.8334 -8.2527 -7.3998 -6.5791 -5.9382 -5.5290 -5.2688 -5.0818
 -4.9383 -4.8084 -4.6861 -4.5683 -4.4519 -4.1522 -3.8145 -3.4221 -2.9865 -2.5464
 -2.1429 -1.7957 -1.5085 -1.2786
 -8.9130 -8.3720 -8.2221 -7.9541 -7.4759 -6.7606 -6.0580 -5.5093 -5.1555 -4.9202
 -4.7467 -4.6082 -4.4818 -4.3630 -4.2482 -3.9630 -3.6524 -3.2933 -2.8864 -2.4611
 -2.0607 -1.7115 -1.4200 -1.1853 -1.0014 -0.8596 -0.7509 -0.6637 -0.5863 -0.5158
 -9.0889 -8.0751 -7.5279 -7.3908 -7.2012 -6.8190 -6.2322 -5.6284 -5.1493 -4.8270
 -4.6080 -4.4433 -4.3076 -4.1836 -4.0665 -3.7868 -3.4960 -3.1665 -2.7908 -2.3861
 -1.9920 -1.6407 -1.3439 -1.1021 -0.9109 -0.7628 -0.6492 -0.5623 -0.4929 -0.4302
 -0.3720
 -9.6199 -8.3196 -7.4089 -6.8567 -6.6549 -6.5331 -6.2491 -5.7863 -5.2715 -4.8419
 -4.5391 -4.3290 -4.1694 -4.0353 -3.9121 -3.6289 -3.3494 -3.0439 -2.6977 -2.3173
 -1.9347 -1.5832 -1.2805 -1.0304 -0.8303 -0.6738 -0.5536 -0.4619 -0.3928 -0.3386
 -0.2889
-10.4532 -8.8835 -7.7002 -6.8648 -6.3163 -6.0290 -5.9040 -5.7262 -5.3867 -4.9594
 -4.5690 -4.2829 -4.0785 -3.9222 -3.7888 -3.4939 -3.2171 -2.9269 -2.6047 -2.2490
 -1.8814 -1.5330 -1.2259 -0.9675 -0.7576 -0.5915 -0.4634 -0.3662 -0.2935 -0.2402
 -0.1993
-11.5824 -9.7442 -8.3008 -7.2132 -6.4311 -5.8880 -5.5414 -5.3470 -5.2107 -5.0096
 -4.6947 -4.3499 -4.0684 -3.8643 -3.7080 -3.3927 -3.1112 -2.8289 -2.5253 -2.1929
 -1.8436 -1.5022 -1.1923 -0.9254 -0.7042 -0.5262 -0.3873 -0.2814 -0.2034 -0.1469
 -0.1067
-13.1140-10.9017 -9.1565 -7.8323 -6.8234 -6.0808 -5.5439 -5.1671 -4.9135 -4.7397
 -4.5911 -4.4092 -4.1553 -3.8853 -3.6793 -3.3254 -3.0330 -2.7514 -2.4587 -2.1445
 -1.8132 -1.4822 -1.1728 -0.8990 -0.6670 -0.4764 -0.3250 -0.2082 -0.1217 -0.0603
 -0.0179
-15.0480-12.3560-10.2673 -8.6657 -7.4558 -6.5126 -5.8016 -5.2702 -4.8775 -4.5900
 -4.3778 -4.2120 -4.0660 -3.9129 -3.7027 -3.2920 -2.9825 -2.6944 -2.4049
