 [Fe/H] = -2.00 [alpha/Fe] =-0.40 BC value = F390M
 -9.0118 -8.6575 -8.6939 -8.3241 -8.2648 -7.9734 -7.2064 -6.7728 -6.4016 -6.0193
 -5.6399 -5.2722 -4.9179 -4.5726 -4.2338 -3.4053 -2.4565 -1.4354 -0.9365
 -8.5987 -8.0060 -7.5939 -7.3364 -7.1804 -6.9997 -6.7300 -6.3759 -5.9843 -5.5920
 -5.1960 -4.8108 -4.4438 -4.0937 -3.7553 -2.9266 -2.1014 -1.4075 -0.9125 -0.5497
 -8.1505 -7.5270 -7.0550 -6.7102 -6.4514 -6.2678 -6.1182 -5.9191 -5.6342 -5.2802
 -4.8831 -4.4766 -4.0913 -3.7319 -3.3956 -2.6196 -1.8881 -1.2628 -0.8137 -0.4883
 -0.2378
 -7.8651 -7.2345 -6.7248 -6.3337 -6.0255 -5.7579 -5.5217 -5.3309 -5.1463 -4.9109
 -4.5982 -4.2244 -3.8328 -3.4638 -3.1271 -2.3913 -1.7360 -1.1798 -0.7523 -0.4541
 -0.2267 -0.0429
 -7.7021 -7.0657 -6.5311 -6.0990 -5.7560 -5.4639 -5.1866 -4.9160 -4.6758 -4.4568
 -4.2339 -3.9641 -3.6423 -3.2933 -2.9556 -2.2416 -1.6399 -1.1246 -0.7222 -0.4413
 -0.2306 -0.0618  0.0801  0.2031
 -7.6376 -6.9990 -6.4439 -5.9757 -5.5930 -5.2765 -4.9917 -4.7085 -4.4227 -4.1480
 -3.8998 -3.6669 -3.4206 -3.1473 -2.8550 -2.1620 -1.5916 -1.1047 -0.7182 -0.4453
 -0.2448 -0.0874  0.0436  0.1567  0.2583  0.3498  0.4314  0.5033  0.5658  0.6192
 -7.6543 -7.0185 -6.4488 -5.9518 -5.5269 -5.1745 -4.8713 -4.5902 -4.3064 -4.0156
 -3.7318 -3.4683 -3.2255 -2.9903 -2.7484 -2.1306 -1.5802 -1.1125 -0.7356 -0.4623
 -0.2656 -0.1160  0.0057  0.1097  0.2009  0.2825  0.3555  0.4201  0.4768  0.5253
  0.5640
 -7.7347 -7.1058 -6.5315 -6.0172 -5.5577 -5.1599 -4.8211 -4.5260 -4.2475 -3.9656
 -3.6775 -3.3950 -3.1298 -2.8864 -2.6581 -2.1061 -1.5875 -1.1398 -0.7683 -0.4896
 -0.2904 -0.1445 -0.0301  0.0656  0.1482  0.2214  0.2879  0.3471  0.3978  0.4389
  0.4701
 -7.8615 -7.2426 -6.6720 -6.1509 -5.6680 -5.2355 -4.8547 -4.5223 -4.2275 -3.9496
 -3.6712 -3.3888 -3.1124 -2.8527 -2.6134 -2.0808 -1.5934 -1.1637 -0.8043 -0.5215
 -0.3161 -0.1692 -0.0596  0.0281  0.1022  0.1669  0.2238  0.2743  0.3183  0.3561
  0.3883
 -8.0173 -7.4105 -6.8486 -6.3275 -5.8438 -5.3944 -4.9801 -4.6099 -4.2778 -3.9801
 -3.7018 -3.4275 -3.1524 -2.8885 -2.6394 -2.0818 -1.6092 -1.1928 -0.8427 -0.5602
 -0.3473 -0.1946 -0.0851 -0.0027  0.0636  0.1196  0.1680  0.2106  0.2480  0.2805
  0.3101
 -8.1824 -7.5989 -7.0520 -6.5387 -6.0561 -5.6019 -5.1738 -4.7732 -4.4088 -4.0753
 -3.7736 -3.4931 -3.2211 -2.9530 -2.6923 -2.1124 -1.6334 -1.2236 -0.8780 -0.5969
 -0.3791 -0.2193 -0.1055 -0.0241  0.0363  0.0840  0.1235  0.1574  0.1868  0.2121
  0.2333
 -8.3331 -7.8227 -7.3137 -6.8126 -6.3257 -5.8581 -5.4136 -4.9953 -4.6045 -4.2420
 -3.9082 -3.6022 -3.3175 -3.0457 -2.7817 -2.1738 -1.6714 -1.2585 -0.9148
 [Fe/H] = -1.50 [alpha/Fe] =-0.40 BC value = F390M
 -9.4799 -9.1502 -8.8275 -8.4303 -8.0059 -7.4802 -6.8989 -6.4426 -6.0718 -5.7299
 -5.3965 -5.0740 -4.7637 -4.4620 -4.1664 -3.4394 -2.6523 -1.8095 -1.1819
 -8.6028 -8.0712 -7.7960 -7.6403 -7.4100 -7.0898 -6.6523 -6.1643 -5.7536 -5.3845
 -5.0264 -4.6820 -4.3544 -4.0428 -3.7431 -3.0247 -2.3120 -1.6205 -1.0613 -0.6563
 -8.1477 -7.5259 -7.1050 -6.8442 -6.7097 -6.5745 -6.3299 -5.9626 -5.5317 -5.1357
 -4.7537 -4.3872 -4.0421 -3.7192 -3.4156 -2.7191 -2.0726 -1.4624 -0.9551 -0.5857
 -0.3095
 -7.9153 -7.2401 -6.7410 -6.3792 -6.1225 -5.9452 -5.8108 -5.6301 -5.3333 -4.9636
 -4.5794 -4.1962 -3.8341 -3.4989 -3.1892 -2.5056 -1.9074 -1.3595 -0.8917 -0.5461
 -0.2909 -0.0899
 -7.8448 -7.1257 -6.5586 -6.1354 -5.8186 -5.5584 -5.3281 -5.1323 -4.9594 -4.7344
 -4.4372 -4.0902 -3.7273 -3.3796 -3.0601 -2.3759 -1.8067 -1.3018 -0.8632 -0.5316
 -0.2898 -0.1027  0.0505  0.1845
 -7.9233 -7.1519 -6.5218 -6.0258 -5.6474 -5.3489 -5.0846 -4.8285 -4.5886 -4.3803
 -4.1786 -3.9421 -3.6562 -3.3372 -3.0144 -2.3163 -1.7586 -1.2799 -0.8622 -0.5374
 -0.3021 -0.1243  0.0185  0.1390  0.2441  0.3371  0.4204  0.4960  0.5643  0.6212
 -8.0964 -7.2947 -6.6121 -6.0452 -5.5957 -5.2436 -4.9542 -4.6886 -4.4248 -4.1670
 -3.9280 -3.7129 -3.4987 -3.2614 -2.9966 -2.3126 -1.7519 -1.2853 -0.8817 -0.5586
 -0.3241 -0.1514 -0.0165  0.0953  0.1916  0.2772  0.3531  0.4198  0.4775  0.5266
  0.5678
 -8.3340 -7.5279 -6.8123 -6.1846 -5.6613 -5.2407 -4.9046 -4.6202 -4.3558 -4.0919
 -3.8285 -3.5768 -3.3465 -3.1320 -2.9167 -2.3361 -1.7758 -1.3107 -0.9149 -0.5919
 -0.3534 -0.1813 -0.0515  0.0527  0.1409  0.2193  0.2887  0.3489  0.3998  0.4413
  0.4736
 -8.6022 -7.8070 -7.0825 -6.4183 -5.8340 -5.3408 -4.9398 -4.6125 -4.3307 -4.0676
 -3.8055 -3.5421 -3.2873 -3.0505 -2.8323 -2.3200 -1.8091 -1.3455 -0.9529 -0.6299
 -0.3853 -0.2101 -0.0828  0.0153  0.0957  0.1645  0.2241  0.2759  0.3207  0.3592
  0.3919
 -8.8647 -8.0909 -7.3802 -6.7283 -6.1075 -5.5565 -5.0838 -4.6919 -4.3670 -4.0851
 -3.8233 -3.5643 -3.3045 -3.0516 -2.8146 -2.3007 -1.8341 -1.3897 -1.0000 -0.6769
 -0.4254 -0.2423 -0.1125 -0.0176  0.0564  0.1173  0.1689  0.2135  0.2519  0.2848
  0.3145
 -9.0892 -8.3714 -7.6967 -7.0627 -6.4313 -5.8531 -5.3300 -4.8726 -4.4838 -4.1566
 -3.8725 -3.6106 -3.3552 -3.1009 -2.8529 -2.3063 -1.8491 -1.4280 -1.0460 -0.7240
 -0.4676 -0.2757 -0.1391 -0.0430  0.0269  0.0807  0.1242  0.1605  0.1913  0.2170
  0.2383
 -9.2751 -8.6486 -8.0320 -7.4085 -6.7921 -6.1983 -5.6449 -5.1447 -4.6993 -4.3100
 -3.9786 -3.6903 -3.4271 -3.1749 -2.9270 -2.3515 -1.8740 -1.4624 -1.0908
 [Fe/H] = -1.00 [alpha/Fe] =-0.40 BC value = F390M
 -9.8933 -9.4098 -8.8820 -8.3821 -7.7090 -7.0229 -6.5083 -6.1300 -5.7997 -5.4997
 -5.2130 -4.9358 -4.6688 -4.4097 -4.1558 -3.5283 -2.8753 -2.1773 -1.5073
 -8.6723 -8.3727 -8.1422 -7.8169 -7.4415 -6.9060 -6.3159 -5.8679 -5.5004 -5.1751
 -4.8658 -4.5705 -4.2892 -4.0205 -3.7614 -3.1408 -2.5297 -1.9125 -1.3254 -0.8467
 -8.1450 -7.5770 -7.3045 -7.1884 -6.9942 -6.6931 -6.2351 -5.7216 -5.3042 -4.9499
 -4.6201 -4.3075 -4.0127 -3.7346 -3.4707 -2.8566 -2.2799 -1.7244 -1.2023 -0.7638
 -0.4372
 -7.9483 -7.2488 -6.7868 -6.5185 -6.3951 -6.2824 -6.0473 -5.6659 -5.2112 -4.8199
 -4.4724 -4.1444 -3.8361 -3.5476 -3.2770 -2.6635 -2.1103 -1.5986 -1.1245 -0.7158
 -0.4074 -0.1753
 -7.9583 -7.1596 -6.5793 -6.1759 -5.9066 -5.7280 -5.6088 -5.4455 -5.1541 -4.7704
 -4.4094 -4.0702 -3.7495 -3.4493 -3.1694 -2.5470 -2.0058 -1.5225 -1.0821 -0.6959
 -0.3987 -0.1783 -0.0054  0.1376
 -8.1372 -7.2527 -6.5579 -6.0478 -5.6787 -5.4056 -5.1915 -5.0131 -4.8602 -4.6591
 -4.3715 -4.0572 -3.7360 -3.4257 -3.1347 -2.4935 -1.9529 -1.4852 -1.0672 -0.6984
 -0.4077 -0.1937 -0.0298  0.1036  0.2169  0.3158  0.4046  0.4867  0.5620  0.6222
 -8.4461 -7.4977 -6.7039 -6.0839 -5.6206 -5.2757 -5.0031 -4.7640 -4.5466 -4.3575
 -4.1802 -3.9751 -3.7280 -3.4480 -3.1569 -2.4915 -1.9410 -1.4783 -1.0737 -0.7178
 -0.4305 -0.2187 -0.0603  0.0654  0.1706  0.2618  0.3416  0.4121  0.4746  0.5294
  0.5733
 -8.8279 -7.8578 -6.9865 -6.2660 -5.7010 -5.2690 -4.9364 -4.6639 -4.4186 -4.1867
 -3.9727 -3.7788 -3.5946 -3.3964 -3.1698 -2.5312 -1.9629 -1.4963 -1.0968 -0.7493
 -0.4640 -0.2509 -0.0945  0.0256  0.1236  0.2067  0.2798  0.3436  0.3981  0.4430
  0.4786
 -9.2308 -8.2761 -7.3679 -6.5647 -5.9020 -5.3791 -4.9710 -4.6471 -4.3758 -4.1291
 -3.8935 -3.6684 -3.4590 -3.2669 -3.0809 -2.5677 -2.0074 -1.5306 -1.1303 -0.7864
 -0.5017 -0.2852 -0.1282 -0.0115  0.0803  0.1560  0.2201  0.2753  0.3226  0.3627
  0.3964
 -9.6044 -8.7050 -7.8216 -6.9718 -6.2261 -5.6080 -5.1150 -4.7233 -4.4058 -4.1352
 -3.8890 -3.6528 -3.4233 -3.2059 -3.0045 -2.5440 -2.0657 -1.5893 -1.1823 -0.8368
 -0.5496 -0.3267 -0.1645 -0.0475  0.0401  0.1095  0.1663  0.2143  0.2549  0.2892
  0.3172
 -9.9041 -9.1174 -8.2808 -7.4385 -6.6454 -5.9462 -5.3623 -4.8902 -4.5100 -4.1964
 -3.9265 -3.6806 -3.4447 -3.2147 -2.9941 -2.5089 -2.0821 -1.6516 -1.2442 -0.8939
 -0.6021 -0.3713 -0.2006 -0.0792  0.0073  0.0715  0.1215  0.1620  0.1953  0.2226
  0.2448
-10.1288 -9.4422 -8.6892 -7.9034 -7.1183 -6.3759 -5.7140 -5.1569 -4.6986 -4.3239
 -4.0125 -3.7427 -3.4971 -3.2629 -3.0347 -2.5125 -2.0818 -1.6907 -1.3069
 [Fe/H] = -0.75 [alpha/Fe] =-0.40 BC value = F390M
-10.0795 -9.4522 -8.8796 -8.3001 -7.5463 -6.8077 -6.3232 -5.9803 -5.6853 -5.4068
 -5.1437 -4.8892 -4.6436 -4.4054 -4.1718 -3.5933 -2.9970 -2.3588 -1.7000
 -8.8372 -8.5941 -8.2359 -7.8492 -7.3743 -6.7105 -6.1311 -5.7210 -5.3884 -5.0883
 -4.8056 -4.5358 -4.2783 -4.0313 -3.7921 -3.2170 -2.6498 -2.0728 -1.5005 -0.9911
 -8.1483 -7.6789 -7.5215 -7.3321 -7.0512 -6.6435 -6.0731 -5.5728 -5.1934 -4.8666
 -4.5662 -4.2820 -4.0132 -3.7584 -3.5148 -2.9425 -2.3991 -1.8697 -1.3599 -0.8987
 -0.5342
 -7.9450 -7.2536 -6.8490 -6.6788 -6.5818 -6.3788 -6.0334 -5.5471 -5.0980 -4.7371
 -4.4202 -4.1226 -3.8425 -3.5787 -3.3292 -2.7551 -2.2272 -1.7315 -1.2663 -0.8420
 -0.4980 -0.2405
 -7.9841 -7.1553 -6.5779 -6.2119 -6.0024 -5.8965 -5.7658 -5.4987 -5.1028 -4.6939
 -4.3552 -4.0460 -3.7548 -3.4810 -3.2233 -2.6399 -2.1188 -1.6445 -1.2098 -0.8137
 -0.4844 -0.2376 -0.0490  0.1046
 -8.2133 -7.2681 -6.5507 -6.0445 -5.7002 -5.4625 -5.2961 -5.1693 -4.9927 -4.7013
 -4.3533 -4.0357 -3.7356 -3.4520 -3.1846 -2.5840 -2.0608 -1.5983 -1.1834 -0.8082
 -0.4903 -0.2491 -0.0685  0.0750  0.1958  0.3005  0.3934  0.4778  0.5550  0.6204
 -8.5839 -7.5566 -6.7131 -6.0741 -5.6127 -5.2807 -5.0288 -4.8204 -4.6473 -4.4922
 -4.2980 -4.0398 -3.7608 -3.4764 -3.2004 -2.5774 -2.0437 -1.5844 -1.1809 -0.8209
 -0.5120 -0.2729 -0.0962  0.0405  0.1526  0.2483  0.3315  0.4048  0.4702  0.5283
  0.5711
 -9.0309 -7.9693 -7.0321 -6.2719 -5.6900 -5.2585 -4.9346 -4.6762 -4.4506 -4.2466
 -4.0673 -3.8965 -3.7092 -3.4918 -3.2458 -2.6117 -2.0610 -1.5970 -1.1984 -0.8473
 -0.5451 -0.3062 -0.1298  0.0029  0.1084  0.1964  0.2726  0.3386  0.3949  0.4421
  0.4808
 -9.4969 -8.4416 -7.4530 -6.5974 -5.9058 -5.3693 -4.9595 -4.6420 -4.3815 -4.1494
 -3.9344 -3.7362 -3.5536 -3.3816 -3.2017 -2.6672 -2.1026 -1.6283 -1.2280 -0.8808
 -0.5828 -0.3433 -0.1650 -0.0340  0.0666  0.1477  0.2152  0.2729  0.3224  0.3640
  0.3982
 -9.9249 -8.9458 -7.9539 -7.0346 -6.2471 -5.6091 -5.1069 -4.7136 -4.4002 -4.1386
 -3.9047 -3.6858 -3.4780 -3.2842 -3.1051 -2.6687 -2.1727 -1.6872 -1.2795 -0.9303
 -0.6317 -0.3887 -0.2052 -0.0721  0.0261  0.1019  0.1627  0.2131  0.2554  0.2908
  0.3198
-10.2626 -9.3992 -8.4661 -7.5380 -6.6847 -5.9551 -5.3595 -4.8837 -4.5033 -4.1934
 -3.9311 -3.6963 -3.4752 -3.2633 -3.0627 -2.6195 -2.2024 -1.7599 -1.3447 -0.9891
 -0.6863 -0.4376 -0.2465 -0.1078 -0.0089  0.0632  0.1180  0.1616  0.1967  0.2252
  0.2488
-10.5048 -9.7626 -8.9296 -8.0463 -7.1804 -6.3893 -5.7090 -5.1473 -4.6910 -4.3199
 -4.0132 -3.7504 -3.5145 -3.2927 -3.0794 -2.5969 -2.1925 -1.8082 -1.4173
 [Fe/H] = -0.50 [alpha/Fe] =-0.40 BC value = F390M
-10.1628 -9.4856 -8.8498 -8.1458 -7.3483 -6.6458 -6.1886 -5.8594 -5.5887 -5.3365
 -5.0970 -4.8646 -4.6393 -4.4202 -4.2054 -3.6720 -3.1255 -2.5387 -1.9127
 -9.1161 -8.7460 -8.3081 -7.8422 -7.2351 -6.5266 -5.9817 -5.6009 -5.2916 -5.0211
 -4.7653 -4.5205 -4.2857 -4.0595 -3.8394 -3.3070 -2.7800 -2.2408 -1.6924 -1.1713
 -8.1933 -7.9005 -7.7149 -7.4244 -7.0529 -6.5113 -5.9052 -5.4423 -5.0931 -4.7970
 -4.5264 -4.2701 -4.0266 -3.7942 -3.5704 -3.0390 -2.5284 -2.0249 -1.5311 -1.0642
 -0.6627
 -7.9263 -7.2808 -6.9920 -6.8897 -6.7033 -6.3990 -5.9296 -5.4018 -4.9881 -4.6609
 -4.3752 -4.1076 -3.8549 -3.6153 -3.3867 -2.8525 -2.3524 -1.8742 -1.4193 -0.9931
 -0.6189 -0.3282
 -7.9771 -7.1350 -6.5887 -6.2917 -6.1719 -6.0656 -5.8310 -5.4454 -4.9866 -4.6086
 -4.3009 -4.0222 -3.7600 -3.5121 -3.2767 -2.7340 -2.2377 -1.7755 -1.3471 -0.9510
 -0.5986 -0.3193 -0.1085  0.0597
 -8.2481 -7.2523 -6.5261 -6.0411 -5.7384 -5.5621 -5.4565 -5.3054 -5.0219 -4.6419
 -4.2927 -4.0004 -3.7293 -3.4728 -3.2293 -2.6724 -2.1729 -1.7192 -1.3078 -0.9330
 -0.5984 -0.3266 -0.1225  0.0355  0.1657  0.2770  0.3751  0.4650  0.5477  0.6159
 -8.6819 -7.5755 -6.6901 -6.0452 -5.5981 -5.2932 -5.0769 -4.9179 -4.7854 -4.6065
 -4.3315 -4.0266 -3.7484 -3.4848 -3.2335 -2.6583 -2.1495 -1.6976 -1.2960 -0.9355
 -0.6147 -0.3484 -0.1469  0.0055  0.1271  0.2293  0.3172  0.3942  0.4631  0.5248
  0.5762
 -9.1874 -8.0417 -7.0408 -6.2454 -5.6577 -5.2358 -4.9311 -4.6956 -4.5000 -4.3343
 -4.1824 -3.9994 -3.7733 -3.5284 -3.2773 -2.6843 -2.1606 -1.7046 -1.3070 -0.9548
 -0.6436 -0.3816 -0.1799 -0.0297  0.0863  0.1810  0.2606  0.3293  0.3887  0.4394
  0.4816
 -9.7026 -8.5424 -7.5052 -6.5986 -5.8799 -5.3361 -4.9330 -4.6294 -4.3859 -4.1747
 -3.9863 -3.8184 -3.6552 -3.4857 -3.2961 -2.7376 -2.1971 -1.7313 -1.3325 -0.9839
 -0.6780 -0.4191 -0.2164 -0.0662  0.0463  0.1348  0.2071  0.2680  0.3197  0.3635
  0.3990
-10.1694 -9.1078 -8.0418 -7.0681 -6.2447 -5.5859 -5.0760 -4.6858 -4.3829 -4.1351
 -3.9179 -3.7200 -3.5371 -3.3669 -3.2069 -2.7787 -2.2662 -1.7872 -1.3816 -1.0311
 -0.7256 -0.4661 -0.2599 -0.1066  0.0055  0.0899  0.1561  0.2100  0.2545  0.2916
  0.3218
-10.5277 -9.5961 -8.5856 -7.5924 -6.7014 -5.9485 -5.3389 -4.8570 -4.4779 -4.1755
 -3.9249 -3.7047 -3.5021 -3.3110 -3.1326 -2.7322 -2.3194 -1.8619 -1.4461 -1.0893
 -0.7801 -0.5169 -0.3055 -0.1465 -0.0320  0.0506  0.1118  0.1594  0.1972  0.2273
  0.2527
-10.7790 -9.9849 -9.0753 -8.1239 -7.2072 -6.3910 -5.6974 -5.1284 -4.6688 -4.2995
 -3.9984 -3.7454 -3.5225 -3.3166 -3.1214 -2.6853 -2.3078 -1.9244 -1.5232
 [Fe/H] = -0.25 [alpha/Fe] =-0.40 BC value = F390M
-10.1407 -9.4452 -8.7189 -7.9085 -7.1203 -6.4918 -6.0767 -5.7602 -5.5038 -5.2838
 -5.0682 -4.8576 -4.6529 -4.4530 -4.2561 -3.7658 -3.2631 -2.7269 -2.1444
 -9.1066 -8.8398 -8.3496 -7.7587 -7.0255 -6.3371 -5.8464 -5.4921 -5.2087 -4.9683
 -4.7398 -4.5203 -4.3086 -4.1032 -3.9022 -3.4111 -2.9206 -2.4162 -1.8952 -1.3776
 -8.3430 -8.1535 -7.8523 -7.4879 -6.9804 -6.3170 -5.7398 -5.3186 -5.0015 -4.7373
 -4.4968 -4.2686 -4.0505 -3.8407 -3.6370 -3.1464 -2.6675 -2.1895 -1.7132 -1.2510
 -0.8267
 -7.9026 -7.3812 -7.2322 -7.0550 -6.7736 -6.3376 -5.7631 -5.2569 -4.8839 -4.5888
 -4.3350 -4.0974 -3.8720 -3.6567 -3.4493 -2.9567 -2.4857 -2.0269 -1.5836 -1.1617
 -0.7721 -0.4453
 -7.9314 -7.1145 -6.6429 -6.4615 -6.3655 -6.1571 -5.7998 -5.3115 -4.8630 -4.5223
 -4.2462 -3.9983 -3.7646 -3.5424 -3.3296 -2.8303 -2.3620 -1.9159 -1.4953 -1.1026
 -0.7408 -0.4304 -0.1895 -0.0014
 -8.2269 -7.2057 -6.4972 -6.0589 -5.8291 -5.7278 -5.6002 -5.3337 -4.9413 -4.5390
 -4.2225 -3.9603 -3.7180 -3.4885 -3.2691 -2.7584 -2.2874 -1.8480 -1.4421 -1.0697
 -0.7295 -0.4325 -0.1982 -0.0193  0.1244  0.2450  0.3505  0.4471  0.5352  0.6082
 -8.7202 -7.5454 -6.6384 -6.0054 -5.5898 -5.3295 -5.1711 -5.0594 -4.8959 -4.6153
 -4.2694 -3.9736 -3.7210 -3.4845 -3.2587 -2.7335 -2.2549 -1.8166 -1.4192 -1.0601
 -0.7352 -0.4493 -0.2191 -0.0443  0.0913  0.2025  0.2971  0.3794  0.4527  0.5186
  0.5745
 -9.2961 -8.0665 -7.0055 -6.1913 -5.6113 -5.2104 -4.9351 -4.7356 -4.5832 -4.4488
 -4.2772 -4.0268 -3.7624 -3.5193 -3.2877 -2.7482 -2.2582 -1.8162 -1.4221 -1.0705
 -0.7553 -0.4782 -0.2503 -0.0769  0.0545  0.1587  0.2446  0.3178  0.3805  0.4343
  0.4803
 -9.8357 -8.6415 -7.5192 -6.5647 -5.8250 -5.2840 -4.8971 -4.6155 -4.3966 -4.2144
 -4.0582 -3.9134 -3.7441 -3.5482 -3.3358 -2.7910 -2.2877 -1.8371 -1.4422 -1.0934
 -0.7835 -0.5117 -0.2860 -0.1125  0.0167  0.1156  0.1944  0.2600  0.3150  0.3607
  0.3982
-10.3118 -9.2013 -8.0946 -7.0770 -6.2144 -5.5350 -5.0237 -4.6446 -4.3589 -4.1304
 -3.9347 -3.7617 -3.6061 -3.4536 -3.3008 -2.8552 -2.3495 -1.8881 -1.4873 -1.1371
 -0.8277 -0.5570 -0.3308 -0.1546 -0.0244  0.0719  0.1455  0.2040  0.2518  0.2927
  0.3227
-10.6925 -9.6952 -8.6453 -7.6261 -6.7050 -5.9243 -5.2957 -4.8086 -4.4359 -4.1469
 -3.9122 -3.7102 -3.5290 -3.3617 -3.2046 -2.8392 -2.4202 -1.9589 -1.5487 -1.1930
 -0.8807 -0.6078 -0.3787 -0.1983 -0.0646  0.0316  0.1017  0.1548  0.1962  0.2286
  0.2558
-10.9689-10.0921 -9.1298 -8.1523 -7.2248 -6.3919 -5.6795 -5.0946 -4.6286 -4.2619
 -3.9700 -3.7304 -3.5238 -3.3372 -3.1626 -2.7760 -2.4225 -2.0337 -1.6247
 [Fe/H] =  0.00 [alpha/Fe] =-0.40 BC value = F390M
-10.3209 -9.4671 -8.5509 -7.6669 -6.9023 -6.3476 -5.9919 -5.7170 -5.4782 -5.2797
 -5.0851 -4.8922 -4.7031 -4.5168 -4.3332 -3.8756 -3.3969 -2.8959 -2.3773
 -9.4289 -8.9799 -8.3500 -7.5855 -6.8034 -6.1637 -5.7423 -5.4304 -5.1742 -4.9606
 -4.7559 -4.5571 -4.3636 -4.1743 -3.9877 -3.5291 -3.0696 -2.5972 -2.1059 -1.6018
 -8.6729 -8.3676 -7.9680 -7.4766 -6.8147 -6.1217 -5.5969 -5.2314 -4.9502 -4.7160
 -4.5024 -4.2980 -4.1009 -3.9094 -3.7220 -3.2653 -2.8147 -2.3615 -1.9048 -1.4532
 -1.0218
 -8.0919 -7.6125 -7.4452 -7.1628 -6.7658 -6.1919 -5.5905 -5.1355 -4.8080 -4.5469
 -4.3223 -4.1108 -3.9088 -3.7141 -3.5248 -3.0689 -2.6256 -2.1880 -1.7582 -1.3439
 -0.9510 -0.5970
 -7.8802 -7.1167 -6.7804 -6.6780 -6.4878 -6.1689 -5.6852 -5.1631 -4.7569 -4.4557
 -4.2109 -3.9905 -3.7819 -3.5823 -3.3895 -2.9304 -2.4907 -2.0645 -1.6545 -1.2672
 -0.9042 -0.5736 -0.2990 -0.0844
 -8.1622 -7.1396 -6.4768 -6.1259 -6.0005 -5.8921 -5.6530 -5.2661 -4.8153 -4.4457
 -4.1635 -3.9298 -3.7135 -3.5079 -3.3103 -2.8434 -2.4031 -1.9833 -1.5869 -1.2185
 -0.8777 -0.5667 -0.3022 -0.0951  0.0671  0.2008  0.3168  0.4223  0.5176  0.5970
 -8.6969 -7.4639 -6.5642 -5.9689 -5.6112 -5.4258 -5.3282 -5.1820 -4.9026 -4.5306
 -4.1882 -3.9218 -3.6954 -3.4832 -3.2803 -2.8032 -2.3580 -1.9395 -1.5511 -1.1950
 -0.8696 -0.5739 -0.3183 -0.1153  0.0407  0.1650  0.2689  0.3583  0.4377  0.5092
  0.5702
 -9.3406 -8.0220 -6.9168 -6.1113 -5.5616 -5.2027 -4.9744 -4.8276 -4.7110 -4.5451
 -4.2813 -3.9732 -3.7195 -3.4995 -3.2911 -2.8034 -2.3504 -1.9288 -1.5434 -1.1943
 -0.8779 -0.5933 -0.3451 -0.1447  0.0081  0.1261  0.2211  0.3008  0.3685  0.4264
  0.4769
-10.1382 -8.6796 -7.4666 -6.4753 -5.7435 -5.2274 -4.8708 -4.6210 -4.4362 -4.2904
 -4.1577 -3.9975 -3.7732 -3.5432 -3.3298 -2.8329 -2.3707 -1.9424 -1.5553 -1.2087
 -0.8975 -0.6189 -0.3766 -0.1786 -0.0273  0.0865  0.1750  0.2464  0.3060  0.3554
  0.3955
-10.6212 -9.3123 -8.1166 -7.0239 -6.1299 -5.4537 -4.9613 -4.6060 -4.3445 -4.1402
 -3.9706 -3.8243 -3.6887 -3.5330 -3.3623 -2.8918 -2.4228 -1.9873 -1.5950 -1.2468
 -0.9360 -0.6591 -0.4188 -0.2210 -0.0689  0.0439  0.1283  0.1936  0.2459  0.2882
  0.3224
-10.8224 -9.7886 -8.7259 -7.6386 -6.6568 -5.8471 -5.2175 -4.7439 -4.3900 -4.1208
 -3.9060 -3.7247 -3.5661 -3.4230 -3.2808 -2.9230 -2.4930 -2.0516 -1.6524 -1.2996
 -0.9862 -0.7076 -0.4660 -0.2664 -0.1116  0.0024  0.0849  0.1458  0.1923  0.2282
  0.2572
-10.7416-10.1085 -9.1744 -8.1987 -7.2248 -6.3491 -5.6109 -5.0222 -4.5656 -4.2132
 -3.9382 -3.7162 -3.5279 -3.3618 -3.0853 -2.9265 -2.5813 -2.1353 -1.7275
 [Fe/H] =  0.25 [alpha/Fe] =-0.40 BC value = F390M
-10.5458 -9.3233 -8.2936 -7.4381 -6.7236 -6.2401 -5.9198 -5.6808 -5.4675 -5.2917
 -5.1162 -4.9411 -4.7674 -4.5956 -4.4250 -3.9973 -3.5512 -3.0862 -2.6065
 -9.7228 -9.0406 -8.2360 -7.3571 -6.6012 -6.0272 -5.6468 -5.3786 -5.1518 -4.9649
 -4.7835 -4.6055 -4.4305 -4.2576 -4.0855 -3.6579 -3.2263 -2.7825 -2.3202 -1.8378
 -8.7311 -8.5434 -8.0379 -7.3753 -6.6146 -5.9486 -5.4769 -5.1566 -4.9079 -4.7047
 -4.5173 -4.3366 -4.1607 -3.9879 -3.8169 -3.3937 -2.9694 -2.5395 -2.1034 -1.6664
 -1.2387
 -8.0862 -7.8979 -7.6164 -7.2334 -6.6745 -6.0102 -5.4339 -5.0303 -4.7422 -4.5128
 -4.3167 -4.1310 -3.9525 -3.7788 -3.6080 -3.1892 -2.7729 -2.3559 -1.9411 -1.5364
 -1.1474 -0.7809
 -7.8278 -7.1951 -7.0266 -6.8526 -6.5588 -6.0954 -5.5191 -5.0189 -4.6614 -4.3949
 -4.1802 -3.9870 -3.8034 -3.6265 -3.4540 -3.0361 -2.6262 -2.2203 -1.8226 -1.4418
 -1.0817 -0.7436 -0.4418 -0.1944
 -8.0592 -7.0779 -6.5036 -6.2915 -6.1933 -5.9788 -5.6115 -5.1283 -4.6840 -4.3567
 -4.1065 -3.9008 -3.7102 -3.5283 -3.3523 -2.9305 -2.5231 -2.1252 -1.7405 -1.3772
 -1.0381 -0.7222 -0.4370 -0.1989 -0.0108  0.1417  0.2725  0.3889  0.4934  0.5813
 -8.5968 -7.3533 -6.4918 -5.9584 -5.6916 -5.5895 -5.4613 -5.1940 -4.8077 -4.4118
 -4.1052 -3.8685 -3.6678 -3.4799 -3.2994 -2.8704 -2.4610 -2.0666 -1.6906 -1.3394
 -1.0150 -0.7155 -0.4442 -0.2138 -0.0314  0.1125  0.2293  0.3284  0.4166  0.4955
  0.5628
 -9.3143 -7.9139 -6.8022 -6.0292 -5.5246 -5.2239 -5.0637 -4.9619 -4.8043 -4.5278
 -4.1886 -3.8977 -3.6706 -3.4744 -3.2892 -2.8524 -2.4381 -2.0423 -1.6700 -1.3260
 -1.0107 -0.7227 -0.4623 -0.2387 -0.0597  0.0782  0.1878  0.2769  0.3510  0.4145
  0.4708
-10.2357 -8.6429 -7.3619 -6.3621 -5.6544 -5.1728 -4.8565 -4.6509 -4.5119 -4.3927
 -4.2328 -3.9916 -3.7207 -3.5018 -3.3099 -2.8654 -2.4454 -2.0448 -1.6709 -1.3295
 -1.0194 -0.7381 -0.4860 -0.2682 -0.0924  0.0422  0.1447  0.2257  0.2920  0.3464
  0.3904
-10.6614 -9.3223 -8.0802 -6.9267 -6.0212 -5.3616 -4.8954 -4.5702 -4.3398 -4.1673
 -4.0290 -3.9027 -3.7588 -3.5605 -3.3605 -2.9094 -2.4853 -2.0805 -1.7025 -1.3594
 -1.0501 -0.7710 -0.5225 -0.3082 -0.1334  0.0006  0.1003  0.1760  0.2351  0.2825
  0.3198
-11.1457 -9.9018 -8.7230 -7.6042 -6.5735 -5.7472 -5.1267 -4.6723 -4.3418 -4.0969
 -3.9062 -3.7497 -3.6153 -3.4916 -3.3493 -2.9642 -2.5446 -2.1364 -1.7540 -1.4069
 -1.0950 -0.8147 -0.5660 -0.3522 -0.1771 -0.0420  0.0573  0.1298  0.1838  0.2246
  0.2564
-11.6887-10.3815 -9.2303 -8.2283 -7.1997 -6.2799 -5.5246 -4.9378 -4.4937 -4.1591
 -3.9039 -3.7021 -3.5347 -3.3907 -3.2763 -3.0298 -2.6233 -2.2125 -1.8254
 [Fe/H] =  0.50 [alpha/Fe] =-0.40 BC value = F390M
-10.4204 -9.0836 -8.0272 -7.2235 -6.5735 -6.1656 -5.8928 -5.6770 -5.4935 -5.3273
 -5.1667 -5.0060 -4.8455 -4.6851 -4.5246 -4.1243 -3.6989 -3.2709 -2.8135
-10.1168 -9.0216 -8.0282 -7.1273 -6.4210 -5.9210 -5.5974 -5.3648 -5.1640 -4.9963
 -4.8329 -4.6715 -4.5114 -4.3519 -4.1921 -3.7919 -3.3860 -2.9685 -2.5341 -2.0798
 -9.2411 -8.7071 -8.0195 -7.1824 -6.4152 -5.8007 -5.3919 -5.1180 -4.8980 -4.7216
 -4.5557 -4.3942 -4.2354 -4.0781 -3.9208 -3.5268 -3.1277 -2.7209 -2.3064 -1.8869
 -1.4690
 -8.2454 -8.1463 -7.7588 -7.2134 -6.4993 -5.8219 -5.3020 -4.9550 -4.7067 -4.5063
 -4.3347 -4.1711 -4.0122 -3.8561 -3.7011 -3.3145 -2.9240 -2.5281 -2.1304 -1.7376
 -1.3561 -0.9873
 -7.8284 -7.4207 -7.2636 -6.9822 -6.5475 -5.9430 -5.3500 -4.8987 -4.5893 -4.3574
 -4.1709 -4.0018 -3.8400 -3.6830 -3.5284 -3.1473 -2.7653 -2.3804 -1.9971 -1.6249
 -1.2700 -0.9312 -0.6143 -0.3377
 -7.9503 -7.0495 -6.6278 -6.5173 -6.3251 -5.9871 -5.4889 -4.9710 -4.5695 -4.2850
 -4.0659 -3.8863 -3.7190 -3.5586 -3.4024 -3.0223 -2.6464 -2.2711 -1.9005 -1.5439
 -1.2080 -0.8917 -0.5966 -0.3335 -0.1151  0.0615  0.2107  0.3439  0.4603  0.5594
 -8.4410 -7.2350 -6.4387 -6.0049 -5.8602 -5.7491 -5.5040 -5.1131 -4.6709 -4.3002
 -4.0331 -3.8244 -3.6481 -3.4825 -3.3229 -2.9394 -2.5658 -2.1965 -1.8358 -1.4910
 -1.1689 -0.8687 -0.5906 -0.3405 -0.1304  0.0375  0.1731  0.2870  0.3872  0.4757
  0.5516
 -9.2147 -7.7547 -6.6777 -5.9574 -5.5206 -5.3083 -5.2122 -5.0664 -4.7881 -4.4244
 -4.0828 -3.8259 -3.6249 -3.4515 -3.2874 -2.8986 -2.5233 -2.1561 -1.8007 -1.4639
 -1.1512 -0.8622 -0.5965 -0.3573 -0.1539  0.0087  0.1361  0.2391  0.3243  0.3968
  0.4611
-10.2234 -8.5205 -7.2034 -6.2339 -5.5700 -5.1372 -4.8780 -4.7328 -4.6265 -4.4661
 -4.2047 -3.9001 -3.6525 -3.4573 -3.2868 -2.8917 -2.5134 -2.1439 -1.7886 -1.4553
 -1.1482 -0.8663 -0.6094 -0.3793 -0.1820 -0.0235  0.0987  0.1938  0.2699  0.3318
  0.3816
-10.9435 -9.3482 -7.9664 -6.7778 -5.8924 -5.2682 -4.8394 -4.5538 -4.3643 -4.2306
 -4.1134 -3.9671 -3.7523 -3.5136 -3.3218 -2.9178 -2.5376 -2.1666 -1.8090 -1.4751
 -1.1695 -0.8906 -0.6381 -0.4133 -0.2202 -0.0634  0.0566  0.1472  0.2166  0.2725
  0.3123
-12.0076-10.2378 -8.7466 -7.5071 -6.4386 -5.6225 -5.0286 -4.6036 -4.3032 -4.0881
 -3.9267 -3.7973 -3.6804 -3.5532 -3.3768 -2.9644 -2.5831 -2.2113 -1.8518 -1.5148
 -1.2072 -0.9280 -0.6762 -0.4532 -0.2620 -0.1059  0.0140  0.1026  0.1677  0.2160
  0.2524
-13.4157-11.1893 -9.2974 -8.1928 -7.1216 -6.1636 -5.4079 -4.8400 -4.4185 -4.1078
 -3.8767 -3.6983 -3.5540 -3.4318 -3.4518 -3.0315 -2.6499 -2.2780 -1.9170
 [Fe/H] =  0.75 [alpha/Fe] =-0.40 BC value = F390M
-10.1267 -8.7937 -7.7816 -7.0585 -6.4715 -6.1270 -5.8862 -5.6902 -5.5230 -5.3712
 -5.2242 -5.0765 -4.9279 -4.7784 -4.6282 -4.2501 -3.8477 -3.4460 -3.0190
-10.1690 -8.8569 -7.7868 -6.9350 -6.2880 -5.8537 -5.5730 -5.3647 -5.1876 -5.0336
 -4.8890 -4.7425 -4.5960 -4.4487 -4.3007 -3.9258 -3.5427 -3.1489 -2.7396 -2.3116
 -9.4824 -8.7762 -7.8799 -6.9657 -6.2419 -5.6922 -5.3388 -5.0992 -4.9048 -4.7497
 -4.6021 -4.4575 -4.3143 -4.1711 -4.0269 -3.6610 -3.2856 -2.9009 -2.5073 -2.1061
 -1.7024
 -8.7423 -8.3584 -7.8271 -7.0902 -6.3056 -5.6695 -5.2076 -4.9060 -4.6900 -4.5140
 -4.3633 -4.2186 -4.0771 -3.9370 -3.7966 -3.4415 -3.0764 -2.7020 -2.3221 -1.9427
 -1.5707 -1.2057
 -7.9290 -7.7134 -7.4536 -7.0501 -6.4438 -5.7677 -5.2046 -4.8096 -4.5406 -4.3371
 -4.1748 -4.0267 -3.8843 -3.7450 -3.6069 -3.2608 -2.9066 -2.5434 -2.1766 -1.8146
 -1.4658 -1.1301 -0.8074 -0.5069
 -7.8563 -7.0832 -6.8639 -6.7020 -6.3986 -5.9100 -5.3323 -4.8344 -4.4800 -4.2326
 -4.0401 -3.8834 -3.7369 -3.5958 -3.4576 -3.1167 -2.7719 -2.4201 -2.0657 -1.7179
 -1.3862 -1.0720 -0.7735 -0.4952 -0.2487 -0.0423  0.1311  0.2847  0.4165  0.5297
 -8.2705 -7.1276 -6.4267 -6.1531 -6.0547 -5.8397 -5.4626 -4.9795 -4.5369 -4.2086
 -3.9750 -3.7915 -3.6370 -3.4916 -3.3512 -3.0106 -2.6720 -2.3292 -1.9859 -1.6499
 -1.3308 -1.0319 -0.7515 -0.4910 -0.2583 -0.0625  0.0971  0.2306  0.3470  0.4481
  0.5350
 -9.0396 -7.5763 -6.5601 -5.9129 -5.5812 -5.4688 -5.3423 -5.0744 -4.6908 -4.2990
 -3.9885 -3.7631 -3.5855 -3.4329 -3.2885 -2.9447 -2.6079 -2.2706 -1.9351 -1.6085
 -1.2990 -1.0106 -0.7429 -0.4961 -0.2748 -0.0870  0.0645  0.1866  0.2868  0.3716
  0.4460
-10.0709 -8.3321 -7.0259 -6.1092 -5.5026 -5.1383 -4.9609 -4.8633 -4.7078 -4.4326
 -4.0996 -3.8063 -3.5873 -3.4144 -3.2637 -2.9144 -2.5768 -2.2406 -1.9081 -1.5864
 -1.2835 -1.0025 -0.7436 -0.5070 -0.2954 -0.1146  0.0311  0.1458  0.2366  0.3093
  0.3680
-11.0466 -9.2577 -7.7878 -6.6058 -5.7628 -5.1844 -4.8036 -4.5716 -4.4345 -4.3264
 -4.1748 -3.9384 -3.6676 -3.4496 -3.2781 -2.9200 -2.5816 -2.2460 -1.9140 -1.5939
 -1.2941 -1.0172 -0.7630 -0.5324 -0.3272 -0.1511 -0.0086  0.1019  0.1865  0.2519
  0.3026
-12.4528-10.3531 -8.6656 -7.3498 -6.2760 -5.4919 -4.9346 -4.5458 -4.2830 -4.1055
 -3.9778 -3.8666 -3.7368 -3.5490 -3.3362 -2.9500 -2.6105 -2.2757 -1.9440 -1.6229
 -1.3227 -1.0467 -0.7943 -0.5661 -0.3640 -0.1908 -0.0500  0.0586  0.1397  0.1994
  0.2439
-14.2894-11.6183 -9.3758 -8.1146 -6.9891 -6.0162 -5.2808 -4.7408 -4.3479 -4.0659
 -3.8633 -3.7122 -3.5922 -3.4859 -3.4380 -3.0044 -2.6635 -2.3297 -1.9981
 [Fe/H] =  1.00 [alpha/Fe] =-0.40 BC value = F390M
 -9.6958 -8.5090 -7.5896 -6.9111 -6.4010 -6.0223 -5.7455 -5.5438 -5.3947 -5.2792
 -5.1808 -5.0860 -4.9831 -4.8622 -4.7210 -4.3632 -3.9792 -3.5738 -3.1776
-10.0467 -8.6241 -7.5484 -6.7851 -6.1917 -5.8080 -5.5622 -5.3759 -5.2157 -5.0776
 -4.9429 -4.8083 -4.6741 -4.5382 -4.4005 -4.0487 -3.6866 -3.3049 -2.9198 -2.5181
 -9.9358 -8.7198 -7.6729 -6.7789 -6.1107 -5.6157 -5.3058 -5.0936 -4.9217 -4.7828
 -4.6501 -4.5196 -4.3897 -4.2590 -4.1269 -3.7873 -3.4348 -3.0704 -2.6968 -2.3148
 -1.9276
 -9.0386 -8.5291 -7.7877 -6.9056 -6.1417 -5.5505 -5.1407 -4.8764 -4.6860 -4.5311
 -4.3977 -4.2691 -4.1426 -4.0166 -3.8897 -3.5639 -3.2238 -2.8703 -2.5086 -2.1439
 -1.7826 -1.4257
 -8.2196 -7.9794 -7.6102 -7.0260 -6.2793 -5.6139 -5.0920 -4.7442 -4.5093 -4.3286
 -4.1884 -4.0585 -3.9328 -3.8092 -3.6858 -3.3724 -3.0455 -2.7046 -2.3552 -2.0054
 -1.6640 -1.3334 -1.0102 -0.6977
 -7.8107 -7.2624 -7.1126 -6.8477 -6.3908 -5.7656 -5.1795 -4.7191 -4.4118 -4.1959
 -4.0268 -3.8906 -3.7625 -3.6387 -3.5167 -3.2117 -2.8970 -2.5691 -2.2325 -1.8960
 -1.5702 -1.2592 -0.9603 -0.6742 -0.4080 -0.1714  0.0313  0.2083  0.3599  0.4906
 -8.1082 -7.0574 -6.5082 -6.3759 -6.1987 -5.8533 -5.3451 -4.8310 -4.4186 -4.1337
 -3.9306 -3.7696 -3.6350 -3.5083 -3.3852 -3.0841 -2.7785 -2.4622 -2.1381 -1.8137
 -1.5000 -1.2033 -0.9226 -0.6569 -0.4095 -0.1887 -0.0017  0.1557  0.2926  0.4101
  0.5111
 -8.7886 -7.4078 -6.4704 -5.9233 -5.7342 -5.6294 -5.3873 -4.9955 -4.5545 -4.1782
 -3.9062 -3.7100 -3.5541 -3.4210 -3.2949 -2.9928 -2.6925 -2.3849 -2.0709 -1.7569
 -1.4533 -1.1670 -0.8990 -0.6485 -0.4166 -0.2085 -0.0313  0.1142  0.2339  0.3355
  0.4233
 -9.7939 -8.1034 -6.8549 -6.0043 -5.4676 -5.2025 -5.1006 -4.9603 -4.6841 -4.3231
 -3.9792 -3.7194 -3.5274 -3.3754 -3.2435 -2.9372 -2.6383 -2.3350 -2.0270 -1.7203
 -1.4242 -1.1454 -0.8863 -0.6465 -0.4265 -0.2293 -0.0606  0.0771  0.1874  0.2752
  0.3466
-10.9804 -9.0720 -7.5700 -6.4343 -5.6471 -5.1205 -4.8025 -4.6409 -4.5403 -4.3877
 -4.1327 -3.8348 -3.5781 -3.3857 -3.2344 -2.9194 -2.6207 -2.3202 -2.0159 -1.7134
 -1.4223 -1.1485 -0.8948 -0.6613 -0.4490 -0.2594 -0.0969  0.0358  0.1401  0.2211
  0.2832
-12.6200-10.3136 -8.5059 -7.1476 -6.1080 -5.3689 -4.8527 -4.5072 -4.2921 -4.1594
 -4.0534 -3.9178 -3.7108 -3.4689 -3.2736 -2.9298 -2.6300 -2.3314 -2.0295 -1.7290
 -1.4395 -1.1681 -0.9171 -0.6866 -0.4781 -0.2932 -0.1350 -0.0055  0.0952  0.1711
  0.2274
-14.7126-11.8282 -9.6626 -8.0268 -6.8122 -5.8550 -5.1552 -4.6484 -4.2883 -4.0404
 -3.8718 -3.7503 -3.6472 -3.5345 -3.3611 -2.9684 -2.6662 -2.3686 -2.0678
