 [Fe/H] = -2.00 [alpha/Fe] =-0.40 BC value = F110W
 -0.9132 -1.0050 -1.1705 -1.1923 -1.1802 -1.1416 -1.0752 -1.0453 -1.0203 -0.9956
 -0.9767 -0.9635 -0.9531 -0.9463 -0.9439 -0.9535 -0.9923 -1.0709 -1.1645
 -0.9790 -0.9937 -1.0091 -1.0359 -1.0755 -1.0904 -1.0755 -1.0523 -1.0304 -1.0125
 -0.9986 -0.9883 -0.9813 -0.9777 -0.9777 -0.9963 -1.0430 -1.1098 -1.1843 -1.2610
 -0.9305 -0.9479 -0.9602 -0.9716 -0.9861 -1.0127 -1.0404 -1.0461 -1.0365 -1.0232
 -1.0136 -1.0069 -1.0027 -1.0013 -1.0030 -1.0231 -1.0679 -1.1327 -1.2061 -1.2813
 -1.3567
 -0.8812 -0.9057 -0.9219 -0.9340 -0.9451 -0.9569 -0.9731 -0.9972 -1.0154 -1.0207
 -1.0192 -1.0170 -1.0162 -1.0173 -1.0208 -1.0434 -1.0873 -1.1504 -1.2232 -1.2979
 -1.3723 -1.4460
 -0.8277 -0.8608 -0.8842 -0.9007 -0.9142 -0.9268 -0.9397 -0.9537 -0.9719 -0.9907
 -1.0054 -1.0143 -1.0202 -1.0254 -1.0314 -1.0572 -1.1013 -1.1636 -1.2360 -1.3111
 -1.3854 -1.4587 -1.5311 -1.6028
 -0.7714 -0.8110 -0.8426 -0.8661 -0.8842 -0.8998 -0.9149 -0.9298 -0.9448 -0.9604
 -0.9778 -0.9949 -1.0092 -1.0216 -1.0333 -1.0650 -1.1099 -1.1715 -1.2439 -1.3205
 -1.3960 -1.4699 -1.5424 -1.6136 -1.6839 -1.7539 -1.8243 -1.8956 -1.9682 -2.0423
 -0.7154 -0.7586 -0.7961 -0.8270 -0.8514 -0.8717 -0.8899 -0.9074 -0.9247 -0.9414
 -0.9578 -0.9747 -0.9917 -1.0082 -1.0243 -1.0660 -1.1137 -1.1740 -1.2470 -1.3255
 -1.4033 -1.4789 -1.5524 -1.6242 -1.6945 -1.7627 -1.8303 -1.8990 -1.9702 -2.0441
 -2.1183
 -0.6626 -0.7071 -0.7474 -0.7831 -0.8140 -0.8401 -0.8627 -0.8834 -0.9034 -0.9228
 -0.9415 -0.9595 -0.9771 -0.9949 -1.0127 -1.0599 -1.1127 -1.1736 -1.2458 -1.3255
 -1.4061 -1.4845 -1.5601 -1.6333 -1.7046 -1.7740 -1.8413 -1.9081 -1.9759 -2.0463
 -2.1200
 -0.6158 -0.6596 -0.7003 -0.7371 -0.7728 -0.8042 -0.8321 -0.8570 -0.8803 -0.9023
 -0.9236 -0.9442 -0.9642 -0.9835 -1.0026 -1.0526 -1.1085 -1.1712 -1.2425 -1.3225
 -1.4053 -1.4869 -1.5656 -1.6414 -1.7146 -1.7854 -1.8544 -1.9219 -1.9893 -2.0569
 -2.1245
 -0.5782 -0.6194 -0.6585 -0.6957 -0.7311 -0.7649 -0.7969 -0.8263 -0.8536 -0.8790
 -0.9030 -0.9263 -0.9488 -0.9705 -0.9917 -1.0452 -1.1025 -1.1662 -1.2371 -1.3158
 -1.3991 -1.4829 -1.5649 -1.6439 -1.7199 -1.7930 -1.8637 -1.9323 -1.9993 -2.0654
 -2.1319
 -0.5520 -0.5884 -0.6241 -0.6591 -0.6934 -0.7271 -0.7602 -0.7925 -0.8233 -0.8523
 -0.8796 -0.9058 -0.9310 -0.9555 -0.9794 -1.0375 -1.0966 -1.1609 -1.2317 -1.3088
 -1.3912 -1.4756 -1.5596 -1.6417 -1.7209 -1.7970 -1.8704 -1.9410 -2.0095 -2.0764
 -2.1423
 -0.5374 -0.5639 -0.5935 -0.6252 -0.6583 -0.6919 -0.7256 -0.7588 -0.7913 -0.8229
 -0.8534 -0.8827 -0.9108 -0.9379 -0.9643 -1.0283 -1.0908 -1.1557 -1.2262
 [Fe/H] = -1.50 [alpha/Fe] =-0.40 BC value = F110W
 -1.1400 -1.1964 -1.2173 -1.1877 -1.1469 -1.1061 -1.0718 -1.0445 -1.0204 -0.9996
 -0.9840 -0.9735 -0.9670 -0.9638 -0.9638 -0.9774 -1.0124 -1.0729 -1.1526
 -1.0692 -1.0807 -1.1139 -1.1556 -1.1475 -1.1163 -1.0851 -1.0595 -1.0376 -1.0195
 -1.0067 -0.9988 -0.9945 -0.9932 -0.9947 -1.0111 -1.0474 -1.1053 -1.1770 -1.2531
 -1.0231 -1.0289 -1.0338 -1.0474 -1.0830 -1.1042 -1.0896 -1.0673 -1.0482 -1.0326
 -1.0220 -1.0161 -1.0137 -1.0142 -1.0172 -1.0359 -1.0724 -1.1280 -1.1978 -1.2725
 -1.3480
 -0.9776 -0.9896 -0.9941 -0.9955 -1.0020 -1.0212 -1.0504 -1.0609 -1.0514 -1.0392
 -1.0307 -1.0265 -1.0259 -1.0280 -1.0324 -1.0538 -1.0912 -1.1455 -1.2138 -1.2879
 -1.3626 -1.4367
 -0.9265 -0.9488 -0.9598 -0.9653 -0.9698 -0.9751 -0.9853 -1.0030 -1.0247 -1.0330
 -1.0321 -1.0307 -1.0320 -1.0357 -1.0415 -1.0656 -1.1043 -1.1581 -1.2255 -1.2996
 -1.3745 -1.4485 -1.5215 -1.5945
 -0.8718 -0.9015 -0.9226 -0.9344 -0.9422 -0.9492 -0.9561 -0.9642 -0.9765 -0.9946
 -1.0116 -1.0231 -1.0308 -1.0376 -1.0453 -1.0722 -1.1123 -1.1662 -1.2331 -1.3078
 -1.3839 -1.4587 -1.5319 -1.6040 -1.6747 -1.7449 -1.8158 -1.8882 -1.9625 -2.0373
 -0.8087 -0.8470 -0.8785 -0.8996 -0.9135 -0.9243 -0.9342 -0.9438 -0.9538 -0.9653
 -0.9798 -0.9973 -1.0140 -1.0285 -1.0416 -1.0743 -1.1160 -1.1702 -1.2367 -1.3121
 -1.3901 -1.4666 -1.5411 -1.6137 -1.6849 -1.7545 -1.8236 -1.8933 -1.9646 -2.0381
 -2.1136
 -0.7439 -0.7868 -0.8268 -0.8576 -0.8801 -0.8966 -0.9106 -0.9236 -0.9364 -0.9490
 -0.9620 -0.9764 -0.9930 -1.0106 -1.0278 -1.0705 -1.1160 -1.1708 -1.2368 -1.3124
 -1.3923 -1.4714 -1.5480 -1.6222 -1.6943 -1.7638 -1.8319 -1.9000 -1.9694 -2.0409
 -2.1152
 -0.6807 -0.7254 -0.7700 -0.8085 -0.8396 -0.8641 -0.8836 -0.9006 -0.9169 -0.9326
 -0.9479 -0.9632 -0.9790 -0.9958 -1.0135 -1.0605 -1.1121 -1.1691 -1.2350 -1.3102
 -1.3914 -1.4733 -1.5528 -1.6295 -1.7035 -1.7753 -1.8453 -1.9146 -1.9833 -2.0516
 -2.1193
 -0.6221 -0.6674 -0.7136 -0.7545 -0.7920 -0.8240 -0.8508 -0.8734 -0.8936 -0.9128
 -0.9313 -0.9493 -0.9669 -0.9845 -1.0024 -1.0504 -1.1042 -1.1640 -1.2303 -1.3045
 -1.3855 -1.4692 -1.5517 -1.6315 -1.7082 -1.7822 -1.8539 -1.9235 -1.9916 -2.0588
 -2.1262
 -0.5713 -0.6136 -0.6590 -0.7007 -0.7416 -0.7778 -0.8108 -0.8399 -0.8656 -0.8888
 -0.9107 -0.9319 -0.9525 -0.9724 -0.9920 -1.0418 -1.0964 -1.1574 -1.2245 -1.2979
 -1.3779 -1.4617 -1.5461 -1.6289 -1.7089 -1.7858 -1.8601 -1.9317 -2.0012 -2.0690
 -2.1359
 -0.5268 -0.5640 -0.6062 -0.6483 -0.6896 -0.7292 -0.7660 -0.7999 -0.8312 -0.8596
 -0.8856 -0.9104 -0.9341 -0.9571 -0.9793 -1.0334 -1.0895 -1.1508 -1.2182
 [Fe/H] = -1.00 [alpha/Fe] =-0.40 BC value = F110W
 -1.2637 -1.2623 -1.2122 -1.1615 -1.1113 -1.0711 -1.0481 -1.0300 -1.0120 -0.9949
 -0.9822 -0.9740 -0.9701 -0.9697 -0.9721 -0.9897 -1.0233 -1.0733 -1.1411
 -1.1414 -1.1892 -1.2132 -1.1744 -1.1310 -1.0927 -1.0651 -1.0464 -1.0289 -1.0134
 -1.0024 -0.9962 -0.9942 -0.9955 -0.9994 -1.0193 -1.0531 -1.1020 -1.1669 -1.2412
 -1.0918 -1.0888 -1.1110 -1.1524 -1.1386 -1.1053 -1.0766 -1.0563 -1.0404 -1.0262
 -1.0165 -1.0115 -1.0107 -1.0133 -1.0184 -1.0406 -1.0755 -1.1240 -1.1868 -1.2593
 -1.3349
 -1.0557 -1.0509 -1.0442 -1.0496 -1.0803 -1.0999 -1.0828 -1.0621 -1.0469 -1.0344
 -1.0256 -1.0213 -1.0214 -1.0250 -1.0311 -1.0554 -1.0916 -1.1404 -1.2020 -1.2733
 -1.3482 -1.4231
 -1.0134 -1.0196 -1.0152 -1.0087 -1.0083 -1.0208 -1.0476 -1.0580 -1.0487 -1.0382
 -1.0304 -1.0270 -1.0277 -1.0319 -1.0389 -1.0652 -1.1027 -1.1520 -1.2132 -1.2839
 -1.3587 -1.4336 -1.5075 -1.5802
 -0.9619 -0.9816 -0.9871 -0.9847 -0.9808 -0.9800 -0.9858 -1.0009 -1.0220 -1.0319
 -1.0305 -1.0287 -1.0302 -1.0351 -1.0428 -1.0709 -1.1097 -1.1597 -1.2208 -1.2913
 -1.3666 -1.4423 -1.5165 -1.5897 -1.6615 -1.7330 -1.8053 -1.8794 -1.9551 -2.0295
 -0.9015 -0.9337 -0.9520 -0.9591 -0.9602 -0.9604 -0.9620 -0.9664 -0.9754 -0.9911
 -1.0084 -1.0199 -1.0274 -1.0345 -1.0432 -1.0732 -1.1134 -1.1640 -1.2253 -1.2956
 -1.3717 -1.4487 -1.5242 -1.5981 -1.6704 -1.7411 -1.8115 -1.8828 -1.9560 -2.0311
 -2.1057
 -0.8348 -0.8765 -0.9069 -0.9258 -0.9357 -0.9407 -0.9447 -0.9493 -0.9557 -0.9643
 -0.9764 -0.9919 -1.0085 -1.0238 -1.0377 -1.0725 -1.1141 -1.1655 -1.2267 -1.2969
 -1.3735 -1.4523 -1.5298 -1.6052 -1.6785 -1.7503 -1.8203 -1.8898 -1.9601 -2.0324
 -2.1074
 -0.7652 -0.8129 -0.8527 -0.8826 -0.9030 -0.9161 -0.9253 -0.9331 -0.9413 -0.9503
 -0.9607 -0.9729 -0.9875 -1.0045 -1.0223 -1.0667 -1.1123 -1.1648 -1.2263 -1.2963
 -1.3731 -1.4535 -1.5335 -1.6113 -1.6866 -1.7598 -1.8313 -1.9021 -1.9723 -2.0420
 -2.1111
 -0.6961 -0.7470 -0.7918 -0.8303 -0.8607 -0.8834 -0.9001 -0.9132 -0.9250 -0.9366
 -0.9486 -0.9614 -0.9752 -0.9906 -1.0077 -1.0549 -1.1059 -1.1609 -1.2226 -1.2920
 -1.3683 -1.4495 -1.5317 -1.6124 -1.6904 -1.7657 -1.8388 -1.9100 -1.9796 -2.0483
 -2.1170
 -0.6303 -0.6805 -0.7283 -0.7718 -0.8096 -0.8411 -0.8666 -0.8868 -0.9038 -0.9192
 -0.9342 -0.9493 -0.9647 -0.9807 -0.9975 -1.0443 -1.0964 -1.1540 -1.2171 -1.2862
 -1.3616 -1.4425 -1.5261 -1.6093 -1.6903 -1.7684 -1.8440 -1.9171 -1.9880 -2.0575
 -2.1258
 -0.5677 -0.6171 -0.6654 -0.7110 -0.7530 -0.7908 -0.8238 -0.8518 -0.8757 -0.8964
 -0.9153 -0.9336 -0.9517 -0.9698 -0.9880 -1.0357 -1.0878 -1.1458 -1.2100
 [Fe/H] = -0.75 [alpha/Fe] =-0.40 BC value = F110W
 -1.2869 -1.2482 -1.1902 -1.1403 -1.0927 -1.0538 -1.0319 -1.0176 -1.0046 -0.9893
 -0.9779 -0.9707 -0.9676 -0.9683 -0.9719 -0.9915 -1.0253 -1.0729 -1.1355
 -1.1878 -1.2395 -1.2080 -1.1563 -1.1132 -1.0751 -1.0505 -1.0345 -1.0209 -1.0068
 -0.9969 -0.9914 -0.9900 -0.9922 -0.9971 -1.0192 -1.0537 -1.1005 -1.1613 -1.2335
 -1.1137 -1.1212 -1.1694 -1.1662 -1.1254 -1.0907 -1.0630 -1.0454 -1.0322 -1.0192
 -1.0103 -1.0057 -1.0054 -1.0086 -1.0146 -1.0388 -1.0744 -1.1214 -1.1809 -1.2511
 -1.3263
 -1.0823 -1.0698 -1.0658 -1.0924 -1.1198 -1.0984 -1.0718 -1.0518 -1.0389 -1.0275
 -1.0193 -1.0153 -1.0156 -1.0195 -1.0263 -1.0523 -1.0892 -1.1368 -1.1957 -1.2646
 -1.3390 -1.4142
 -1.0473 -1.0436 -1.0314 -1.0238 -1.0316 -1.0596 -1.0704 -1.0557 -1.0418 -1.0323
 -1.0248 -1.0214 -1.0219 -1.0263 -1.0337 -1.0613 -1.0994 -1.1477 -1.2066 -1.2748
 -1.3488 -1.4240 -1.4984 -1.5718
 -1.0023 -1.0126 -1.0091 -0.9997 -0.9929 -0.9937 -1.0068 -1.0292 -1.0378 -1.0327
 -1.0271 -1.0243 -1.0252 -1.0298 -1.0376 -1.0667 -1.1059 -1.1550 -1.2142 -1.2821
 -1.3561 -1.4318 -1.5066 -1.5803 -1.6532 -1.7259 -1.7992 -1.8734 -1.9487 -2.0241
 -0.9469 -0.9710 -0.9807 -0.9797 -0.9744 -0.9706 -0.9708 -0.9770 -0.9914 -1.0097
 -1.0204 -1.0231 -1.0255 -1.0306 -1.0388 -1.0692 -1.1096 -1.1593 -1.2187 -1.2866
 -1.3608 -1.4374 -1.5134 -1.5878 -1.6609 -1.7331 -1.8048 -1.8768 -1.9501 -2.0256
 -2.0997
 -0.8830 -0.9187 -0.9416 -0.9526 -0.9553 -0.9545 -0.9542 -0.9565 -0.9623 -0.9720
 -0.9868 -1.0029 -1.0158 -1.0265 -1.0369 -1.0690 -1.1106 -1.1610 -1.2206 -1.2883
 -1.3626 -1.4403 -1.5180 -1.5940 -1.6681 -1.7407 -1.8117 -1.8823 -1.9536 -2.0266
 -2.1019
 -0.8140 -0.8579 -0.8918 -0.9149 -0.9284 -0.9352 -0.9390 -0.9426 -0.9479 -0.9552
 -0.9650 -0.9776 -0.9927 -1.0092 -1.0255 -1.0659 -1.1095 -1.1607 -1.2206 -1.2883
 -1.3626 -1.4413 -1.5211 -1.5994 -1.6755 -1.7495 -1.8219 -1.8930 -1.9633 -2.0340
 -2.1054
 -0.7434 -0.7916 -0.8334 -0.8667 -0.8911 -0.9077 -0.9187 -0.9269 -0.9347 -0.9431
 -0.9529 -0.9644 -0.9774 -0.9925 -1.0095 -1.0559 -1.1049 -1.1574 -1.2174 -1.2847
 -1.3586 -1.4377 -1.5191 -1.5999 -1.6785 -1.7546 -1.8287 -1.9008 -1.9714 -2.0411
 -2.1107
 -0.6739 -0.7240 -0.7701 -0.8104 -0.8438 -0.8700 -0.8900 -0.9051 -0.9177 -0.9292
 -0.9410 -0.9537 -0.9674 -0.9821 -0.9982 -1.0444 -1.0957 -1.1515 -1.2123 -1.2794
 -1.3526 -1.4313 -1.5136 -1.5966 -1.6780 -1.7568 -1.8332 -1.9072 -1.9791 -2.0495
 -2.1186
 -0.6066 -0.6570 -0.7051 -0.7495 -0.7890 -0.8230 -0.8514 -0.8746 -0.8938 -0.9104
 -0.9256 -0.9409 -0.9564 -0.9725 -0.9893 -1.0353 -1.0865 -1.1430 -1.2053
 [Fe/H] = -0.50 [alpha/Fe] =-0.40 BC value = F110W
 -1.2815 -1.2212 -1.1640 -1.1176 -1.0773 -1.0408 -1.0191 -1.0047 -0.9945 -0.9814
 -0.9717 -0.9655 -0.9631 -0.9645 -0.9690 -0.9904 -1.0250 -1.0721 -1.1300
 -1.2451 -1.2436 -1.1870 -1.1346 -1.0948 -1.0606 -1.0375 -1.0226 -1.0103 -0.9982
 -0.9896 -0.9848 -0.9839 -0.9867 -0.9924 -1.0163 -1.0518 -1.0981 -1.1557 -1.2248
 -1.1329 -1.1744 -1.1964 -1.1511 -1.1068 -1.0742 -1.0497 -1.0338 -1.0217 -1.0101
 -1.0024 -0.9984 -0.9983 -1.0020 -1.0085 -1.0344 -1.0710 -1.1177 -1.1747 -1.2421
 -1.3163
 -1.0993 -1.0848 -1.1012 -1.1399 -1.1180 -1.0832 -1.0578 -1.0403 -1.0287 -1.0186
 -1.0113 -1.0078 -1.0082 -1.0123 -1.0194 -1.0469 -1.0846 -1.1319 -1.1890 -1.2554
 -1.3285 -1.4038
 -1.0726 -1.0589 -1.0431 -1.0433 -1.0714 -1.0846 -1.0635 -1.0443 -1.0321 -1.0241
 -1.0172 -1.0141 -1.0147 -1.0190 -1.0265 -1.0553 -1.0941 -1.1421 -1.1995 -1.2654
 -1.3378 -1.4128 -1.4877 -1.5618
 -1.0359 -1.0355 -1.0232 -1.0093 -1.0040 -1.0143 -1.0377 -1.0437 -1.0335 -1.0256
 -1.0206 -1.0178 -1.0186 -1.0230 -1.0307 -1.0605 -1.1004 -1.1491 -1.2068 -1.2725
 -1.3446 -1.4198 -1.4950 -1.5693 -1.6427 -1.7160 -1.7902 -1.8661 -1.9430 -2.0178
 -0.9877 -1.0019 -1.0020 -0.9931 -0.9829 -0.9778 -0.9807 -0.9937 -1.0123 -1.0209
 -1.0202 -1.0189 -1.0201 -1.0247 -1.0325 -1.0631 -1.1040 -1.1533 -1.2113 -1.2771
 -1.3490 -1.4247 -1.5008 -1.5758 -1.6496 -1.7227 -1.7953 -1.8683 -1.9429 -2.0190
 -2.0937
 -0.9291 -0.9565 -0.9704 -0.9728 -0.9685 -0.9628 -0.9602 -0.9623 -0.9699 -0.9836
 -0.9998 -1.0115 -1.0179 -1.0238 -1.0321 -1.0635 -1.1052 -1.1551 -1.2133 -1.2790
 -1.3510 -1.4271 -1.5046 -1.5810 -1.6559 -1.7294 -1.8021 -1.8740 -1.9461 -2.0196
 -2.0953
 -0.8631 -0.9010 -0.9269 -0.9419 -0.9478 -0.9483 -0.9474 -0.9482 -0.9522 -0.9594
 -0.9701 -0.9845 -0.9996 -1.0135 -1.0266 -1.0616 -1.1046 -1.1552 -1.2136 -1.2794
 -1.3514 -1.4281 -1.5070 -1.5856 -1.6623 -1.7372 -1.8106 -1.8827 -1.9542 -2.0257
 -2.0984
 -0.7931 -0.8373 -0.8733 -0.8996 -0.9168 -0.9267 -0.9321 -0.9359 -0.9405 -0.9470
 -0.9557 -0.9668 -0.9801 -0.9951 -1.0115 -1.0548 -1.1011 -1.1524 -1.2109 -1.2764
 -1.3481 -1.4250 -1.5050 -1.5856 -1.6647 -1.7415 -1.8165 -1.8896 -1.9613 -2.0322
 -2.1030
 -0.7227 -0.7704 -0.8125 -0.8475 -0.8748 -0.8947 -0.9088 -0.9189 -0.9272 -0.9356
 -0.9450 -0.9561 -0.9688 -0.9829 -0.9985 -1.0436 -1.0936 -1.1475 -1.2063 -1.2716
 -1.3429 -1.4195 -1.4999 -1.5822 -1.6637 -1.7431 -1.8202 -1.8951 -1.9681 -2.0397
 -2.1097
 -0.6533 -0.7022 -0.7481 -0.7888 -0.8237 -0.8524 -0.8753 -0.8933 -0.9079 -0.9205
 -0.9326 -0.9453 -0.9589 -0.9736 -0.9894 -1.0340 -1.0844 -1.1396 -1.1999
 [Fe/H] = -0.25 [alpha/Fe] =-0.40 BC value = F110W
 -1.2498 -1.1876 -1.1346 -1.0937 -1.0584 -1.0264 -1.0067 -0.9912 -0.9813 -0.9717
 -0.9637 -0.9585 -0.9568 -0.9587 -0.9638 -0.9868 -1.0224 -1.0690 -1.1254
 -1.2180 -1.2211 -1.1603 -1.1114 -1.0743 -1.0441 -1.0239 -1.0092 -0.9980 -0.9879
 -0.9807 -0.9766 -0.9762 -0.9793 -0.9855 -1.0110 -1.0475 -1.0939 -1.1499 -1.2158
 -1.1662 -1.2195 -1.1833 -1.1293 -1.0873 -1.0557 -1.0350 -1.0203 -1.0098 -0.9995
 -0.9929 -0.9896 -0.9899 -0.9937 -1.0005 -1.0277 -1.0653 -1.1122 -1.1680 -1.2328
 -1.3052
 -1.1087 -1.1069 -1.1538 -1.1440 -1.1002 -1.0659 -1.0424 -1.0274 -1.0171 -1.0081
 -1.0018 -0.9990 -0.9996 -1.0037 -1.0109 -1.0393 -1.0779 -1.1254 -1.1815 -1.2456
 -1.3168 -1.3919
 -1.0882 -1.0674 -1.0565 -1.0812 -1.1026 -1.0751 -1.0486 -1.0312 -1.0212 -1.0142
 -1.0080 -1.0055 -1.0063 -1.0106 -1.0180 -1.0474 -1.0869 -1.1349 -1.1914 -1.2553
 -1.3257 -1.4002 -1.4754 -1.5500
 -1.0611 -1.0498 -1.0308 -1.0174 -1.0229 -1.0480 -1.0516 -1.0347 -1.0226 -1.0164
 -1.0121 -1.0098 -1.0108 -1.0151 -1.0225 -1.0526 -1.0930 -1.1416 -1.1983 -1.2623
 -1.3323 -1.4065 -1.4818 -1.5567 -1.6309 -1.7051 -1.7804 -1.8573 -1.9350 -2.0102
 -1.0212 -1.0251 -1.0155 -1.0003 -0.9884 -0.9866 -0.9981 -1.0165 -1.0212 -1.0159
 -1.0130 -1.0119 -1.0131 -1.0175 -1.0250 -1.0554 -1.0967 -1.1458 -1.2027 -1.2668
 -1.3367 -1.4108 -1.4867 -1.5621 -1.6367 -1.7106 -1.7843 -1.8586 -1.9343 -2.0111
 -2.0860
 -0.9707 -0.9882 -0.9920 -0.9861 -0.9759 -0.9673 -0.9649 -0.9698 -0.9823 -0.9979
 -1.0073 -1.0108 -1.0133 -1.0180 -1.0255 -1.0562 -1.0982 -1.1478 -1.2049 -1.2689
 -1.3388 -1.4131 -1.4897 -1.5664 -1.6419 -1.7162 -1.7898 -1.8630 -1.9365 -2.0111
 -2.0873
 -0.9101 -0.9395 -0.9565 -0.9625 -0.9609 -0.9560 -0.9519 -0.9515 -0.9558 -0.9647
 -0.9777 -0.9927 -1.0051 -1.0145 -1.0236 -1.0550 -1.0978 -1.1481 -1.2056 -1.2697
 -1.3397 -1.4144 -1.4919 -1.5702 -1.6474 -1.7229 -1.7973 -1.8705 -1.9431 -2.0161
 -2.0900
 -0.8432 -0.8813 -0.9095 -0.9275 -0.9368 -0.9401 -0.9404 -0.9408 -0.9436 -0.9493
 -0.9581 -0.9698 -0.9840 -0.9987 -1.0132 -1.0511 -1.0951 -1.1459 -1.2033 -1.2672
 -1.3370 -1.4118 -1.4901 -1.5698 -1.6490 -1.7264 -1.8021 -1.8763 -1.9493 -2.0221
 -2.0937
 -0.7736 -0.8169 -0.8533 -0.8814 -0.9013 -0.9143 -0.9225 -0.9279 -0.9328 -0.9390
 -0.9471 -0.9574 -0.9698 -0.9838 -0.9990 -1.0417 -1.0896 -1.1417 -1.1993 -1.2629
 -1.3325 -1.4071 -1.4856 -1.5665 -1.6476 -1.7273 -1.8051 -1.8809 -1.9550 -2.0278
 -2.0990
 -0.7040 -0.7500 -0.7915 -0.8268 -0.8556 -0.8779 -0.8947 -0.9074 -0.9177 -0.9269
 -0.9366 -0.9475 -0.9600 -0.9739 -0.9889 -1.0319 -1.0809 -1.1350 -1.1935
 [Fe/H] =  0.00 [alpha/Fe] =-0.40 BC value = F110W
 -1.2104 -1.1533 -1.1068 -1.0716 -1.0373 -1.0078 -0.9914 -0.9788 -0.9678 -0.9598
 -0.9537 -0.9496 -0.9487 -0.9510 -0.9566 -0.9809 -1.0175 -1.0644 -1.1199
 -1.2401 -1.1899 -1.1326 -1.0884 -1.0550 -1.0259 -1.0090 -0.9954 -0.9842 -0.9757
 -0.9699 -0.9668 -0.9669 -0.9704 -0.9768 -1.0034 -1.0410 -1.0878 -1.1431 -1.2064
 -1.2179 -1.2175 -1.1588 -1.1061 -1.0677 -1.0386 -1.0190 -1.0062 -0.9966 -0.9871
 -0.9819 -0.9795 -0.9801 -0.9841 -0.9910 -1.0190 -1.0575 -1.1048 -1.1602 -1.2230
 -1.2932
 -1.1535 -1.1527 -1.1734 -1.1252 -1.0803 -1.0487 -1.0269 -1.0133 -1.0043 -0.9960
 -0.9909 -0.9888 -0.9898 -0.9940 -1.0012 -1.0300 -1.0694 -1.1171 -1.1728 -1.2354
 -1.3045 -1.3785
 -1.0954 -1.0738 -1.0855 -1.1219 -1.0938 -1.0577 -1.0331 -1.0177 -1.0088 -1.0029
 -0.9975 -0.9957 -0.9969 -1.0012 -1.0085 -1.0379 -1.0779 -1.1260 -1.1819 -1.2445
 -1.3131 -1.3863 -1.4616 -1.5367
 -1.0771 -1.0567 -1.0354 -1.0320 -1.0586 -1.0640 -1.0393 -1.0208 -1.0107 -1.0058
 -1.0022 -1.0005 -1.0019 -1.0062 -1.0135 -1.0433 -1.0840 -1.1324 -1.1885 -1.2512
 -1.3194 -1.3921 -1.4672 -1.5426 -1.6176 -1.6925 -1.7687 -1.8470 -1.9254 -2.0013
 -1.0483 -1.0400 -1.0222 -1.0038 -0.9952 -1.0043 -1.0236 -1.0231 -1.0118 -1.0057
 -1.0041 -1.0034 -1.0049 -1.0093 -1.0166 -1.0464 -1.0879 -1.1368 -1.1929 -1.2556
 -1.3237 -1.3962 -1.4714 -1.5471 -1.6222 -1.6969 -1.7717 -1.8473 -1.9241 -2.0017
 -2.0770
 -1.0056 -1.0126 -1.0061 -0.9928 -0.9789 -0.9707 -0.9720 -0.9833 -0.9977 -1.0029
 -1.0022 -1.0037 -1.0061 -1.0107 -1.0179 -1.0476 -1.0896 -1.1391 -1.1953 -1.2579
 -1.3260 -1.3986 -1.4740 -1.5505 -1.6264 -1.7014 -1.7759 -1.8500 -1.9248 -2.0010
 -2.0779
 -0.9551 -0.9725 -0.9792 -0.9763 -0.9682 -0.9594 -0.9541 -0.9545 -0.9611 -0.9729
 -0.9864 -0.9968 -1.0039 -1.0099 -1.0174 -1.0472 -1.0896 -1.1398 -1.1964 -1.2591
 -1.3274 -1.4002 -1.4762 -1.5537 -1.6309 -1.7070 -1.7822 -1.8565 -1.9303 -2.0046
 -2.0800
 -0.8913 -0.9213 -0.9402 -0.9491 -0.9505 -0.9480 -0.9445 -0.9430 -0.9452 -0.9514
 -0.9612 -0.9740 -0.9881 -1.0012 -1.0127 -1.0447 -1.0873 -1.1379 -1.1946 -1.2572
 -1.3254 -1.3983 -1.4747 -1.5531 -1.6318 -1.7095 -1.7859 -1.8610 -1.9351 -2.0087
 -2.0822
 -0.8212 -0.8612 -0.8906 -0.9103 -0.9222 -0.9283 -0.9312 -0.9329 -0.9356 -0.9405
 -0.9481 -0.9584 -0.9709 -0.9851 -0.9997 -1.0384 -1.0832 -1.1342 -1.1910 -1.2535
 -1.3214 -1.3943 -1.4709 -1.5501 -1.6301 -1.7096 -1.7878 -1.8645 -1.9397 -2.0137
 -2.0864
 -0.7448 -0.7923 -0.8319 -0.8617 -0.8830 -0.8982 -0.9090 -0.9169 -0.9236 -0.9304
 -0.9385 -0.9484 -0.9602 -0.9737 -0.9784 -1.0283 -1.0773 -1.1287 -1.1856
 [Fe/H] =  0.25 [alpha/Fe] =-0.40 BC value = F110W
 -1.1708 -1.1182 -1.0784 -1.0501 -1.0166 -0.9903 -0.9732 -0.9627 -0.9525 -0.9466
 -0.9420 -0.9392 -0.9390 -0.9419 -0.9478 -0.9732 -1.0106 -1.0577 -1.1130
 -1.2167 -1.1546 -1.1035 -1.0646 -1.0353 -1.0086 -0.9909 -0.9798 -0.9687 -0.9621
 -0.9578 -0.9557 -0.9564 -0.9602 -0.9668 -0.9942 -1.0325 -1.0797 -1.1349 -1.1968
 -1.1823 -1.1916 -1.1292 -1.0825 -1.0486 -1.0217 -1.0026 -0.9910 -0.9821 -0.9736
 -0.9696 -0.9681 -0.9693 -0.9734 -0.9804 -1.0089 -1.0481 -1.0957 -1.1509 -1.2126
 -1.2807
 -1.1393 -1.1931 -1.1569 -1.1022 -1.0603 -1.0322 -1.0114 -0.9986 -0.9906 -0.9828
 -0.9787 -0.9776 -0.9790 -0.9833 -0.9905 -1.0195 -1.0592 -1.1072 -1.1626 -1.2243
 -1.2916 -1.3641
 -1.0974 -1.0875 -1.1326 -1.1198 -1.0746 -1.0400 -1.0176 -1.0036 -0.9957 -0.9906
 -0.9857 -0.9848 -0.9865 -0.9909 -0.9981 -1.0272 -1.0675 -1.1156 -1.1712 -1.2329
 -1.2999 -1.3715 -1.4463 -1.5223
 -1.0846 -1.0588 -1.0429 -1.0654 -1.0819 -1.0505 -1.0233 -1.0070 -0.9982 -0.9941
 -0.9912 -0.9901 -0.9920 -0.9966 -1.0037 -1.0329 -1.0735 -1.1219 -1.1774 -1.2392
 -1.3060 -1.3772 -1.4515 -1.5271 -1.6025 -1.6785 -1.7562 -1.8352 -1.9142 -1.9910
 -1.0655 -1.0473 -1.0244 -1.0074 -1.0109 -1.0332 -1.0293 -1.0104 -0.9992 -0.9947
 -0.9937 -0.9936 -0.9957 -1.0004 -1.0075 -1.0366 -1.0776 -1.1264 -1.1818 -1.2434
 -1.3102 -1.3812 -1.4553 -1.5309 -1.6065 -1.6815 -1.7568 -1.8337 -1.9123 -1.9905
 -2.0667
 -1.0330 -1.0288 -1.0136 -0.9953 -0.9806 -0.9767 -0.9868 -1.0004 -0.9997 -0.9937
 -0.9927 -0.9949 -0.9975 -1.0024 -1.0096 -1.0384 -1.0799 -1.1290 -1.1846 -1.2460
 -1.3127 -1.3837 -1.4578 -1.5338 -1.6098 -1.6852 -1.7605 -1.8362 -1.9123 -1.9892
 -2.0669
 -0.9935 -0.9982 -0.9948 -0.9841 -0.9712 -0.9606 -0.9562 -0.9597 -0.9703 -0.9818
 -0.9881 -0.9917 -0.9970 -1.0025 -1.0099 -1.0386 -1.0803 -1.1302 -1.1861 -1.2476
 -1.3144 -1.3856 -1.4601 -1.5366 -1.6134 -1.6898 -1.7654 -1.8406 -1.9156 -1.9912
 -2.0682
 -0.9383 -0.9561 -0.9644 -0.9643 -0.9589 -0.9518 -0.9459 -0.9438 -0.9468 -0.9544
 -0.9656 -0.9780 -0.9893 -0.9992 -1.0081 -1.0371 -1.0785 -1.1287 -1.1849 -1.2464
 -1.3130 -1.3843 -1.4590 -1.5360 -1.6138 -1.6913 -1.7680 -1.8438 -1.9190 -1.9940
 -2.0689
 -0.8744 -0.9030 -0.9223 -0.9333 -0.9373 -0.9373 -0.9359 -0.9350 -0.9364 -0.9410
 -0.9488 -0.9595 -0.9722 -0.9860 -0.9995 -1.0334 -1.0751 -1.1255 -1.1818 -1.2433
 -1.3097 -1.3809 -1.4558 -1.5332 -1.6119 -1.6908 -1.7690 -1.8462 -1.9222 -1.9975
 -2.0719
 -0.8019 -0.8390 -0.8685 -0.8917 -0.9050 -0.9134 -0.9187 -0.9226 -0.9267 -0.9318
 -0.9389 -0.9484 -0.9599 -0.9732 -0.9841 -1.0275 -1.0701 -1.1206 -1.1768
 [Fe/H] =  0.50 [alpha/Fe] =-0.40 BC value = F110W
 -1.1227 -1.0832 -1.0518 -1.0277 -0.9939 -0.9709 -0.9561 -0.9453 -0.9375 -0.9321
 -0.9287 -0.9272 -0.9279 -0.9314 -0.9376 -0.9639 -1.0037 -1.0509 -1.1064
 -1.1746 -1.1185 -1.0748 -1.0423 -1.0145 -0.9896 -0.9737 -0.9638 -0.9531 -0.9474
 -0.9442 -0.9432 -0.9446 -0.9487 -0.9556 -0.9836 -1.0225 -1.0700 -1.1252 -1.1867
 -1.2197 -1.1580 -1.1016 -1.0588 -1.0304 -1.0039 -0.9858 -0.9753 -0.9659 -0.9589
 -0.9560 -0.9554 -0.9573 -0.9617 -0.9689 -0.9975 -1.0372 -1.0850 -1.1401 -1.2013
 -1.2678
 -1.1414 -1.1885 -1.1309 -1.0784 -1.0405 -1.0151 -0.9952 -0.9834 -0.9762 -0.9683
 -0.9653 -0.9651 -0.9672 -0.9718 -0.9790 -1.0078 -1.0478 -1.0959 -1.1511 -1.2122
 -1.2782 -1.3490
 -1.0991 -1.1250 -1.1479 -1.0999 -1.0544 -1.0228 -1.0027 -0.9891 -0.9819 -0.9773
 -0.9728 -0.9727 -0.9751 -0.9798 -0.9870 -1.0157 -1.0559 -1.1040 -1.1592 -1.2203
 -1.2861 -1.3563 -1.4301 -1.5060
 -1.0860 -1.0601 -1.0650 -1.1001 -1.0699 -1.0327 -1.0077 -0.9930 -0.9852 -0.9817
 -0.9790 -0.9785 -0.9811 -0.9860 -0.9932 -1.0217 -1.0621 -1.1103 -1.1653 -1.2263
 -1.2920 -1.3619 -1.4351 -1.5105 -1.5865 -1.6628 -1.7411 -1.8219 -1.9014 -1.9792
 -1.0741 -1.0492 -1.0250 -1.0175 -1.0421 -1.0419 -1.0149 -0.9959 -0.9867 -0.9828
 -0.9826 -0.9828 -0.9854 -0.9905 -0.9977 -1.0260 -1.0665 -1.1149 -1.1698 -1.2305
 -1.2962 -1.3659 -1.4389 -1.5140 -1.5897 -1.6654 -1.7415 -1.8191 -1.8990 -1.9778
 -2.0548
 -1.0524 -1.0376 -1.0161 -0.9955 -0.9842 -0.9917 -1.0068 -1.0001 -0.9875 -0.9822
 -0.9822 -0.9849 -0.9879 -0.9931 -1.0005 -1.0286 -1.0692 -1.1179 -1.1728 -1.2333
 -1.2988 -1.3686 -1.4415 -1.5165 -1.5923 -1.6680 -1.7435 -1.8193 -1.8966 -1.9757
 -2.0541
 -1.0233 -1.0158 -1.0036 -0.9872 -0.9716 -0.9615 -0.9612 -0.9705 -0.9798 -0.9804
 -0.9792 -0.9826 -0.9882 -0.9939 -1.0015 -1.0296 -1.0702 -1.1195 -1.1748 -1.2354
 -1.3008 -1.3707 -1.4438 -1.5192 -1.5955 -1.6717 -1.7476 -1.8232 -1.8992 -1.9761
 -2.0546
 -0.9754 -0.9823 -0.9814 -0.9735 -0.9629 -0.9528 -0.9461 -0.9449 -0.9500 -0.9595
 -0.9692 -0.9768 -0.9839 -0.9924 -1.0007 -1.0289 -1.0690 -1.1186 -1.1742 -1.2348
 -1.3000 -1.3697 -1.4430 -1.5186 -1.5954 -1.6724 -1.7492 -1.8253 -1.9012 -1.9775
 -2.0551
 -0.9165 -0.9371 -0.9479 -0.9499 -0.9470 -0.9422 -0.9378 -0.9354 -0.9364 -0.9414
 -0.9498 -0.9606 -0.9723 -0.9842 -0.9960 -1.0265 -1.0663 -1.1158 -1.1717 -1.2323
 -1.2973 -1.3668 -1.4401 -1.5161 -1.5935 -1.6715 -1.7494 -1.8266 -1.9032 -1.9794
 -2.0553
 -0.8466 -0.8802 -0.9013 -0.9153 -0.9214 -0.9237 -0.9246 -0.9256 -0.9278 -0.9319
 -0.9386 -0.9478 -0.9592 -0.9720 -0.9874 -1.0224 -1.0621 -1.1111 -1.1673
 [Fe/H] =  0.75 [alpha/Fe] =-0.40 BC value = F110W
 -1.0828 -1.0516 -1.0264 -1.0066 -0.9729 -0.9541 -0.9411 -0.9301 -0.9216 -0.9164
 -0.9143 -0.9140 -0.9157 -0.9200 -0.9268 -0.9536 -0.9943 -1.0418 -1.0967
 -1.1280 -1.0823 -1.0469 -1.0208 -0.9942 -0.9718 -0.9574 -0.9469 -0.9365 -0.9311
 -0.9294 -0.9294 -0.9316 -0.9362 -0.9434 -0.9719 -1.0114 -1.0592 -1.1142 -1.1755
 -1.1820 -1.1213 -1.0722 -1.0354 -1.0108 -0.9858 -0.9694 -0.9595 -0.9492 -0.9432
 -0.9413 -0.9416 -0.9442 -0.9491 -0.9564 -0.9852 -1.0251 -1.0731 -1.1281 -1.1889
 -1.2546
 -1.2053 -1.1615 -1.1020 -1.0545 -1.0212 -0.9985 -0.9790 -0.9678 -0.9615 -0.9530
 -0.9509 -0.9515 -0.9543 -0.9593 -0.9666 -0.9954 -1.0354 -1.0834 -1.1384 -1.1990
 -1.2643 -1.3338
 -1.1108 -1.1624 -1.1306 -1.0766 -1.0342 -1.0064 -0.9872 -0.9744 -0.9675 -0.9633
 -0.9588 -0.9595 -0.9626 -0.9677 -0.9751 -1.0034 -1.0434 -1.0914 -1.1462 -1.2067
 -1.2718 -1.3407 -1.4134 -1.4890
 -1.0839 -1.0666 -1.1058 -1.0959 -1.0506 -1.0151 -0.9931 -0.9793 -0.9717 -0.9686
 -0.9660 -0.9659 -0.9691 -0.9745 -0.9819 -1.0099 -1.0497 -1.0977 -1.1522 -1.2125
 -1.2774 -1.3462 -1.4183 -1.4931 -1.5693 -1.6465 -1.7257 -1.8074 -1.8872 -1.9661
 -1.0762 -1.0482 -1.0278 -1.0447 -1.0599 -1.0271 -0.9989 -0.9822 -0.9739 -0.9706
 -0.9707 -0.9710 -0.9740 -0.9796 -0.9871 -1.0149 -1.0546 -1.1025 -1.1569 -1.2169
 -1.2816 -1.3503 -1.4221 -1.4964 -1.5720 -1.6481 -1.7248 -1.8035 -1.8844 -1.9636
 -2.0416
 -1.0633 -1.0404 -1.0156 -0.9962 -0.9959 -1.0154 -1.0068 -0.9861 -0.9744 -0.9707
 -0.9711 -0.9741 -0.9773 -0.9829 -0.9906 -1.0184 -1.0578 -1.1060 -1.1603 -1.2200
 -1.2844 -1.3530 -1.4247 -1.4988 -1.5742 -1.6499 -1.7255 -1.8021 -1.8806 -1.9609
 -2.0398
 -1.0436 -1.0261 -1.0073 -0.9874 -0.9712 -0.9650 -0.9732 -0.9817 -0.9758 -0.9688
 -0.9684 -0.9725 -0.9785 -0.9844 -0.9922 -1.0202 -1.0596 -1.1081 -1.1627 -1.2224
 -1.2867 -1.3553 -1.4272 -1.5015 -1.5771 -1.6530 -1.7290 -1.8050 -1.8817 -1.9597
 -2.0396
 -1.0055 -1.0012 -0.9919 -0.9781 -0.9639 -0.9524 -0.9464 -0.9482 -0.9562 -0.9628
 -0.9653 -0.9683 -0.9753 -0.9837 -0.9921 -1.0202 -1.0592 -1.1077 -1.1627 -1.2224
 -1.2864 -1.3546 -1.4265 -1.5010 -1.5769 -1.6533 -1.7298 -1.8060 -1.8823 -1.9591
 -2.0368
 -0.9585 -0.9657 -0.9662 -0.9607 -0.9524 -0.9442 -0.9379 -0.9349 -0.9365 -0.9424
 -0.9509 -0.9597 -0.9683 -0.9780 -0.9892 -1.0185 -1.0572 -1.1055 -1.1607 -1.2205
 -1.2844 -1.3523 -1.4240 -1.4987 -1.5750 -1.6520 -1.7294 -1.8064 -1.8832 -1.9599
 -2.0368
 -0.9028 -0.9196 -0.9303 -0.9330 -0.9326 -0.9300 -0.9276 -0.9265 -0.9276 -0.9312
 -0.9378 -0.9469 -0.9575 -0.9689 -0.9835 -1.0151 -1.0536 -1.1015 -1.1567
 [Fe/H] =  1.00 [alpha/Fe] =-0.40 BC value = F110W
 -1.0404 -1.0253 -1.0069 -0.9856 -0.9553 -0.9300 -0.9123 -0.9009 -0.8946 -0.8923
 -0.8931 -0.8963 -0.9013 -0.9074 -0.9146 -0.9426 -0.9840 -1.0353 -1.0897
 -1.0909 -1.0497 -1.0204 -1.0018 -0.9757 -0.9548 -0.9410 -0.9312 -0.9197 -0.9150
 -0.9138 -0.9147 -0.9177 -0.9229 -0.9305 -0.9594 -0.9995 -1.0488 -1.1035 -1.1644
 -1.1391 -1.0845 -1.0433 -1.0142 -0.9924 -0.9682 -0.9533 -0.9434 -0.9325 -0.9271
 -0.9257 -0.9269 -0.9301 -0.9354 -0.9430 -0.9720 -1.0122 -1.0604 -1.1152 -1.1758
 -1.2411
 -1.1862 -1.1271 -1.0723 -1.0307 -1.0040 -0.9814 -0.9626 -0.9521 -0.9461 -0.9372
 -0.9356 -0.9369 -0.9404 -0.9458 -0.9534 -0.9821 -1.0221 -1.0701 -1.1248 -1.1851
 -1.2499 -1.3186
 -1.1470 -1.1587 -1.1044 -1.0527 -1.0146 -0.9918 -0.9719 -0.9591 -0.9526 -0.9478
 -0.9440 -0.9454 -0.9490 -0.9547 -0.9623 -0.9904 -1.0301 -1.0779 -1.1323 -1.1923
 -1.2568 -1.3251 -1.3967 -1.4717
 -1.0819 -1.0926 -1.1209 -1.0761 -1.0305 -0.9981 -0.9796 -0.9649 -0.9577 -0.9549
 -0.9519 -0.9523 -0.9561 -0.9620 -0.9696 -0.9974 -1.0367 -1.0842 -1.1383 -1.1980
 -1.2622 -1.3302 -1.4013 -1.4754 -1.5514 -1.6294 -1.7099 -1.7918 -1.8719 -1.9517
 -1.0743 -1.0465 -1.0412 -1.0748 -1.0474 -1.0096 -0.9836 -0.9695 -0.9609 -0.9576
 -0.9582 -0.9582 -0.9616 -0.9677 -0.9755 -1.0032 -1.0420 -1.0894 -1.1432 -1.2024
 -1.2664 -1.3341 -1.4050 -1.4785 -1.5538 -1.6302 -1.7077 -1.7875 -1.8687 -1.9482
 -2.0272
 -1.0658 -1.0395 -1.0141 -1.0012 -1.0211 -1.0202 -0.9920 -0.9718 -0.9622 -0.9587
 -0.9592 -0.9626 -0.9656 -0.9716 -0.9797 -1.0074 -1.0459 -1.0933 -1.1470 -1.2058
 -1.2694 -1.3369 -1.4075 -1.4808 -1.5557 -1.6315 -1.7078 -1.7849 -1.8640 -1.9450
 -2.0242
 -1.0544 -1.0302 -1.0075 -0.9862 -0.9722 -0.9760 -0.9875 -0.9768 -0.9627 -0.9566
 -0.9570 -0.9618 -0.9679 -0.9738 -0.9820 -1.0102 -1.0485 -1.0960 -1.1499 -1.2087
 -1.2721 -1.3394 -1.4101 -1.4834 -1.5584 -1.6340 -1.7101 -1.7864 -1.8635 -1.9425
 -2.0232
 -1.0251 -1.0124 -0.9970 -0.9792 -0.9631 -0.9517 -0.9490 -0.9559 -0.9603 -0.9566
 -0.9544 -0.9580 -0.9654 -0.9741 -0.9825 -1.0109 -1.0490 -1.0964 -1.1505 -1.2094
 -1.2723 -1.3393 -1.4098 -1.4831 -1.5581 -1.6340 -1.7102 -1.7865 -1.8629 -1.9402
 -2.0189
 -0.9918 -0.9861 -0.9776 -0.9666 -0.9546 -0.9443 -0.9370 -0.9345 -0.9378 -0.9442
 -0.9493 -0.9535 -0.9596 -0.9696 -0.9807 -1.0099 -1.0478 -1.0948 -1.1492 -1.2082
 -1.2711 -1.3377 -1.4079 -1.4811 -1.5564 -1.6326 -1.7094 -1.7861 -1.8628 -1.9398
 -2.0173
 -0.9545 -0.9513 -0.9493 -0.9453 -0.9392 -0.9332 -0.9287 -0.9262 -0.9266 -0.9302
 -0.9367 -0.9447 -0.9531 -0.9623 -0.9766 -1.0072 -1.0449 -1.0912 -1.1460
