 [Fe/H] = -2.00 [alpha/Fe] =-0.40 BC value = F336W
-12.0004-11.6985-11.7605-11.4014-11.3259-10.8912-10.0909 -9.5675 -9.1461 -8.7191
 -8.2974 -7.8880 -7.4962 -7.1185 -6.7486 -5.9170 -4.8575 -3.8819 -3.2666
-11.5763-10.9511-10.5001-10.2111-10.0309 -9.8229 -9.5142 -9.1037 -8.6568 -8.2254
 -7.7904 -7.3654 -6.9591 -6.5715 -6.1925 -5.2358 -4.2852 -3.5142 -2.9852 -2.6414
-11.0201-10.3582 -9.8420 -9.4570 -9.1655 -8.9551 -8.7801 -8.5513 -8.2384 -7.8562
 -7.4254 -6.9740 -6.5398 -6.1298 -5.7398 -4.8127 -3.9406 -3.2230 -2.7284 -2.4132
 -2.2179
-10.6028 -9.9399 -9.3928 -8.9643 -8.6204 -8.3186 -8.0495 -7.8314 -7.6276 -7.3764
 -7.0420 -6.6267 -6.1768 -5.7455 -5.3466 -4.4540 -3.6599 -3.0023 -2.5224 -2.2257
 -2.0454 -1.9402
-10.2762 -9.6268 -9.0667 -8.6087 -8.2372 -7.9123 -7.5971 -7.2871 -7.0135 -6.7676
 -6.5210 -6.2196 -5.8493 -5.4399 -5.0403 -4.1811 -3.4529 -2.8353 -2.3704 -2.0778
 -1.9027 -1.8013 -1.7477 -1.7242
-10.0250 -9.3903 -8.8283 -8.3476 -7.9506 -7.6127 -7.2962 -6.9729 -6.6446 -6.3286
 -6.0437 -5.7768 -5.4910 -5.1676 -4.8193 -3.9987 -3.3189 -2.7347 -2.2756 -1.9704
 -1.7886 -1.6840 -1.6272 -1.6024 -1.5998 -1.6102 -1.6261 -1.6412 -1.6504 -1.6505
 -9.8451 -9.2236 -8.6639 -8.1678 -7.7422 -7.3844 -7.0658 -6.7559 -6.4338 -6.1006
 -5.7753 -5.4744 -5.1962 -4.9218 -4.6332 -3.8923 -3.2466 -2.6941 -2.2349 -1.9068
 -1.7040 -1.5875 -1.5230 -1.4916 -1.4830 -1.4895 -1.5045 -1.5226 -1.5393 -1.5507
 -1.5532
 -9.7326 -9.1219 -8.5658 -8.0631 -7.6145 -7.2245 -6.8883 -6.5839 -6.2828 -5.9680
 -5.6436 -5.3258 -5.0285 -4.7539 -4.4910 -3.8318 -3.2153 -2.6889 -2.2357 -1.8860
 -1.6533 -1.5140 -1.4354 -1.3941 -1.3779 -1.3784 -1.3898 -1.4071 -1.4262 -1.4435
 -1.4568
 -9.6834 -9.0802 -8.5276 -8.0193 -7.5578 -7.1422 -6.7747 -6.4516 -6.1563 -5.8646
 -5.5624 -5.2531 -4.9508 -4.6665 -4.4016 -3.7880 -3.2053 -2.6927 -2.2554 -1.8945
 -1.6343 -1.4659 -1.3657 -1.3104 -1.2839 -1.2768 -1.2832 -1.2979 -1.3152 -1.3338
 -1.3535
 -9.6933 -9.0938 -8.5429 -8.0364 -7.5705 -7.1416 -6.7485 -6.3950 -6.0791 -5.7895
 -5.5078 -5.2211 -4.9299 -4.6496 -4.3831 -3.7694 -3.2172 -2.7166 -2.2869 -1.9258
 -1.6468 -1.4505 -1.3231 -1.2467 -1.2050 -1.1868 -1.1848 -1.1938 -1.2096 -1.2286
 -1.2490
 -9.7567 -9.1615 -8.6113 -8.1023 -7.6308 -7.1938 -6.7885 -6.4134 -6.0703 -5.7583
 -5.4721 -5.1986 -4.9257 -4.6516 -4.3825 -3.7702 -3.2343 -2.7460 -2.3191 -1.9607
 -1.6732 -1.4581 -1.3064 -1.2063 -1.1452 -1.1122 -1.0990 -1.0996 -1.1097 -1.1257
 -1.1448
 -9.8634 -9.2944 -8.7508 -8.2347 -7.7483 -7.2930 -6.8701 -6.4796 -6.1194 -5.7869
 -5.4798 -5.1953 -4.9266 -4.6641 -4.4038 -3.7882 -3.2524 -2.7773 -2.3552
 [Fe/H] = -1.50 [alpha/Fe] =-0.40 BC value = F336W
-12.4776-12.1397-11.7955-11.3657-10.9129-10.3573 -9.6794 -9.1177 -8.6877 -8.2985
 -7.9202 -7.5559 -7.2075 -6.8708 -6.5410 -5.7505 -4.8753 -4.0315 -3.4069
-11.4979-10.9259-10.6208-10.4436-10.1889 -9.8455 -9.3693 -8.7945 -8.3188 -7.9046
 -7.5026 -7.1145 -6.7444 -6.3912 -6.0494 -5.2185 -4.4026 -3.6663 -3.1078 -2.7324
-10.9192-10.2531 -9.7953 -9.5081 -9.3565 -9.2049 -8.9385 -8.5345 -8.0409 -7.5971
 -7.1661 -6.7479 -6.3503 -5.9757 -5.6209 -4.7961 -4.0386 -3.3725 -2.8563 -2.5077
 -2.2892
-10.5491 -9.8413 -9.3127 -8.9243 -8.6437 -8.4450 -8.2906 -8.0860 -7.7551 -7.3390
 -6.9005 -6.4558 -6.0315 -5.6369 -5.2713 -4.4578 -3.7502 -3.1408 -2.6580 -2.3253
 -2.1179 -1.9956
-10.3187 -9.5873 -9.0053 -8.5678 -8.2318 -7.9446 -7.6816 -7.4517 -7.2462 -6.9853
 -6.6392 -6.2314 -5.8032 -5.3938 -5.0190 -4.2145 -3.5432 -2.9735 -2.5122 -2.1837
 -1.9773 -1.8563 -1.7902 -1.7506
-10.2073 -9.4529 -8.8278 -8.3322 -7.9490 -7.6338 -7.3382 -7.0390 -6.7519 -6.5024
 -6.2584 -5.9689 -5.6212 -5.2420 -4.8671 -4.0629 -3.4135 -2.8685 -2.4181 -2.0825
 -1.8664 -1.7390 -1.6687 -1.6345 -1.6237 -1.6270 -1.6367 -1.6469 -1.6525 -1.6496
-10.1789 -9.4172 -8.7617 -8.2115 -7.7710 -7.4183 -7.1128 -6.8138 -6.5032 -6.1971
 -5.9127 -5.6546 -5.3924 -5.0987 -4.7770 -3.9906 -3.3494 -2.8175 -2.3719 -2.0223
 -1.7856 -1.6436 -1.5639 -1.5229 -1.5069 -1.5076 -1.5177 -1.5311 -1.5428 -1.5494
 -1.5507
-10.2195 -9.4629 -8.7909 -8.1988 -7.6998 -7.2920 -6.9562 -6.6568 -6.3607 -6.0541
 -5.7473 -5.4551 -5.1873 -4.9341 -4.6734 -3.9740 -3.3356 -2.8084 -2.3646 -2.0017
 -1.7384 -1.5721 -1.4764 -1.4250 -1.4012 -1.3957 -1.4021 -1.4151 -1.4304 -1.4447
 -1.4555
-10.3230 -9.5705 -8.8892 -8.2714 -7.7258 -7.2602 -6.8735 -6.5473 -6.2532 -5.9639
 -5.6675 -5.3693 -5.0824 -4.8160 -4.5673 -3.9560 -3.3492 -2.8229 -2.3801 -2.0087
 -1.7213 -1.5262 -1.4075 -1.3408 -1.3068 -1.2940 -1.2956 -1.3037 -1.3163 -1.3329
 -1.3531
-10.4770 -9.7230 -9.0406 -8.4247 -7.8487 -7.3363 -6.8923 -6.5163 -6.1953 -5.9057
 -5.6252 -5.3415 -5.0562 -4.7797 -4.5200 -3.9368 -3.3783 -2.8594 -2.4164 -2.0413
 -1.7368 -1.5137 -1.3665 -1.2774 -1.2278 -1.2039 -1.1974 -1.2026 -1.2151 -1.2314
 -1.2496
-10.6509 -9.9171 -9.2423 -8.6238 -8.0295 -7.4926 -7.0067 -6.5786 -6.2091 -5.8898
 -5.6032 -5.3304 -5.0589 -4.7873 -4.5224 -3.9276 -3.4007 -2.9022 -2.4586 -2.0818
 -1.7686 -1.5256 -1.3524 -1.2380 -1.1681 -1.1291 -1.1115 -1.1086 -1.1157 -1.1294
 -1.1463
-10.8427-10.1528 -9.4945 -8.8594 -8.2577 -7.6989 -7.1868 -6.7238 -6.3098 -5.9446
 -5.6257 -5.3402 -5.0727 -4.8115 -4.5524 -3.9450 -3.4203 -2.9433 -2.5046
 [Fe/H] = -1.00 [alpha/Fe] =-0.40 BC value = F336W
-12.8288-12.3298-11.7649-11.2393-10.5285 -9.7526 -9.0997 -8.6407 -8.2580 -7.9139
 -7.5861 -7.2715 -6.9695 -6.6763 -6.3878 -5.6692 -4.9347 -4.2095 -3.5908
-11.4732-11.1464-10.8913-10.5378-10.1470 -9.5896 -8.8924 -8.3448 -7.9163 -7.5426
 -7.1883 -6.8511 -6.5300 -6.2220 -5.9228 -5.1985 -4.4972 -3.8423 -3.2860 -2.8746
-10.8097-10.2071 -9.9144 -9.7858 -9.5764 -9.2613 -8.7710 -8.1664 -7.6701 -7.2593
 -6.8766 -6.5140 -6.1718 -5.8482 -5.5393 -4.8148 -4.1448 -3.5438 -3.0381 -2.6563
 -2.4017
-10.4786 -9.7585 -9.2808 -8.9988 -8.8637 -8.7374 -8.4795 -8.0551 -7.5195 -7.0575
 -6.6481 -6.2617 -5.8994 -5.5609 -5.2433 -4.5210 -3.8764 -3.3131 -2.8429 -2.4802
 -2.2341 -2.0827
-10.3381 -9.5420 -8.9625 -8.5541 -8.2710 -8.0719 -7.9297 -7.7334 -7.3878 -6.9295
 -6.4994 -6.0954 -5.7163 -5.3641 -5.0377 -4.3140 -3.6866 -3.1461 -2.6966 -2.3439
 -2.0974 -1.9441 -1.8565 -1.8092
-10.3460 -9.4915 -8.8145 -8.3163 -7.9448 -7.6543 -7.4096 -7.1912 -6.9948 -6.7360
 -6.3804 -5.9985 -5.6159 -5.2529 -4.9171 -4.1849 -3.5653 -3.0365 -2.5960 -2.2448
 -1.9907 -1.8285 -1.7346 -1.6850 -1.6620 -1.6550 -1.6561 -1.6591 -1.6583 -1.6483
-10.4693 -9.5795 -8.8230 -8.2271 -7.7787 -7.4334 -7.1396 -6.8603 -6.5914 -6.3492
 -6.1201 -5.8557 -5.5434 -5.2057 -4.8691 -4.1225 -3.5020 -2.9768 -2.5376 -2.1817
 -1.9141 -1.7362 -1.6304 -1.5728 -1.5453 -1.5359 -1.5371 -1.5431 -1.5492 -1.5513
 -1.5458
-10.6725 -9.7749 -8.9630 -8.2806 -7.7383 -7.3184 -6.9833 -6.6881 -6.4009 -6.1162
 -5.8500 -5.6115 -5.3805 -5.1280 -4.8456 -4.1161 -3.4869 -2.9596 -2.5171 -2.1533
 -1.8688 -1.6692 -1.5451 -1.4751 -1.4391 -1.4245 -1.4230 -1.4290 -1.4382 -1.4469
 -1.4527
-10.9332-10.0381 -9.1981 -8.4511 -7.8226 -7.3170 -6.9155 -6.5859 -6.2924 -6.0071
 -5.7249 -5.4569 -5.2099 -4.9820 -4.7570 -4.1342 -3.5064 -2.9721 -2.5244 -2.1520
 -1.8510 -1.6269 -1.4794 -1.3919 -1.3444 -1.3222 -1.3163 -1.3179 -1.3248 -1.3364
 -1.3522
-11.2264-10.3499 -9.5147 -8.7286 -8.0326 -7.4434 -6.9621 -6.5715 -6.2456 -5.9550
 -5.6771 -5.4043 -5.1410 -4.8940 -4.6654 -4.1261 -3.5570 -3.0187 -2.5628 -2.1814
 -1.8660 -1.6182 -1.4426 -1.3310 -1.2662 -1.2321 -1.2182 -1.2172 -1.2245 -1.2362
 -1.2496
-11.5115-10.6908 -9.8662 -9.0716 -8.3359 -7.6809 -7.1214 -6.6570 -6.2741 -5.9505
 -5.6632 -5.3927 -5.1293 -4.8737 -4.6307 -4.0917 -3.5889 -3.0800 -2.6182 -2.2276
 -1.9007 -1.6342 -1.4329 -1.2947 -1.2078 -1.1576 -1.1323 -1.1235 -1.1258 -1.1353
 -1.1485
-11.7824-11.0058-10.2165 -9.4387 -8.6935 -8.0022 -7.3828 -6.8476 -6.3958 -6.0174
 -5.6953 -5.4102 -5.1453 -4.8905 -4.6429 -4.0788 -3.5951 -3.1312 -2.6813
 [Fe/H] = -0.75 [alpha/Fe] =-0.40 BC value = F336W
-12.9572-12.3307-11.7250-11.1421-10.3471 -9.4237 -8.8038 -8.3920 -8.0539 -7.7351
 -7.4352 -7.1472 -6.8695 -6.5990 -6.3316 -5.6605 -4.9800 -4.3091 -3.6991
-11.5992-11.3343-10.9461-10.5368-10.0589 -9.3273 -8.6074 -8.1062 -7.7193 -7.3731
 -7.0492 -6.7421 -6.4489 -6.1659 -5.8891 -5.2129 -4.5551 -3.9374 -3.3955 -2.9703
-10.7658-10.2722-10.1030 -9.9003 -9.6056 -9.1852 -8.5434 -7.9333 -7.4804 -7.0991
 -6.7498 -6.4214 -6.1114 -5.8165 -5.5326 -4.8563 -4.2202 -3.6429 -3.1476 -2.7549
 -2.4790
-10.4324 -9.7290 -9.3153 -9.1371 -9.0312 -8.8113 -8.4362 -7.8796 -7.3370 -6.9084
 -6.5340 -6.1848 -5.8581 -5.5513 -5.2605 -4.5858 -3.9679 -3.4179 -2.9527 -2.5809
 -2.3141 -2.1430
-10.3278 -9.5108 -8.9397 -8.5715 -8.3504 -8.2291 -8.0742 -7.7616 -7.2947 -6.8019
 -6.3974 -6.0301 -5.6879 -5.3691 -5.0706 -4.3940 -3.7885 -3.2548 -2.8059 -2.4453
 -2.1796 -2.0058 -1.9028 -1.8442
-10.3949 -9.4882 -8.7952 -8.3034 -7.9574 -7.7007 -7.5044 -7.3422 -7.1142 -6.7506
 -6.3290 -5.9480 -5.5928 -5.2626 -4.9553 -4.2706 -3.6711 -3.1457 -2.7031 -2.3453
 -2.0748 -1.8919 -1.7814 -1.7203 -1.6890 -1.6756 -1.6712 -1.6685 -1.6620 -1.6483
-10.5942 -9.6292 -8.8273 -8.2158 -7.7696 -7.4330 -7.1562 -6.9059 -6.6834 -6.4751
 -6.2159 -5.8934 -5.5546 -5.2207 -4.9049 -4.2063 -3.6059 -3.0833 -2.6406 -2.2795
 -1.9995 -1.8020 -1.6784 -1.6083 -1.5721 -1.5563 -1.5520 -1.5531 -1.5546 -1.5524
 -1.5425
-10.8807 -9.8942 -9.0142 -8.2910 -7.7322 -7.3118 -6.9813 -6.6944 -6.4225 -6.1638
 -5.9300 -5.7101 -5.4689 -5.1947 -4.9006 -4.1930 -3.5856 -3.0612 -2.6153 -2.2466
 -1.9536 -1.7374 -1.5952 -1.5112 -1.4659 -1.4447 -1.4379 -1.4394 -1.4444 -1.4491
 -1.4509
-11.2218-10.2325 -9.3089 -8.5016 -7.8378 -7.3161 -6.9110 -6.5837 -6.2949 -6.0185
 -5.7521 -5.5065 -5.2845 -5.0727 -4.8487 -4.2151 -3.5993 -3.0693 -2.6177 -2.2404
 -1.9335 -1.6968 -1.5320 -1.4295 -1.3716 -1.3423 -1.3311 -1.3307 -1.3363 -1.3437
 -1.3519
-11.5830-10.6312 -9.6951 -8.8321 -8.0825 -7.4626 -6.9661 -6.5703 -6.2446 -5.9570
 -5.6849 -5.4231 -5.1776 -4.9518 -4.7431 -4.2235 -3.6508 -3.1136 -2.6544 -2.2670
 -1.9460 -1.6885 -1.4977 -1.3708 -1.2944 -1.2525 -1.2330 -1.2278 -1.2315 -1.2400
 -1.2505
-11.9211-11.0306-10.1181 -9.2372 -8.4313 -7.7299 -7.1437 -6.6660 -6.2772 -5.9525
 -5.6669 -5.4011 -5.1468 -4.9054 -4.6799 -4.1806 -3.6902 -3.1783 -2.7115 -2.3137
 -1.9798 -1.7048 -1.4901 -1.3369 -1.2376 -1.1786 -1.1474 -1.1343 -1.1332 -1.1397
 -1.1502
-12.2276-11.3978-10.5368 -9.6702 -8.8445 -8.0909 -7.4309 -6.8724 -6.4092 -6.0255
 -5.7018 -5.4178 -5.1569 -4.9094 -4.6732 -4.1458 -3.6901 -3.2346 -2.7806
 [Fe/H] = -0.50 [alpha/Fe] =-0.40 BC value = F336W
-13.0248-12.3272-11.6801-10.9858-10.0683 -9.1510 -8.5666 -8.1729 -7.8665 -7.5809
 -7.3104 -7.0497 -6.7964 -6.5476 -6.3003 -5.6731 -5.0357 -4.4158 -3.8183
-11.8492-11.4533-10.9872-10.5148 -9.8964 -9.0535 -8.3606 -7.8964 -7.5388 -7.2289
 -6.9387 -6.6633 -6.3987 -6.1412 -5.8868 -5.2556 -4.6323 -4.0431 -3.5171 -3.0836
-10.7743-10.4684-10.2729 -9.9691 -9.5897 -9.0168 -8.2931 -7.7208 -7.3047 -6.9612
 -6.6499 -6.3581 -6.0816 -5.8162 -5.5575 -4.9281 -4.3203 -3.7590 -3.2708 -2.8706
 -2.5734
-10.3817 -9.7320 -9.4393 -9.3326 -9.1352 -8.8107 -8.2944 -7.6661 -7.1626 -6.7754
 -6.4409 -6.1315 -5.8418 -5.5677 -5.3047 -4.6786 -4.0853 -3.5431 -3.0778 -2.6981
 -2.4115 -2.2181
-10.2969 -9.4741 -8.9374 -8.6384 -8.5104 -8.3889 -8.1199 -7.6756 -7.1286 -6.6721
 -6.3071 -5.9798 -5.6762 -5.3921 -5.1230 -4.4970 -3.9152 -3.3855 -2.9320 -2.5628
 -2.2794 -2.0834 -1.9611 -1.8885
-10.4128 -9.4639 -8.7664 -8.2951 -7.9875 -7.7927 -7.6621 -7.4700 -7.1208 -6.6613
 -6.2424 -5.8952 -5.5778 -5.2828 -5.0059 -4.3744 -3.7996 -3.2778 -2.8288 -2.4619
 -2.1762 -1.9719 -1.8412 -1.7648 -1.7218 -1.6994 -1.6882 -1.6807 -1.6700 -1.6498
-10.6858 -9.6461 -8.8072 -8.1921 -7.7562 -7.4420 -7.1970 -6.9981 -6.8191 -6.5790
 -6.2312 -5.8658 -5.5367 -5.2312 -4.9457 -4.3034 -3.7305 -3.2130 -2.7642 -2.3938
 -2.1010 -1.8844 -1.7401 -1.6535 -1.6058 -1.5815 -1.5704 -1.5657 -1.5621 -1.5549
 -1.5399
-11.0532 -9.9752 -9.0310 -8.2741 -7.7089 -7.2947 -6.9771 -6.7075 -6.4636 -6.2442
 -6.0368 -5.7951 -5.5154 -5.2228 -4.9344 -4.2783 -3.7018 -3.1857 -2.7348 -2.3574
 -2.0539 -1.8217 -1.6595 -1.5578 -1.5000 -1.4700 -1.4568 -1.4526 -1.4525 -1.4526
 -1.4497
-11.4725-10.3680 -9.3815 -8.5178 -7.8245 -7.2940 -6.8923 -6.5731 -6.2948 -6.0350
 -5.7928 -5.5735 -5.3691 -5.1566 -4.9226 -4.2894 -3.7052 -3.1868 -2.7323 -2.3467
 -2.0305 -1.7812 -1.5984 -1.4779 -1.4063 -1.3676 -1.3496 -1.3437 -1.3447 -1.3485
 -1.3522
-11.8997-10.8582 -9.8307 -8.8970 -8.1002 -7.4536 -6.9467 -6.5513 -6.2311 -5.9511
 -5.6901 -5.4443 -5.2194 -5.0159 -4.8245 -4.3132 -3.7465 -3.2235 -2.7644 -2.3696
 -2.0396 -1.7719 -1.5661 -1.4219 -1.3308 -1.2785 -1.2519 -1.2413 -1.2405 -1.2451
 -1.2521
-12.2802-11.3220-10.3202 -9.3556 -8.4894 -7.7486 -7.1394 -6.6509 -6.2601 -5.9386
 -5.6591 -5.4017 -5.1599 -4.9357 -4.7303 -4.2718 -3.7923 -3.2827 -2.8180 -2.4142
 -2.0714 -1.7869 -1.5598 -1.3907 -1.2764 -1.2060 -1.1669 -1.1482 -1.1427 -1.1456
 -1.1526
-12.6138-11.7398-10.7988 -9.8482 -8.9489 -8.1447 -7.4513 -6.8729 -6.3993 -6.0125
 -5.6902 -5.4108 -5.1571 -4.9203 -4.6987 -4.2148 -3.7893 -3.3422 -2.8867
 [Fe/H] = -0.25 [alpha/Fe] =-0.40 BC value = F336W
-13.0376-12.3101-11.5840-10.7126 -9.7132 -8.8817 -8.3595 -7.9875 -7.7080 -7.4610
 -7.2201 -6.9856 -6.7563 -6.5292 -6.3011 -5.7152 -5.1121 -4.5171 -3.9550
-11.8321-11.5450-11.0252-10.4349 -9.6217 -8.7525 -8.1328 -7.7094 -7.3901 -7.1183
 -6.8630 -6.6194 -6.3836 -6.1515 -5.9195 -5.3317 -4.7370 -4.1667 -3.6522 -3.2137
-10.9188-10.7151-10.3953-10.0180 -9.5030 -8.7538 -8.0391 -7.5246 -7.1543 -6.8536
 -6.5818 -6.3273 -6.0845 -5.8487 -5.6159 -5.0336 -4.4510 -3.8988 -3.4116 -3.0040
 -2.6868
-10.3478 -9.8191 -9.6663 -9.4825 -9.1880 -8.7273 -8.0721 -7.4555 -7.0071 -6.6645
 -6.3727 -6.1042 -5.8520 -5.6111 -5.3767 -4.8021 -4.2337 -3.6956 -3.2243 -2.8340
 -2.5286 -2.3108
-10.2481 -9.4473 -8.9815 -8.7982 -8.6955 -8.4656 -8.0660 -7.5013 -6.9605 -6.5540
 -6.2321 -5.9469 -5.6826 -5.4338 -5.1955 -4.6252 -4.0708 -3.5448 -3.0822 -2.7001
 -2.3993 -2.1798 -2.0345 -1.9435
-10.3939 -9.4208 -8.7382 -8.3091 -8.0727 -7.9571 -7.8015 -7.4810 -7.0147 -6.5321
 -6.1571 -5.8506 -5.5725 -5.3136 -5.0688 -4.4968 -3.9531 -3.4377 -2.9798 -2.5992
 -2.2974 -2.0715 -1.9174 -1.8213 -1.7638 -1.7306 -1.7109 -1.6961 -1.6793 -1.6534
-10.7286 -9.6244 -8.7653 -8.1584 -7.7497 -7.4757 -7.2898 -7.1424 -6.9256 -6.5736
 -6.1573 -5.8097 -5.5155 -5.2456 -4.9928 -4.4129 -3.8751 -3.3683 -2.9129 -2.5296
 -2.2218 -1.9859 -1.8190 -1.7117 -1.6484 -1.6128 -1.5929 -1.5812 -1.5720 -1.5595
 -1.5386
-11.1803-10.0086 -9.0080 -8.2331 -7.6743 -7.2756 -6.9810 -6.7442 -6.5448 -6.3583
 -6.1259 -5.8141 -5.5043 -5.2235 -4.9621 -4.3705 -3.8335 -3.3326 -2.8785 -2.4898
 -2.1723 -1.9237 -1.7406 -1.6180 -1.5436 -1.5017 -1.4798 -1.4690 -1.4632 -1.4579
 -1.4499
-11.6676-10.4906 -9.4089 -8.4969 -7.7840 -7.2552 -6.8654 -6.5613 -6.3020 -6.0688
 -5.8590 -5.6616 -5.4462 -5.2097 -4.9619 -4.3625 -3.8216 -3.3227 -2.8689 -2.4738
 -2.1449 -1.8814 -1.6808 -1.5402 -1.4511 -1.3997 -1.3728 -1.3601 -1.3554 -1.3543
 -1.3535
-12.1515-11.0249 -9.9182 -8.9221 -8.0823 -7.4158 -6.9072 -6.5198 -6.2110 -5.9441
 -5.7001 -5.4764 -5.2743 -5.0882 -4.9032 -4.3869 -3.8458 -3.3470 -2.8929 -2.4914
 -2.1499 -1.8696 -1.6491 -1.4867 -1.3780 -1.3121 -1.2759 -1.2583 -1.2520 -1.2525
 -1.2547
-12.5743-11.5454-10.4635 -9.4316 -8.5124 -7.7357 -7.1067 -6.6131 -6.2269 -5.9143
 -5.6452 -5.4006 -5.1750 -4.9703 -4.7852 -4.3607 -3.8888 -3.3935 -2.9383 -2.5312
 -2.1785 -1.8824 -1.6426 -1.4579 -1.3266 -1.2419 -1.1922 -1.1660 -1.1549 -1.1531
 -1.1561
-12.9315-12.0002-10.9893 -9.9700 -9.0163 -8.1681 -7.4442 -6.8472 -6.3665 -5.9809
 -5.6647 -5.3940 -5.1511 -4.9280 -4.7232 -4.2860 -3.8886 -3.4506 -2.9998
 [Fe/H] =  0.00 [alpha/Fe] =-0.40 BC value = F336W
-13.1233-12.3212-11.4185-10.3704 -9.3553 -8.6227 -8.1789 -7.8599 -7.6031 -7.3851
 -7.1736 -6.9646 -6.7581 -6.5511 -6.3418 -5.7942 -5.2335 -4.6686 -4.1015
-12.1020-11.6545-11.0386-10.2534 -9.3036 -8.4710 -7.9392 -7.5685 -7.2857 -7.0504
 -6.8288 -6.6153 -6.4066 -6.1989 -5.9886 -5.4436 -4.8743 -4.3156 -3.8056 -3.3614
-11.2235-10.9105-10.5034-10.0178 -9.3157 -8.4740 -7.8110 -7.3664 -7.0427 -6.7835
 -6.5504 -6.3308 -6.1196 -5.9123 -5.7046 -5.1706 -4.6139 -4.0675 -3.5751 -3.1573
 -2.8212
-10.5248-10.0426 -9.8756 -9.5881 -9.1798 -8.5529 -7.8300 -7.2697 -6.8803 -6.5839
 -6.3343 -6.1045 -5.8879 -5.6788 -5.4726 -4.9522 -4.4128 -3.8791 -3.3971 -2.9920
 -2.6673 -2.4238
-10.1902 -9.4487 -9.1183 -9.0152 -8.8142 -8.4660 -7.9219 -7.3012 -6.8099 -6.4565
 -6.1789 -5.9344 -5.7078 -5.4934 -5.2859 -4.7754 -4.2544 -3.7357 -3.2615 -2.8618
 -2.5412 -2.2973 -2.1261 -2.0127
-10.3338 -9.3631 -8.7242 -8.3768 -8.2446 -8.1196 -7.8390 -7.3869 -6.8535 -6.4123
 -6.0842 -5.8189 -5.5791 -5.3557 -5.1432 -4.6352 -4.1303 -3.6277 -3.1611 -2.7627
 -2.4411 -2.1925 -2.0130 -1.8931 -1.8174 -1.7695 -1.7383 -1.7152 -1.6911 -1.6591
-10.7110 -9.5602 -8.7066 -8.1312 -7.7720 -7.5698 -7.4476 -7.2588 -6.9131 -6.4684
 -6.0642 -5.7571 -5.5003 -5.2653 -5.0452 -4.5322 -4.0380 -3.5501 -3.0911 -2.6920
 -2.3653 -2.1086 -1.9178 -1.7864 -1.7028 -1.6521 -1.6211 -1.6009 -1.5846 -1.5661
 -1.5394
-11.2356 -9.9806 -8.9419 -8.1717 -7.6352 -7.2697 -7.0161 -6.8327 -6.6719 -6.4488
 -6.1195 -5.7583 -5.4687 -5.2202 -4.9904 -4.4669 -3.9773 -3.5006 -3.0489 -2.6480
 -2.3132 -2.0457 -1.8414 -1.6955 -1.5999 -1.5421 -1.5085 -1.4885 -1.4758 -1.4652
 -1.4517
-11.9358-10.5360 -9.3756 -8.4313 -7.7211 -7.2103 -6.8426 -6.5631 -6.3349 -6.1394
 -5.9548 -5.7409 -5.4717 -5.2109 -4.9720 -4.4353 -3.9446 -3.4744 -3.0279 -2.6248
 -2.2812 -2.0008 -1.7816 -1.6197 -1.5096 -1.4413 -1.4021 -1.3807 -1.3690 -1.3620
 -1.3562
-12.5088-11.1534 -9.9512 -8.8879 -8.0197 -7.3521 -6.8567 -6.4864 -6.1949 -5.9473
 -5.7276 -5.5310 -5.3482 -5.1588 -4.9604 -4.4410 -3.9468 -3.4808 -3.0390 -2.6340
 -2.2805 -1.9854 -1.7490 -1.5681 -1.4396 -1.3561 -1.3067 -1.2798 -1.2663 -1.2605
 -1.2583
-12.9203-11.7210-10.5678 -9.4575 -8.4822 -7.6784 -7.0449 -6.5598 -6.1870 -5.8884
 -5.6338 -5.4064 -5.2011 -5.0168 -4.8482 -4.4373 -3.9741 -3.5096 -3.0715 -2.6658
 -2.3040 -1.9950 -1.7411 -1.5407 -1.3914 -1.2892 -1.2253 -1.1889 -1.1703 -1.1627
 -1.1609
-13.1702-12.2387-11.1336-10.0566 -9.0352 -8.1434 -7.3937 -6.7896 -6.3136 -5.9378
 -5.6336 -5.3754 -5.1462 -4.9392 -4.6354 -4.4242 -4.0265 -3.5608 -3.1254
 [Fe/H] =  0.25 [alpha/Fe] =-0.40 BC value = F336W
-13.4207-12.2479-11.1092-10.0025 -9.0446 -8.4191 -8.0276 -7.7578 -7.5357 -7.3469
 -7.1603 -6.9746 -6.7889 -6.6016 -6.4104 -5.9018 -5.3688 -4.8210 -4.2620
-12.4291-11.7537-10.9662 -9.9578 -8.9831 -8.2395 -7.7699 -7.4588 -7.2161 -7.0150
 -6.8233 -6.6369 -6.4529 -6.2683 -6.0794 -5.5795 -5.0390 -4.4912 -3.9806 -3.5288
-11.2914-11.0967-10.6334 -9.9304 -9.0508 -8.2091 -7.6196 -7.2395 -6.9615 -6.7425
 -6.5434 -6.3548 -6.1721 -5.9910 -5.8076 -5.3253 -4.8009 -4.2641 -3.7646 -3.3329
 -2.9775
-10.5217-10.3337-10.0495 -9.6642 -9.0842 -8.3158 -7.6042 -7.1140 -6.7806 -6.5282
 -6.3167 -6.1215 -5.9366 -5.7569 -5.5779 -5.1148 -4.6124 -4.0903 -3.5985 -3.1749
 -2.8289 -2.5593
-10.1519 -9.5326 -9.3662 -9.1895 -8.8809 -8.3787 -7.7125 -7.1080 -6.6822 -6.3783
 -6.1425 -5.9355 -5.7436 -5.5612 -5.3830 -4.9348 -4.4562 -3.9535 -3.4706 -3.0504
 -2.7070 -2.4378 -2.2386 -2.0996
-10.2543 -9.3171 -8.7570 -8.5442 -8.4392 -8.1990 -7.7801 -7.2186 -6.6908 -6.3059
 -6.0235 -5.7975 -5.5938 -5.4040 -5.2226 -4.7810 -4.3236 -3.8433 -3.3723 -2.9545
 -2.6093 -2.3360 -2.1299 -1.9836 -1.8844 -1.8183 -1.7733 -1.7388 -1.7056 -1.6665
-10.6377 -9.4750 -8.6512 -8.1283 -7.8544 -7.7377 -7.5800 -7.2556 -6.7975 -6.3320
 -5.9757 -5.7100 -5.4895 -5.2887 -5.1001 -4.6560 -4.2132 -3.7544 -3.2983 -2.8834
 -2.5342 -2.2537 -2.0378 -1.8807 -1.7731 -1.7021 -1.6560 -1.6249 -1.6005 -1.5745
 -1.5419
-11.2189 -9.8990 -8.8527 -8.1074 -7.6079 -7.2932 -7.1070 -6.9716 -6.7629 -6.4198
 -6.0195 -5.6857 -5.4321 -5.2166 -5.0184 -4.5644 -4.1288 -3.6868 -3.2456 -2.8349
 -2.4806 -2.1909 -1.9631 -1.7931 -1.6735 -1.5949 -1.5452 -1.5139 -1.4927 -1.4747
 -1.4551
-12.0217-10.5107 -9.2934 -8.3410 -7.6500 -7.1671 -6.8319 -6.5922 -6.4108 -6.2440
 -6.0298 -5.7336 -5.4265 -5.1841 -4.9739 -4.5053 -4.0701 -3.6383 -3.2088 -2.8025
 -2.4437 -2.1439 -1.9037 -1.7194 -1.5861 -1.4966 -1.4407 -1.4069 -1.3860 -1.3718
 -1.3603
-12.5739-11.1732 -9.9226 -8.8081 -7.9304 -7.2766 -6.8027 -6.4559 -6.1895 -5.9710
 -5.7834 -5.6083 -5.4179 -5.1887 -4.9689 -4.4845 -4.0456 -3.6205 -3.2008 -2.7990
 -2.4357 -2.1247 -1.8700 -1.6696 -1.5196 -1.4150 -1.3479 -1.3077 -1.2846 -1.2705
 -1.2632
-13.2639-11.8554-10.5811 -9.4287 -8.4095 -7.5929 -6.9675 -6.4991 -6.1450 -5.8651
 -5.6304 -5.4259 -5.2445 -5.0783 -4.9114 -4.4865 -4.0487 -3.6262 -3.2139 -2.8169
 -2.4506 -2.1292 -1.8599 -1.6426 -1.4744 -1.3519 -1.2699 -1.2192 -1.1902 -1.1748
 -1.1673
-14.0918-12.5572-11.2389-10.0909 -9.0128 -8.0793 -7.3158 -6.7144 -6.2498 -5.8892
 -5.6005 -5.3583 -5.1468 -4.9591 -4.8014 -4.5113 -4.0794 -3.6554 -3.2481
 [Fe/H] =  0.50 [alpha/Fe] =-0.40 BC value = F336W
-13.5685-12.0244-10.7241 -9.6440 -8.7756 -8.2573 -7.9324 -7.6959 -7.5078 -7.3402
 -7.1737 -7.0075 -6.8402 -6.6679 -6.4903 -6.0257 -5.4796 -4.9401 -4.4203
-12.7642-11.8075-10.7574 -9.6249 -8.6916 -8.0488 -7.6547 -7.3919 -7.1853 -7.0094
 -6.8414 -6.6771 -6.5140 -6.3491 -6.1796 -5.7247 -5.2185 -4.6869 -4.1763 -3.7176
-11.8146-11.2843-10.6291 -9.7225 -8.7674 -7.9784 -7.4719 -7.1516 -6.9149 -6.7285
 -6.5573 -6.3939 -6.2345 -6.0755 -5.9136 -5.4816 -4.9972 -4.4793 -3.9775 -3.5310
 -3.1545
-10.6964-10.5914-10.2083 -9.6721 -8.8866 -8.0580 -7.4101 -6.9937 -6.7117 -6.4979
 -6.3181 -6.1516 -5.9927 -5.8374 -5.6817 -5.2732 -4.8157 -4.3173 -3.8239 -3.3826
 -3.0134 -2.7169
-10.1649 -9.7646 -9.6101 -9.3267 -8.8770 -8.2024 -7.4917 -6.9437 -6.5811 -6.3230
 -6.1244 -5.9491 -5.7860 -5.6304 -5.4775 -5.0876 -4.6578 -4.1840 -3.7042 -3.2650
 -2.8970 -2.6007 -2.3722 -2.2045
-10.1722 -9.3023 -8.8877 -8.7764 -8.5734 -8.2017 -7.6349 -7.0246 -6.5478 -6.2197
 -5.9790 -5.7880 -5.6157 -5.4549 -5.3008 -4.9211 -4.5154 -4.0691 -3.6056 -3.1724
 -2.8026 -2.5026 -2.2685 -2.0940 -1.9686 -1.8793 -1.8158 -1.7682 -1.7234 -1.6759
-10.5204 -9.3834 -8.6131 -8.1814 -8.0290 -7.9014 -7.6132 -7.1546 -6.6368 -6.2046
 -5.9003 -5.6726 -5.4854 -5.3151 -5.1551 -4.7756 -4.3878 -3.9676 -3.5259 -3.1006
 -2.7289 -2.4223 -2.1799 -1.9957 -1.8619 -1.7681 -1.7026 -1.6560 -1.6205 -1.5852
 -1.5456
-11.1380 -9.7758 -8.7545 -8.0515 -7.6105 -7.3809 -7.2617 -7.0748 -6.7319 -6.3014
 -5.9079 -5.6185 -5.3999 -5.2155 -5.0461 -4.6580 -4.2792 -3.8804 -3.4607 -3.0469
 -2.6743 -2.3605 -2.1076 -1.9117 -1.7667 -1.6642 -1.5944 -1.5466 -1.5132 -1.4870
 -1.4597
-11.9985-10.4095 -9.1673 -8.2376 -7.5817 -7.1390 -6.8546 -6.6758 -6.5296 -6.3163
 -5.9944 -5.6427 -5.3674 -5.1559 -4.9741 -4.5708 -4.1928 -3.8072 -3.4056 -3.0041
 -2.6328 -2.3123 -2.0489 -1.8407 -1.6831 -1.5696 -1.4925 -1.4418 -1.4082 -1.3846
 -1.3660
-12.8373-11.1980 -9.8226 -8.6855 -7.8237 -7.1988 -6.7554 -6.4412 -6.2122 -6.0337
 -5.8694 -5.6741 -5.4146 -5.1525 -4.9460 -4.5217 -4.1392 -3.7611 -3.3739 -2.9849
 -2.6167 -2.2899 -2.0151 -1.7930 -1.6204 -1.4923 -1.4036 -1.3455 -1.3089 -1.2854
 -1.2707
-14.0096-12.1413-10.5942 -9.3370 -8.2936 -7.4863 -6.8835 -6.4396 -6.1095 -5.8546
 -5.6471 -5.4703 -5.3082 -5.1404 -4.9438 -4.5048 -4.1150 -3.7393 -3.3619 -2.9834
 -2.6194 -2.2882 -2.0026 -1.7664 -1.5779 -1.4336 -1.3300 -1.2605 -1.2170 -1.1910
 -1.1756
-15.5154-13.2394-11.3054-10.0538 -8.9328 -7.9737 -7.2127 -6.6279 -6.1829 -5.8418
 -5.5727 -5.3505 -5.1605 -4.9945 -4.9675 -4.5201 -4.1202 -3.7418 -3.3696
 [Fe/H] =  0.75 [alpha/Fe] =-0.40 BC value = F336W
-13.4047-11.6652-10.3260 -9.3474 -8.5807 -8.1553 -7.8803 -7.6719 -7.5034 -7.3521
 -7.2022 -7.0519 -6.8997 -6.7422 -6.5792 -6.1504 -5.6367 -5.1163 -4.6040
-13.1720-11.7225-10.4412 -9.3123 -8.4601 -7.9146 -7.5811 -7.3533 -7.1767 -7.0204
 -6.8721 -6.7255 -6.5790 -6.4301 -6.2769 -5.8629 -5.3938 -4.8863 -4.3820 -3.9166
-12.1005-11.4386-10.5401 -9.4359 -8.4966 -7.7960 -7.3681 -7.0949 -6.8935 -6.7324
 -6.5829 -6.4393 -6.2984 -6.1572 -6.0129 -5.6255 -5.1831 -4.6944 -4.2003 -3.7438
 -3.3477
-11.2194-10.8381-10.3303 -9.5711 -8.6324 -7.8304 -7.2600 -6.9066 -6.6683 -6.4861
 -6.3317 -6.1874 -6.0491 -5.9132 -5.7765 -5.4157 -5.0046 -4.5407 -4.0589 -3.6073
 -3.2164 -2.8928
-10.2906-10.0792 -9.8215 -9.4209 -8.7755 -7.9778 -7.2884 -6.8141 -6.5068 -6.2877
 -6.1194 -5.9696 -5.8296 -5.6953 -5.5629 -5.2230 -4.8424 -4.4080 -3.9439 -3.4978
 -3.1077 -2.7841 -2.5258 -2.3269
-10.1092 -9.3560 -9.1388 -8.9738 -8.6546 -8.1148 -7.4404 -6.8472 -6.4315 -6.1538
 -5.9496 -5.7877 -5.6411 -5.5038 -5.3717 -5.0446 -4.6898 -4.2865 -3.8456 -3.4088
 -3.0184 -2.6915 -2.4285 -2.2241 -2.0702 -1.9555 -1.8703 -1.8048 -1.7453 -1.6874
-10.3900 -9.3046 -8.6174 -8.3396 -8.2326 -7.9907 -7.5561 -6.9926 -6.4760 -6.0985
 -5.8396 -5.6461 -5.4872 -5.3424 -5.2064 -4.8823 -4.5468 -4.1721 -3.7585 -3.3358
 -2.9467 -2.6150 -2.3446 -2.1321 -1.9704 -1.8502 -1.7616 -1.6964 -1.6461 -1.5988
 -1.5508
-10.9998 -9.6354 -8.6631 -8.0212 -7.6772 -7.5486 -7.3934 -7.0682 -6.6133 -6.1600
 -5.8085 -5.5611 -5.3741 -5.2170 -5.0728 -4.7425 -4.4173 -4.0661 -3.6795 -3.2756
 -2.8913 -2.5549 -2.2760 -2.0531 -1.8813 -1.7526 -1.6584 -1.5904 -1.5411 -1.5030
 -1.4660
-11.8611-10.2536 -9.0247 -8.1368 -7.5276 -7.1445 -6.9403 -6.8117 -6.6084 -6.2689
 -5.8795 -5.5506 -5.3122 -5.1299 -4.9739 -4.6293 -4.3057 -3.9694 -3.6053 -3.2206
 -2.8446 -2.5060 -2.2190 -1.9856 -1.8023 -1.6632 -1.5615 -1.4891 -1.4383 -1.4018
 -1.3739
-12.8781-11.1029 -9.6690 -8.5429 -7.7155 -7.1283 -6.7247 -6.4591 -6.2833 -6.1326
 -5.9310 -5.6415 -5.3353 -5.1001 -4.9192 -4.5528 -4.2239 -3.8954 -3.5489 -3.1836
 -2.8189 -2.4804 -2.1856 -1.9404 -1.7438 -1.5913 -1.4781 -1.3975 -1.3425 -1.3050
 -1.2789
-14.2764-12.1833-10.5027 -9.1941 -8.1537 -7.3737 -6.8019 -6.3878 -6.0896 -5.8697
 -5.6970 -5.5407 -5.3669 -5.1419 -4.9146 -4.5106 -4.1716 -3.8444 -3.5087 -3.1588
 -2.8063 -2.4708 -2.1704 -1.9143 -1.7040 -1.5368 -1.4097 -1.3177 -1.2546 -1.2135
 -1.1868
-16.0562-13.4948-11.3329 -9.9656 -8.8036 -7.8407 -7.0991 -6.5390 -6.1186 -5.8015
 -5.5569 -5.3605 -5.1954 -5.0470 -4.9601 -4.5027 -4.1488 -3.8164 -3.4847
 [Fe/H] =  1.00 [alpha/Fe] =-0.40 BC value = F336W
-12.9047-11.2680-10.0124 -9.1001 -8.4506 -7.9882 -7.6648 -7.4435 -7.2933 -7.1879
 -7.1047 -7.0251 -6.9329 -6.8145 -6.6660 -6.2641 -5.7816 -5.2318 -4.7387
-13.3247-11.4953-10.0875 -9.0595 -8.2905 -7.8216 -7.5375 -7.3389 -7.1834 -7.0426
 -6.9074 -6.7739 -6.6406 -6.5046 -6.3644 -5.9845 -5.5506 -5.0536 -4.5662 -4.1054
-12.7188-11.5078-10.3204 -9.1557 -8.2797 -7.6616 -7.2970 -7.0627 -6.8902 -6.7476
 -6.6141 -6.4854 -6.3584 -6.2308 -6.1006 -5.7495 -5.3459 -4.8902 -4.4143 -3.9577
 -3.5484
-11.5698-11.0799-10.3718 -9.3646 -8.3927 -7.6430 -7.1477 -6.8472 -6.6441 -6.4879
 -6.3525 -6.2254 -6.1028 -5.9819 -5.8601 -5.5375 -5.1675 -4.7416 -4.2830 -3.8333
 -3.4278 -3.0808
-10.6174-10.3797-10.0192 -9.4385 -8.5855 -7.7649 -7.1240 -6.7148 -6.4546 -6.2676
 -6.1240 -5.9941 -5.8719 -5.7541 -5.6377 -5.3380 -5.0003 -4.6078 -4.1723 -3.7322
 -3.3287 -2.9815 -2.6943 -2.4644
-10.0987 -9.5577 -9.4079 -9.1399 -8.6617 -7.9463 -7.2438 -6.6951 -6.3413 -6.1060
 -5.9324 -5.7940 -5.6676 -5.5488 -5.4340 -5.1488 -4.8382 -4.4791 -4.0722 -3.6469
 -3.2465 -2.8972 -2.6058 -2.3711 -2.1872 -2.0453 -1.9367 -1.8495 -1.7720 -1.7016
-10.2746 -9.2609 -8.7137 -8.5766 -8.3870 -8.0048 -7.4180 -6.8142 -6.3351 -6.0128
 -5.7938 -5.6291 -5.4934 -5.3694 -5.2523 -4.9726 -4.6817 -4.3523 -3.9766 -3.5719
 -3.1778 -2.8265 -2.5297 -2.2879 -2.0967 -1.9486 -1.8350 -1.7481 -1.6786 -1.6160
 -1.5578
-10.8056 -9.5054 -8.5947 -8.0425 -7.8406 -7.7189 -7.4349 -6.9720 -6.4573 -6.0277
 -5.7249 -5.5147 -5.3552 -5.2211 -5.0979 -4.8147 -4.5352 -4.2297 -3.8835 -3.5031
 -3.1204 -2.7690 -2.4663 -2.2162 -2.0161 -1.8596 -1.7393 -1.6477 -1.5786 -1.5244
 -1.4747
-11.6389-10.0693 -8.8860 -8.0505 -7.5021 -7.2148 -7.0898 -6.9120 -6.5725 -6.1451
 -5.7547 -5.4687 -5.2642 -5.1080 -4.9746 -4.6797 -4.4029 -4.1127 -3.7905 -3.4348
 -3.0671 -2.7188 -2.4117 -2.1533 -1.9434 -1.7773 -1.6492 -1.5520 -1.4792 -1.4259
 -1.3851
-12.7685-10.9300 -9.4865 -8.3990 -7.6169 -7.0738 -6.7272 -6.5327 -6.3964 -6.1954
 -5.8805 -5.5357 -5.2541 -5.0500 -4.8937 -4.5785 -4.2969 -4.0147 -3.7111 -3.3786
 -3.0294 -2.6880 -2.3781 -2.1112 -1.8900 -1.7120 -1.5730 -1.4672 -1.3892 -1.3327
 -1.2925
-14.2997-12.0875-10.3423 -9.0180 -8.0092 -7.2666 -6.7297 -6.3529 -6.0993 -5.9254
 -5.7768 -5.5950 -5.3411 -5.0710 -4.8651 -4.5112 -4.2188 -3.9371 -3.6445 -3.3303
 -2.9990 -2.6680 -2.3586 -2.0848 -1.8528 -1.6622 -1.5108 -1.3940 -1.3075 -1.2461
 -1.2037
-16.2323-13.5418-11.4534 -9.8514 -8.6416 -7.6984 -6.9874 -6.4559 -6.0633 -5.7758
 -5.5635 -5.3978 -5.2518 -5.0986 -4.8888 -4.4778 -4.1686 -3.8799 -3.5907
