 [Fe/H] = -2.00 [alpha/Fe] =-0.40 BC value = F218W
-12.5262-12.4973-12.6711-12.6600-12.5825-12.4103-12.1502-11.9829-11.8136-11.6256
-11.4324-11.2358-11.0369-10.8341-10.6288-10.1108 -9.5058 -8.7532 -8.2311
-12.5141-12.3926-12.2850-12.2135-12.1797-12.1146-11.9833-11.8100-11.6190-11.4196
-11.2104-10.9967-10.7822-10.5685-10.3555 -9.8172 -9.2396 -8.5756 -7.8105 -7.0015
-12.3650-12.2347-12.0988-11.9722-11.8635-11.7883-11.7262-11.6185-11.4549-11.2555
-11.0386-10.8106-10.5816-10.3559-10.1353 -9.6010 -9.0374 -8.3166 -7.4041 -6.4986
 -5.7484
-12.2301-12.1081-11.9669-11.8220-11.6821-11.5485-11.4271-11.3285-11.2216-11.0716
-10.8778-10.6557-10.4194-10.1833 -9.9545 -9.4132 -8.8373 -7.9845 -6.9794 -6.0188
 -5.2751 -4.7236
-12.0968-11.9915-11.8590-11.7107-11.5591-11.4073-11.2536-11.1002-10.9610-10.8257
-10.6767-10.4941-10.2818-10.0496 -9.8125 -9.2475 -8.6292 -7.6911 -6.6086 -5.6206
 -4.8862 -4.3591 -3.9776 -3.6911
-11.9638-11.8742-11.7590-11.6186-11.4649-11.3058-11.1417-10.9703-10.7938-10.6190
-10.4531-10.2885-10.1088 -9.9081 -9.6885 -9.0952 -8.4194 -7.4469 -6.3459 -5.3441
 -4.6047 -4.0831 -3.7127 -3.4425 -3.2410 -3.0877 -2.9669 -2.8653 -2.7723 -2.6805
-11.8335-11.7576-11.6593-11.5343-11.3872-11.2276-11.0588-10.8812-10.6934-10.4960
-10.2957-10.0998 -9.9099 -9.7194 -9.5193 -8.9484 -8.2336 -7.3039 -6.2066 -5.2040
 -4.4427 -3.9033 -3.5240 -3.2507 -3.0480 -2.8889 -2.7628 -2.6641 -2.5877 -2.5244
 -2.4517
-11.7084-11.6452-11.5603-11.4514-11.3189-11.1649-10.9963-10.8169-10.6260-10.4211
-10.2040 -9.9809 -9.7584 -9.5425 -9.3311 -8.7791 -8.0844 -7.2005 -6.1727 -5.1874
 -4.3987 -3.8227 -3.4145 -3.1213 -2.9067 -2.7436 -2.6131 -2.5080 -2.4242 -2.3584
 -2.3077
-11.5907-11.5406-11.4670-11.3675-11.2520-11.1126-10.9510-10.7721-10.5805-10.3747
-10.1530 -9.9174 -9.6735 -9.4288 -9.1888 -8.6080 -7.9575 -7.1317 -6.1933 -5.2486
 -4.4459 -3.8291 -3.3783 -3.0525 -2.8134 -2.6332 -2.4941 -2.3836 -2.2921 -2.2164
 -2.1552
-11.4829-11.4472-11.3851-11.2993-11.1923-11.0662-10.9212-10.7527-10.5642-10.3603
-10.1405 -9.9042 -9.6529 -9.3948 -9.1348 -8.4967 -7.8662 -7.1239 -6.2581 -5.3681
 -4.5704 -3.9225 -3.4257 -3.0558 -2.7815 -2.5749 -2.4160 -2.2906 -2.1893 -2.1056
 -2.0306
-11.3854-11.3601-11.3086-11.2337-11.1379-11.0233-10.8918-10.7426-10.5685-10.3713
-10.1557 -9.9227 -9.6725 -9.4076 -9.1329 -8.4510 -7.8027 -7.1238 -6.3331 -5.5021
 -4.7215 -4.0609 -3.5304 -3.1184 -2.8040 -2.5644 -2.3798 -2.2346 -2.1180 -2.0225
 -1.9429
-11.2923-11.2472-11.1952-11.1330-11.0572-10.9651-10.8546-10.7240-10.5713-10.3947
-10.1930 -9.9666 -9.7204 -9.4564 -9.1779 -8.4603 -7.7755 -7.1185 -6.4150
 [Fe/H] = -1.50 [alpha/Fe] =-0.40 BC value = F218W
-12.8164-12.8027-12.7487-12.6042-12.4192-12.2158-12.0135-11.8235-11.6366-11.4510
-11.2622-11.0731-10.8857-10.6992-10.5131-10.0468 -9.5330 -8.9350 -8.3880
-12.5998-12.4837-12.4251-12.3977-12.2890-12.1128-11.9087-11.6986-11.4930-11.2908
-11.0851-10.8792-10.6761-10.4770-10.2810 -9.7982 -9.2973 -8.7377 -8.0766 -7.3106
-12.4629-12.3149-12.1784-12.0747-12.0244-11.9565-11.8034-11.6005-11.3805-11.1643
-10.9451-10.7251-10.5085-10.2972-10.0915 -9.5958 -9.0954 -8.5147 -7.7419 -6.8537
 -6.0508
-12.3516-12.2036-12.0457-11.8929-11.7606-11.6617-11.5884-11.4726-11.2848-11.0671
-10.8422-10.6122-10.3841-10.1616 -9.9456 -9.4300 -8.9099 -8.2681 -7.3686 -6.3928
 -5.5782 -4.9618
-12.2481-12.1136-11.9555-11.7915-11.6332-11.4811-11.3401-11.2183-11.1065-10.9507
-10.7518-10.5296-10.2969-10.0639 -9.8362 -9.2908 -8.7273 -7.9976 -7.0060 -5.9913
 -5.1820 -4.5901 -4.1622 -3.8279
-12.1499-12.0300-11.8840-11.7188-11.5492-11.3815-11.2131-11.0434-10.8823-10.7390
-10.5933-10.4189-10.2147 -9.9897 -9.7536 -9.1679 -8.5464 -7.7413 -6.7178 -5.6990
 -4.8909 -4.3072 -3.8918 -3.5900 -3.3609 -3.1836 -3.0437 -2.9297 -2.8303 -2.7303
-12.0474-11.9468-11.8187-11.6634-11.4921-11.3159-11.1378-10.9546-10.7650-10.5763
-10.3980-10.2329-10.0639 -9.8766 -9.6669 -9.0623 -8.3875 -7.5471 -6.5395 -5.5360
 -4.7183 -4.1218 -3.6985 -3.3940 -3.1685 -2.9943 -2.8565 -2.7446 -2.6500 -2.5663
 -2.4918
-11.9454-11.8616-11.7542-11.6158-11.4527-11.2744-11.0906-10.9017-10.7046-10.4981
-10.2876-10.0821 -9.8885 -9.7031 -9.5141 -8.9685 -8.2735 -7.4351 -6.4696 -5.4963
 -4.6649 -4.0368 -3.5859 -3.2621 -3.0238 -2.8383 -2.6918 -2.5759 -2.4839 -2.4098
 -2.3494
-11.8471-11.7766-11.6862-11.5677-11.4208-11.2499-11.0645-10.8715-10.6714-10.4609
-10.2391-10.0103 -9.7823 -9.5620 -9.3514 -8.8291 -8.1926 -7.3848 -6.4716 -5.5398
 -4.7038 -4.0400 -3.5480 -3.1905 -2.9278 -2.7296 -2.5761 -2.4501 -2.3463 -2.2627
 -2.1975
-11.7558-11.6946-11.6169-11.5185-11.3927-11.2399-11.0628-10.8698-10.6678-10.4569
-10.2349-10.0004 -9.7565 -9.5098 -9.2675 -8.7007 -8.1166 -7.3860 -6.5341 -5.6522
 -4.8272 -4.1346 -3.5965 -3.1939 -2.8949 -2.6696 -2.4960 -2.3588 -2.2477 -2.1554
 -2.0727
-11.6747-11.6163-11.5471-11.4639-11.3580-11.2281-11.0714-10.8896-10.6895-10.4782
-10.2569-10.0240 -9.7783 -9.5215 -9.2595 -8.6289 -8.0385 -7.3885 -6.6130 -5.7833
 -4.9827 -4.2792 -3.7059 -3.2589 -2.9182 -2.6587 -2.4587 -2.3013 -2.1750 -2.0713
 -1.9843
-11.5997-11.5415-11.4768-11.4025-11.3139-11.2057-11.0730-10.9148-10.7306-10.5244
-10.3042-10.0725 -9.8287 -9.5724 -9.3047 -8.6262 -7.9926 -7.3763 -6.6863
 [Fe/H] = -1.00 [alpha/Fe] =-0.40 BC value = F218W
-12.9949-12.9098-12.7222-12.5099-12.2778-12.0529-11.8572-11.6712-11.4835-11.3012
-11.1192-10.9388-10.7626-10.5910-10.4227-10.0076 -9.5722 -9.0862 -8.5581
-12.6855-12.6556-12.6078-12.4412-12.2327-12.0039-11.7770-11.5671-11.3612-11.1641
-10.9671-10.7725-10.5831-10.4001-10.2225 -9.7934 -9.3546 -8.8711 -8.3232 -7.6749
-12.5401-12.3921-12.3131-12.2857-12.1611-11.9619-11.7335-11.5000-11.2766-11.0656
-10.8573-10.6513-10.4506-10.2572-10.0705 -9.6244 -9.1733 -8.6754 -8.0790 -7.3200
 -6.5072
-12.4532-12.2793-12.1168-11.9964-11.9371-11.8624-11.6895-11.4665-11.2281-11.0003
-10.7834-10.5685-10.3584-10.1553 -9.9593 -9.4928 -9.0216 -8.4893 -7.8092 -6.9390
 -6.0717 -5.3589
-12.3804-12.2130-12.0317-11.8581-11.7106-11.5973-11.5175-11.3953-11.1964-10.9628
-10.7366-10.5149-10.2965-10.0840 -9.8784 -9.3879 -8.8903 -8.3056 -7.5275 -6.5795
 -5.6910 -4.9913 -4.4745 -4.0888
-12.3104-12.1606-11.9819-11.7933-11.6117-11.4440-11.2941-11.1664-11.0535-10.9007
-10.6957-10.4788-10.2563-10.0351 -9.8190 -9.3005 -8.7712 -8.1311 -7.2776 -6.2947
 -5.4018 -4.7086 -4.2027 -3.8352 -3.5571 -3.3431 -3.1761 -3.0422 -2.9254 -2.8025
-12.2392-12.1108-11.9476-11.7610-11.5666-11.3771-11.1951-11.0187-10.8527-10.7057
-10.5643-10.4005-10.2092 -9.9983 -9.7772 -9.2266 -8.6628 -7.9827 -7.0981 -6.1149
 -5.2223 -4.5215 -4.0086 -3.6376 -3.3641 -3.1517 -2.9839 -2.8504 -2.7427 -2.6495
 -2.5501
-12.1647-12.0584-11.9164-11.7434-11.5505-11.3504-11.1521-10.9567-10.7624-10.5713
-10.3919-10.2290-10.0728 -9.9057 -9.7184 -9.1701 -8.5710 -7.8728 -6.9985 -6.0401
 -5.1530 -4.4335 -3.8960 -3.5054 -3.2182 -3.0017 -2.8296 -2.6907 -2.5782 -2.4863
 -2.4108
-12.0890-11.9999-11.8808-11.7277-11.5466-11.3482-11.1426-10.9356-10.7282-10.5186
-10.3090-10.1060 -9.9167 -9.7420 -9.5726 -9.1026 -8.4999 -7.7968 -6.9579 -6.0410
 -5.1687 -4.4295 -3.8574 -3.4338 -3.1214 -2.8867 -2.7061 -2.5580 -2.4360 -2.3377
 -2.2610
-12.0156-11.9419-11.8403-11.7115-11.5507-11.3641-11.1612-10.9503-10.7359-10.5181
-10.2962-10.0717 -9.8499 -9.6375 -9.4379 -8.9731 -8.4474 -7.7697 -6.9771 -6.1131
 -5.2668 -4.5162 -3.9063 -3.4392 -3.0898 -2.8268 -2.6253 -2.4665 -2.3383 -2.2318
 -2.1415
-11.9489-11.8749-11.7914-11.6855-11.5505-11.3847-11.1940-10.9869-10.7711-10.5497
-10.3229-10.0902 -9.8527 -9.6150 -9.3825 -8.8484 -8.3484 -7.7550 -7.0209 -6.2127
 -5.4012 -4.6535 -4.0170 -3.5079 -3.1160 -2.8176 -2.5886 -2.4089 -2.2651 -2.1475
 -2.0488
-11.8903-11.8150-11.7375-11.6483-11.5358-11.3966-11.2298-11.0367-10.8259-10.6046
-10.3766-10.1416 -9.8993 -9.6508 -9.3992 -8.7920 -8.2496 -7.7100 -7.0650
 [Fe/H] = -0.75 [alpha/Fe] =-0.40 BC value = F218W
-13.0423-12.8890-12.6699-12.4483-12.2153-11.9833-11.7824-11.5977-11.4159-11.2356
-11.0579-10.8823-10.7116-10.5469-10.3870 -9.9973 -9.5963 -9.1503 -8.6481
-12.7630-12.7549-12.6165-12.4063-12.1830-11.9417-11.7132-11.5040-11.3036-11.1106
-10.9195-10.7314-10.5492-10.3741-10.2053 -9.8019 -9.3940 -8.9410 -8.4309 -7.8475
-12.5681-12.4532-12.4343-12.3414-12.1478-11.9255-11.6820-11.4477-11.2296-11.0234
-10.8227-10.6248-10.4327-10.2483-10.0710 -9.6512 -9.2297 -8.7599 -8.2193 -7.5562
 -6.7871
-12.4881-12.3066-12.1631-12.0982-12.0480-11.8883-11.6712-11.4282-11.1894-10.9673
-10.7588-10.5533-10.3530-10.1600 -9.9743 -9.5356 -9.0961 -8.6013 -8.0063 -7.2457
 -6.3999 -5.6438
-12.4316-12.2466-12.0562-11.8935-11.7780-11.7118-11.6081-11.4148-11.1807-10.9391
-10.7190-10.5074-10.2999-10.0987 -9.9046 -9.4449 -8.9847 -8.4598 -7.7952 -6.9449
 -6.0518 -5.2926 -4.7109 -4.2738
-12.3796-12.2093-12.0140-11.8170-11.6399-11.4897-11.3713-11.2750-11.1355-10.9295
-10.6979-10.4794-10.2653-10.0563 -9.8533 -9.3702 -8.8877 -8.3327 -7.6060 -6.6958
 -5.7801 -5.0190 -4.4443 -4.0217 -3.7068 -3.4665 -3.2759 -3.1187 -2.9814 -2.8497
-12.3258-12.1774-11.9945-11.7917-11.5886-11.3994-11.2256-11.0679-10.9317-10.8061
-10.6487-10.4511-10.2425-10.0289 -9.8169 -9.3076 -8.8002 -8.2202 -7.4589 -6.5274
 -5.6053 -4.8360 -4.2535 -3.8260 -3.5110 -3.2723 -3.0840 -2.9316 -2.8051 -2.6984
 -2.5904
-12.2667-12.1425-11.9807-11.7887-11.5804-11.3713-11.1705-10.9797-10.7972-10.6262
-10.4732-10.3267-10.1677 -9.9878 -9.7889 -9.2580 -8.7222 -8.1233 -7.3607 -6.4421
 -5.5276 -4.7468 -4.1425 -3.6953 -3.3660 -3.1186 -2.9237 -2.7676 -2.6414 -2.5377
 -2.4509
-12.2038-12.0993-11.9619-11.7895-11.5908-11.3782-11.1629-10.9519-10.7467-10.5455
-10.3513-10.1702-10.0048 -9.8492 -9.6885 -9.2163 -8.6535 -8.0392 -7.2951 -6.4153
 -5.5237 -4.7353 -4.1029 -3.6248 -3.2699 -3.0039 -2.8001 -2.6388 -2.5070 -2.3962
 -2.3034
-12.1402-12.0509-11.9372-11.7899-11.6105-11.4076-11.1919-10.9715-10.7518-10.5342
-10.3184-10.1065 -9.9034 -9.7144 -9.5398 -9.1189 -8.6109 -7.9887 -7.2741 -6.4495
 -5.5949 -4.8083 -4.1486 -3.6314 -3.2401 -2.9454 -2.7203 -2.5438 -2.4018 -2.2844
 -2.1849
-12.0805-11.9975-11.9020-11.7798-11.6263-11.4426-11.2371-11.0186-10.7940-10.5669
-10.3388-10.1105 -9.8833 -9.6617 -9.4506 -8.9773 -8.5202 -7.9592 -7.2760 -6.5075
 -5.6991 -4.9281 -4.2527 -3.7003 -3.2687 -2.9383 -2.6849 -2.4871 -2.3293 -2.2007
 -2.0903
-12.0295-11.9448-11.8585-11.7571-11.6297-11.4719-11.2861-11.0790-10.8582-10.6294
-10.3962-10.1592 -9.9198 -9.6793 -9.4414 -8.8866 -8.3983 -7.9007 -7.2903
 [Fe/H] = -0.50 [alpha/Fe] =-0.40 BC value = F218W
-13.0514-12.8403-12.6094-12.3870-12.1639-11.9332-11.7276-11.5363-11.3557-11.1801
-11.0073-10.8369-10.6715-10.5127-10.3601 -9.9932 -9.6234 -9.2067 -8.7414
-12.8697-12.7913-12.5893-12.3614-12.1339-11.8940-11.6649-11.4540-11.2532-11.0667
-10.8824-10.7013-10.5260-10.3582-10.1973 -9.8173 -9.4395 -9.0202 -8.5388 -8.0025
-12.6019-12.5621-12.5175-12.3376-12.1167-11.8835-11.6382-11.4053-11.1887-10.9889
-10.7964-10.6071-10.4235-10.2475-10.0791 -9.6837 -9.2931 -8.8562 -8.3509 -7.7674
 -7.0760
-12.5107-12.3365-12.2476-12.2218-12.0842-11.8747-11.6397-11.3904-11.1548-10.9395
-10.7399-10.5443-10.3537-10.1703 -9.9944 -9.5819 -9.1754 -8.7191 -8.1818 -7.5331
 -6.7604 -5.9910
-12.4685-12.2681-12.0813-11.9509-11.8927-11.8121-11.6290-11.3998-11.1512-10.9157
-10.7046-10.5034-10.3070-10.1167 -9.9332 -9.5020 -9.0783 -8.6038 -8.0309 -7.3120
 -6.4719 -5.6745 -5.0218 -4.5208
-12.4353-12.2435-12.0338-11.8373-11.6785-11.5662-11.4878-11.3620-11.1591-10.9209
-10.6871-10.4778-10.2756-10.0788 -9.8878 -9.4367 -8.9948 -8.5047 -7.9010 -7.1245
 -6.2396 -5.4234 -4.7685 -4.2727 -3.8981 -3.6129 -3.3919 -3.2147 -3.0608 -2.9073
-12.4010-12.2297-12.0260-11.8099-11.6044-11.4253-11.2735-11.1498-11.0403-10.8927
-10.6878-10.4654-10.2564-10.0528 -9.8542 -9.3814 -8.9202 -8.4165 -7.7939 -6.9876
 -6.0817 -5.2516 -4.5857 -4.0827 -3.7086 -3.4261 -3.2044 -3.0270 -2.8827 -2.7583
 -2.6333
-12.3592-12.2139-12.0303-11.8183-11.5969-11.3833-11.1882-11.0107-10.8500-10.7084
-10.5757-10.4188-10.2333-10.0357 -9.8326 -9.3364 -8.8522 -8.3350 -7.7075 -6.9021
 -5.9999 -5.1623 -4.4782 -3.9557 -3.5665 -3.2744 -3.0499 -2.8701 -2.7231 -2.6010
 -2.4993
-12.3111-12.1898-12.0298-11.8364-11.6194-11.3935-11.1724-10.9636-10.7672-10.5819
-10.4101-10.2551-10.1066 -9.9538 -9.7867 -9.3000 -8.7883 -8.2533 -7.6292 -6.8494
 -5.9725 -5.1382 -4.4356 -3.8862 -3.4723 -3.1613 -2.9241 -2.7378 -2.5868 -2.4606
 -2.3554
-12.2593-12.1545-12.0223-11.8548-11.6557-11.4360-11.2073-10.9796-10.7594-10.5477
-10.3440-10.1503 -9.9701 -9.8049 -9.6506 -9.2483 -8.7470 -8.1924 -7.5763 -6.8386
 -6.0065 -5.1888 -4.4725 -3.8924 -3.4449 -3.1054 -2.8465 -2.6447 -2.4834 -2.3507
 -2.2389
-12.2088-12.1133-12.0022-11.8620-11.6885-11.4866-11.2658-11.0353-10.8024-10.5725
-10.3478-10.1288 -9.9171 -9.7157 -9.5285 -9.1127 -8.6852 -8.1492 -7.5381 -6.8429
 -6.0654 -5.2787 -4.5619 -3.9575 -3.4750 -3.1011 -2.8137 -2.5900 -2.4126 -2.2686
 -2.1429
-12.1654-12.0698-11.9712-11.8540-11.7084-11.5321-11.3294-11.1085-10.8767-10.6400
-10.4024-10.1667 -9.9342 -9.7064 -9.4863 -8.9905 -8.5562 -8.0928 -7.5184
 [Fe/H] = -0.25 [alpha/Fe] =-0.40 BC value = F218W
-13.0162-12.7813-12.5483-12.3304-12.1136-11.8910-11.6878-11.4889-11.3028-11.1363
-10.9690-10.8039-10.6440-10.4907-10.3439 -9.9965 -9.6535 -9.2820 -8.8480
-12.8465-12.7801-12.5488-12.3149-12.0846-11.8493-11.6256-11.4126-11.2127-11.0334
-10.8563-10.6825-10.5142-10.3531-10.1992 -9.8394 -9.4883 -9.1048 -8.6548 -8.1484
-12.6741-12.6736-12.5325-12.3129-12.0809-11.8386-11.5984-11.3681-11.1551-10.9628
-10.7788-10.5984-10.4233-10.2553-10.0948 -9.7210 -9.3585 -8.9591 -8.4866 -7.9531
 -7.3455
-12.5274-12.3921-12.3753-12.2779-12.0770-11.8485-11.6029-11.3559-11.1257-10.9172
-10.7271-10.5414-10.3606-10.1864-10.0193 -9.6304 -9.2544 -8.8390 -8.3452 -7.7772
 -7.1102 -6.3792
-12.4903-12.2832-12.1215-12.0567-12.0050-11.8371-11.6174-11.3717-11.1237-10.8955
-10.6937-10.5033-10.3175-10.1375 -9.9640 -9.5587 -9.1679 -8.7386 -8.2279 -7.6243
 -6.8996 -6.1203 -5.4135 -4.8404
-12.4750-12.2623-12.0461-11.8654-11.7482-11.6864-11.5786-11.3828-11.1476-10.9008
-10.6762-10.4780-10.2873-10.1019 -9.9222 -9.4995 -9.0930 -8.6523 -8.1307 -7.4976
 -6.7271 -5.9110 -5.1866 -4.6058 -4.1591 -3.8165 -3.5501 -3.3369 -3.1547 -2.9789
-12.4607-12.2650-12.0420-11.8188-11.6229-11.4688-11.3569-11.2653-11.1273-10.9226
-10.6853-10.4647-10.2668-10.0758 -9.8899 -9.4489 -9.0255 -8.5747 -8.0480 -7.3985
 -6.6012 -5.7615 -5.0201 -4.4272 -3.9749 -3.6311 -3.3642 -3.1528 -2.9809 -2.8331
 -2.6893
-12.4411-12.2699-12.0620-11.8323-11.6036-11.3940-11.2145-11.0623-10.9346-10.8160
-10.6678-10.4684-10.2578-10.0593 -9.8663 -9.4060 -8.9633 -8.5019 -7.9737 -7.3227
 -6.5218 -5.6752 -4.9179 -4.3071 -3.8387 -3.4839 -3.2125 -2.9976 -2.8238 -2.6804
 -2.5592
-12.4093-12.2643-12.0821-11.8660-11.6313-11.3965-11.1766-10.9781-10.7991-10.6378
-10.4940-10.3588-10.2051-10.0321 -9.8467 -9.3684 -8.9026 -8.4250 -7.8958 -7.2548
 -6.4720 -5.6345 -4.8692 -4.2386 -3.7479 -3.3745 -3.0898 -2.8665 -2.6880 -2.5422
 -2.4201
-12.3716-12.2479-12.0942-11.9042-11.6837-11.4470-11.2084-10.9789-10.7650-10.5660
-10.3808-10.2108-10.0563 -9.9084 -9.7613 -9.3436 -8.8594 -8.3633 -7.8319 -7.2108
 -6.4646 -5.6541 -4.8903 -4.2406 -3.7225 -3.3225 -3.0160 -2.7782 -2.5893 -2.4333
 -2.3065
-12.3325-12.2209-12.0911-11.9302-11.7353-11.5138-11.2770-11.0358-10.7988-10.5717
-10.3563-10.1523 -9.9608 -9.7832 -9.6191 -9.2450 -8.8218 -8.3125 -7.7732 -7.1718
 -6.4709 -5.7026 -4.9548 -4.2952 -3.7514 -3.3212 -2.9871 -2.7270 -2.5217 -2.3562
 -2.2123
-12.2984-12.1889-12.0744-11.9389-11.7734-11.5770-11.3565-11.1211-10.8788-10.6362
-10.3984-10.1688 -9.9484 -9.7383 -9.5393 -9.1039 -8.7130 -8.2673 -7.7291
 [Fe/H] =  0.00 [alpha/Fe] =-0.40 BC value = F218W
-12.9489-12.7110-12.4856-12.2765-12.0599-11.8424-11.6471-11.4552-11.2682-11.1057
-10.9443-10.7845-10.6298-10.4813-10.3397-10.0079 -9.6695 -9.3174 -8.9545
-12.9013-12.7380-12.4984-12.2666-12.0401-11.8066-11.5928-11.3835-11.1853-11.0124
-10.8424-10.6755-10.5138-10.3588-10.2108 -9.8676 -9.5388 -9.1888 -8.7779 -8.2977
-12.7844-12.7164-12.5122-12.2778-12.0429-11.8011-11.5643-11.3417-11.1326-10.9472
-10.7715-10.5993-10.4322-10.2715-10.1179 -9.7622 -9.4233 -9.0602 -8.6277 -8.1284
 -7.5824
-12.6179-12.4990-12.4609-12.2795-12.0552-11.8185-11.5699-11.3284-11.1051-10.9034
-10.7224-10.5461-10.3744-10.2086-10.0494 -9.6805 -9.3303 -8.9542 -8.5039 -7.9849
 -7.4083 -6.7601
-12.4996-12.3024-12.2031-12.1814-12.0403-11.8303-11.5953-11.3443-11.1015-10.8815
-10.6891-10.5085-10.3327-10.1622 -9.9977 -9.6147 -9.2518 -8.8644 -8.4027 -7.8682
 -7.2621 -6.5707 -5.8647 -5.2367
-12.4963-12.2698-12.0606-11.9196-11.8664-11.7838-11.6002-11.3743-11.1256-10.8844
-10.6694-10.4818-10.3019-10.1270 -9.9573 -9.5593 -9.1829 -8.7852 -8.3181 -7.7740
 -7.1444 -6.4171 -5.6796 -5.0272 -4.4961 -4.0784 -3.7520 -3.4937 -3.2735 -3.0689
-12.5030-12.2829-12.0470-11.8278-11.6572-11.5494-11.4778-11.3520-11.1520-10.9152
-10.6752-10.4654-10.2790-10.0992 -9.9246 -9.5113 -9.1200 -8.7126 -8.2441 -7.6969
 -7.0523 -6.3014 -5.5400 -4.8691 -4.3263 -3.9034 -3.5748 -3.3160 -3.1066 -2.9277
 -2.7599
-12.5047-12.3071-12.0769-11.8345-11.6064-11.4140-11.2639-11.1506-11.0489-10.9067
-10.7062-10.4730-10.2656-10.0789 -9.8981 -9.4689 -9.0610 -8.6428 -8.1748 -7.6307
 -6.9818 -6.2236 -5.4480 -4.7600 -4.2008 -3.7653 -3.4291 -3.1646 -2.9536 -2.7814
 -2.6345
-12.4963-12.3228-12.1157-11.8787-11.6315-11.3955-11.1860-11.0070-10.8551-10.7250
-10.6017-10.4569-10.2644-10.0653 -9.8767 -9.4292 -9.0017 -8.5686 -8.0977 -7.5598
 -6.9196 -6.1686 -5.3924 -4.6924 -4.1154 -3.6621 -3.3121 -3.0401 -2.8231 -2.6469
 -2.5018
-12.4638-12.3264-12.1489-11.9357-11.6956-11.4459-11.2034-10.9794-10.7789-10.5996
-10.4391-10.2956-10.1611-10.0111 -9.8482 -9.4044 -8.9558 -8.5065 -8.0321 -7.5040
 -6.8824 -6.1550 -5.3914 -4.6858 -4.0909 -3.6150 -3.2442 -2.9559 -2.7284 -2.5448
 -2.3927
-12.4335-12.3167-12.1650-11.9823-11.7660-11.5258-11.2757-11.0280-10.7925-10.5741
-10.3736-10.1896-10.0221 -9.8699 -9.7226 -9.3556 -8.9211 -8.4511 -7.9674 -7.4461
 -6.8488 -6.1571 -5.4207 -4.7210 -4.1134 -3.6152 -3.2201 -2.9102 -2.6659 -2.4702
 -2.3043
-12.4052-12.2936-12.1646-12.0102-11.8235-11.6078-11.3697-11.1207-10.8702-10.6254
-10.3924-10.1740 -9.9701 -9.7813 -9.4999 -9.2828 -8.8976 -8.4024 -7.9036
 [Fe/H] =  0.25 [alpha/Fe] =-0.40 BC value = F218W
-12.8848-12.6463-12.4294-12.2321-12.0164-11.8072-11.6116-11.4262-11.2437-11.0873
-10.9310-10.7771-10.6276-10.4842-10.3473-10.0278 -9.7090 -9.3841 -9.0550
-12.9238-12.6861-12.4479-12.2210-12.0013-11.7741-11.5603-11.3597-11.1660-11.0006
-10.8376-10.6777-10.5227-10.3738-10.2313 -9.9019 -9.5908 -9.2682 -8.8979 -8.4535
-12.7552-12.7112-12.4736-12.2401-12.0078-11.7693-11.5365-11.3205-11.1154-10.9391
-10.7712-10.6072-10.4479-10.2944-10.1472 -9.8069 -9.4871 -9.1543 -8.7654 -8.3025
 -7.7959
-12.6086-12.6130-12.4809-12.2617-12.0276-11.7893-11.5418-11.3067-11.0903-10.8957
-10.7234-10.5558-10.3930-10.2354-10.0837 -9.7322 -9.4029 -9.0599 -8.6557 -8.1760
 -7.6540 -7.0878
-12.5049-12.3469-12.3297-12.2380-12.0396-11.8123-11.5691-11.3192-11.0847-10.8719
-10.6885-10.5175-10.3512-10.1899-10.0338 -9.6705 -9.3309 -8.9787 -8.5647 -8.0741
 -7.5396 -6.9523 -6.3132 -5.6718
-12.5031-12.2732-12.0915-12.0241-11.9762-11.8103-11.5952-11.3549-11.1045-10.8716
-10.6657-10.4882-10.3183-10.1533 -9.9931 -9.6173 -9.2663 -8.9055 -8.4865 -7.9917
 -7.4483 -6.8432 -6.1766 -5.5106 -4.9136 -4.4128 -4.0145 -3.6943 -3.4243 -3.1820
-12.5257-12.2863-12.0472-11.8472-11.7257-11.6712-11.5644-11.3740-11.1454-10.8980
-10.6666-10.4676-10.2919-10.1230 -9.9586 -9.5701 -9.2059 -8.8362 -8.4154 -7.9224
 -7.3747 -6.7575 -6.0700 -5.3822 -4.7666 -4.2588 -3.8503 -3.5260 -3.2683 -3.0482
 -2.8496
-12.5487-12.3254-12.0771-11.8308-11.6155-11.4547-11.3511-11.2685-11.1348-10.9354
-10.6997-10.4688-10.2730-10.0976 -9.9287 -9.5273 -9.1488 -8.7684 -8.3466 -7.8598
 -7.3126 -6.6913 -5.9927 -5.2899 -4.6575 -4.1328 -3.7167 -3.3882 -3.1256 -2.9108
 -2.7305
-12.5712-12.3635-12.1309-11.8763-11.6238-11.3958-11.2073-11.0599-10.9449-10.8365
-10.6956-10.5013-10.2730-10.0775 -9.9008 -9.4844 -9.0897 -8.6950 -8.2684 -7.7875
 -7.2466 -6.6293 -5.9331 -5.2235 -4.5791 -4.0392 -3.6081 -3.2687 -2.9993 -2.7825
 -2.6058
-12.5519-12.3887-12.1862-11.9487-11.6913-11.4347-11.1957-10.9857-10.8075-10.6561
-10.5253-10.4016-10.2634-10.0775 -9.8881 -9.4528 -9.0403 -8.6311 -8.1998 -7.7271
 -7.1985 -6.5936 -5.9104 -5.2050 -4.5530 -3.9973 -3.5480 -3.1928 -2.9121 -2.6848
 -2.5032
-12.5334-12.3997-12.2262-12.0171-11.7779-11.5206-11.2617-11.0140-10.7870-10.5847
-10.4057-10.2473-10.1059 -9.9744 -9.8267 -9.4268 -8.9989 -8.5710 -8.1306 -7.6623
 -7.1475 -6.5621 -5.9027 -5.2135 -4.5627 -3.9956 -3.5282 -3.1537 -2.8566 -2.6195
 -2.4245
-12.5156-12.3964-12.2409-12.0656-11.8571-11.6196-11.3649-11.1058-10.8519-10.6112
-10.3893-10.1877-10.0055 -9.8414 -9.7166 -9.4064 -8.9655 -8.5147 -8.0608
 [Fe/H] =  0.50 [alpha/Fe] =-0.40 BC value = F218W
-12.7981-12.5827-12.3807-12.1910-11.9752-11.7760-11.5890-11.4102-11.2404-11.0804
-10.9290-10.7806-10.6365-10.4981-10.3653-10.0559 -9.7558 -9.4622 -9.1431
-12.8750-12.6295-12.3990-12.1822-11.9654-11.7449-11.5394-11.3457-11.1591-10.9990
-10.8420-10.6887-10.5402-10.3971-10.2599 -9.9422 -9.6451 -9.3436 -9.0082 -8.6083
-12.8896-12.6795-12.4381-12.2020-11.9782-11.7413-11.5153-11.3071-11.1057-10.9390
-10.7785-10.6218-10.4698-10.3231-10.1820 -9.8552 -9.5509 -9.2416 -8.8920 -8.4715
 -7.9979
-12.6423-12.6659-12.4695-12.2349-11.9979-11.7611-11.5178-11.2914-11.0823-10.8948
-10.7306-10.5712-10.4163-10.2663-10.1216 -9.7854 -9.4732 -9.1562 -8.7945 -8.3577
 -7.8720 -7.3591
-12.5176-12.4459-12.4196-12.2471-12.0250-11.7895-11.5455-11.2996-11.0736-10.8677
-10.6937-10.5312-10.3735-10.2206-10.0723 -9.7263 -9.4056 -9.0814 -8.7047 -8.2645
 -7.7697 -7.2481 -6.6910 -6.1009
-12.5011-12.2826-12.1640-12.1477-12.0147-11.8102-11.5799-11.3330-11.0877-10.8645
-10.6667-10.4987-10.3379-10.1819-10.0304 -9.6743 -9.3438 -9.0127 -8.6381 -8.1875
 -7.6867 -7.1586 -6.5892 -5.9830 -5.3754 -4.8164 -4.3372 -3.9472 -3.6147 -3.3247
-12.5309-12.2815-12.0514-11.8934-11.8424-11.7651-11.5889-11.3708-11.1293-10.8827
-10.6628-10.4732-10.3074-10.1481 -9.9933 -9.6268 -9.2856 -8.9464 -8.5693 -8.1207
 -7.6189 -7.0859 -6.5078 -5.8852 -5.2607 -4.6888 -4.1967 -3.7965 -3.4751 -3.2020
 -2.9634
-12.5739-12.3272-12.0692-11.8291-11.6420-11.5342-11.4714-11.3507-11.1596-10.9309
-10.6869-10.4674-10.2827-10.1179 -9.9591 -9.5824 -9.2291 -8.8806 -8.5008 -8.0580
 -7.5599 -7.0260 -6.4432 -5.8104 -5.1719 -4.5838 -4.0819 -3.6717 -3.3422 -3.0773
 -2.8530
-12.6256-12.3833-12.1293-11.8651-11.6163-11.4072-11.2538-11.1509-11.0599-10.9243
-10.7291-10.4941-10.2737-10.0901 -9.9248 -9.5362 -9.1695 -8.8081 -8.4221 -7.9835
 -7.4926 -6.9616 -6.3808 -5.7466 -5.1012 -4.5019 -3.9879 -3.5673 -3.2297 -2.9583
 -2.7391
-12.6343-12.4342-12.2033-11.9451-11.6773-11.4214-11.1946-11.0084-10.8625-10.7456
-10.6349-10.5001-10.3138-10.0904 -9.9035 -9.4974 -9.1163 -8.7420 -8.3502 -7.9183
 -7.4403 -6.9180 -6.3447 -5.7165 -5.0708 -4.4637 -3.9372 -3.5027 -3.1535 -2.8689
 -2.6455
-12.6748-12.4799-12.2651-12.0327-11.7735-11.5047-11.2435-11.0026-10.7916-10.6129
-10.4622-10.3322-10.2107-10.0798 -9.8978 -9.4659 -9.0673 -8.6768 -8.2759 -7.8470
 -7.3816 -6.8731 -6.3129 -5.6992 -5.0623 -4.4550 -3.9193 -3.4708 -3.1071 -2.8151
 -2.5786
-12.7469-12.5204-12.3033-12.1035-11.8724-11.6155-11.3482-11.0842-10.8326-10.6017
-10.3972-10.2182-10.0617 -9.9234 -9.9077 -9.4417 -9.0225 -8.6125 -8.1992
 [Fe/H] =  0.75 [alpha/Fe] =-0.40 BC value = F218W
-12.7294-12.5276-12.3368-12.1561-11.9429-11.7568-11.5794-11.4052-11.2381-11.0815
-10.9354-10.7924-10.6534-10.5197-10.3911-10.0904 -9.8013 -9.5273 -9.2244
-12.8048-12.5720-12.3536-12.1484-11.9351-11.7241-11.5272-11.3365-11.1588-11.0012
-10.8534-10.7064-10.5639-10.4264-10.2944 -9.9875 -9.7015 -9.4178 -9.1071 -8.7462
-12.8687-12.6343-12.3952-12.1656-11.9488-11.7178-11.5012-11.2998-11.1041-10.9449
-10.7910-10.6413-10.4963-10.3561-10.2210 -9.9069 -9.6152 -9.3239 -9.0049 -8.6257
 -8.1874
-12.8085-12.6695-12.4425-12.2036-11.9697-11.7381-11.5000-11.2813-11.0796-10.8990
-10.7421-10.5900-10.4425-10.2998-10.1619 -9.8402 -9.5424 -9.2455 -8.9178 -8.5245
 -8.0734 -7.5955
-12.5599-12.5613-12.4482-12.2363-12.0034-11.7671-11.5238-11.2858-11.0675-10.8680
-10.7026-10.5479-10.3980-10.2528-10.1121 -9.7824 -9.4776 -9.1752 -8.8415 -8.4395
 -7.9789 -7.4948 -6.9919 -6.4668
-12.4976-12.3131-12.2846-12.2101-12.0212-11.7987-11.5624-11.3150-11.0761-10.8617
-10.6716-10.5120-10.3594-10.2116-10.0682 -9.7302 -9.4173 -9.1095 -8.7718 -8.3670
 -7.9008 -7.4115 -6.9046 -6.3724 -5.8157 -5.2505 -4.7192 -4.2551 -3.8506 -3.5025
-12.5244-12.2758-12.0710-11.9893-11.9513-11.7970-11.5907-11.3589-11.1122-10.8729
-10.6626-10.4820-10.3250-10.1743-10.0281 -9.6818 -9.3600 -9.0454 -8.7052 -8.3018
 -7.8352 -7.3425 -6.8321 -6.2943 -5.7284 -5.1525 -4.6091 -4.1316 -3.7347 -3.3964
 -3.1077
-12.5810-12.3175-12.0597-11.8385-11.7026-11.6536-11.5558-11.3768-11.1589-10.9174
-10.6777-10.4695-10.2947-10.1394 -9.9899 -9.6354 -9.3037 -8.9811 -8.6378 -8.2387
 -7.7773 -7.2838 -6.7718 -6.2302 -5.6571 -5.0722 -4.5222 -4.0331 -3.6210 -3.2892
 -3.0099
-12.6566-12.3854-12.1169-11.8512-11.6160-11.4405-11.3401-11.2677-11.1419-10.9526
-10.7242-10.4849-10.2767-10.1044 -9.9493 -9.5855 -9.2430 -8.9098 -8.5602 -8.1625
 -7.7085 -7.2182 -6.7071 -6.1667 -5.5916 -5.0016 -4.4391 -3.9409 -3.5247 -3.1840
 -2.9091
-12.6936-12.4582-12.2029-11.9301-11.6589-11.4119-11.2075-11.0578-10.9534-10.8578
-10.7272-10.5403-10.3081-10.0934 -9.9181 -9.5398 -9.1859 -8.8416 -8.4861 -8.0929
 -7.6519 -7.1719 -6.6656 -6.1288 -5.5557 -4.9646 -4.3969 -3.8900 -3.4625 -3.1126
 -2.8287
-12.7774-12.5359-12.2868-12.0312-11.7565-11.4825-11.2259-10.9995-10.8137-10.6677
-10.5497-10.4397-10.3129-10.1353 -9.9145 -9.4978 -9.1293 -8.7717 -8.4071 -8.0152
 -7.5861 -7.1206 -6.6245 -6.0957 -5.5304 -4.9445 -4.3770 -3.8646 -3.4273 -3.0671
 -2.7738
-12.9080-12.6185-12.3518-12.1241-11.8706-11.5978-11.3234-11.0600-10.8169-10.6032
-10.4231-10.2727-10.1441-10.0258 -9.9385 -9.4595 -9.0732 -8.7001 -8.3232
 [Fe/H] =  1.00 [alpha/Fe] =-0.40 BC value = F218W
-12.6550-12.4844-12.3074-12.1249-11.9222-11.7285-11.5499-11.3837-11.2278-11.0803
-10.9397-10.8045-10.6735-10.5457-10.4208-10.1287 -9.8480 -9.5645 -9.2849
-12.7517-12.5208-12.3118-12.1227-11.9129-11.7097-11.5196-11.3358-11.1644-11.0150
-10.8698-10.7286-10.5918-10.4596-10.3324-10.0352 -9.7585 -9.4802 -9.1913 -8.8626
-12.8317-12.5839-12.3523-12.1355-11.9257-11.7003-11.4922-11.2958-11.1086-10.9558
-10.8080-10.6647-10.5258-10.3917-10.2624 -9.9602 -9.6794 -9.4018 -9.1053 -8.7608
 -8.3580
-12.8427-12.6453-12.4073-12.1707-11.9480-11.7182-11.4865-11.2752-11.0799-10.9074
-10.7572-10.6118-10.4712-10.3352-10.2037 -9.8959 -9.6107 -9.3293 -9.0269 -8.6714
 -8.2553 -7.8069
-12.6577-12.6243-12.4447-12.2151-11.9792-11.7506-11.5072-11.2752-11.0646-10.8702
-10.7144-10.5669-10.4241-10.2861-10.1523 -9.8382 -9.5476 -9.2627 -8.9561 -8.5944
 -8.1694 -7.7139 -7.2441 -6.7595
-12.5013-12.3927-12.3806-12.2280-12.0131-11.7817-11.5473-11.2989-11.0686-10.8620
-10.6791-10.5275-10.3823-10.2420-10.1059 -9.7849 -9.4878 -9.1987 -8.8897 -8.5262
 -8.0972 -7.6362 -7.1627 -6.6768 -6.1756 -5.6558 -5.1225 -4.6070 -4.1323 -3.7197
-12.5134-12.2758-12.1253-12.1094-11.9976-11.8044-11.5821-11.3456-11.0975-10.8668
-10.6658-10.4930-10.3439-10.2011-10.0626 -9.7347 -9.4301 -9.1355 -8.8248 -8.4626
 -8.0346 -7.5701 -7.0941 -6.6068 -6.1046 -5.5811 -5.0408 -4.5185 -4.0478 -3.6363
 -3.2881
-12.5700-12.3034-12.0550-11.8706-11.8103-11.7483-11.5869-11.3812-11.1496-10.9036
-10.6721-10.4744-10.3083-10.1615-10.0204 -9.6858 -9.3731 -9.0719 -8.7583 -8.3988
 -7.9766 -7.5126 -7.0345 -6.5466 -6.0433 -5.5173 -4.9727 -4.4403 -3.9614 -3.5531
 -3.2072
-12.6653-12.3738-12.0995-11.8410-11.6313-11.5116-11.4563-11.3483-11.1707-10.9528
-10.7100-10.4791-10.2824-10.1200 -9.9744 -9.6326 -9.3113 -9.0012 -8.6818 -8.3228
 -7.9067 -7.4464 -6.9685 -6.4810 -5.9787 -5.4527 -4.9076 -4.3716 -3.8828 -3.4671
 -3.1241
-12.7281-12.4626-12.1894-11.9096-11.6430-11.4133-11.2450-11.1449-11.0660-10.9431
-10.7609-10.5361-10.2999-10.0979 -9.9341 -9.5806 -9.2506 -8.9316 -8.6067 -8.2503
 -7.8455 -7.3967 -6.9242 -6.4392 -5.9387 -5.4137 -4.8699 -4.3325 -3.8402 -3.4130
 -3.0605
-12.8564-12.5698-12.2899-12.0164-11.7338-11.4612-11.2156-11.0127-10.8630-10.7556
-10.6584-10.5361-10.3606-10.1303 -9.9175 -9.5283 -9.1868 -8.8571 -8.5243 -8.1679
 -7.7730 -7.3393 -6.8779 -6.3990 -5.9028 -5.3822 -4.8434 -4.3092 -3.8138 -3.3822
 -3.0207
-13.0505-12.6954-12.4010-12.1276-11.8561-11.5737-11.2978-11.0401-10.8118-10.6231
-10.4749-10.3558-10.2477-10.1299 -9.9246 -9.4757 -9.1199 -8.7777 -8.4346
