 [Fe/H] = -2.00 [alpha/Fe] =-0.40 BC value = F125W
  0.9453  0.8333  0.6735  0.6557  0.6620  0.6883  0.7389  0.7568  0.7724  0.7861
  0.7921  0.7923  0.7885  0.7821  0.7719  0.7275  0.6686  0.5843  0.4741
  0.8700  0.8424  0.8164  0.7824  0.7393  0.7220  0.7308  0.7446  0.7562  0.7633
  0.7654  0.7634  0.7579  0.7493  0.7375  0.6931  0.6259  0.5429  0.4540  0.3635
  0.9100  0.8793  0.8548  0.8328  0.8098  0.7781  0.7486  0.7410  0.7447  0.7489
  0.7476  0.7424  0.7345  0.7240  0.7111  0.6662  0.6015  0.5208  0.4336  0.3451
  0.2566
  0.9517  0.9154  0.8868  0.8629  0.8415  0.8209  0.7981  0.7706  0.7510  0.7429
  0.7378  0.7302  0.7196  0.7069  0.6924  0.6458  0.5824  0.5037  0.4174  0.3299
  0.2431  0.1566
  0.9963  0.9540  0.9197  0.8916  0.8671  0.8445  0.8228  0.8014  0.7777  0.7554
  0.7384  0.7253  0.7122  0.6973  0.6807  0.6315  0.5682  0.4905  0.4050  0.3177
  0.2314  0.1460  0.0614 -0.0233
  1.0415  0.9955  0.9554  0.9220  0.8933  0.8674  0.8428  0.8191  0.7960  0.7733
  0.7505  0.7296  0.7116  0.6941  0.6755  0.6226  0.5587  0.4819  0.3968  0.3086
  0.2217  0.1365  0.0525 -0.0306 -0.1136 -0.1967 -0.2804 -0.3646 -0.4495 -0.5352
  1.0837  1.0368  0.9938  0.9551  0.9217  0.8919  0.8642  0.8375  0.8114  0.7863
  0.7621  0.7386  0.7164  0.6954  0.6748  0.6185  0.5532  0.4777  0.3926  0.3033
  0.2149  0.1286  0.0443 -0.0384 -0.1199 -0.2001 -0.2801 -0.3612 -0.4445 -0.5299
 -0.6145
  1.1196  1.0743  1.0311  0.9902  0.9526  0.9186  0.8874  0.8579  0.8291  0.8012
  0.7741  0.7480  0.7233  0.6996  0.6767  0.6175  0.5508  0.4757  0.3916  0.3019
  0.2116  0.1233  0.0377 -0.0456 -0.1272 -0.2072 -0.2858 -0.3641 -0.4435 -0.5249
 -0.6090
  1.1457  1.1041  1.0632  1.0239  0.9839  0.9468  0.9122  0.8797  0.8484  0.8181
  0.7885  0.7597  0.7320  0.7057  0.6804  0.6176  0.5497  0.4744  0.3916  0.3023
  0.2108  0.1204  0.0325 -0.0527 -0.1353 -0.2158 -0.2947 -0.3724 -0.4502 -0.5282
 -0.6065
  1.1587  1.1225  1.0860  1.0492  1.0123  0.9752  0.9385  0.9035  0.8697  0.8372
  0.8055  0.7745  0.7443  0.7154  0.6874  0.6196  0.5504  0.4752  0.3935  0.3057
  0.2144  0.1227  0.0326 -0.0549 -0.1395 -0.2213 -0.3009 -0.3785 -0.4549 -0.5306
 -0.6071
  1.1561  1.1275  1.0972  1.0655  1.0324  0.9982  0.9630  0.9272  0.8919  0.8574
  0.8239  0.7911  0.7589  0.7274  0.6967  0.6236  0.5517  0.4765  0.3954  0.3091
  0.2189  0.1273  0.0361 -0.0535 -0.1404 -0.2244 -0.3057 -0.3844 -0.4610 -0.5363
 -0.6107
  1.1393  1.1229  1.1012  1.0754  1.0463  1.0148  0.9816  0.9473  0.9124  0.8774
  0.8426  0.8083  0.7745  0.7413  0.7086  0.6298  0.5542  0.4779  0.3975
 [Fe/H] = -1.50 [alpha/Fe] =-0.40 BC value = F125W
  0.7302  0.6679  0.6424  0.6625  0.6898  0.7161  0.7370  0.7527  0.7663  0.7772
  0.7827  0.7828  0.7782  0.7700  0.7585  0.7151  0.6561  0.5793  0.4837
  0.7867  0.7633  0.7230  0.6779  0.6812  0.7020  0.7206  0.7343  0.7456  0.7540
  0.7569  0.7545  0.7479  0.7380  0.7254  0.6825  0.6234  0.5475  0.4607  0.3705
  0.8252  0.8050  0.7880  0.7660  0.7262  0.7030  0.7117  0.7241  0.7328  0.7386
  0.7396  0.7354  0.7271  0.7157  0.7018  0.6574  0.5991  0.5257  0.4413  0.3531
  0.2643
  0.8652  0.8390  0.8208  0.8074  0.7916  0.7664  0.7346  0.7224  0.7262  0.7299
  0.7294  0.7236  0.7139  0.7010  0.6859  0.6394  0.5808  0.5089  0.4262  0.3391
  0.2517  0.1647
  0.9107  0.8760  0.8515  0.8329  0.8169  0.8020  0.7843  0.7620  0.7387  0.7285
  0.7244  0.7178  0.7069  0.6927  0.6763  0.6275  0.5679  0.4966  0.4149  0.3282
  0.2412  0.1551  0.0697 -0.0162
  0.9578  0.9187  0.8857  0.8612  0.8411  0.8231  0.8066  0.7904  0.7719  0.7501
  0.7313  0.7175  0.7045  0.6894  0.6718  0.6205  0.5597  0.4885  0.4073  0.3203
  0.2327  0.1466  0.0618 -0.0221 -0.1053 -0.1885 -0.2725 -0.3579 -0.4447 -0.5311
  1.0116  0.9666  0.9256  0.8935  0.8679  0.8456  0.8251  0.8061  0.7878  0.7691
  0.7490  0.7277  0.7082  0.6902  0.6715  0.6176  0.5553  0.4839  0.4032  0.3158
  0.2269  0.1396  0.0544 -0.0291 -0.1116 -0.1932 -0.2747 -0.3567 -0.4398 -0.5245
 -0.6105
  1.0646  1.0175  0.9705  0.9310  0.8985  0.8713  0.8467  0.8236  0.8016  0.7805
  0.7599  0.7386  0.7166  0.6947  0.6738  0.6181  0.5540  0.4822  0.4019  0.3146
  0.2243  0.1352  0.0486 -0.0356 -0.1180 -0.1984 -0.2778 -0.3574 -0.4380 -0.5204
 -0.6050
  1.1128  1.0664  1.0174  0.9728  0.9339  0.9005  0.8712  0.8444  0.8187  0.7940
  0.7702  0.7469  0.7237  0.7005  0.6774  0.6195  0.5545  0.4817  0.4017  0.3149
  0.2239  0.1328  0.0440 -0.0420 -0.1254 -0.2068 -0.2867 -0.3661 -0.4452 -0.5238
 -0.6021
  1.1526  1.1085  1.0604  1.0162  0.9733  0.9346  0.8999  0.8688  0.8395  0.8115
  0.7843  0.7580  0.7323  0.7072  0.6825  0.6214  0.5563  0.4836  0.4040  0.3182
  0.2276  0.1355  0.0446 -0.0437 -0.1290 -0.2117 -0.2922 -0.3708 -0.4481 -0.5247
 -0.6021
  1.1811  1.1427  1.0982  1.0558  1.0120  0.9714  0.9327  0.8969  0.8637  0.8324
  0.8022  0.7728  0.7443  0.7165  0.6896  0.6243  0.5580  0.4857  0.4066  0.3219
  0.2325  0.1405  0.0485 -0.0418 -0.1295 -0.2143 -0.2964 -0.3761 -0.4536 -0.5298
 -0.6050
  1.1998  1.1692  1.1307  1.0903  1.0488  1.0073  0.9670  0.9283  0.8914  0.8565
  0.8234  0.7912  0.7599  0.7294  0.6998  0.6292  0.5600  0.4876  0.4093
 [Fe/H] = -1.00 [alpha/Fe] =-0.40 BC value = F125W
  0.6201  0.6160  0.6524  0.6861  0.7189  0.7438  0.7546  0.7618  0.7693  0.7767
  0.7805  0.7800  0.7748  0.7656  0.7532  0.7099  0.6512  0.5793  0.4941
  0.7221  0.6679  0.6405  0.6695  0.6982  0.7213  0.7355  0.7428  0.7498  0.7556
  0.7578  0.7553  0.7482  0.7374  0.7237  0.6789  0.6213  0.5519  0.4703  0.3813
  0.7624  0.7516  0.7214  0.6772  0.6860  0.7080  0.7234  0.7315  0.7367  0.7412
  0.7421  0.7385  0.7302  0.7182  0.7034  0.6568  0.5991  0.5309  0.4518  0.3651
  0.2760
  0.7939  0.7830  0.7759  0.7612  0.7264  0.7049  0.7154  0.7253  0.7294  0.7319
  0.7319  0.7275  0.7186  0.7058  0.6900  0.6415  0.5831  0.5152  0.4376  0.3525
  0.2647  0.1768
  0.8326  0.8114  0.8007  0.7938  0.7841  0.7652  0.7357  0.7234  0.7261  0.7272
  0.7260  0.7209  0.7116  0.6983  0.6818  0.6316  0.5721  0.5040  0.4270  0.3428
  0.2556  0.1685  0.0821 -0.0038
  0.8799  0.8471  0.8271  0.8150  0.8061  0.7964  0.7828  0.7628  0.7395  0.7277
  0.7235  0.7179  0.7083  0.6945  0.6776  0.6258  0.5652  0.4965  0.4197  0.3358
  0.2486  0.1614  0.0755 -0.0096 -0.0939 -0.1783 -0.2636 -0.3505 -0.4385 -0.5244
  0.9344  0.8913  0.8604  0.8397  0.8251  0.8127  0.8006  0.7876  0.7720  0.7522
  0.7329  0.7193  0.7076  0.6938  0.6766  0.6233  0.5614  0.4922  0.4152  0.3316
  0.2439  0.1559  0.0696 -0.0153 -0.0990 -0.1817 -0.2642 -0.3476 -0.4326 -0.5189
 -0.6038
  0.9929  0.9427  0.9020  0.8714  0.8490  0.8314  0.8157  0.8007  0.7856  0.7697
  0.7519  0.7324  0.7134  0.6957  0.6776  0.6235  0.5603  0.4904  0.4135  0.3300
  0.2419  0.1527  0.0651 -0.0205 -0.1041 -0.1865 -0.2677 -0.3486 -0.4301 -0.5132
 -0.5983
  1.0517  0.9976  0.9500  0.9107  0.8796  0.8550  0.8342  0.8154  0.7972  0.7794
  0.7614  0.7425  0.7225  0.7014  0.6804  0.6253  0.5610  0.4902  0.4129  0.3296
  0.2415  0.1511  0.0616 -0.0256 -0.1104 -0.1931 -0.2745 -0.3554 -0.4358 -0.5157
 -0.5951
  1.1070  1.0521  1.0018  0.9563  0.9175  0.8852  0.8582  0.8345  0.8124  0.7912
  0.7705  0.7498  0.7289  0.7071  0.6846  0.6271  0.5640  0.4927  0.4154  0.3325
  0.2449  0.1541  0.0630 -0.0263 -0.1129 -0.1969 -0.2788 -0.3589 -0.4376 -0.5157
 -0.5938
  1.1557  1.1039  1.0530  1.0048  0.9608  0.9220  0.8882  0.8588  0.8323  0.8073
  0.7832  0.7595  0.7362  0.7128  0.6891  0.6286  0.5661  0.4963  0.4190  0.3366
  0.2498  0.1593  0.0673 -0.0239 -0.1127 -0.1987 -0.2821 -0.3631 -0.4421 -0.5196
 -0.5962
  1.1979  1.1491  1.1000  1.0521  1.0063  0.9634  0.9242  0.8890  0.8572  0.8280
  0.8004  0.7734  0.7471  0.7212  0.6956  0.6316  0.5674  0.4990  0.4230
 [Fe/H] = -0.75 [alpha/Fe] =-0.40 BC value = F125W
  0.6044  0.6326  0.6728  0.7042  0.7340  0.7576  0.7675  0.7713  0.7742  0.7796
  0.7821  0.7811  0.7757  0.7663  0.7536  0.7100  0.6516  0.5812  0.4996
  0.6816  0.6266  0.6507  0.6869  0.7133  0.7355  0.7472  0.7521  0.7554  0.7597
  0.7608  0.7581  0.7511  0.7402  0.7262  0.6806  0.6227  0.5546  0.4758  0.3884
  0.7429  0.7240  0.6719  0.6713  0.7003  0.7205  0.7342  0.7401  0.7427  0.7459
  0.7460  0.7423  0.7343  0.7225  0.7075  0.6600  0.6018  0.5344  0.4577  0.3727
  0.2837
  0.7696  0.7660  0.7578  0.7255  0.6963  0.7111  0.7259  0.7334  0.7352  0.7366
  0.7360  0.7317  0.7232  0.7108  0.6951  0.6460  0.5870  0.5196  0.4439  0.3605
  0.2730  0.1847
  0.8018  0.7893  0.7859  0.7811  0.7656  0.7346  0.7217  0.7289  0.7323  0.7314
  0.7297  0.7249  0.7162  0.7034  0.6873  0.6369  0.5769  0.5091  0.4336  0.3513
  0.2646  0.1771  0.0901  0.0034
  0.8439  0.8189  0.8067  0.8012  0.7956  0.7858  0.7672  0.7426  0.7316  0.7300
  0.7266  0.7211  0.7122  0.6993  0.6830  0.6314  0.5703  0.5020  0.4265  0.3446
  0.2583  0.1709  0.0844 -0.0013 -0.0866 -0.1722 -0.2585 -0.3455 -0.4331 -0.5198
  0.8948  0.8581  0.8344  0.8206  0.8118  0.8036  0.7937  0.7802  0.7612  0.7408
  0.7279  0.7199  0.7107  0.6978  0.6813  0.6288  0.5667  0.4978  0.4222  0.3404
  0.2541  0.1662  0.0793 -0.0062 -0.0906 -0.1745 -0.2582 -0.3424 -0.4276 -0.5142
 -0.5984
  0.9519  0.9061  0.8714  0.8472  0.8308  0.8184  0.8069  0.7947  0.7809  0.7650
  0.7462  0.7277  0.7127  0.6983  0.6818  0.6287  0.5656  0.4961  0.4203  0.3386
  0.2523  0.1637  0.0758 -0.0104 -0.0949 -0.1782 -0.2604 -0.3423 -0.4247 -0.5083
 -0.5936
  1.0117  0.9599  0.9164  0.8824  0.8569  0.8376  0.8215  0.8066  0.7915  0.7758
  0.7591  0.7409  0.7218  0.7026  0.6837  0.6303  0.5661  0.4958  0.4196  0.3380
  0.2517  0.1624  0.0730 -0.0148 -0.1004 -0.1840 -0.2663 -0.3474 -0.4279 -0.5088
 -0.5902
  1.0705  1.0163  0.9674  0.9255  0.8913  0.8638  0.8414  0.8219  0.8035  0.7854
  0.7672  0.7484  0.7289  0.7086  0.6873  0.6322  0.5692  0.4984  0.4221  0.3407
  0.2547  0.1653  0.0747 -0.0150 -0.1022 -0.1870 -0.2698 -0.3508 -0.4305 -0.5094
 -0.5883
  1.1251  1.0712  1.0200  0.9735  0.9326  0.8976  0.8681  0.8428  0.8199  0.7984
  0.7773  0.7562  0.7350  0.7134  0.6912  0.6330  0.5717  0.5022  0.4259  0.3447
  0.2593  0.1702  0.0790 -0.0122 -0.1015 -0.1882 -0.2724 -0.3543 -0.4342 -0.5126
 -0.5900
  1.1745  1.1221  1.0711  1.0226  0.9779  0.9375  0.9016  0.8701  0.8419  0.8161
  0.7915  0.7675  0.7437  0.7199  0.6961  0.6349  0.5725  0.5055  0.4305
 [Fe/H] = -0.50 [alpha/Fe] =-0.40 BC value = F125W
  0.6151  0.6590  0.6961  0.7233  0.7463  0.7676  0.7774  0.7813  0.7817  0.7848
  0.7855  0.7836  0.7780  0.7686  0.7557  0.7119  0.6539  0.5844  0.5053
  0.6324  0.6301  0.6724  0.7062  0.7286  0.7470  0.7572  0.7613  0.7634  0.7657
  0.7654  0.7621  0.7552  0.7443  0.7303  0.6843  0.6262  0.5584  0.4816  0.3963
  0.7266  0.6785  0.6543  0.6889  0.7171  0.7341  0.7447  0.7491  0.7507  0.7524
  0.7513  0.7472  0.7395  0.7279  0.7130  0.6653  0.6066  0.5392  0.4640  0.3810
  0.2926
  0.7542  0.7533  0.7285  0.6877  0.7038  0.7258  0.7373  0.7424  0.7431  0.7431
  0.7415  0.7369  0.7287  0.7167  0.7014  0.6523  0.5928  0.5253  0.4507  0.3693
  0.2826  0.1939
  0.7789  0.7752  0.7759  0.7655  0.7336  0.7186  0.7315  0.7390  0.7396  0.7374
  0.7350  0.7299  0.7215  0.7094  0.6939  0.6437  0.5833  0.5155  0.4410  0.3603
  0.2747  0.1871  0.0995  0.0122
  0.8137  0.7978  0.7935  0.7927  0.7870  0.7703  0.7446  0.7360  0.7382  0.7359
  0.7313  0.7256  0.7170  0.7049  0.6893  0.6384  0.5772  0.5088  0.4341  0.3538
  0.2689  0.1817  0.0947  0.0083 -0.0777 -0.1640 -0.2510 -0.3394 -0.4283 -0.5144
  0.8589  0.8304  0.8147  0.8080  0.8040  0.7977  0.7867  0.7689  0.7481  0.7368
  0.7309  0.7238  0.7147  0.7026  0.6871  0.6358  0.5737  0.5048  0.4300  0.3497
  0.2651  0.1779  0.0907  0.0045 -0.0808 -0.1655 -0.2501 -0.3353 -0.4216 -0.5086
 -0.5934
  0.9123  0.8730  0.8456  0.8286  0.8183  0.8106  0.8018  0.7907  0.7764  0.7584
  0.7399  0.7257  0.7145  0.7022  0.6867  0.6353  0.5725  0.5031  0.4281  0.3479
  0.2633  0.1759  0.0880  0.0012 -0.0841 -0.1682 -0.2518 -0.3348 -0.4180 -0.5023
 -0.5878
  0.9705  0.9229  0.8859  0.8585  0.8392  0.8251  0.8133  0.8014  0.7882  0.7734
  0.7568  0.7384  0.7205  0.7042  0.6878  0.6364  0.5728  0.5028  0.4274  0.3471
  0.2626  0.1748  0.0858 -0.0023 -0.0886 -0.1731 -0.2564 -0.3386 -0.4201 -0.5017
 -0.5842
  1.0302  0.9783  0.9336  0.8972  0.8688  0.8467  0.8290  0.8134  0.7980  0.7822
  0.7655  0.7478  0.7291  0.7099  0.6905  0.6387  0.5757  0.5052  0.4297  0.3496
  0.2653  0.1774  0.0877 -0.0019 -0.0897 -0.1753 -0.2590 -0.3410 -0.4218 -0.5018
 -0.5816
  1.0876  1.0341  0.9852  0.9424  0.9063  0.8763  0.8515  0.8304  0.8111  0.7925
  0.7738  0.7547  0.7349  0.7147  0.6939  0.6391  0.5787  0.5090  0.4335  0.3535
  0.2695  0.1819  0.0919  0.0011 -0.0885 -0.1758 -0.2608 -0.3436 -0.4245 -0.5040
 -0.5822
  1.1413  1.0882  1.0374  0.9909  0.9493  0.9130  0.8814  0.8540  0.8295  0.8070
  0.7853  0.7638  0.7420  0.7200  0.6977  0.6396  0.5791  0.5128  0.4383
 [Fe/H] = -0.25 [alpha/Fe] =-0.40 BC value = F125W
  0.6479  0.6898  0.7216  0.7433  0.7614  0.7785  0.7866  0.7920  0.7921  0.7919
  0.7907  0.7876  0.7816  0.7720  0.7592  0.7154  0.6578  0.5887  0.5106
  0.6616  0.6556  0.6973  0.7263  0.7454  0.7601  0.7678  0.7719  0.7730  0.7734
  0.7716  0.7675  0.7602  0.7496  0.7356  0.6896  0.6315  0.5638  0.4880  0.4047
  0.6987  0.6432  0.6724  0.7097  0.7337  0.7490  0.7563  0.7597  0.7600  0.7604
  0.7581  0.7532  0.7454  0.7341  0.7195  0.6720  0.6132  0.5457  0.4710  0.3898
  0.3026
  0.7461  0.7354  0.6850  0.6914  0.7218  0.7404  0.7496  0.7524  0.7521  0.7511
  0.7484  0.7430  0.7348  0.7233  0.7085  0.6599  0.6003  0.5327  0.4585  0.3785
  0.2931  0.2045
  0.7645  0.7677  0.7652  0.7348  0.7122  0.7313  0.7448  0.7492  0.7480  0.7449
  0.7417  0.7359  0.7275  0.7158  0.7009  0.6517  0.5914  0.5235  0.4493  0.3699
  0.2858  0.1985  0.1104  0.0225
  0.7909  0.7844  0.7864  0.7861  0.7726  0.7450  0.7387  0.7465  0.7473  0.7428
  0.7374  0.7312  0.7225  0.7108  0.6960  0.6464  0.5855  0.5172  0.4429  0.3637
  0.2803  0.1938  0.1065  0.0194 -0.0674 -0.1545 -0.2426 -0.3321 -0.4215 -0.5078
  0.8291  0.8093  0.8019  0.8009  0.7993  0.7914  0.7746  0.7542  0.7463  0.7436
  0.7367  0.7287  0.7196  0.7078  0.6931  0.6436  0.5820  0.5132  0.4388  0.3597
  0.2766  0.1906  0.1034  0.0166 -0.0694 -0.1551 -0.2408 -0.3270 -0.4143 -0.5018
 -0.5867
  0.8761  0.8449  0.8259  0.8160  0.8111  0.8064  0.7984  0.7862  0.7692  0.7514
  0.7390  0.7291  0.7187  0.7066  0.6920  0.6427  0.5806  0.5114  0.4369  0.3578
  0.2749  0.1889  0.1014  0.0143 -0.0717 -0.1567 -0.2412 -0.3255 -0.4099 -0.4950
 -0.5809
  0.9304  0.8896  0.8598  0.8398  0.8268  0.8176  0.8090  0.7988  0.7861  0.7710
  0.7538  0.7362  0.7209  0.7072  0.6923  0.6432  0.5807  0.5110  0.4361  0.3569
  0.2739  0.1877  0.0997  0.0116 -0.0752 -0.1605 -0.2447 -0.3278 -0.4105 -0.4934
 -0.5769
  0.9884  0.9410  0.9025  0.8729  0.8509  0.8343  0.8209  0.8085  0.7952  0.7806
  0.7647  0.7474  0.7291  0.7111  0.6940  0.6455  0.5832  0.5132  0.4383  0.3592
  0.2762  0.1900  0.1015  0.0125 -0.0756 -0.1618 -0.2463 -0.3294 -0.4113 -0.4934
 -0.5736
  1.0468  0.9957  0.9510  0.9138  0.8835  0.8592  0.8391  0.8218  0.8055  0.7892
  0.7721  0.7542  0.7355  0.7161  0.6967  0.6461  0.5867  0.5168  0.4418  0.3629
  0.2802  0.1940  0.1054  0.0156 -0.0738 -0.1615 -0.2472 -0.3309 -0.4129 -0.4936
 -0.5729
  1.1029  1.0502  1.0021  0.9596  0.9228  0.8915  0.8648  0.8416  0.8206  0.8009
  0.7815  0.7618  0.7416  0.7209  0.6999  0.6455  0.5874  0.5211  0.4466
 [Fe/H] =  0.00 [alpha/Fe] =-0.40 BC value = F125W
  0.6855  0.7204  0.7456  0.7617  0.7785  0.7932  0.7986  0.8016  0.8028  0.8011
  0.7979  0.7934  0.7865  0.7767  0.7638  0.7201  0.6629  0.5946  0.5171
  0.6450  0.6863  0.7222  0.7459  0.7612  0.7745  0.7793  0.7826  0.7840  0.7829
  0.7795  0.7742  0.7664  0.7557  0.7419  0.6960  0.6382  0.5707  0.4953  0.4135
  0.6552  0.6536  0.6975  0.7305  0.7500  0.7625  0.7688  0.7707  0.7704  0.7701
  0.7663  0.7604  0.7522  0.7409  0.7267  0.6797  0.6210  0.5537  0.4792  0.3991
  0.3133
  0.7074  0.6971  0.6754  0.7122  0.7397  0.7544  0.7616  0.7633  0.7620  0.7605
  0.7566  0.7503  0.7417  0.7303  0.7160  0.6683  0.6091  0.5416  0.4674  0.3882
  0.3043  0.2163
  0.7580  0.7627  0.7418  0.7044  0.7258  0.7474  0.7572  0.7595  0.7575  0.7534
  0.7496  0.7429  0.7341  0.7226  0.7083  0.6604  0.6006  0.5329  0.4589  0.3802
  0.2974  0.2109  0.1226  0.0341
  0.7763  0.7779  0.7825  0.7750  0.7450  0.7376  0.7522  0.7580  0.7562  0.7507
  0.7447  0.7378  0.7287  0.7171  0.7029  0.6550  0.5948  0.5269  0.4529  0.3744
  0.2922  0.2068  0.1195  0.0318 -0.0558 -0.1437 -0.2327 -0.3233 -0.4133 -0.5001
  0.8051  0.7955  0.7953  0.7976  0.7942  0.7787  0.7576  0.7544  0.7562  0.7515
  0.7432  0.7347  0.7252  0.7135  0.6993  0.6518  0.5912  0.5229  0.4489  0.3706
  0.2887  0.2039  0.1171  0.0300 -0.0567 -0.1432 -0.2301 -0.3175 -0.4056 -0.4936
 -0.5788
  0.8456  0.8231  0.8128  0.8092  0.8078  0.8037  0.7939  0.7780  0.7614  0.7526
  0.7454  0.7346  0.7237  0.7116  0.6975  0.6504  0.5896  0.5209  0.4469  0.3686
  0.2869  0.2022  0.1157  0.0285 -0.0580 -0.1437 -0.2291 -0.3142 -0.3998 -0.4863
 -0.5727
  0.8916  0.8609  0.8397  0.8270  0.8195  0.8138  0.8069  0.7970  0.7837  0.7677
  0.7516  0.7381  0.7249  0.7116  0.6971  0.6502  0.5894  0.5202  0.4458  0.3675
  0.2856  0.2008  0.1141  0.0265 -0.0605 -0.1464 -0.2314 -0.3157 -0.3995 -0.4835
 -0.5682
  0.9478  0.9069  0.8759  0.8538  0.8382  0.8265  0.8165  0.8061  0.7940  0.7800
  0.7642  0.7472  0.7301  0.7138  0.6983  0.6519  0.5915  0.5222  0.4477  0.3694
  0.2876  0.2027  0.1158  0.0277 -0.0601 -0.1467 -0.2319 -0.3159 -0.3989 -0.4814
 -0.5636
  1.0073  0.9586  0.9195  0.8890  0.8653  0.8465  0.8308  0.8166  0.8025  0.7877
  0.7718  0.7546  0.7366  0.7181  0.7000  0.6534  0.5948  0.5256  0.4511  0.3729
  0.2913  0.2064  0.1193  0.0308 -0.0579 -0.1456 -0.2318 -0.3163 -0.3993 -0.4813
 -0.5619
  1.0701  1.0161  0.9689  0.9304  0.8996  0.8741  0.8522  0.8329  0.8148  0.7973
  0.7795  0.7612  0.7421  0.7224  0.7022  0.6547  0.5993  0.5304  0.4560
 [Fe/H] =  0.25 [alpha/Fe] =-0.40 BC value = F125W
  0.7222  0.7509  0.7696  0.7793  0.7949  0.8068  0.8129  0.8142  0.8150  0.8115
  0.8067  0.8006  0.7927  0.7823  0.7692  0.7255  0.6687  0.6011  0.5246
  0.6777  0.7189  0.7476  0.7659  0.7770  0.7880  0.7936  0.7950  0.7964  0.7937
  0.7888  0.7822  0.7736  0.7625  0.7487  0.7032  0.6457  0.5788  0.5037  0.4226
  0.6929  0.6826  0.7242  0.7509  0.7657  0.7758  0.7815  0.7825  0.7817  0.7808
  0.7758  0.7687  0.7597  0.7483  0.7343  0.6879  0.6297  0.5628  0.4886  0.4089
  0.3245
  0.7221  0.6668  0.6969  0.7340  0.7567  0.7675  0.7735  0.7745  0.7726  0.7708
  0.7659  0.7586  0.7493  0.7378  0.7237  0.6771  0.6185  0.5515  0.4776  0.3988
  0.3159  0.2289
  0.7564  0.7521  0.7040  0.7139  0.7446  0.7623  0.7692  0.7702  0.7673  0.7628
  0.7585  0.7510  0.7414  0.7298  0.7158  0.6693  0.6105  0.5433  0.4696  0.3913
  0.3093  0.2239  0.1359  0.0465
  0.7692  0.7758  0.7769  0.7487  0.7316  0.7531  0.7659  0.7685  0.7654  0.7594
  0.7528  0.7454  0.7356  0.7238  0.7098  0.6637  0.6047  0.5375  0.4640  0.3859
  0.3046  0.2201  0.1333  0.0453 -0.0427 -0.1316 -0.2221 -0.3133 -0.4037 -0.4911
  0.7895  0.7883  0.7928  0.7948  0.7827  0.7585  0.7588  0.7669  0.7659  0.7594
  0.7507  0.7417  0.7317  0.7196  0.7056  0.6599  0.6009  0.5335  0.4601  0.3823
  0.3013  0.2174  0.1314  0.0442 -0.0430 -0.1299 -0.2173 -0.3058 -0.3955 -0.4840
 -0.5696
  0.8215  0.8084  0.8054  0.8062  0.8062  0.7996  0.7843  0.7689  0.7650  0.7616
  0.7524  0.7408  0.7296  0.7172  0.7031  0.6578  0.5989  0.5313  0.4579  0.3802
  0.2994  0.2159  0.1303  0.0435 -0.0433 -0.1295 -0.2158 -0.3024 -0.3892 -0.4761
 -0.5630
  0.8588  0.8384  0.8255  0.8193  0.8159  0.8123  0.8055  0.7943  0.7795  0.7657
  0.7554  0.7443  0.7302  0.7166  0.7021  0.6570  0.5983  0.5302  0.4565  0.3788
  0.2979  0.2143  0.1287  0.0419 -0.0450 -0.1311 -0.2167 -0.3018 -0.3867 -0.4720
 -0.5579
  0.9071  0.8770  0.8549  0.8401  0.8301  0.8222  0.8145  0.8053  0.7935  0.7796
  0.7642  0.7489  0.7343  0.7187  0.7030  0.6579  0.5998  0.5318  0.4579  0.3802
  0.2995  0.2159  0.1302  0.0433 -0.0439 -0.1304 -0.2161 -0.3008 -0.3848 -0.4685
 -0.5520
  0.9625  0.9234  0.8926  0.8692  0.8520  0.8381  0.8258  0.8140  0.8014  0.7875
  0.7723  0.7559  0.7388  0.7217  0.7046  0.6597  0.6026  0.5349  0.4610  0.3834
  0.3027  0.2192  0.1334  0.0462 -0.0414 -0.1286 -0.2150 -0.3000 -0.3839 -0.4670
 -0.5492
  1.0250  0.9777  0.9386  0.9052  0.8810  0.8610  0.8434  0.8272  0.8114  0.7955
  0.7790  0.7616  0.7435  0.7248  0.7069  0.6624  0.6067  0.5395  0.4658
 [Fe/H] =  0.50 [alpha/Fe] =-0.40 BC value = F125W
  0.7634  0.7807  0.7918  0.7973  0.8130  0.8220  0.8262  0.8277  0.8266  0.8229
  0.8169  0.8093  0.8002  0.7888  0.7750  0.7315  0.6729  0.6066  0.5309
  0.7198  0.7510  0.7722  0.7844  0.7937  0.8028  0.8069  0.8073  0.8088  0.8053
  0.7993  0.7915  0.7819  0.7702  0.7562  0.7108  0.6537  0.5874  0.5130  0.4322
  0.6704  0.7157  0.7499  0.7710  0.7805  0.7898  0.7944  0.7946  0.7945  0.7924
  0.7864  0.7782  0.7683  0.7564  0.7422  0.6964  0.6388  0.5725  0.4989  0.4195
  0.3358
  0.7250  0.6803  0.7234  0.7553  0.7732  0.7810  0.7859  0.7861  0.7836  0.7821
  0.7763  0.7680  0.7579  0.7459  0.7317  0.6859  0.6282  0.5619  0.4886  0.4101
  0.3278  0.2419
  0.7558  0.7215  0.6990  0.7356  0.7627  0.7761  0.7805  0.7810  0.7777  0.7728
  0.7684  0.7600  0.7497  0.7376  0.7235  0.6781  0.6204  0.5541  0.4811  0.4032
  0.3217  0.2372  0.1498  0.0604
  0.7678  0.7750  0.7597  0.7244  0.7477  0.7692  0.7782  0.7788  0.7749  0.7685
  0.7619  0.7540  0.7434  0.7311  0.7170  0.6722  0.6147  0.5485  0.4757  0.3981
  0.3173  0.2337  0.1476  0.0596 -0.0291 -0.1183 -0.2092 -0.3019 -0.3926 -0.4806
  0.7814  0.7860  0.7922  0.7874  0.7596  0.7579  0.7733  0.7784  0.7749  0.7679
  0.7586  0.7496  0.7390  0.7264  0.7122  0.6678  0.6106  0.5445  0.4719  0.3946
  0.3141  0.2311  0.1459  0.0590 -0.0284 -0.1160 -0.2040 -0.2932 -0.3839 -0.4728
 -0.5591
  0.8044  0.8000  0.8023  0.8055  0.8035  0.7893  0.7728  0.7745  0.7761  0.7699
  0.7596  0.7478  0.7363  0.7235  0.7091  0.6650  0.6082  0.5419  0.4694  0.3925
  0.3123  0.2295  0.1448  0.0587 -0.0280 -0.1145 -0.2010 -0.2877 -0.3755 -0.4644
 -0.5518
  0.8328  0.8227  0.8171  0.8155  0.8148  0.8114  0.8026  0.7888  0.7773  0.7717
  0.7636  0.7506  0.7361  0.7223  0.7075  0.6634  0.6069  0.5405  0.4677  0.3907
  0.3106  0.2279  0.1433  0.0573 -0.0291 -0.1152 -0.2011 -0.2867 -0.3725 -0.4588
 -0.5460
  0.8763  0.8546  0.8399  0.8315  0.8257  0.8204  0.8139  0.8048  0.7927  0.7792
  0.7667  0.7549  0.7407  0.7239  0.7080  0.6636  0.6078  0.5416  0.4687  0.3917
  0.3118  0.2292  0.1447  0.0588 -0.0275 -0.1137 -0.1994 -0.2845 -0.3692 -0.4545
 -0.5404
  0.9305  0.8957  0.8708  0.8548  0.8431  0.8330  0.8232  0.8130  0.8013  0.7881
  0.7736  0.7585  0.7435  0.7281  0.7106  0.6650  0.6100  0.5443  0.4714  0.3944
  0.3146  0.2322  0.1477  0.0617 -0.0249 -0.1114 -0.1975 -0.2827 -0.3671 -0.4510
 -0.5345
  0.9953  0.9460  0.9112  0.8855  0.8670  0.8519  0.8377  0.8238  0.8096  0.7950
  0.7795  0.7631  0.7461  0.7289  0.7153  0.6676  0.6135  0.5486  0.4758
 [Fe/H] =  0.75 [alpha/Fe] =-0.40 BC value = F125W
  0.7977  0.8071  0.8124  0.8140  0.8293  0.8347  0.8372  0.8391  0.8389  0.8352
  0.8279  0.8190  0.8085  0.7960  0.7815  0.7377  0.6795  0.6134  0.5392
  0.7606  0.7822  0.7957  0.8019  0.8098  0.8165  0.8193  0.8204  0.8218  0.8182
  0.8108  0.8018  0.7912  0.7787  0.7642  0.7185  0.6617  0.5960  0.5225  0.4422
  0.7101  0.7495  0.7755  0.7907  0.7963  0.8038  0.8068  0.8065  0.8076  0.8047
  0.7978  0.7887  0.7778  0.7652  0.7507  0.7049  0.6478  0.5823  0.5094  0.4306
  0.3473
  0.6744  0.7109  0.7505  0.7761  0.7891  0.7940  0.7982  0.7978  0.7947  0.7939
  0.7875  0.7783  0.7673  0.7546  0.7402  0.6948  0.6378  0.5723  0.4999  0.4219
  0.3400  0.2548
  0.7475  0.6944  0.7216  0.7578  0.7799  0.7892  0.7922  0.7918  0.7883  0.7832
  0.7791  0.7700  0.7588  0.7460  0.7316  0.6868  0.6302  0.5650  0.4928  0.4155
  0.3345  0.2506  0.1639  0.0746
  0.7696  0.7706  0.7280  0.7362  0.7667  0.7840  0.7893  0.7886  0.7845  0.7780
  0.7715  0.7633  0.7521  0.7392  0.7247  0.6805  0.6244  0.5594  0.4876  0.4107
  0.3303  0.2473  0.1619  0.0744 -0.0145 -0.1044 -0.1961 -0.2894 -0.3802 -0.4689
  0.7791  0.7865  0.7903  0.7667  0.7518  0.7741  0.7867  0.7884  0.7838  0.7764
  0.7671  0.7580  0.7471  0.7339  0.7193  0.6755  0.6200  0.5552  0.4837  0.4073
  0.3273  0.2449  0.1604  0.0741 -0.0133 -0.1011 -0.1896 -0.2798 -0.3712 -0.4603
 -0.5472
  0.7945  0.7969  0.8020  0.8049  0.7953  0.7742  0.7788  0.7872  0.7857  0.7777
  0.7672  0.7552  0.7436  0.7305  0.7156  0.6718  0.6170  0.5524  0.4811  0.4050
  0.3254  0.2434  0.1594  0.0740 -0.0123 -0.0989 -0.1855 -0.2729 -0.3616 -0.4514
 -0.5391
  0.8159  0.8134  0.8130  0.8145  0.8146  0.8092  0.7955  0.7854  0.7852  0.7814
  0.7710  0.7572  0.7426  0.7286  0.7136  0.6695  0.6150  0.5505  0.4790  0.4030
  0.3236  0.2417  0.1579  0.0728 -0.0131 -0.0990 -0.1849 -0.2708 -0.3572 -0.4444
 -0.5327
  0.8512  0.8384  0.8304  0.8267  0.8238  0.8200  0.8136  0.8035  0.7913  0.7821
  0.7744  0.7626  0.7465  0.7295  0.7135  0.6690  0.6152  0.5510  0.4795  0.4036
  0.3244  0.2428  0.1593  0.0743 -0.0113 -0.0969 -0.1824 -0.2676 -0.3526 -0.4380
 -0.5238
  0.8958  0.8719  0.8553  0.8453  0.8377  0.8303  0.8222  0.8129  0.8017  0.7892
  0.7765  0.7644  0.7515  0.7351  0.7161  0.6700  0.6166  0.5531  0.4817  0.4057
  0.3267  0.2453  0.1620  0.0771 -0.0085 -0.0943 -0.1798 -0.2649 -0.3494 -0.4338
 -0.5181
  0.9499  0.9139  0.8867  0.8708  0.8575  0.8460  0.8343  0.8221  0.8091  0.7955
  0.7811  0.7661  0.7510  0.7358  0.7214  0.6725  0.6192  0.5568  0.4856
 [Fe/H] =  1.00 [alpha/Fe] =-0.40 BC value = F125W
  0.8331  0.8284  0.8276  0.8303  0.8427  0.8527  0.8577  0.8583  0.8554  0.8494
  0.8409  0.8303  0.8180  0.8044  0.7895  0.7439  0.6854  0.6167  0.5436
  0.7932  0.8099  0.8175  0.8169  0.8240  0.8293  0.8316  0.8322  0.8347  0.8305
  0.8227  0.8127  0.8010  0.7877  0.7726  0.7264  0.6695  0.6031  0.5305  0.4512
  0.7529  0.7821  0.8002  0.8083  0.8108  0.8173  0.8189  0.8186  0.8204  0.8171
  0.8097  0.7998  0.7881  0.7747  0.7597  0.7136  0.6568  0.5917  0.5196  0.4415
  0.3586
  0.7014  0.7448  0.7771  0.7963  0.8031  0.8072  0.8105  0.8094  0.8061  0.8060
  0.7991  0.7893  0.7775  0.7641  0.7491  0.7037  0.6473  0.5825  0.5109  0.4337
  0.3522  0.2673
  0.7185  0.7077  0.7486  0.7793  0.7964  0.8006  0.8037  0.8030  0.7992  0.7949
  0.7902  0.7805  0.7687  0.7553  0.7403  0.6955  0.6398  0.5755  0.5044  0.4278
  0.3472  0.2637  0.1776  0.0888
  0.7720  0.7504  0.7235  0.7579  0.7847  0.7978  0.7993  0.7990  0.7945  0.7878
  0.7819  0.7733  0.7615  0.7480  0.7330  0.6887  0.6338  0.5700  0.4993  0.4234
  0.3434  0.2608  0.1760  0.0890  0.0004 -0.0901 -0.1826 -0.2759 -0.3667 -0.4560
  0.7804  0.7880  0.7805  0.7469  0.7684  0.7899  0.7988  0.7975  0.7928  0.7854
  0.7758  0.7671  0.7559  0.7422  0.7271  0.6831  0.6289  0.5656  0.4954  0.4200
  0.3407  0.2587  0.1748  0.0891  0.0019 -0.0861 -0.1752 -0.2660 -0.3575 -0.4466
 -0.5341
  0.7920  0.7969  0.8028  0.8015  0.7777  0.7774  0.7933  0.7984  0.7941  0.7856
  0.7751  0.7630  0.7517  0.7381  0.7228  0.6787  0.6253  0.5624  0.4925  0.4175
  0.3388  0.2573  0.1741  0.0892  0.0033 -0.0833 -0.1703 -0.2580 -0.3472 -0.4373
 -0.5250
  0.8070  0.8093  0.8119  0.8148  0.8139  0.8021  0.7895  0.7944  0.7963  0.7898
  0.7783  0.7641  0.7494  0.7356  0.7201  0.6756  0.6225  0.5599  0.4901  0.4152
  0.3367  0.2555  0.1725  0.0881  0.0029 -0.0828 -0.1687 -0.2547 -0.3413 -0.4292
 -0.5181
  0.8346  0.8287  0.8255  0.8247  0.8235  0.8202  0.8124  0.8007  0.7940  0.7912
  0.7831  0.7692  0.7526  0.7356  0.7195  0.6745  0.6218  0.5597  0.4900  0.4152
  0.3370  0.2563  0.1737  0.0897  0.0048 -0.0803 -0.1656 -0.2506 -0.3357 -0.4214
 -0.5079
  0.8690  0.8551  0.8455  0.8398  0.8349  0.8292  0.8222  0.8133  0.8023  0.7916
  0.7831  0.7737  0.7593  0.7407  0.7215  0.6751  0.6225  0.5611  0.4916  0.4168
  0.3387  0.2583  0.1760  0.0921  0.0075 -0.0775 -0.1625 -0.2472 -0.3316 -0.4161
 -0.5008
  0.9104  0.8885  0.8719  0.8604  0.8515  0.8425  0.8324  0.8215  0.8095  0.7968
  0.7839  0.7714  0.7592  0.7454  0.7261  0.6774  0.6246  0.5641  0.4949
