 [Fe/H] = -2.00 [alpha/Fe] =-0.40 BC value = F438W
 -6.9807 -6.7424 -6.8234 -6.6969 -6.5172 -6.1369 -5.5668 -5.2282 -4.9070 -4.5831
 -4.2791 -3.9948 -3.7224 -3.4569 -3.1985 -2.6293 -2.0269 -1.4754 -1.0867
 -6.7193 -6.2896 -5.9594 -5.7357 -5.5942 -5.4172 -5.1455 -4.8183 -4.4881 -4.1710
 -3.8686 -3.5843 -3.3177 -3.0667 -2.8287 -2.2762 -1.7741 -1.3498 -1.0258 -0.7807
 -6.3205 -5.8888 -5.5226 -5.2237 -4.9808 -4.8020 -4.6496 -4.4360 -4.1596 -3.8592
 -3.5667 -3.2884 -3.0294 -2.7894 -2.5670 -2.0726 -1.6393 -1.2673 -0.9770 -0.7566
 -0.5820
 -5.9993 -5.5967 -5.2320 -4.9171 -4.6431 -4.3965 -4.1796 -4.0017 -3.8170 -3.5853
 -3.3252 -3.0643 -2.8151 -2.5840 -2.3727 -1.9194 -1.5388 -1.2130 -0.9486 -0.7473
 -0.5876 -0.4534
 -5.7164 -5.3547 -5.0116 -4.7000 -4.4235 -4.1699 -3.9295 -3.7035 -3.5058 -3.3180
 -3.1171 -2.8930 -2.6638 -2.4439 -2.2406 -1.8136 -1.4688 -1.1758 -0.9353 -0.7484
 -0.6006 -0.4765 -0.3671 -0.2685
 -5.4613 -5.1373 -4.8265 -4.5301 -4.2589 -4.0111 -3.7762 -3.5483 -3.3300 -3.1255
 -2.9365 -2.7505 -2.5546 -2.3542 -2.1605 -1.7475 -1.4247 -1.1548 -0.9319 -0.7558
 -0.6173 -0.5021 -0.4007 -0.3083 -0.2183 -0.1327 -0.0552  0.0114  0.0647  0.1036
 -5.2333 -4.9414 -4.6608 -4.3878 -4.1268 -3.8861 -3.6607 -3.4437 -3.2319 -3.0257
 -2.8288 -2.6433 -2.4659 -2.2902 -2.1147 -1.7145 -1.4012 -1.1474 -0.9352 -0.7659
 -0.6344 -0.5270 -0.4335 -0.3483 -0.2690 -0.1948 -0.1254 -0.0605  0.0001  0.0526
  0.0821
 -5.0315 -4.7667 -4.5110 -4.2620 -4.0184 -3.7843 -3.5653 -3.3591 -3.1598 -2.9633
 -2.7708 -2.5850 -2.4082 -2.2409 -2.0799 -1.7052 -1.3939 -1.1476 -0.9429 -0.7773
 -0.6495 -0.5485 -0.4626 -0.3851 -0.3130 -0.2445 -0.1787 -0.1170 -0.0612 -0.0125
  0.0282
 -4.8552 -4.6129 -4.3775 -4.1455 -3.9213 -3.7006 -3.4870 -3.2851 -3.0949 -2.9104
 -2.7279 -2.5483 -2.3745 -2.2089 -2.0521 -1.6973 -1.3949 -1.1502 -0.9513 -0.7878
 -0.6610 -0.5637 -0.4846 -0.4153 -0.3511 -0.2900 -0.2318 -0.1763 -0.1250 -0.0780
 -0.0349
 -4.7036 -4.4799 -4.2608 -4.0464 -3.8362 -3.6302 -3.4282 -3.2313 -3.0437 -2.8663
 -2.6944 -2.5249 -2.3577 -2.1965 -2.0427 -1.6945 -1.4014 -1.1595 -0.9627 -0.8011
 -0.6734 -0.5765 -0.5014 -0.4390 -0.3830 -0.3302 -0.2798 -0.2310 -0.1844 -0.1405
 -0.1001
 -4.5723 -4.3606 -4.1538 -3.9518 -3.7542 -3.5609 -3.3717 -3.1861 -3.0040 -2.8289
 -2.6622 -2.5013 -2.3432 -2.1876 -2.0365 -1.6939 -1.4067 -1.1677 -0.9719 -0.8127
 -0.6850 -0.5871 -0.5130 -0.4549 -0.4060 -0.3616 -0.3196 -0.2789 -0.2394 -0.2014
 -0.1656
 -4.4464 -4.2284 -4.0262 -3.8359 -3.6541 -3.4776 -3.3039 -3.1316 -2.9616 -2.7950
 -2.6329 -2.4762 -2.3251 -2.1774 -2.0325 -1.6952 -1.4102 -1.1747 -0.9804
 [Fe/H] = -1.50 [alpha/Fe] =-0.40 BC value = F438W
 -7.3079 -7.0972 -6.8606 -6.5074 -6.0888 -5.6344 -5.2127 -4.8547 -4.5295 -4.2274
 -3.9433 -3.6801 -3.4359 -3.2055 -2.9855 -2.4818 -1.9836 -1.5147 -1.1371
 -6.6739 -6.2912 -6.0746 -5.9370 -5.6860 -5.3268 -4.9289 -4.5546 -4.2207 -3.9138
 -3.6275 -3.3640 -3.1222 -2.8986 -2.6891 -2.2123 -1.7801 -1.3887 -1.0610 -0.8044
 -6.3074 -5.8761 -5.5425 -5.3014 -5.1540 -4.9818 -4.6841 -4.3324 -3.9925 -3.6836
 -3.3962 -3.1324 -2.8920 -2.6722 -2.4698 -2.0242 -1.6404 -1.3002 -1.0095 -0.7775
 -0.5939
 -6.0505 -5.6223 -5.2599 -4.9537 -4.7029 -4.5087 -4.3478 -4.1259 -3.8260 -3.5237
 -3.2394 -2.9758 -2.7356 -2.5176 -2.3189 -1.8926 -1.5413 -1.2390 -0.9785 -0.7659
 -0.5965 -0.4565
 -5.8496 -5.4426 -5.0775 -4.7644 -4.4937 -4.2446 -4.0171 -3.8172 -3.6308 -3.3964
 -3.1345 -2.8783 -2.6397 -2.4219 -2.2241 -1.8073 -1.4757 -1.1992 -0.9621 -0.7651
 -0.6070 -0.4767 -0.3641 -0.2621
 -5.6941 -5.3032 -4.9482 -4.6296 -4.3519 -4.1021 -3.8624 -3.6293 -3.4137 -3.2232
 -3.0290 -2.8104 -2.5849 -2.3704 -2.1725 -1.7574 -1.4360 -1.1755 -0.9554 -0.7709
 -0.6219 -0.4999 -0.3951 -0.3012 -0.2145 -0.1342 -0.0603  0.0074  0.0672  0.1103
 -5.5558 -5.1897 -4.8516 -4.5352 -4.2508 -3.9994 -3.7676 -3.5413 -3.3178 -3.1052
 -2.9088 -2.7265 -2.5398 -2.3449 -2.1524 -1.7345 -1.4155 -1.1636 -0.9548 -0.7797
 -0.6379 -0.5231 -0.4258 -0.3390 -0.2591 -0.1827 -0.1113 -0.0470  0.0083  0.0537
  0.0896
 -5.4322 -5.0935 -4.7769 -4.4702 -4.1834 -3.9240 -3.6928 -3.4772 -3.2659 -3.0562
 -2.8530 -2.6617 -2.4843 -2.3140 -2.1425 -1.7342 -1.4096 -1.1604 -0.9582 -0.7896
 -0.6529 -0.5437 -0.4534 -0.3740 -0.3012 -0.2318 -0.1662 -0.1057 -0.0513 -0.0037
  0.0368
 -5.3284 -5.0104 -4.7127 -4.4212 -4.1399 -3.8756 -3.6360 -3.4202 -3.2189 -3.0219
 -2.8263 -2.6349 -2.4526 -2.2820 -2.1209 -1.7414 -1.4143 -1.1617 -0.9624 -0.7981
 -0.6642 -0.5589 -0.4746 -0.4028 -0.3377 -0.2767 -0.2190 -0.1653 -0.1154 -0.0691
 -0.0260
 -5.2490 -4.9381 -4.6542 -4.3860 -4.1173 -3.8573 -3.6113 -3.3863 -3.1831 -2.9937
 -2.8099 -2.6277 -2.4483 -2.2760 -2.1134 -1.7486 -1.4311 -1.1727 -0.9718 -0.8092
 -0.6766 -0.5722 -0.4914 -0.4258 -0.3685 -0.3156 -0.2655 -0.2176 -0.1721 -0.1294
 -0.0904
 -5.1854 -4.8759 -4.6008 -4.3474 -4.0935 -3.8487 -3.6078 -3.3779 -3.1654 -2.9722
 -2.7927 -2.6202 -2.4499 -2.2820 -2.1195 -1.7546 -1.4457 -1.1878 -0.9827 -0.8199
 -0.6879 -0.5832 -0.5033 -0.4416 -0.3909 -0.3461 -0.3044 -0.2644 -0.2258 -0.1890
 -0.1545
 -5.1265 -4.8240 -4.5525 -4.3008 -4.0628 -3.8322 -3.6043 -3.3819 -3.1678 -2.9669
 -2.7826 -2.6115 -2.4483 -2.2886 -2.1314 -1.7662 -1.4582 -1.2026 -0.9946
 [Fe/H] = -1.00 [alpha/Fe] =-0.40 BC value = F438W
 -7.5054 -7.1847 -6.7395 -6.2559 -5.7369 -5.2604 -4.8846 -4.5543 -4.2445 -3.9609
 -3.6954 -3.4497 -3.2249 -3.0180 -2.8246 -2.3787 -1.9591 -1.5571 -1.1963
 -6.6797 -6.4888 -6.3113 -5.9678 -5.5454 -5.0896 -4.6729 -4.3219 -4.0030 -3.7139
 -3.4442 -3.1963 -2.9710 -2.7660 -2.5772 -2.1552 -1.7768 -1.4279 -1.1131 -0.8472
 -6.3039 -5.9155 -5.7039 -5.5907 -5.3348 -4.9593 -4.5510 -4.1738 -3.8442 -3.5495
 -3.2770 -3.0263 -2.7990 -2.5936 -2.4065 -1.9982 -1.6468 -1.3348 -1.0561 -0.8161
 -0.6195
 -6.1069 -5.6640 -5.3259 -5.0903 -4.9479 -4.7761 -4.4611 -4.0987 -3.7544 -3.4505
 -3.1754 -2.9220 -2.6917 -2.4840 -2.2962 -1.8937 -1.5587 -1.2710 -1.0191 -0.8001
 -0.6177 -0.4676
 -5.9830 -5.5312 -5.1543 -4.8474 -4.6020 -4.4033 -4.2429 -4.0187 -3.7121 -3.4020
 -3.1234 -2.8673 -2.6332 -2.4218 -2.2312 -1.8284 -1.5018 -1.2295 -0.9965 -0.7944
 -0.6240 -0.4832 -0.3644 -0.2613
 -5.9041 -5.4559 -5.0591 -4.7238 -4.4407 -4.1959 -3.9774 -3.7801 -3.5971 -3.3660
 -3.1012 -2.8477 -2.6111 -2.3953 -2.2004 -1.7917 -1.4675 -1.2042 -0.9838 -0.7951
 -0.6352 -0.5026 -0.3911 -0.2940 -0.2073 -0.1281 -0.0539  0.0175  0.0817  0.1203
 -5.8574 -5.4189 -5.0156 -4.6603 -4.3576 -4.0994 -3.8645 -3.6382 -3.4242 -3.2316
 -3.0431 -2.8322 -2.6093 -2.3943 -2.1955 -1.7768 -1.4497 -1.1904 -0.9781 -0.7993
 -0.6482 -0.5228 -0.4183 -0.3280 -0.2468 -0.1725 -0.1039 -0.0400  0.0201  0.0726
  0.1013
 -5.8256 -5.4078 -5.0067 -4.6396 -4.3162 -4.0387 -3.7976 -3.5742 -3.3561 -3.1444
 -2.9472 -2.7654 -2.5859 -2.3977 -2.2068 -1.7800 -1.4452 -1.1854 -0.9772 -0.8051
 -0.6610 -0.5418 -0.4436 -0.3602 -0.2857 -0.2172 -0.1527 -0.0928 -0.0386  0.0091
  0.0499
 -5.8063 -5.4059 -5.0173 -4.6477 -4.3095 -4.0116 -3.7544 -3.5279 -3.3168 -3.1100
 -2.9079 -2.7158 -2.5364 -2.3684 -2.2032 -1.7953 -1.4497 -1.1851 -0.9781 -0.8099
 -0.6707 -0.5563 -0.4636 -0.3868 -0.3196 -0.2582 -0.2012 -0.1484 -0.0996 -0.0544
 -0.0126
 -5.8008 -5.4156 -5.0428 -4.6825 -4.3398 -4.0258 -3.7479 -3.5060 -3.2919 -3.0925
 -2.8984 -2.7080 -2.5242 -2.3508 -2.1892 -1.8148 -1.4720 -1.1963 -0.9858 -0.8184
 -0.6816 -0.5699 -0.4806 -0.4090 -0.3488 -0.2950 -0.2453 -0.1984 -0.1543 -0.1133
 -0.0761
 -5.8063 -5.4154 -5.0616 -4.7203 -4.3882 -4.0700 -3.7767 -3.5149 -3.2854 -3.0813
 -2.8924 -2.7101 -2.5312 -2.3570 -2.1911 -1.8228 -1.4978 -1.2170 -0.9980 -0.8282
 -0.6918 -0.5811 -0.4934 -0.4251 -0.3706 -0.3241 -0.2824 -0.2431 -0.2059 -0.1707
 -0.1379
 -5.8169 -5.4195 -5.0682 -4.7449 -4.4295 -4.1227 -3.8294 -3.5550 -3.3074 -3.0880
 -2.8925 -2.7126 -2.5407 -2.3726 -2.2082 -1.8335 -1.5164 -1.2418 -1.0155
 [Fe/H] = -0.75 [alpha/Fe] =-0.40 BC value = F438W
 -7.5555 -7.1282 -6.6196 -6.1069 -5.5896 -5.1216 -4.7511 -4.4315 -4.1367 -3.8611
 -3.6044 -3.3661 -3.1477 -2.9482 -2.7637 -2.3438 -1.9539 -1.5795 -1.2292
 -6.7786 -6.6364 -6.3258 -5.9045 -5.4478 -4.9779 -4.5731 -4.2318 -3.9255 -3.6451
 -3.3840 -3.1430 -2.9235 -2.7244 -2.5423 -2.1395 -1.7807 -1.4487 -1.1439 -0.8765
 -6.3088 -5.9973 -5.8860 -5.6806 -5.3188 -4.9041 -4.4806 -4.1121 -3.7934 -3.5067
 -3.2425 -2.9984 -2.7762 -2.5755 -2.3933 -1.9987 -1.6593 -1.3561 -1.0836 -0.8425
 -0.6395
 -6.1250 -5.6882 -5.3936 -5.2427 -5.1126 -4.8175 -4.4436 -4.0624 -3.7242 -3.4275
 -3.1603 -2.9131 -2.6873 -2.4832 -2.2989 -1.9059 -1.5775 -1.2930 -1.0432 -0.8231
 -0.6349 -0.4783
 -6.0348 -5.5635 -5.1851 -4.9047 -4.7050 -4.5660 -4.3638 -4.0465 -3.7078 -3.3954
 -3.1218 -2.8715 -2.6416 -2.4331 -2.2450 -1.8483 -1.5246 -1.2515 -1.0174 -0.8137
 -0.6383 -0.4911 -0.3675 -0.2610
 -5.9973 -5.5137 -5.0994 -4.7621 -4.4949 -4.2722 -4.0839 -3.9151 -3.6861 -3.3978
 -3.1158 -2.8620 -2.6278 -2.4143 -2.2211 -1.8163 -1.4923 -1.2256 -1.0021 -0.8108
 -0.6466 -0.5079 -0.3915 -0.2913 -0.2026 -0.1215 -0.0456  0.0238  0.0836  0.1265
 -5.9971 -5.5111 -5.0764 -4.7047 -4.3982 -4.1435 -3.9180 -3.7066 -3.5157 -3.3313
 -3.1113 -2.8700 -2.6372 -2.4198 -2.2209 -1.8041 -1.4756 -1.2112 -0.9941 -0.8120
 -0.6570 -0.5260 -0.4164 -0.3228 -0.2400 -0.1649 -0.0968 -0.0330  0.0275  0.0801
  0.1097
 -6.0155 -5.5415 -5.0970 -4.7014 -4.3627 -4.0805 -3.8397 -3.6192 -3.4068 -3.2047
 -3.0190 -2.8372 -2.6411 -2.4368 -2.2386 -1.8089 -1.4717 -1.2055 -0.9919 -0.8156
 -0.6677 -0.5433 -0.4400 -0.3529 -0.2767 -0.2077 -0.1434 -0.0840 -0.0303  0.0174
  0.0587
 -6.0439 -5.5838 -5.1431 -4.7342 -4.3710 -4.0596 -3.7966 -3.5686 -3.3575 -3.1519
 -2.9534 -2.7674 -2.5932 -2.4230 -2.2486 -1.8255 -1.4768 -1.2052 -0.9917 -0.8188
 -0.6759 -0.5570 -0.4590 -0.3782 -0.3089 -0.2468 -0.1899 -0.1370 -0.0881 -0.0437
 -0.0036
 -6.0777 -5.6343 -5.2100 -4.8015 -4.4230 -4.0865 -3.7964 -3.5486 -3.3320 -3.1310
 -2.9359 -2.7464 -2.5658 -2.3956 -2.2356 -1.8521 -1.4990 -1.2168 -0.9994 -0.8266
 -0.6859 -0.5701 -0.4760 -0.4000 -0.3372 -0.2823 -0.2325 -0.1861 -0.1428 -0.1027
 -0.0663
 -6.1185 -5.6763 -5.2724 -4.8796 -4.5020 -4.1509 -3.8368 -3.5636 -3.3282 -3.1210
 -2.9298 -2.7458 -2.5665 -2.3935 -2.2293 -1.8629 -1.5294 -1.2387 -1.0125 -0.8366
 -0.6957 -0.5813 -0.4891 -0.4164 -0.3587 -0.3106 -0.2683 -0.2293 -0.1928 -0.1585
 -0.1262
 -6.1649 -5.7127 -5.3168 -4.9464 -4.5849 -4.2360 -3.9101 -3.6158 -3.3570 -3.1315
 -2.9325 -2.7501 -2.5762 -2.4070 -2.2424 -1.8701 -1.5514 -1.2681 -1.0323
 [Fe/H] = -0.50 [alpha/Fe] =-0.40 BC value = F438W
 -7.5597 -7.0359 -6.4884 -5.9690 -5.4812 -5.0310 -4.6630 -4.3404 -4.0521 -3.7866
 -3.5385 -3.3071 -3.0942 -2.8997 -2.7210 -2.3200 -1.9534 -1.6027 -1.2643
 -6.9534 -6.7066 -6.2948 -5.8281 -5.3603 -4.9035 -4.5090 -4.1713 -3.8686 -3.5985
 -3.3460 -3.1117 -2.8971 -2.7022 -2.5244 -2.1354 -1.7918 -1.4734 -1.1775 -0.9110
 -6.3446 -6.1706 -6.0275 -5.6947 -5.2813 -4.8490 -4.4328 -4.0731 -3.7591 -3.4810
 -3.2252 -2.9879 -2.7704 -2.5731 -2.3942 -2.0093 -1.6796 -1.3830 -1.1144 -0.8734
 -0.6650
 -6.1348 -5.7306 -5.5280 -5.4343 -5.1812 -4.8140 -4.4177 -4.0365 -3.7054 -3.4165
 -3.1572 -2.9166 -2.6954 -2.4944 -2.3125 -1.9262 -1.6035 -1.3210 -1.0712 -0.8500
 -0.6571 -0.4940
 -6.0687 -5.5861 -5.2277 -4.9993 -4.8766 -4.7131 -4.4035 -4.0470 -3.6996 -3.3945
 -3.1278 -2.8838 -2.6586 -2.4530 -2.2667 -1.8743 -1.5537 -1.2797 -1.0428 -0.8367
 -0.6571 -0.5036 -0.3741 -0.2637
 -6.0687 -5.5528 -5.1280 -4.8022 -4.5633 -4.3868 -4.2425 -4.0250 -3.7224 -3.4104
 -3.1283 -2.8794 -2.6501 -2.4395 -2.2479 -1.8456 -1.5230 -1.2535 -1.0253 -0.8302
 -0.6618 -0.5173 -0.3951 -0.2905 -0.1988 -0.1165 -0.0407  0.0307  0.0942  0.1331
 -6.1158 -5.5807 -5.1175 -4.7372 -4.4351 -4.1968 -3.9927 -3.8134 -3.6407 -3.4185
 -3.1527 -2.8966 -2.6633 -2.4479 -2.2506 -1.8355 -1.5070 -1.2385 -1.0156 -0.8284
 -0.6691 -0.5327 -0.4173 -0.3192 -0.2337 -0.1574 -0.0879 -0.0238  0.0361  0.0884
  0.1176
 -6.1863 -5.6509 -5.1641 -4.7432 -4.3953 -4.1148 -3.8827 -3.6730 -3.4756 -3.2923
 -3.1117 -2.9064 -2.6871 -2.4727 -2.2713 -1.8417 -1.5037 -1.2326 -1.0122 -0.8300
 -0.6774 -0.5480 -0.4388 -0.3469 -0.2678 -0.1975 -0.1341 -0.0764 -0.0227  0.0272
  0.0686
 -6.2672 -5.7348 -5.2446 -4.7982 -4.4132 -4.0926 -3.8296 -3.6059 -3.4003 -3.2021
 -3.0131 -2.8362 -2.6625 -2.4813 -2.2947 -1.8594 -1.5094 -1.2324 -1.0115 -0.8320
 -0.6839 -0.5600 -0.4565 -0.3705 -0.2979 -0.2343 -0.1771 -0.1247 -0.0765 -0.0325
  0.0069
 -6.3487 -5.8383 -5.3528 -4.8962 -4.4846 -4.1287 -3.8298 -3.5805 -3.3659 -3.1677
 -2.9762 -2.7915 -2.6171 -2.4517 -2.2910 -1.8914 -1.5317 -1.2447 -1.0196 -0.8396
 -0.6932 -0.5725 -0.4730 -0.3918 -0.3250 -0.2681 -0.2177 -0.1717 -0.1291 -0.0901
 -0.0547
 -6.4276 -5.9259 -5.4611 -5.0131 -4.5914 -4.2107 -3.8791 -3.5974 -3.3594 -3.1527
 -2.9629 -2.7806 -2.6041 -2.4352 -2.2748 -1.9082 -1.5651 -1.2671 -1.0336 -0.8501
 -0.7030 -0.5834 -0.4864 -0.4084 -0.3464 -0.2956 -0.2522 -0.2132 -0.1773 -0.1440
 -0.1121
 -6.5112 -6.0012 -5.5504 -5.1238 -4.7116 -4.3233 -3.9701 -3.6592 -3.3917 -3.1629
 -2.9633 -2.7813 -2.6083 -2.4408 -2.2789 -1.9118 -1.5914 -1.2994 -1.0551
 [Fe/H] = -0.25 [alpha/Fe] =-0.40 BC value = F438W
 -7.5117 -6.9288 -6.3618 -5.8528 -5.3894 -4.9659 -4.6096 -4.2811 -3.9891 -3.7373
 -3.4975 -3.2726 -3.0648 -2.8743 -2.6992 -2.3109 -1.9608 -1.6270 -1.3048
 -6.9334 -6.7225 -6.2455 -5.7532 -5.2827 -4.8456 -4.4683 -4.1324 -3.8330 -3.5728
 -3.3288 -3.1013 -2.8916 -2.7000 -2.5252 -2.1448 -1.8118 -1.5034 -1.2148 -0.9500
 -6.4663 -6.3653 -6.0872 -5.6817 -5.2397 -4.7979 -4.3995 -4.0483 -3.7404 -3.4713
 -3.2240 -2.9938 -2.7813 -2.5872 -2.4106 -2.0316 -1.7084 -1.4167 -1.1502 -0.9091
 -0.6964
 -6.1488 -5.8265 -5.7346 -5.5444 -5.1970 -4.7971 -4.3915 -4.0209 -3.6979 -3.4163
 -3.1653 -2.9320 -2.7160 -2.5182 -2.3382 -1.9560 -1.6374 -1.3564 -1.1052 -0.8817
 -0.6848 -0.5153
 -6.0836 -5.6083 -5.3006 -5.1655 -5.0500 -4.7677 -4.4108 -4.0398 -3.6984 -3.4002
 -3.1409 -2.9041 -2.6842 -2.4820 -2.2975 -1.9079 -1.5898 -1.3154 -1.0749 -0.8646
 -0.6808 -0.5216 -0.3857 -0.2704
 -6.1137 -5.5723 -5.1519 -4.8580 -4.6750 -4.5594 -4.3700 -4.0665 -3.7346 -3.4200
 -3.1441 -2.9018 -2.6779 -2.4710 -2.2814 -1.8810 -1.5598 -1.2886 -1.0554 -0.8549
 -0.6818 -0.5318 -0.4032 -0.2933 -0.1989 -0.1149 -0.0366  0.0380  0.1011  0.1401
 -6.2069 -5.6221 -5.1383 -4.7592 -4.4788 -4.2718 -4.1107 -3.9606 -3.7434 -3.4619
 -3.1760 -2.9204 -2.6918 -2.4804 -2.2856 -1.8718 -1.5438 -1.2728 -1.0442 -0.8506
 -0.6857 -0.5439 -0.4223 -0.3185 -0.2292 -0.1505 -0.0808 -0.0161  0.0458  0.0975
  0.1269
 -6.3375 -5.7308 -5.2024 -4.7647 -4.4192 -4.1501 -3.9364 -3.7494 -3.5789 -3.4072
 -3.1983 -2.9561 -2.7224 -2.5067 -2.3068 -1.8788 -1.5406 -1.2665 -1.0396 -0.8504
 -0.6913 -0.5565 -0.4412 -0.3435 -0.2602 -0.1875 -0.1231 -0.0637 -0.0096  0.0384
  0.0796
 -6.4744 -5.8687 -5.3161 -4.8348 -4.4345 -4.1135 -3.8591 -3.6473 -3.4543 -3.2710
 -3.0970 -2.9240 -2.7346 -2.5352 -2.3378 -1.8974 -1.5468 -1.2662 -1.0384 -0.8513
 -0.6962 -0.5664 -0.4571 -0.3652 -0.2879 -0.2216 -0.1633 -0.1107 -0.0631 -0.0199
  0.0192
 -6.6108 -6.0211 -5.4670 -4.9614 -4.5197 -4.1502 -3.8497 -3.6061 -3.3995 -3.2095
 -3.0265 -2.8511 -2.6846 -2.5209 -2.3535 -1.9332 -1.5696 -1.2792 -1.0468 -0.8588
 -0.7049 -0.5780 -0.4727 -0.3855 -0.3137 -0.2535 -0.2016 -0.1553 -0.1133 -0.0749
 -0.0409
 -6.7361 -6.1627 -5.6237 -5.1159 -4.6516 -4.2449 -3.9009 -3.6167 -3.3822 -3.1814
 -2.9973 -2.8204 -2.6498 -2.4877 -2.3318 -1.9597 -1.6044 -1.3021 -1.0618 -0.8700
 -0.7151 -0.5889 -0.4860 -0.4023 -0.3348 -0.2801 -0.2345 -0.1949 -0.1593 -0.1270
 -0.0959
 -6.8599 -6.2838 -5.7642 -5.2720 -4.8072 -4.3813 -4.0050 -3.6823 -3.4114 -3.1843
 -2.9886 -2.8109 -2.6419 -2.4789 -2.3220 -1.9617 -1.6359 -1.3358 -1.0846
 [Fe/H] =  0.00 [alpha/Fe] =-0.40 BC value = F438W
 -7.4342 -6.8169 -6.2519 -5.7623 -5.3101 -4.9053 -4.5667 -4.2514 -3.9596 -3.7138
 -3.4816 -3.2627 -3.0596 -2.8721 -2.6997 -2.3187 -1.9726 -1.6499 -1.3478
 -7.0638 -6.7040 -6.1868 -5.6867 -5.2270 -4.8030 -4.4459 -4.1183 -3.8217 -3.5691
 -3.3326 -3.1113 -2.9062 -2.7176 -2.5446 -2.1688 -1.8422 -1.5407 -1.2574 -0.9937
 -6.6767 -6.4828 -6.1048 -5.6559 -5.2019 -4.7676 -4.3821 -4.0442 -3.7413 -3.4792
 -3.2398 -3.0161 -2.8084 -2.6174 -2.4425 -2.0663 -1.7467 -1.4581 -1.1925 -0.9503
 -0.7341
 -6.3021 -6.0136 -5.8985 -5.5902 -5.1956 -4.7801 -4.3776 -4.0193 -3.7050 -3.4298
 -3.1866 -2.9601 -2.7495 -2.5550 -2.3768 -1.9964 -1.6799 -1.3999 -1.1468 -0.9199
 -0.7187 -0.5431
 -6.0869 -5.6482 -5.4411 -5.3662 -5.1322 -4.7878 -4.4102 -4.0391 -3.7064 -3.4156
 -3.1637 -2.9337 -2.7195 -2.5210 -2.3386 -1.9505 -1.6336 -1.3592 -1.1152 -0.8996
 -0.7107 -0.5456 -0.4032 -0.2823
 -6.1275 -5.5810 -5.1873 -4.9550 -4.8538 -4.7075 -4.4205 -4.0832 -3.7431 -3.4355
 -3.1662 -2.9308 -2.7127 -2.5100 -2.3228 -1.9239 -1.6033 -1.3315 -1.0941 -0.8872
 -0.7079 -0.5521 -0.4170 -0.3009 -0.2005 -0.1132 -0.0324  0.0451  0.1079  0.1472
 -6.2525 -5.6373 -5.1494 -4.7890 -4.5467 -4.3942 -4.2757 -4.0758 -3.7895 -3.4834
 -3.1980 -2.9480 -2.7253 -2.5182 -2.3263 -1.9145 -1.5865 -1.3144 -1.0812 -0.8804
 -0.7086 -0.5606 -0.4327 -0.3226 -0.2280 -0.1457 -0.0715 -0.0042  0.0564  0.1073
  0.1367
 -6.4397 -5.7732 -5.2183 -4.7763 -4.4421 -4.1996 -4.0170 -3.8670 -3.7151 -3.5074
 -3.2496 -2.9878 -2.7545 -2.5433 -2.3466 -1.9212 -1.5827 -1.3068 -1.0751 -0.8783
 -0.7116 -0.5700 -0.4487 -0.3445 -0.2557 -0.1793 -0.1126 -0.0538  0.0005  0.0513
  0.0918
 -6.6556 -5.9538 -5.3558 -4.8516 -4.4468 -4.1346 -3.8968 -3.7040 -3.5323 -3.3709
 -3.2048 -3.0118 -2.7922 -2.5782 -2.3779 -1.9400 -1.5889 -1.3062 -1.0729 -0.8779
 -0.7146 -0.5777 -0.4620 -0.3638 -0.2807 -0.2103 -0.1495 -0.0961 -0.0485 -0.0056
  0.0334
 -6.8490 -6.1587 -5.5447 -4.9999 -4.5376 -4.1625 -3.8677 -3.6357 -3.4420 -3.2647
 -3.0954 -2.9325 -2.7699 -2.5964 -2.4148 -1.9769 -1.6122 -1.3196 -1.0813 -0.8851
 -0.7227 -0.5881 -0.4763 -0.3828 -0.3049 -0.2400 -0.1852 -0.1378 -0.0958 -0.0583
 -0.0253
 -7.0432 -6.3639 -5.7478 -5.1891 -4.6900 -4.2637 -3.9131 -3.6320 -3.4060 -3.2145
 -3.0393 -2.8713 -2.7097 -2.5553 -2.4022 -2.0148 -1.6478 -1.3433 -1.0974 -0.8972
 -0.7334 -0.5991 -0.4893 -0.3992 -0.3255 -0.2656 -0.2165 -0.1752 -0.1392 -0.1076
 -0.0778
 -7.2380 -6.5694 -5.9440 -5.3894 -4.8775 -4.4206 -4.0248 -3.6946 -3.4247 -3.2034
 -3.0151 -2.8444 -2.6818 -2.5255 -2.3401 -2.0537 -1.6957 -1.3773 -1.1212
 [Fe/H] =  0.25 [alpha/Fe] =-0.40 BC value = F438W
 -7.3802 -6.7211 -6.1651 -5.7022 -5.2596 -4.8750 -4.5402 -4.2359 -3.9505 -3.7124
 -3.4862 -3.2732 -3.0746 -2.8908 -2.7207 -2.3440 -2.0036 -1.6883 -1.3952
 -7.2033 -6.6716 -6.1313 -5.6331 -5.1896 -4.7829 -4.4313 -4.1168 -3.8257 -3.5816
 -3.3521 -3.1370 -2.9369 -2.7518 -2.5808 -2.2078 -1.8844 -1.5866 -1.3065 -1.0436
 -6.6894 -6.5504 -6.0882 -5.6277 -5.1743 -4.7514 -4.3776 -4.0507 -3.7525 -3.4999
 -3.2677 -3.0506 -2.8483 -2.6609 -2.4880 -2.1137 -1.7955 -1.5082 -1.2427 -0.9986
 -0.7786
 -6.3100 -6.2284 -5.9901 -5.6107 -5.1863 -4.7681 -4.3741 -4.0278 -3.7218 -3.4532
 -3.2176 -2.9979 -2.7931 -2.6027 -2.4269 -2.0481 -1.7321 -1.4520 -1.1970 -0.9659
 -0.7598 -0.5781
 -6.0944 -5.7378 -5.6532 -5.4912 -5.1721 -4.7938 -4.4073 -4.0441 -3.7225 -3.4383
 -3.1939 -2.9710 -2.7628 -2.5691 -2.3895 -2.0032 -1.6866 -1.4115 -1.1645 -0.9432
 -0.7481 -0.5768 -0.4276 -0.2985
 -6.1212 -5.5906 -5.2528 -5.1231 -5.0290 -4.7744 -4.4430 -4.0918 -3.7556 -3.4563
 -3.1938 -2.9655 -2.7536 -2.5560 -2.3722 -1.9758 -1.6552 -1.3828 -1.1418 -0.9283
 -0.7416 -0.5791 -0.4376 -0.3149 -0.2095 -0.1151 -0.0272  0.0510  0.1138  0.1542
 -6.2649 -5.6318 -5.1579 -4.8366 -4.6597 -4.5693 -4.4024 -4.1249 -3.8116 -3.5019
 -3.2229 -2.9796 -2.7630 -2.5614 -2.3733 -1.9648 -1.6365 -1.3638 -1.1270 -0.9192
 -0.7392 -0.5839 -0.4494 -0.3329 -0.2322 -0.1463 -0.0705  0.0005  0.0670  0.1174
  0.1470
 -6.4908 -5.7809 -5.2130 -4.7826 -4.4765 -4.2744 -4.1414 -4.0189 -3.8229 -3.5576
 -3.2771 -3.0172 -2.7893 -2.5833 -2.3910 -1.9700 -1.6310 -1.3543 -1.1189 -0.9151
 -0.7398 -0.5903 -0.4619 -0.3516 -0.2564 -0.1748 -0.1024 -0.0382  0.0176  0.0653
  0.1049
 -6.7796 -6.0018 -5.3620 -4.8467 -4.4509 -4.1596 -3.9488 -3.7861 -3.6459 -3.4970
 -3.3044 -3.0699 -2.8304 -2.6163 -2.4201 -1.9875 -1.6361 -1.3519 -1.1150 -0.9130
 -0.7410 -0.5956 -0.4726 -0.3679 -0.2785 -0.2025 -0.1379 -0.0821 -0.0334  0.0100
  0.0496
 -7.0129 -6.2523 -5.5860 -5.0052 -4.5331 -4.1647 -3.8855 -3.6729 -3.4989 -3.3419
 -3.1914 -3.0355 -2.8604 -2.6617 -2.4651 -2.0236 -1.6590 -1.3646 -1.1225 -0.9194
 -0.7482 -0.6049 -0.4854 -0.3852 -0.3007 -0.2299 -0.1707 -0.1206 -0.0775 -0.0400
 -0.0074
 -7.3007 -6.5235 -5.8347 -5.2259 -4.6958 -4.2597 -3.9136 -3.6445 -3.4332 -3.2563
 -3.0947 -2.9403 -2.7901 -2.6401 -2.4813 -2.0691 -1.6948 -1.3887 -1.1389 -0.9318
 -0.7593 -0.6160 -0.4980 -0.4008 -0.3205 -0.2542 -0.2002 -0.1556 -0.1181 -0.0863
 -0.0580
 -7.6428 -6.8155 -6.0864 -5.4700 -4.9130 -4.4275 -4.0219 -3.6938 -3.4328 -3.2233
 -3.0466 -2.8864 -2.7336 -2.5865 -2.4687 -2.1240 -1.7435 -1.4242 -1.1642
 [Fe/H] =  0.50 [alpha/Fe] =-0.40 BC value = F438W
 -7.2570 -6.6333 -6.1041 -5.6603 -5.2241 -4.8593 -4.5392 -4.2452 -3.9759 -3.7317
 -3.5102 -3.3024 -3.1082 -2.9272 -2.7586 -2.3858 -2.0446 -1.7365 -1.4419
 -7.2532 -6.6328 -6.0840 -5.6001 -5.1662 -4.7749 -4.4382 -4.1334 -3.8500 -3.6110
 -3.3870 -3.1775 -2.9822 -2.8005 -2.6319 -2.2611 -1.9390 -1.6426 -1.3636 -1.1014
 -6.9981 -6.5862 -6.0919 -5.6026 -5.1620 -4.7467 -4.3865 -4.0711 -3.7771 -3.5335
 -3.3078 -3.0965 -2.8994 -2.7159 -2.5456 -2.1733 -1.8556 -1.5683 -1.3018 -1.0550
 -0.8303
 -6.4169 -6.3822 -6.0449 -5.6172 -5.1765 -4.7626 -4.3798 -4.0471 -3.7496 -3.4872
 -3.2587 -3.0454 -2.8460 -2.6600 -2.4871 -2.1104 -1.7944 -1.5136 -1.2565 -1.0210
 -0.8090 -0.6207
 -6.1285 -5.9213 -5.8343 -5.5635 -5.1935 -4.7958 -4.4120 -4.0584 -3.7473 -3.4695
 -3.2330 -3.0166 -2.8144 -2.6255 -2.4493 -2.0658 -1.7488 -1.4727 -1.2225 -0.9963
 -0.7941 -0.6156 -0.4593 -0.3234
 -6.1069 -5.6190 -5.3844 -5.3260 -5.1264 -4.8114 -4.4555 -4.1013 -3.7749 -3.4847
 -3.2285 -3.0073 -2.8017 -2.6094 -2.4297 -2.0370 -1.7158 -1.4423 -1.1985 -0.9789
 -0.7843 -0.6140 -0.4653 -0.3359 -0.2231 -0.1245 -0.0326  0.0539  0.1176  0.1602
 -6.2444 -5.6193 -5.1792 -4.9250 -4.8372 -4.7178 -4.4628 -4.1507 -3.8290 -3.5241
 -3.2539 -3.0167 -2.8066 -2.6107 -2.4270 -2.0235 -1.6950 -1.4210 -1.1814 -0.9674
 -0.7789 -0.6151 -0.4733 -0.3501 -0.2431 -0.1501 -0.0685  0.0059  0.0763  0.1266
  0.1573
 -6.4983 -5.7609 -5.2010 -4.7972 -4.5360 -4.3967 -4.3063 -4.1337 -3.8739 -3.5855
 -3.3036 -3.0504 -2.8286 -2.6283 -2.4407 -2.0260 -1.6870 -1.4090 -1.1710 -0.9611
 -0.7772 -0.6185 -0.4824 -0.3651 -0.2637 -0.1761 -0.1007 -0.0356  0.0242  0.0795
  0.1185
 -6.8331 -6.0031 -5.3425 -4.8346 -4.4602 -4.2005 -4.0290 -3.9092 -3.7866 -3.6019
 -3.3597 -3.1024 -2.8664 -2.6574 -2.4661 -2.0410 -1.6901 -1.4045 -1.1649 -0.9571
 -0.7764 -0.6216 -0.4903 -0.3784 -0.2825 -0.2003 -0.1305 -0.0708 -0.0193  0.0259
  0.0672
 -7.2032 -6.3202 -5.5866 -4.9879 -4.5208 -4.1694 -3.9136 -3.7275 -3.5815 -3.4509
 -3.3105 -3.1369 -2.9259 -2.7067 -2.5089 -2.0747 -1.7115 -1.4154 -1.1707 -0.9621
 -0.7827 -0.6298 -0.5015 -0.3937 -0.3025 -0.2252 -0.1604 -0.1060 -0.0601 -0.0229
  0.0144
 -7.7219 -6.7122 -5.8868 -5.2277 -4.6807 -4.2473 -3.9143 -3.6633 -3.4717 -3.3139
 -3.1713 -3.0334 -2.8906 -2.7335 -2.5539 -2.1202 -1.7467 -1.4389 -1.1864 -0.9742
 -0.7937 -0.6410 -0.5138 -0.4086 -0.3211 -0.2481 -0.1879 -0.1385 -0.0980 -0.0644
 -0.0368
 -8.3892 -7.1791 -6.1911 -5.5090 -4.9169 -4.4148 -4.0094 -3.6913 -3.4445 -3.2504
 -3.0886 -2.9421 -2.8026 -2.6664 -2.6011 -2.1775 -1.7957 -1.4750 -1.2120
 [Fe/H] =  0.75 [alpha/Fe] =-0.40 BC value = F438W
 -7.1563 -6.5634 -6.0604 -5.6386 -5.2108 -4.8675 -4.5600 -4.2719 -4.0063 -3.7657
 -3.5490 -3.3458 -3.1555 -2.9776 -2.8111 -2.4406 -2.1016 -1.7946 -1.5027
 -7.2153 -6.5878 -6.0465 -5.5832 -5.1583 -4.7841 -4.4597 -4.1592 -3.8860 -3.6485
 -3.4336 -3.2293 -3.0384 -2.8603 -2.6942 -2.3260 -2.0045 -1.7081 -1.4290 -1.1653
 -7.0877 -6.5978 -6.0744 -5.5841 -5.1558 -4.7528 -4.4076 -4.1009 -3.8130 -3.5767
 -3.3567 -3.1511 -2.9590 -2.7797 -2.6124 -2.2435 -1.9261 -1.6382 -1.3699 -1.1197
 -0.8896
 -6.7478 -6.4870 -6.0760 -5.6160 -5.1725 -4.7684 -4.3962 -4.0747 -3.7854 -3.5292
 -3.3070 -3.0995 -2.9054 -2.7241 -2.5548 -2.1821 -1.8664 -1.5849 -1.3254 -1.0854
 -0.8669 -0.6710
 -6.2268 -6.1444 -5.9536 -5.6095 -5.2045 -4.8013 -4.4221 -4.0812 -3.7795 -3.5075
 -3.2784 -3.0683 -2.8718 -2.6878 -2.5157 -2.1369 -1.8202 -1.5432 -1.2910 -1.0593
 -0.8497 -0.6631 -0.4989 -0.3551
 -6.0995 -5.6899 -5.5915 -5.4690 -5.1874 -4.8339 -4.4683 -4.1183 -3.8010 -3.5194
 -3.2694 -3.0549 -2.8553 -2.6683 -2.4930 -2.1060 -1.7852 -1.5107 -1.2644 -1.0397
 -0.8372 -0.6581 -0.5014 -0.3645 -0.2448 -0.1386 -0.0397  0.0522  0.1180  0.1642
 -6.2075 -5.6124 -5.2294 -5.0837 -5.0159 -4.8005 -4.4990 -4.1702 -3.8490 -3.5529
 -3.2899 -3.0592 -2.8554 -2.6650 -2.4863 -2.0897 -1.7618 -1.4866 -1.2447 -1.0257
 -0.8289 -0.6559 -0.5056 -0.3750 -0.2614 -0.1620 -0.0744  0.0073  0.0824  0.1337
  0.1668
 -6.4685 -5.7255 -5.1924 -4.8316 -4.6408 -4.5699 -4.4360 -4.1922 -3.9039 -3.6103
 -3.3343 -3.0879 -2.8722 -2.6778 -2.4954 -2.0888 -1.7510 -1.4718 -1.2315 -1.0170
 -0.8249 -0.6566 -0.5115 -0.3866 -0.2785 -0.1846 -0.1039 -0.0327  0.0330  0.0922
  0.1312
 -6.8221 -5.9694 -5.3096 -4.8236 -4.4824 -4.2685 -4.1539 -4.0618 -3.8953 -3.6558
 -3.3914 -3.1357 -2.9053 -2.7020 -2.5159 -2.1001 -1.7513 -1.4645 -1.2229 -1.0106
 -0.8222 -0.6576 -0.5168 -0.3969 -0.2940 -0.2054 -0.1295 -0.0644 -0.0084  0.0408
  0.0850
 -7.2941 -6.3273 -5.5544 -4.9563 -4.5071 -4.1820 -3.9584 -3.8092 -3.6996 -3.5825
 -3.4163 -3.1993 -2.9650 -2.7480 -2.5545 -2.1301 -1.7700 -1.4729 -1.2263 -1.0138
 -0.8272 -0.6648 -0.5266 -0.4101 -0.3116 -0.2276 -0.1565 -0.0964 -0.0461 -0.0043
  0.0311
 -7.9480 -6.7992 -5.8907 -5.1988 -4.6502 -4.2314 -3.9197 -3.6929 -3.5269 -3.3952
 -3.2757 -3.1476 -2.9943 -2.8067 -2.6059 -2.1727 -1.8032 -1.4948 -1.2402 -1.0244
 -0.8376 -0.6758 -0.5387 -0.4241 -0.3287 -0.2486 -0.1818 -0.1264 -0.0811 -0.0444
 -0.0150
 -8.7839 -7.3851 -6.2584 -5.5126 -4.8914 -4.3857 -3.9918 -3.6907 -3.4632 -3.2888
 -3.1459 -3.0176 -2.8935 -2.7654 -2.6701 -2.2279 -1.8509 -1.5302 -1.2646
 [Fe/H] =  1.00 [alpha/Fe] =-0.40 BC value = F438W
 -7.0375 -6.5173 -6.0494 -5.6290 -5.2212 -4.8567 -4.5381 -4.2573 -4.0072 -3.7820
 -3.5764 -3.3862 -3.2073 -3.0366 -2.8725 -2.5038 -2.1670 -1.8469 -1.5572
 -7.1894 -6.5479 -6.0166 -5.5848 -5.1676 -4.8055 -4.4906 -4.1982 -3.9319 -3.7027
 -3.4890 -3.2890 -3.1021 -2.9273 -2.7638 -2.3986 -2.0779 -1.7768 -1.4973 -1.2321
 -7.2012 -6.5924 -6.0539 -5.5791 -5.1630 -4.7697 -4.4369 -4.1369 -3.8580 -3.6278
 -3.4131 -3.2124 -3.0249 -2.8496 -2.6856 -2.3208 -2.0044 -1.7160 -1.4458 -1.1918
 -0.9561
 -6.9151 -6.5570 -6.0892 -5.6111 -5.1808 -4.7810 -4.4194 -4.1080 -3.8257 -3.5774
 -3.3612 -3.1592 -2.9703 -2.7935 -2.6281 -2.2607 -1.9465 -1.6645 -1.4027 -1.1583
 -0.9330 -0.7289
 -6.4353 -6.3215 -6.0360 -5.6367 -5.2109 -4.8170 -4.4403 -4.1087 -3.8161 -3.5492
 -3.3287 -3.1247 -2.9336 -2.7546 -2.5868 -2.2144 -1.8995 -1.6223 -1.3680 -1.1316
 -0.9148 -0.7194 -0.5460 -0.3935
 -6.1180 -5.8464 -5.7847 -5.5646 -5.2267 -4.8489 -4.4863 -4.1387 -3.8323 -3.5586
 -3.3147 -3.1070 -2.9131 -2.7313 -2.5607 -2.1810 -1.8622 -1.5874 -1.3394 -1.1103
 -0.9005 -0.7123 -0.5462 -0.4008 -0.2742 -0.1593 -0.0510  0.0441  0.1137  0.1651
 -6.1716 -5.6238 -5.3360 -5.2831 -5.1315 -4.8537 -4.5231 -4.1913 -3.8729 -3.5859
 -3.3308 -3.1060 -2.9084 -2.7236 -2.5497 -2.1615 -1.8358 -1.5601 -1.3167 -1.0937
 -0.8899 -0.7076 -0.5477 -0.4085 -0.2872 -0.1809 -0.0859  0.0044  0.0833  0.1374
  0.1744
 -6.4027 -5.6912 -5.1977 -4.9010 -4.8071 -4.7238 -4.5100 -4.2287 -3.9293 -3.6374
 -3.3688 -3.1295 -2.9196 -2.7312 -2.5541 -2.1569 -1.8220 -1.5421 -1.3002 -1.0819
 -0.8833 -0.7058 -0.5509 -0.4171 -0.3013 -0.2007 -0.1128 -0.0347  0.0380  0.1013
  0.1419
 -6.7545 -5.9136 -5.2767 -4.8235 -4.5278 -4.3815 -4.3151 -4.1796 -3.9532 -3.6887
 -3.4204 -3.1721 -2.9476 -2.7500 -2.5696 -2.1642 -1.8193 -1.5319 -1.2885 -1.0730
 -0.8784 -0.7047 -0.5538 -0.4245 -0.3138 -0.2183 -0.1360 -0.0646 -0.0026  0.0530
  0.1011
 -7.2839 -6.2836 -5.5044 -4.9244 -4.5023 -4.2108 -4.0304 -3.9298 -3.8403 -3.6896
 -3.4752 -3.2362 -3.0032 -2.7914 -2.6032 -2.1899 -1.8350 -1.5376 -1.2890 -1.0736
 -0.8814 -0.7104 -0.5621 -0.4358 -0.3289 -0.2378 -0.1601 -0.0937 -0.0379  0.0091
  0.0490
 -8.0221 -6.8012 -5.8543 -5.1543 -4.6198 -4.2228 -3.9368 -3.7399 -3.6072 -3.5065
 -3.3993 -3.2549 -3.0643 -2.8514 -2.6518 -2.2282 -1.8650 -1.5569 -1.3004 -1.0820
 -0.8902 -0.7206 -0.5735 -0.4489 -0.3445 -0.2568 -0.1831 -0.1212 -0.0698 -0.0283
  0.0047
 -8.9693 -7.4664 -6.3264 -5.4883 -4.8533 -4.3564 -3.9798 -3.6991 -3.4942 -3.3434
 -3.2242 -3.1166 -3.0030 -2.8705 -2.7154 -2.2791 -1.9093 -1.5898 -1.3227
