 [Fe/H] = -2.50 [alpha/Fe] = 0.00 BC value = F475W
 -3.9269 -3.5507 -3.4300 -3.5122 -3.7120 -3.8766 -3.6076 -3.4288 -3.2529 -3.0640
 -2.8556 -2.6499 -2.4364 -2.2171 -2.0085 -1.5048 -1.0466 -0.7019 -0.4047
 -4.2914 -3.9513 -3.6965 -3.5185 -3.3945 -3.2751 -3.1409 -2.9958 -2.8438 -2.6842
 -2.5044 -2.3011 -2.0870 -1.8800 -1.6862 -1.2488 -0.8816 -0.5897 -0.3712 -0.2036
 -4.0631 -3.7358 -3.4602 -3.2308 -3.0457 -2.9053 -2.7989 -2.6856 -2.5449 -2.3839
 -2.2192 -2.0453 -1.8557 -1.6682 -1.4943 -1.1158 -0.7978 -0.5417 -0.3472 -0.1971
 -0.0753
 -3.8765 -3.5744 -3.3080 -3.0722 -2.8646 -2.6845 -2.5310 -2.4030 -2.2873 -2.1554
 -2.0007 -1.8424 -1.6776 -1.5087 -1.3499 -1.0116 -0.7347 -0.5091 -0.3349 -0.1990
 -0.0878  0.0077
 -3.6886 -3.4222 -3.1788 -2.9545 -2.7475 -2.5581 -2.3863 -2.2320 -2.0932 -1.9654
 -1.8358 -1.6950 -1.5483 -1.3957 -1.2486 -0.9372 -0.6892 -0.4877 -0.3300 -0.2062
 -0.1041 -0.0159  0.0631  0.1358
 -3.4909 -3.2631 -3.0504 -2.8476 -2.6535 -2.4690 -2.2953 -2.1334 -1.9839 -1.8448
 -1.7134 -1.5848 -1.4560 -1.3214 -1.1863 -0.8892 -0.6590 -0.4740 -0.3287 -0.2149
 -0.1214 -0.0404  0.0326  0.0999  0.1656  0.2275  0.2827  0.3287  0.3636  0.3864
 -3.2936 -3.0968 -2.9152 -2.7387 -2.5646 -2.3935 -2.2271 -2.0674 -1.9159 -1.7738
 -1.6397 -1.5119 -1.3887 -1.2670 -1.1457 -0.8655 -0.6419 -0.4665 -0.3285 -0.2221
 -0.1364 -0.0628  0.0035  0.0651  0.1231  0.1787  0.2307  0.2774  0.3178  0.3490
  0.3637
 -3.1000 -2.9315 -2.7750 -2.6229 -2.4718 -2.3194 -2.1660 -2.0147 -1.8680 -1.7267
 -1.5930 -1.4663 -1.3455 -1.2287 -1.1154 -0.8543 -0.6364 -0.4645 -0.3297 -0.2266
 -0.1467 -0.0803 -0.0213  0.0335  0.0855  0.1355  0.1847  0.2307  0.2707  0.3026
  0.3250
 -2.9173 -2.7716 -2.6328 -2.5004 -2.3698 -2.2367 -2.1004 -1.9620 -1.8240 -1.6885
 -1.5576 -1.4326 -1.3139 -1.2004 -1.0911 -0.8432 -0.6337 -0.4649 -0.3313 -0.2286
 -0.1511 -0.0903 -0.0386  0.0085  0.0534  0.0970  0.1392  0.1785  0.2149  0.2484
  0.2795
 -2.7456 -2.6171 -2.4971 -2.3780 -2.2624 -2.1470 -2.0284 -1.9059 -1.7806 -1.6547
 -1.5300 -1.4088 -1.2924 -1.1816 -1.0757 -0.8358 -0.6336 -0.4677 -0.3354 -0.2321
 -0.1540 -0.0954 -0.0491 -0.0092  0.0278  0.0638  0.0991  0.1338  0.1638  0.1962
  0.2289
 -2.5849 -2.4680 -2.3679 -2.2554 -2.1501 -2.0470 -1.9436 -1.8372 -1.7270 -1.6139
 -1.4992 -1.3849 -1.2731 -1.1653 -1.0623 -0.8289 -0.6318 -0.4692 -0.3384 -0.2352
 -0.1563 -0.0973 -0.0532 -0.0186  0.0112  0.0392  0.0666  0.0941  0.1215  0.1483
  0.1735
 -2.4351 -2.3243 -2.2452 -2.1322 -2.0327 -1.9377 -1.8452 -1.7523 -1.6569 -1.5585
 -1.4569 -1.3534 -1.2496 -1.1473 -1.0509 -0.8225 -0.6283 -0.4694 -0.3403
 [Fe/H] = -2.00 [alpha/Fe] = 0.00 BC value = F475W
 -4.5615 -4.1316 -3.8519 -3.6940 -3.6183 -3.5602 -3.3750 -3.2236 -3.0575 -2.8708
 -2.6622 -2.4452 -2.2263 -2.0172 -1.8240 -1.3873 -1.0009 -0.6853 -0.4149
 -4.2969 -3.9541 -3.7087 -3.4980 -3.3094 -3.1442 -2.9959 -2.8538 -2.7066 -2.5458
 -2.3659 -2.1668 -1.9602 -1.7640 -1.5843 -1.1977 -0.8700 -0.5938 -0.3755 -0.2033
 -4.0450 -3.6654 -3.3712 -3.1504 -2.9966 -2.8713 -2.7343 -2.5868 -2.4380 -2.2892
 -2.1322 -1.9601 -1.7730 -1.5888 -1.4205 -1.0688 -0.7835 -0.5437 -0.3502 -0.1977
 -0.0741
 -3.9123 -3.5391 -3.2344 -2.9863 -2.7853 -2.6241 -2.5008 -2.3948 -2.2665 -2.1144
 -1.9596 -1.8046 -1.6398 -1.4686 -1.3097 -0.9782 -0.7212 -0.5095 -0.3365 -0.1982
 -0.0849  0.0118
 -3.8136 -3.4615 -3.1653 -2.9139 -2.6992 -2.5154 -2.3572 -2.2201 -2.1032 -1.9886
 -1.8499 -1.6990 -1.5462 -1.3895 -1.2369 -0.9191 -0.6790 -0.4870 -0.3303 -0.2039
 -0.0997 -0.0102  0.0694  0.1417
 -3.7145 -3.3929 -3.1150 -2.8720 -2.6570 -2.4655 -2.2942 -2.1402 -1.9997 -1.8708
 -1.7503 -1.6238 -1.4865 -1.3404 -1.1948 -0.8842 -0.6527 -0.4726 -0.3279 -0.2113
 -0.1155 -0.0332  0.0404  0.1078  0.1704  0.2285  0.2815  0.3297  0.3698  0.3935
 -3.6045 -3.3163 -3.0632 -2.8359 -2.6286 -2.4383 -2.2631 -2.1019 -1.9526 -1.8128
 -1.6809 -1.5555 -1.4339 -1.3068 -1.1738 -0.8681 -0.6383 -0.4641 -0.3268 -0.2176
 -0.1294 -0.0543  0.0126  0.0742  0.1320  0.1865  0.2371  0.2835  0.3246  0.3556
  0.3700
 -3.4874 -3.2295 -3.0020 -2.7944 -2.6002 -2.4172 -2.2445 -2.0817 -1.9289 -1.7851
 -1.6483 -1.5183 -1.3948 -1.2748 -1.1553 -0.8679 -0.6343 -0.4606 -0.3266 -0.2216
 -0.1390 -0.0709 -0.0112  0.0436  0.0955  0.1451  0.1920  0.2359  0.2764  0.3095
  0.3316
 -3.3683 -3.1340 -2.9277 -2.7396 -2.5619 -2.3907 -2.2250 -2.0655 -1.9132 -1.7683
 -1.6305 -1.4990 -1.3735 -1.2531 -1.1370 -0.8668 -0.6373 -0.4604 -0.3264 -0.2227
 -0.1430 -0.0804 -0.0279  0.0196  0.0643  0.1075  0.1491  0.1890  0.2263  0.2597
  0.2864
 -3.2619 -3.0439 -2.8516 -2.6779 -2.5151 -2.3577 -2.2030 -2.0509 -1.9028 -1.7599
 -1.6228 -1.4918 -1.3663 -1.2460 -1.1306 -0.8675 -0.6444 -0.4659 -0.3297 -0.2252
 -0.1455 -0.0853 -0.0380  0.0022  0.0393  0.0749  0.1097  0.1438  0.1766  0.2074
  0.2362
 -3.1658 -2.9595 -2.7744 -2.6093 -2.4569 -2.3120 -2.1696 -2.0282 -1.8880 -1.7503
 -1.6164 -1.4873 -1.3631 -1.2438 -1.1294 -0.8691 -0.6498 -0.4721 -0.3337 -0.2278
 -0.1471 -0.0868 -0.0419 -0.0069  0.0230  0.0507  0.0777  0.1046  0.1312  0.1571
  0.1814
 -3.0781 -2.8792 -2.6999 -2.5381 -2.3907 -2.2535 -2.1217 -1.9916 -1.8621 -1.7330
 -1.6054 -1.4806 -1.3592 -1.2412 -1.1334 -0.8716 -0.6535 -0.4790 -0.3384
 [Fe/H] = -1.50 [alpha/Fe] = 0.00 BC value = F475W
 -5.2119 -4.7801 -4.4233 -4.1264 -3.8735 -3.6449 -3.4229 -3.1970 -2.9722 -2.7474
 -2.5187 -2.2889 -2.0668 -1.8647 -1.6825 -1.2928 -0.9606 -0.6732 -0.4251
 -4.8055 -4.3669 -3.9997 -3.6991 -3.4514 -3.2391 -3.0441 -2.8528 -2.6634 -2.4724
 -2.2741 -2.0672 -1.8602 -1.6676 -1.4945 -1.1355 -0.8443 -0.5939 -0.3820 -0.2101
 -4.3674 -3.9588 -3.6509 -3.3895 -3.1551 -2.9503 -2.7678 -2.5964 -2.4297 -2.2636
 -2.0924 -1.9106 -1.7200 -1.5357 -1.3683 -1.0267 -0.7619 -0.5414 -0.3545 -0.2000
 -0.0734
 -4.1600 -3.7125 -3.3613 -3.0919 -2.8911 -2.7379 -2.5865 -2.4263 -2.2669 -2.1112
 -1.9565 -1.7973 -1.6271 -1.4527 -1.2897 -0.9567 -0.7071 -0.5064 -0.3384 -0.1981
 -0.0818  0.0171
 -4.0794 -3.6261 -3.2611 -2.9692 -2.7345 -2.5490 -2.4045 -2.2838 -2.1651 -2.0223
 -1.8691 -1.7169 -1.5635 -1.4029 -1.2449 -0.9155 -0.6729 -0.4843 -0.3300 -0.2014
 -0.0940 -0.0025  0.0782  0.1508
 -4.0481 -3.6009 -3.2351 -2.9361 -2.6899 -2.4854 -2.3134 -2.1660 -2.0391 -1.9292
 -1.8115 -1.6722 -1.5234 -1.3729 -1.2225 -0.8948 -0.6534 -0.4712 -0.3260 -0.2067
 -0.1075 -0.0231  0.0515  0.1191  0.1814  0.2387  0.2910  0.3386  0.3786  0.4013
 -4.0259 -3.5957 -3.2370 -2.9387 -2.6879 -2.4738 -2.2890 -2.1272 -1.9826 -1.8508
 -1.7307 -1.6173 -1.4947 -1.3573 -1.2137 -0.8886 -0.6444 -0.4638 -0.3239 -0.2114
 -0.1195 -0.0422  0.0258  0.0876  0.1450  0.1988  0.2484  0.2937  0.3341  0.3652
  0.3795
 -3.9922 -3.5875 -3.2442 -2.9528 -2.7029 -2.4854 -2.2935 -2.1220 -1.9670 -1.8248
 -1.6917 -1.5666 -1.4498 -1.3333 -1.2082 -0.8933 -0.6435 -0.4609 -0.3228 -0.2145
 -0.1280 -0.0573  0.0037  0.0588  0.1103  0.1591  0.2048  0.2476  0.2871  0.3195
  0.3416
 -3.9365 -3.5622 -3.2400 -2.9617 -2.7183 -2.5022 -2.3076 -2.1308 -1.9689 -1.8194
 -1.6797 -1.5477 -1.4228 -1.3044 -1.1891 -0.9013 -0.6483 -0.4602 -0.3213 -0.2146
 -0.1316 -0.0660 -0.0118  0.0360  0.0806  0.1231  0.1636  0.2023  0.2383  0.2697
  0.2965
 -3.8752 -3.5314 -3.2300 -2.9663 -2.7327 -2.5218 -2.3284 -2.1499 -1.9842 -1.8301
 -1.6858 -1.5498 -1.4205 -1.2975 -1.1801 -0.9075 -0.6630 -0.4672 -0.3238 -0.2161
 -0.1337 -0.0707 -0.0215  0.0196  0.0566  0.0918  0.1256  0.1585  0.1901  0.2194
  0.2469
 -3.8127 -3.4928 -3.2097 -2.9598 -2.7368 -2.5338 -2.3455 -2.1688 -2.0025 -1.8462
 -1.6992 -1.5606 -1.4290 -1.3034 -1.1837 -0.9113 -0.6756 -0.4791 -0.3291 -0.2182
 -0.1348 -0.0721 -0.0252  0.0108  0.0409  0.0684  0.0946  0.1205  0.1459  0.1705
  0.1934
 -3.7547 -3.4530 -3.1841 -2.9446 -2.7301 -2.5344 -2.3528 -2.1812 -2.0179 -1.8624
 -1.7147 -1.5747 -1.4396 -1.3127 -1.1999 -0.9127 -0.6861 -0.4959 -0.3372
 [Fe/H] = -1.00 [alpha/Fe] = 0.00 BC value = F475W
 -5.8782 -5.4962 -5.1442 -4.8093 -4.4776 -4.1306 -3.7513 -3.3490 -2.9970 -2.6938
 -2.4251 -2.1810 -1.9580 -1.7597 -1.5839 -1.2212 -0.9256 -0.6655 -0.4353
 -5.4675 -5.0414 -4.6585 -4.3117 -3.9909 -3.6801 -3.3560 -3.0314 -2.7392 -2.4783
 -2.2384 -2.0125 -1.8014 -1.6094 -1.4381 -1.0899 -0.8187 -0.5897 -0.3897 -0.2181
 -5.1539 -4.7094 -4.3072 -3.9495 -3.6327 -3.3468 -3.0710 -2.7993 -2.5493 -2.3214
 -2.1082 -1.9024 -1.7029 -1.5162 -1.3475 -1.0054 -0.7476 -0.5382 -0.3590 -0.2046
 -0.0742
 -4.7632 -4.3360 -3.9833 -3.6652 -3.3688 -3.1001 -2.8549 -2.6216 -2.4034 -2.2017
 -2.0119 -1.8270 -1.6426 -1.4631 -1.2965 -0.9553 -0.7029 -0.5050 -0.3400 -0.1990
 -0.0789  0.0233
 -4.5514 -4.0661 -3.6644 -3.3383 -3.0806 -2.8764 -2.6854 -2.4891 -2.2953 -2.1117
 -1.9382 -1.7710 -1.6037 -1.4349 -1.2719 -0.9292 -0.6769 -0.4848 -0.3291 -0.1983
 -0.0872  0.0076  0.0901  0.1635
 -4.4881 -3.9602 -3.5253 -3.1738 -2.8916 -2.6644 -2.4802 -2.3286 -2.1948 -2.0496
 -1.8912 -1.7320 -1.5762 -1.4202 -1.2637 -0.9198 -0.6639 -0.4734 -0.3234 -0.2002
 -0.0969 -0.0091  0.0672  0.1354  0.1974  0.2539  0.3052  0.3516  0.3906  0.4133
 -4.5065 -3.9567 -3.5008 -3.1298 -2.8296 -2.5850 -2.3830 -2.2131 -2.0678 -1.9439
 -1.8304 -1.7043 -1.5612 -1.4126 -1.2644 -0.9223 -0.6604 -0.4679 -0.3206 -0.2028
 -0.1059 -0.0247  0.0451  0.1074  0.1644  0.2170  0.2651  0.3088  0.3479  0.3786
  0.3931
 -4.5575 -4.0007 -3.5323 -3.1471 -2.8325 -2.5743 -2.3592 -2.1770 -2.0190 -1.8792
 -1.7533 -1.6392 -1.5280 -1.4043 -1.2685 -0.9334 -0.6647 -0.4673 -0.3197 -0.2048
 -0.1128 -0.0375  0.0260  0.0817  0.1327  0.1804  0.2245  0.2653  0.3020  0.3339
  0.3561
 -4.5949 -4.0503 -3.5825 -3.1915 -2.8677 -2.5989 -2.3723 -2.1784 -2.0094 -1.8593
 -1.7229 -1.5968 -1.4793 -1.3681 -1.2547 -0.9472 -0.6733 -0.4690 -0.3188 -0.2048
 -0.1158 -0.0451  0.0124  0.0614  0.1056  0.1470  0.1859  0.2225  0.2563  0.2859
  0.3112
 -4.6095 -4.0963 -3.6410 -3.2537 -2.9261 -2.6493 -2.4136 -2.2095 -2.0299 -1.8696
 -1.7242 -1.5901 -1.4646 -1.3463 -1.2339 -0.9592 -0.6925 -0.4787 -0.3227 -0.2067
 -0.1182 -0.0500  0.0032  0.0462  0.0835  0.1178  0.1501  0.1812  0.2105  0.2376
  0.2616
 -4.5919 -4.1177 -3.6879 -3.3131 -2.9886 -2.7096 -2.4680 -2.2560 -2.0676 -1.8983
 -1.7443 -1.6026 -1.4708 -1.3469 -1.2294 -0.9610 -0.7127 -0.4952 -0.3303 -0.2098
 -0.1198 -0.0520 -0.0011  0.0376  0.0686  0.0958  0.1208  0.1451  0.1685  0.1909
  0.2115
 -4.5534 -4.1166 -3.7180 -3.3613 -3.0465 -2.7702 -2.5267 -2.3099 -2.1151 -1.9385
 -1.7771 -1.6286 -1.4908 -1.3619 -1.2412 -0.9526 -0.7339 -0.5185 -0.3416
 [Fe/H] = -0.75 [alpha/Fe] = 0.00 BC value = F475W
 -6.2173 -5.8796 -5.5607 -5.2447 -4.9106 -4.5238 -4.0525 -3.5151 -3.0582 -2.6951
 -2.3984 -2.1452 -1.9226 -1.7250 -1.5507 -1.1940 -0.9101 -0.6633 -0.4404
 -5.7896 -5.4098 -5.0588 -4.7264 -4.3975 -4.0470 -3.6393 -3.2077 -2.8274 -2.5102
 -2.2399 -2.0019 -1.7878 -1.5957 -1.4244 -1.0774 -0.8110 -0.5878 -0.3943 -0.2242
 -5.4821 -5.0664 -4.6844 -4.3318 -4.0032 -3.6830 -3.3417 -2.9862 -2.6621 -2.3808
 -2.1344 -1.9119 -1.7068 -1.5187 -1.3490 -1.0042 -0.7464 -0.5393 -0.3626 -0.2088
 -0.0766
 -5.1724 -4.7734 -4.3929 -4.0355 -3.7050 -3.4006 -3.1078 -2.8106 -2.5316 -2.2820
 -2.0586 -1.8534 -1.6596 -1.4770 -1.3088 -0.9625 -0.7065 -0.5076 -0.3426 -0.2011
 -0.0793  0.0252
 -4.9187 -4.4466 -4.0221 -3.7138 -3.4399 -3.1750 -2.9169 -2.6646 -2.4230 -2.2010
 -1.9987 -1.8109 -1.6312 -1.4569 -1.2916 -0.9426 -0.6840 -0.4885 -0.3309 -0.1984
 -0.0854  0.0117  0.0959  0.1702
 -4.7613 -4.2053 -3.7722 -3.4181 -3.1287 -2.8915 -2.6955 -2.5149 -2.3273 -2.1356
 -1.9511 -1.7773 -1.6112 -1.4483 -1.2885 -0.9378 -0.6738 -0.4779 -0.3246 -0.1987
 -0.0930 -0.0028  0.0753  0.1444  0.2066  0.2631  0.3142  0.3600  0.3983  0.4207
 -4.7214 -4.1603 -3.6878 -3.2989 -2.9824 -2.7236 -2.5090 -2.3277 -2.1744 -2.0403
 -1.9037 -1.7533 -1.5976 -1.4443 -1.2929 -0.9438 -0.6730 -0.4736 -0.3217 -0.2002
 -0.1003 -0.0164  0.0554  0.1187  0.1758  0.2281  0.2756  0.3185  0.3570  0.3872
  0.4018
 -4.7922 -4.2015 -3.6986 -3.2826 -2.9428 -2.6657 -2.4372 -2.2451 -2.0799 -1.9358
 -1.8097 -1.6951 -1.5756 -1.4414 -1.2995 -0.9576 -0.6800 -0.4744 -0.3213 -0.2019
 -0.1063 -0.0277  0.0380  0.0950  0.1463  0.1935  0.2370  0.2767  0.3125  0.3435
  0.3656
 -4.8792 -4.2775 -3.7577 -3.3214 -2.9623 -2.6681 -2.4251 -2.2210 -2.0463 -1.8935
 -1.7567 -1.6325 -1.5184 -1.4086 -1.2920 -0.9740 -0.6913 -0.4783 -0.3213 -0.2022
 -0.1091 -0.0347  0.0256  0.0762  0.1209  0.1620  0.2001  0.2357  0.2684  0.2973
  0.3212
 -4.9501 -4.3678 -3.8448 -3.3992 -3.0258 -2.7162 -2.4588 -2.2413 -2.0548 -1.8916
 -1.7461 -1.6135 -1.4907 -1.3757 -1.2665 -0.9893 -0.7125 -0.4904 -0.3268 -0.2050
 -0.1120 -0.0398  0.0166  0.0618  0.1000  0.1342  0.1660  0.1961  0.2242  0.2500
  0.2727
 -4.9784 -4.4297 -3.9299 -3.4869 -3.1088 -2.7890 -2.5193 -2.2893 -2.0907 -1.9162
 -1.7605 -1.6195 -1.4896 -1.3683 -1.2538 -0.9904 -0.7359 -0.5089 -0.3364 -0.2094
 -0.1144 -0.0425  0.0119  0.0532  0.0857  0.1132  0.1380  0.1614  0.1838  0.2048
  0.2240
 -4.9707 -4.4637 -3.9932 -3.5681 -3.1956 -2.8730 -2.5954 -2.3553 -2.1457 -1.9604
 -1.7945 -1.6444 -1.5067 -1.3792 -1.2539 -0.9773 -0.7615 -0.5338 -0.3501
 [Fe/H] = -0.50 [alpha/Fe] = 0.00 BC value = F475W
 -6.5188 -6.2264 -5.9486 -5.6693 -5.3664 -4.9742 -4.4273 -3.7435 -3.1560 -2.7183
 -2.3903 -2.1251 -1.8998 -1.7028 -1.5291 -1.1753 -0.8990 -0.6616 -0.4474
 -6.0789 -5.7488 -5.4417 -5.1459 -4.8393 -4.4792 -4.0037 -3.4495 -2.9544 -2.5634
 -2.2562 -2.0035 -1.7852 -1.5924 -1.4208 -1.0729 -0.8083 -0.5904 -0.3999 -0.2314
 -5.7553 -5.3884 -5.0477 -4.7285 -4.4177 -4.0879 -3.6917 -3.2380 -2.8155 -2.4621
 -2.1736 -1.9311 -1.7190 -1.5291 -1.3584 -1.0101 -0.7501 -0.5434 -0.3676 -0.2141
 -0.0805
 -5.5038 -5.1146 -4.7483 -4.4054 -4.0826 -3.7692 -3.4368 -3.0642 -2.7032 -2.3867
 -2.1183 -1.8878 -1.6828 -1.4967 -1.3269 -0.9756 -0.7146 -0.5134 -0.3471 -0.2044
 -0.0809  0.0258
 -5.1657 -4.7875 -4.4538 -4.1333 -3.8181 -3.5127 -3.2169 -2.9085 -2.6015 -2.3211
 -2.0751 -1.8588 -1.6636 -1.4831 -1.3155 -0.9607 -0.6952 -0.4953 -0.3348 -0.1999
 -0.0847  0.0148  0.1011  0.1769
 -4.9512 -4.4791 -4.0863 -3.7609 -3.4863 -3.2428 -3.0053 -2.7572 -2.5021 -2.2579
 -2.0354 -1.8351 -1.6517 -1.4795 -1.3161 -0.9595 -0.6876 -0.4855 -0.3281 -0.1988
 -0.0902  0.0027  0.0830  0.1536  0.2165  0.2726  0.3234  0.3696  0.4073  0.4292
 -4.9030 -4.3665 -3.9099 -3.5297 -3.2154 -2.9522 -2.7283 -2.5336 -2.3548 -2.1768
 -1.9936 -1.8130 -1.6419 -1.4797 -1.3232 -0.9682 -0.6892 -0.4822 -0.3252 -0.1995
 -0.0960 -0.0089  0.0655  0.1304  0.1883  0.2405  0.2874  0.3298  0.3677  0.3972
  0.4116
 -4.9630 -4.3784 -3.8743 -3.4510 -3.1021 -2.8147 -2.5747 -2.3694 -2.1904 -2.0351
 -1.8990 -1.7681 -1.6279 -1.4800 -1.3324 -0.9842 -0.6987 -0.4847 -0.3252 -0.2010
 -0.1011 -0.0188  0.0501  0.1091  0.1612  0.2083  0.2511  0.2900  0.3254  0.3549
  0.3765
 -5.0810 -4.4609 -3.9210 -3.4632 -3.0835 -2.7717 -2.5146 -2.2991 -2.1145 -1.9533
 -1.8110 -1.6849 -1.5700 -1.4554 -1.3310 -1.0027 -0.7125 -0.4908 -0.3265 -0.2017
 -0.1037 -0.0251  0.0388  0.0920  0.1379  0.1791  0.2166  0.2512  0.2826  0.3103
  0.3330
 -5.2091 -4.5874 -4.0246 -3.5413 -3.1351 -2.7995 -2.5229 -2.2926 -2.0975 -1.9290
 -1.7803 -1.6467 -1.5249 -1.4123 -1.3048 -1.0216 -0.7361 -0.5055 -0.3338 -0.2056
 -0.1073 -0.0305  0.0300  0.0783  0.1183  0.1531  0.1845  0.2136  0.2406  0.2649
  0.2860
 -5.2987 -4.6974 -4.1451 -3.6491 -3.2266 -2.8715 -2.5759 -2.3289 -2.1199 -1.9399
 -1.7820 -1.6409 -1.5124 -1.3934 -1.2820 -1.0231 -0.7623 -0.5264 -0.3458 -0.2116
 -0.1108 -0.0340  0.0247  0.0696  0.1045  0.1332  0.1580  0.1808  0.2020  0.2217
  0.2393
 -5.3404 -4.7734 -4.2438 -3.7627 -3.3356 -2.9698 -2.6594 -2.3968 -2.1729 -1.9796
 -1.8100 -1.6591 -1.5225 -1.3971 -1.2626 -1.0072 -0.7911 -0.5535 -0.3625
 [Fe/H] = -0.25 [alpha/Fe] = 0.00 BC value = F475W
 -6.7748 -6.5231 -6.2873 -6.0514 -5.7990 -5.4284 -4.8348 -4.0242 -3.2994 -2.7752
 -2.4032 -2.1196 -1.8874 -1.6887 -1.5140 -1.1613 -0.8898 -0.6603 -0.4540
 -6.3269 -6.0420 -5.7806 -5.5302 -5.2637 -4.9246 -4.4178 -3.7523 -3.1267 -2.6455
 -2.2913 -2.0171 -1.7906 -1.5951 -1.4223 -1.0722 -0.8081 -0.5931 -0.4062 -0.2394
 -5.9863 -5.6670 -5.3731 -5.0993 -4.8277 -4.5178 -4.0974 -3.5536 -3.0150 -2.5710
 -2.2293 -1.9606 -1.7375 -1.5437 -1.3713 -1.0189 -0.7559 -0.5491 -0.3741 -0.2210
 -0.0866
 -5.7307 -5.3814 -5.0550 -4.7518 -4.4639 -4.1699 -3.8225 -3.3813 -2.9233 -2.5203
 -2.1940 -1.9312 -1.7114 -1.5194 -1.3473 -0.9908 -0.7246 -0.5210 -0.3536 -0.2099
 -0.0850  0.0237
 -5.4790 -5.1323 -4.7984 -4.4789 -4.1729 -3.8765 -3.5722 -3.2162 -2.8318 -2.4742
 -2.1694 -1.9159 -1.7008 -1.5117 -1.3407 -0.9805 -0.7083 -0.5040 -0.3412 -0.2043
 -0.0869  0.0148  0.1036  0.1819
 -5.1674 -4.7719 -4.4469 -4.1667 -3.8990 -3.6253 -3.3449 -3.0503 -2.7323 -2.4219
 -2.1441 -1.9048 -1.6975 -1.5132 -1.3449 -0.9827 -0.7034 -0.4954 -0.3345 -0.2023
 -0.0908  0.0048  0.0878  0.1606  0.2253  0.2826  0.3336  0.3804  0.4178  0.4395
 -5.0506 -4.5646 -4.1543 -3.8144 -3.5294 -3.2829 -3.0602 -2.8400 -2.6020 -2.3522
 -2.1108 -1.8913 -1.6953 -1.5185 -1.3549 -0.9939 -0.7078 -0.4935 -0.3318 -0.2025
 -0.0954 -0.0051  0.0723  0.1398  0.1994  0.2525  0.2996  0.3420  0.3801  0.4091
  0.4232
 -5.0737 -4.5250 -4.0498 -3.6480 -3.3134 -3.0322 -2.7905 -2.5765 -2.3818 -2.2029
 -2.0320 -1.8602 -1.6883 -1.5232 -1.3672 -1.0120 -0.7200 -0.4981 -0.3327 -0.2041
 -0.1001 -0.0139  0.0585  0.1205  0.1747  0.2228  0.2657  0.3041  0.3386  0.3683
  0.3895
 -5.1863 -4.5890 -4.0627 -3.6118 -3.2335 -2.9190 -2.6561 -2.4312 -2.2333 -2.0572
 -1.9023 -1.7662 -1.6393 -1.5092 -1.3719 -1.0320 -0.7364 -0.5066 -0.3353 -0.2053
 -0.1027 -0.0198  0.0482  0.1049  0.1534  0.1958  0.2336  0.2678  0.2984  0.3253
  0.3472
 -5.3567 -4.7282 -4.1630 -3.6714 -3.2542 -2.9071 -2.6193 -2.3787 -2.1739 -1.9955
 -1.8380 -1.6983 -1.5737 -1.4601 -1.3499 -1.0545 -0.7620 -0.5242 -0.3449 -0.2104
 -0.1070 -0.0256  0.0394  0.0918  0.1350  0.1716  0.2036  0.2325  0.2587  0.2819
  0.3018
 -5.5092 -4.8836 -4.3049 -3.7857 -3.3388 -2.9619 -2.6484 -2.3879 -2.1688 -1.9818
 -1.8187 -1.6744 -1.5444 -1.4260 -1.3166 -1.0587 -0.7910 -0.5477 -0.3594 -0.2183
 -0.1118 -0.0300  0.0335  0.0828  0.1216  0.1527  0.1787  0.2016  0.2222  0.2408
  0.2573
 -5.6125 -5.0103 -4.4429 -3.9237 -3.4599 -3.0620 -2.7258 -2.4442 -2.2076 -2.0065
 -1.8327 -1.6800 -1.5434 -1.4193 -1.2720 -1.0446 -0.8234 -0.5771 -0.3788
 [Fe/H] =  0.00 [alpha/Fe] = 0.00 BC value = F475W
 -6.9860 -6.7672 -6.5681 -6.3735 -6.1444 -5.7886 -5.1717 -4.2810 -3.4614 -2.8544
 -2.4393 -2.1371 -1.8984 -1.6965 -1.5222 -1.1679 -0.8962 -0.6692 -0.4662
 -6.5362 -6.2882 -6.0675 -5.8611 -5.6355 -5.3234 -4.7993 -4.0513 -3.3163 -2.7474
 -2.3455 -2.0496 -1.8149 -1.6167 -1.4431 -1.0903 -0.8228 -0.6062 -0.4191 -0.2513
 -6.1829 -5.9024 -5.6510 -5.4221 -5.1937 -4.9154 -4.4912 -3.8797 -3.2348 -2.6981
 -2.3013 -2.0055 -1.7712 -1.5737 -1.4001 -1.0441 -0.7757 -0.5648 -0.3873 -0.2317
 -0.0947
 -5.9108 -5.6000 -5.3146 -5.0550 -4.8109 -4.5515 -4.2101 -3.7208 -3.1693 -2.6732
 -2.2841 -1.9874 -1.7520 -1.5542 -1.3803 -1.0202 -0.7474 -0.5380 -0.3666 -0.2191
 -0.0907  0.0213
 -5.6507 -5.3598 -5.0499 -4.7611 -4.4922 -4.2286 -3.9383 -3.5530 -3.0941 -2.6500
 -2.2779 -1.9835 -1.7475 -1.5495 -1.3755 -1.0118 -0.7327 -0.5215 -0.3536 -0.2119
 -0.0902  0.0151  0.1067  0.1870
 -5.3898 -5.0729 -4.7854 -4.5062 -4.2305 -3.9574 -3.6822 -3.3712 -2.9985 -2.6139
 -2.2698 -1.9846 -1.7508 -1.5537 -1.3804 -1.0146 -0.7287 -0.5129 -0.3461 -0.2086
 -0.0921  0.0077  0.0939  0.1693  0.2354  0.2933  0.3454  0.3923  0.4285  0.4495
 -5.1742 -4.7552 -4.4133 -4.1347 -3.8955 -3.6683 -3.4313 -3.1725 -2.8770 -2.5569
 -2.2510 -1.9830 -1.7562 -1.5623 -1.3910 -1.0259 -0.7338 -0.5114 -0.3427 -0.2077
 -0.0951  0.0000  0.0812  0.1516  0.2130  0.2666  0.3139  0.3564  0.3940  0.4216
  0.4347
 -5.1397 -4.6420 -4.2155 -3.8599 -3.5650 -3.3135 -3.0897 -2.8808 -2.6670 -2.4375
 -2.1997 -1.9690 -1.7584 -1.5718 -1.4047 -1.0434 -0.7467 -0.5166 -0.3435 -0.2087
 -0.0987 -0.0072  0.0696  0.1350  0.1915  0.2407  0.2838  0.3216  0.3549  0.3837
  0.4035
 -5.2212 -4.6648 -4.1756 -3.7561 -3.4031 -3.1071 -2.8541 -2.6301 -2.4239 -2.2310
 -2.0529 -1.8875 -1.7274 -1.5687 -1.4143 -1.0630 -0.7640 -0.5265 -0.3468 -0.2098
 -0.1009 -0.0122  0.0608  0.1215  0.1728  0.2168  0.2549  0.2884  0.3177  0.3430
  0.3634
 -5.3980 -4.7910 -4.2509 -3.7788 -3.3755 -3.0363 -2.7518 -2.5096 -2.2977 -2.1070
 -1.9350 -1.7824 -1.6475 -1.5238 -1.4022 -1.0875 -0.7907 -0.5461 -0.3581 -0.2159
 -0.1057 -0.0180  0.0525  0.1095  0.1562  0.1949  0.2277  0.2562  0.2811  0.3025
  0.3205
 -5.5995 -4.9731 -4.3944 -3.8821 -3.4365 -3.0579 -2.7406 -2.4745 -2.2490 -2.0540
 -1.8821 -1.7293 -1.5934 -1.4719 -1.3610 -1.0964 -0.8212 -0.5719 -0.3753 -0.2257
 -0.1118 -0.0234  0.0460  0.1004  0.1433  0.1774  0.2048  0.2277  0.2474  0.2644
  0.2788
 -5.7663 -5.1499 -4.5669 -4.0319 -3.5563 -3.1452 -2.7972 -2.5051 -2.2598 -2.0517
 -1.8723 -1.7151 -1.5755 -1.4500 -1.2907 -1.0897 -0.8555 -0.6039 -0.3984
 [Fe/H] =  0.25 [alpha/Fe] = 0.00 BC value = F475W
 -7.1559 -6.9680 -6.8045 -6.5856 -6.2682 -5.8272 -5.2426 -4.4991 -3.6553 -2.9733
 -2.5037 -2.1734 -1.9215 -1.7156 -1.5367 -1.1792 -0.9058 -0.6811 -0.4825
 -6.7101 -6.4957 -6.3129 -6.1473 -5.9610 -5.6713 -5.1410 -4.3357 -3.5355 -2.8844
 -2.4243 -2.0980 -1.8492 -1.6453 -1.4692 -1.1125 -0.8413 -0.6225 -0.4349 -0.2670
 -6.3492 -6.1024 -5.8897 -5.7032 -5.5165 -5.2715 -4.8579 -4.2025 -3.4785 -2.8556
 -2.3960 -2.0647 -1.8136 -1.6088 -1.4324 -1.0724 -0.7989 -0.5841 -0.4043 -0.2464
 -0.1080
 -6.0614 -5.7838 -5.5361 -5.3189 -5.1186 -4.8972 -4.5768 -4.0628 -3.4388 -2.8532
 -2.3958 -2.0574 -1.8009 -1.5936 -1.4159 -1.0519 -0.7734 -0.5587 -0.3838 -0.2330
 -0.1010  0.0144
 -5.8329 -5.5311 -5.2530 -5.0015 -4.7757 -4.5527 -4.2896 -3.8984 -3.3824 -2.8537
 -2.4076 -2.0652 -1.8027 -1.5920 -1.4129 -1.0450 -0.7602 -0.5428 -0.3704 -0.2248
 -0.0989  0.0105  0.1056  0.1888
 -5.6060 -5.3022 -5.0148 -4.7450 -4.4920 -4.2517 -4.0073 -3.7025 -3.2937 -2.8365
 -2.4178 -2.0796 -1.8133 -1.5994 -1.4187 -1.0484 -0.7573 -0.5345 -0.3623 -0.2203
 -0.0991  0.0052  0.0952  0.1737  0.2424  0.3029  0.3563  0.4044  0.4399  0.4607
 -5.2973 -4.9641 -4.6875 -4.4536 -4.2260 -3.9926 -3.7502 -3.4887 -3.1681 -2.7902
 -2.4155 -2.0915 -1.8273 -1.6121 -1.4306 -1.0594 -0.7631 -0.5334 -0.3585 -0.2184
 -0.1008 -0.0007  0.0847  0.1585  0.2228  0.2790  0.3279  0.3707  0.4089  0.4355
  0.4481
 -5.1843 -4.7440 -4.3788 -4.0848 -3.8451 -3.6387 -3.4432 -3.2354 -2.9921 -2.7015
 -2.3885 -2.0935 -1.8395 -1.6267 -1.4458 -1.0762 -0.7765 -0.5395 -0.3593 -0.2187
 -0.1034 -0.0066  0.0749  0.1442  0.2039  0.2556  0.3002  0.3387  0.3721  0.4007
  0.4194
 -5.2160 -4.7083 -4.2667 -3.8940 -3.5851 -3.3273 -3.1034 -2.9001 -2.7009 -2.4919
 -2.2709 -2.0475 -1.8321 -1.6350 -1.4596 -1.0950 -0.7943 -0.5505 -0.3633 -0.2198
 -0.1052 -0.0108  0.0674  0.1326  0.1877  0.2346  0.2745  0.3087  0.3379  0.3623
  0.3821
 -5.3658 -4.8015 -4.3000 -3.8644 -3.4934 -3.1813 -2.9173 -2.6876 -2.4788 -2.2809
 -2.0937 -1.9193 -1.7589 -1.6081 -1.4620 -1.1199 -0.8211 -0.5717 -0.3762 -0.2267
 -0.1103 -0.0167  0.0594  0.1214  0.1725  0.2149  0.2500  0.2795  0.3043  0.3249
  0.3415
 -5.5847 -4.9793 -4.4281 -3.9407 -3.5174 -3.1562 -2.8509 -2.5918 -2.3677 -2.1680
 -1.9855 -1.8196 -1.6715 -1.5402 -1.4204 -1.1352 -0.8519 -0.5992 -0.3957 -0.2384
 -0.1176 -0.0229  0.0524  0.1123  0.1602  0.1985  0.2289  0.2534  0.2734  0.2898
  0.3027
 -5.8046 -5.1886 -4.6135 -4.0856 -3.6220 -3.2184 -2.8742 -2.5832 -2.3365 -2.1249
 -1.9394 -1.7747 -1.6276 -1.4965 -1.3348 -1.1409 -0.8867 -0.6330 -0.4218
 [Fe/H] =  0.50 [alpha/Fe] = 0.00 BC value = F475W
 -7.2765 -7.4800 -7.4552 -7.2257 -6.8123 -6.2331 -5.5044 -4.6701 -3.8551 -3.1251
 -2.5968 -2.2317 -1.9628 -1.7478 -1.5665 -1.2014 -0.9254 -0.6993 -0.5023
 -6.8431 -6.6677 -6.5200 -6.3933 -6.2449 -5.9508 -5.3903 -4.5608 -3.7529 -3.0473
 -2.5284 -2.1661 -1.8986 -1.6859 -1.5059 -1.1440 -0.8682 -0.6456 -0.4526 -0.2822
 -6.4822 -6.2691 -6.0937 -5.9472 -5.7978 -5.5813 -5.1718 -4.4815 -3.7176 -3.0340
 -2.5136 -2.1422 -1.8694 -1.6542 -1.4733 -1.1086 -0.8299 -0.6100 -0.4270 -0.2664
 -0.1246
 -6.1850 -5.9376 -5.7259 -5.5485 -5.3882 -5.2011 -4.8993 -4.3718 -3.6987 -3.0501
 -2.5271 -2.1446 -1.8623 -1.6421 -1.4588 -1.0901 -0.8066 -0.5862 -0.4071 -0.2526
 -0.1165  0.0033
 -5.9435 -5.6692 -5.4226 -5.2084 -5.0243 -4.8397 -4.6044 -4.2186 -3.6636 -3.0689
 -2.5552 -2.1633 -1.8702 -1.6432 -1.4565 -1.0839 -0.7944 -0.5708 -0.3934 -0.2435
 -0.1129  0.0012  0.1006  0.1873
 -5.7355 -5.4446 -5.1762 -4.9319 -4.7127 -4.5119 -4.3026 -4.0140 -3.5862 -3.0710
 -2.5842 -2.1898 -1.8882 -1.6536 -1.4629 -1.0866 -0.7917 -0.5625 -0.3845 -0.2378
 -0.1115 -0.0022  0.0924  0.1745  0.2463  0.3095  0.3657  0.4144  0.4509  0.4721
 -5.4532 -5.1349 -4.9256 -4.6859 -4.4559 -4.2355 -4.0195 -3.7805 -3.4572 -3.0381
 -2.5995 -2.2166 -1.9108 -1.6704 -1.4758 -1.0964 -0.7974 -0.5615 -0.3801 -0.2348
 -0.1119 -0.0064  0.0840  0.1618  0.2294  0.2884  0.3395  0.3845  0.4239  0.4496
  0.4621
 -5.2252 -4.8513 -4.5561 -4.3262 -4.1335 -3.9505 -3.7561 -3.5406 -3.2847 -2.9589
 -2.5870 -2.2326 -1.9328 -1.6908 -1.4930 -1.1117 -0.8104 -0.5680 -0.3807 -0.2342
 -0.1135 -0.0111  0.0757  0.1495  0.2129  0.2678  0.3149  0.3550  0.3895  0.4187
  0.4363
 -5.1932 -4.7365 -4.3487 -4.0316 -3.7773 -3.5689 -3.3885 -3.2170 -3.0293 -2.7970
 -2.5164 -2.2182 -1.9422 -1.7066 -1.5096 -1.1288 -0.8274 -0.5795 -0.3850 -0.2349
 -0.1145 -0.0144  0.0694  0.1396  0.1988  0.2494  0.2921  0.3281  0.3582  0.3827
  0.4023
 -5.2977 -4.7795 -4.3236 -3.9328 -3.6054 -3.3345 -3.1064 -2.9052 -2.7175 -2.5293
 -2.3281 -2.1167 -1.9068 -1.7081 -1.5264 -1.1527 -0.8531 -0.6012 -0.3990 -0.2423
 -0.1197 -0.0201  0.0618  0.1293  0.1851  0.2317  0.2701  0.3019  0.3278  0.3484
  0.3642
 -5.5037 -4.9299 -4.4174 -3.9670 -3.5789 -3.2493 -2.9713 -2.7338 -2.5238 -2.3295
 -2.1428 -1.9638 -1.7960 -1.6419 -1.4991 -1.1742 -0.8829 -0.6294 -0.4202 -0.2556
 -0.1280 -0.0270  0.0544  0.1202  0.1734  0.2164  0.2509  0.2783  0.2998  0.3165
  0.3286
 -5.7498 -5.1490 -4.5916 -4.0934 -3.6541 -3.2743 -2.9496 -2.6736 -2.4369 -2.2295
 -2.0419 -1.8694 -1.7115 -1.5697 -1.4277 -1.1933 -0.9168 -0.6641 -0.4486
 [Fe/H] =  0.75 [alpha/Fe] = 0.00 BC value = F475W
 -7.3423 -7.3517 -7.2131 -6.9423 -6.5525 -6.0559 -5.4629 -4.7828 -4.0341 -3.2972
 -2.7178 -2.3128 -2.0219 -1.7968 -1.6089 -1.2344 -0.9539 -0.7242 -0.5254
 -6.9268 -6.7900 -6.6891 -6.6018 -6.4380 -6.1034 -5.5209 -4.7155 -3.9498 -3.2288
 -2.6594 -2.2556 -1.9646 -1.7398 -1.5542 -1.1857 -0.9034 -0.6762 -0.4834 -0.3122
 -6.5716 -6.3780 -6.2627 -6.1564 -6.0414 -5.8482 -5.4284 -4.6919 -3.9305 -3.2252
 -2.6541 -2.2399 -1.9403 -1.7113 -1.5237 -1.1535 -0.8695 -0.6438 -0.4564 -0.2926
 -0.1455
 -6.2728 -6.0578 -5.8841 -5.7471 -5.6241 -5.4666 -5.1821 -4.6375 -3.9316 -3.2529
 -2.6793 -2.2512 -1.9384 -1.7014 -1.5099 -1.1355 -0.8476 -0.6214 -0.4372 -0.2789
 -0.1380 -0.0132
 -6.0238 -5.7768 -5.5633 -5.3869 -5.2422 -5.0924 -4.8817 -4.5013 -3.9174 -3.2837
 -2.7204 -2.2799 -1.9526 -1.7049 -1.5078 -1.1283 -0.8356 -0.6063 -0.4234 -0.2692
 -0.1335 -0.0139  0.0907  0.1816
 -5.8127 -5.5447 -5.3012 -5.0871 -4.9040 -4.7417 -4.5644 -4.2934 -3.8570 -3.3022
 -2.7624 -2.3179 -1.9779 -1.7189 -1.5148 -1.1293 -0.8321 -0.5977 -0.4139 -0.2623
 -0.1310 -0.0158  0.0842  0.1709  0.2465  0.3131  0.3728  0.4247  0.4605  0.4827
 -5.5917 -5.3216 -5.0710 -4.8390 -4.6277 -4.4370 -4.2563 -4.0437 -3.7276 -3.2825
 -2.7929 -2.3562 -2.0085 -1.7403 -1.5289 -1.1372 -0.8366 -0.5961 -0.4085 -0.2580
 -0.1299 -0.0186  0.0775  0.1601  0.2317  0.2939  0.3482  0.3965  0.4375  0.4631
  0.4761
 -5.2805 -4.9924 -4.7530 -4.5529 -4.3667 -4.1756 -3.9842 -3.7860 -3.5427 -3.2070
 -2.7932 -2.3855 -2.0415 -1.7665 -1.5484 -1.1505 -0.8482 -0.6021 -0.4086 -0.2562
 -0.1302 -0.0220  0.0707  0.1497  0.2174  0.2758  0.3260  0.3690  0.4061  0.4365
  0.4532
 -5.1688 -4.7668 -4.4398 -4.1814 -3.9828 -3.8221 -3.6737 -3.5131 -3.3188 -3.0650
 -2.7409 -2.3863 -2.0602 -1.7883 -1.5680 -1.1656 -0.8635 -0.6134 -0.4128 -0.2563
 -0.1302 -0.0242  0.0655  0.1413  0.2053  0.2598  0.3061  0.3450  0.3770  0.4032
  0.4235
 -5.2172 -4.7472 -4.3395 -3.9970 -3.7192 -3.4959 -3.3117 -3.1512 -2.9975 -2.8251
 -2.6055 -2.3397 -2.0623 -1.8089 -1.5926 -1.1881 -0.8870 -0.6347 -0.4272 -0.2638
 -0.1349 -0.0294  0.0586  0.1319  0.1929  0.2439  0.2864  0.3214  0.3497  0.3717
  0.3878
 -5.3818 -4.8553 -4.3863 -3.9779 -3.6301 -3.3397 -3.0986 -2.8935 -2.7105 -2.5371
 -2.3606 -2.1708 -1.9719 -1.7760 -1.5931 -1.2123 -0.9145 -0.6622 -0.4493 -0.2780
 -0.1437 -0.0365  0.0512  0.1231  0.1818  0.2299  0.2688  0.3001  0.3245  0.3426
  0.3546
 -5.6285 -5.0550 -4.5339 -4.0714 -3.6664 -3.3184 -3.0227 -2.7721 -2.5559 -2.3629
 -2.1824 -2.0081 -1.8408 -1.6824 -1.5695 -1.2382 -0.9460 -0.6959 -0.4791
 [Fe/H] =  1.00 [alpha/Fe] = 0.00 BC value = F475W
 -7.3609 -7.3480 -7.2013 -6.9347 -6.5605 -6.0896 -5.5315 -4.8946 -4.1931 -3.4794
 -2.8614 -2.4148 -2.0982 -1.8588 -1.6643 -1.2810 -0.9908 -0.7557 -0.5520
 -6.9603 -7.4174 -7.5581 -7.4150 -7.0167 -6.3883 -5.5987 -4.8388 -4.1240 -3.4182
 -2.8116 -2.3659 -2.0472 -1.8072 -1.6137 -1.2377 -0.9471 -0.7133 -0.5169 -0.3429
 -6.6102 -6.8162 -6.3949 -6.3307 -6.2478 -6.0741 -5.5918 -4.8343 -4.1135 -3.4174
 -2.8148 -2.3581 -2.0279 -1.7811 -1.5846 -1.2071 -0.9174 -0.6851 -0.4924 -0.3244
 -0.1736
 -6.3117 -6.1360 -6.0066 -5.9129 -5.8265 -5.6952 -5.4217 -4.8452 -4.1313 -3.4499
 -2.8492 -2.3784 -2.0312 -1.7733 -1.5707 -1.1884 -0.8965 -0.6643 -0.4744 -0.3110
 -0.1663 -0.0360
 -6.0620 -5.8463 -5.6705 -5.5354 -5.4301 -5.3121 -5.1219 -4.7451 -4.1387 -3.4883
 -2.8968 -2.4152 -2.0520 -1.7797 -1.5687 -1.1790 -0.8837 -0.6494 -0.4608 -0.3017
 -0.1612 -0.0357  0.0748  0.1714
 -5.8503 -5.6070 -5.3926 -5.2134 -5.0689 -4.9431 -4.7941 -4.5384 -4.0956 -3.5172
 -2.9478 -2.4627 -2.0845 -1.7978 -1.5765 -1.1774 -0.8786 -0.6401 -0.4505 -0.2940
 -0.1577 -0.0366  0.0696  0.1618  0.2417  0.3127  0.3769  0.4300  0.4674  0.4918
 -5.6523 -5.3945 -5.1607 -4.9503 -4.7676 -4.6110 -4.4645 -4.2767 -3.9695 -3.5082
 -2.9869 -2.5111 -2.1231 -1.8245 -1.5926 -1.1825 -0.8809 -0.6374 -0.4443 -0.2883
 -0.1553 -0.0381  0.0641  0.1526  0.2285  0.2945  0.3531  0.4056  0.4480  0.4747
  0.4891
 -5.3613 -5.1315 -4.9138 -4.7077 -4.5141 -4.3340 -4.1665 -3.9978 -3.7733 -3.4378
 -2.9976 -2.5489 -2.1637 -1.8565 -1.6150 -1.1937 -0.8899 -0.6424 -0.4434 -0.2854
 -0.1542 -0.0404  0.0586  0.1436  0.2163  0.2788  0.3325  0.3793  0.4203  0.4522
  0.4691
 -5.1479 -4.8070 -4.5455 -4.3468 -4.1910 -4.0467 -3.8943 -3.7294 -3.5404 -3.2903
 -2.9509 -2.5591 -2.1912 -1.8840 -1.6381 -1.2070 -0.9025 -0.6522 -0.4472 -0.2844
 -0.1530 -0.0414  0.0546  0.1365  0.2059  0.2649  0.3150  0.3572  0.3928  0.4221
  0.4437
 -5.1336 -4.7132 -4.3555 -4.0657 -3.8402 -3.6656 -3.5263 -3.4028 -3.2696 -3.0946
 -2.8483 -2.5365 -2.2089 -1.9139 -1.6676 -1.2283 -0.9228 -0.6719 -0.4612 -0.2917
 -0.1569 -0.0458  0.0483  0.1279  0.1947  0.2506  0.2974  0.3363  0.3679  0.3925
  0.4107
 -5.2482 -4.7690 -4.3453 -3.9810 -3.6771 -3.4300 -3.2302 -3.0641 -2.9183 -2.7778
 -2.6200 -2.4170 -2.1708 -1.9173 -1.6871 -1.2529 -0.9473 -0.6972 -0.4830 -0.3062
 -0.1655 -0.0524  0.0412  0.1195  0.1843  0.2377  0.2813  0.3170  0.3451  0.3661
  0.3804
 -5.4667 -4.9337 -4.4548 -4.0315 -3.6647 -3.3531 -3.0922 -2.8739 -2.6869 -2.5185
 -2.3582 -2.1957 -2.0216 -1.8380 -1.6966 -1.2808 -0.9760 -0.7281 -0.5126
