 [Fe/H] = -2.50 [alpha/Fe] = 0.00 BC value = F606W
 -1.9333 -1.4330 -1.1255 -1.0461 -1.2576 -1.6007 -2.0535 -1.9373 -1.8249 -1.7032
 -1.5746 -1.4830 -1.3382 -1.1942 -1.0604 -0.7869 -0.5705 -0.4194 -0.3097
 -2.7409 -2.4174 -2.1844 -2.0328 -1.9366 -1.8508 -1.7612 -1.6717 -1.5843 -1.4970
 -1.3998 -1.2879 -1.1669 -1.0485 -0.9385 -0.7046 -0.5268 -0.3998 -0.3118 -0.2496
 -2.5689 -2.2670 -2.0290 -1.8458 -1.7120 -1.6235 -1.5669 -1.5088 -1.4341 -1.3476
 -1.2611 -1.1709 -1.0692 -0.9644 -0.8661 -0.6603 -0.5062 -0.3960 -0.3185 -0.2624
 -0.2204
 -2.4373 -2.1681 -1.9463 -1.7631 -1.6146 -1.4990 -1.4122 -1.3488 -1.2966 -1.2347
 -1.1572 -1.0775 -0.9932 -0.9026 -0.8143 -0.6282 -0.4914 -0.3951 -0.3269 -0.2764
 -0.2375 -0.2068
 -2.3054 -2.0743 -1.8781 -1.7081 -1.5604 -1.4357 -1.3342 -1.2528 -1.1854 -1.1266
 -1.0670 -0.9999 -0.9299 -0.8532 -0.7756 -0.6053 -0.4799 -0.3940 -0.3346 -0.2899
 -0.2547 -0.2263 -0.2029 -0.1822
 -2.1648 -1.9701 -1.8030 -1.6536 -1.5171 -1.3939 -1.2863 -1.1961 -1.1207 -1.0544
 -0.9926 -0.9321 -0.8725 -0.8088 -0.7420 -0.5879 -0.4701 -0.3905 -0.3386 -0.3007
 -0.2703 -0.2452 -0.2241 -0.2062 -0.1903 -0.1777 -0.1701 -0.1689 -0.1751 -0.1892
 -2.0220 -1.8557 -1.7154 -1.5885 -1.4691 -1.3556 -1.2501 -1.1561 -1.0755 -1.0062
 -0.9433 -0.8832 -0.8253 -0.7686 -0.7105 -0.5726 -0.4613 -0.3845 -0.3371 -0.3058
 -0.2817 -0.2613 -0.2439 -0.2288 -0.2154 -0.2021 -0.1914 -0.1864 -0.1893 -0.2013
 -0.2204
 -1.8793 -1.7374 -1.6181 -1.5110 -1.4098 -1.3108 -1.2138 -1.1221 -1.0396 -0.9675
 -0.9043 -0.8462 -0.7905 -0.7366 -0.6831 -0.5575 -0.4533 -0.3774 -0.3309 -0.3040
 -0.2863 -0.2722 -0.2600 -0.2491 -0.2390 -0.2296 -0.2196 -0.2119 -0.2099 -0.2161
 -0.2323
 -1.7405 -1.6209 -1.5157 -1.4235 -1.3378 -1.2534 -1.1688 -1.0849 -1.0050 -0.9321
 -0.8680 -0.8110 -0.7584 -0.7081 -0.6584 -0.5413 -0.4436 -0.3701 -0.3225 -0.2965
 -0.2832 -0.2756 -0.2698 -0.2646 -0.2593 -0.2538 -0.2485 -0.2452 -0.2441 -0.2450
 -0.2478
 -1.6055 -1.5062 -1.4172 -1.3340 -1.2587 -1.1869 -1.1149 -1.0418 -0.9691 -0.8992
 -0.8350 -0.7780 -0.7273 -0.6805 -0.6355 -0.5271 -0.4344 -0.3632 -0.3149 -0.2873
 -0.2749 -0.2713 -0.2717 -0.2730 -0.2739 -0.2738 -0.2730 -0.2718 -0.2753 -0.2748
 -0.2715
 -1.4743 -1.3933 -1.3226 -1.2481 -1.1776 -1.1134 -1.0515 -0.9892 -0.9259 -0.8628
 -0.8020 -0.7457 -0.6956 -0.6510 -0.6098 -0.5124 -0.4246 -0.3557 -0.3076 -0.2785
 -0.2649 -0.2621 -0.2661 -0.2732 -0.2807 -0.2870 -0.2921 -0.2958 -0.2986 -0.3012
 -0.3047
 -1.3470 -1.2822 -1.2319 -1.1667 -1.0996 -1.0389 -0.9827 -0.9285 -0.8743 -0.8197
 -0.7653 -0.7128 -0.6640 -0.6203 -0.5813 -0.4972 -0.4142 -0.3476 -0.3006
 [Fe/H] = -2.00 [alpha/Fe] = 0.00 BC value = F606W
 -3.4424 -2.9142 -2.4989 -2.2087 -2.0637 -2.0068 -2.0264 -1.8866 -1.7542 -1.6231
 -1.4898 -1.3691 -1.2329 -1.1042 -0.9864 -0.7411 -0.5486 -0.4065 -0.3032
 -3.2285 -2.8370 -2.5511 -2.3097 -2.1022 -1.9303 -1.7887 -1.6687 -1.5603 -1.4556
 -1.3483 -1.2342 -1.1159 -1.0024 -0.8981 -0.6805 -0.5144 -0.3916 -0.3045 -0.2411
 -2.9616 -2.5441 -2.2292 -2.0025 -1.8529 -1.7414 -1.6319 -1.5236 -1.4230 -1.3302
 -1.2402 -1.1464 -1.0438 -0.9400 -0.8434 -0.6436 -0.4952 -0.3870 -0.3100 -0.2541
 -0.2120
 -2.8230 -2.4209 -2.1072 -1.8662 -1.6851 -1.5534 -1.4660 -1.4034 -1.3329 -1.2482
 -1.1612 -1.0777 -0.9912 -0.8984 -0.8094 -0.6207 -0.4836 -0.3857 -0.3170 -0.2667
 -0.2280 -0.1974
 -2.7260 -2.3521 -2.0545 -1.8182 -1.6305 -1.4831 -1.3693 -1.2831 -1.2209 -1.1679
 -1.1023 -1.0268 -0.9488 -0.8672 -0.7848 -0.6066 -0.4763 -0.3852 -0.3234 -0.2788
 -0.2439 -0.2158 -0.1928 -0.1739
 -2.6308 -2.2919 -2.0180 -1.7957 -1.6122 -1.4599 -1.3348 -1.2336 -1.1517 -1.0846
 -1.0279 -0.9707 -0.9078 -0.8381 -0.7645 -0.5967 -0.4707 -0.3835 -0.3267 -0.2881
 -0.2582 -0.2336 -0.2130 -0.1957 -0.1812 -0.1696 -0.1620 -0.1604 -0.1686 -0.1834
 -2.5256 -2.2226 -1.9761 -1.7725 -1.6001 -1.4513 -1.3225 -1.2126 -1.1206 -1.0430
 -0.9753 -0.9146 -0.8586 -0.8015 -0.7396 -0.5871 -0.4652 -0.3797 -0.3256 -0.2923
 -0.2684 -0.2488 -0.2320 -0.2175 -0.2048 -0.1940 -0.1857 -0.1810 -0.1823 -0.1949
 -0.2142
 -2.4115 -2.1424 -1.9228 -1.7391 -1.5810 -1.4412 -1.3156 -1.2030 -1.1043 -1.0197
 -0.9462 -0.8807 -0.8211 -0.7650 -0.7102 -0.5743 -0.4588 -0.3743 -0.3207 -0.2904
 -0.2724 -0.2589 -0.2472 -0.2370 -0.2276 -0.2190 -0.2119 -0.2067 -0.2043 -0.2094
 -0.2261
 -2.2916 -2.0528 -1.8563 -1.6917 -1.5490 -1.4207 -1.3025 -1.1929 -1.0926 -1.0031
 -0.9251 -0.8568 -0.7950 -0.7380 -0.6839 -0.5576 -0.4496 -0.3672 -0.3129 -0.2832
 -0.2691 -0.2618 -0.2566 -0.2519 -0.2472 -0.2425 -0.2382 -0.2344 -0.2323 -0.2335
 -0.2413
 -2.1776 -1.9658 -1.7880 -1.6384 -1.5088 -1.3918 -1.2827 -1.1794 -1.0820 -0.9916
 -0.9101 -0.8382 -0.7751 -0.7182 -0.6651 -0.5433 -0.4404 -0.3607 -0.3057 -0.2742
 -0.2608 -0.2574 -0.2582 -0.2600 -0.2614 -0.2620 -0.2621 -0.2617 -0.2616 -0.2627
 -0.2646
 -2.0729 -1.8830 -1.7200 -1.5816 -1.4617 -1.3541 -1.2538 -1.1580 -1.0661 -0.9785
 -0.8966 -0.8220 -0.7564 -0.6989 -0.6470 -0.5304 -0.4310 -0.3536 -0.2987 -0.2655
 -0.2506 -0.2480 -0.2525 -0.2600 -0.2680 -0.2749 -0.2808 -0.2854 -0.2891 -0.2927
 -0.2971
 -1.9777 -1.8073 -1.6576 -1.5268 -1.4130 -1.3117 -1.2182 -1.1293 -1.0436 -0.9608
 -0.8816 -0.8073 -0.7383 -0.6787 -0.6296 -0.5189 -0.4214 -0.3459 -0.2919
 [Fe/H] = -1.50 [alpha/Fe] = 0.00 BC value = F606W
 -4.6277 -4.1138 -3.6597 -3.2625 -2.9171 -2.6089 -2.3232 -2.0542 -1.8180 -1.6180
 -1.4456 -1.2932 -1.1554 -1.0332 -0.9243 -0.6985 -0.5239 -0.3903 -0.2917
 -4.2745 -3.7654 -3.3095 -2.9147 -2.5803 -2.2981 -2.0536 -1.8338 -1.6423 -1.4778
 -1.3330 -1.2003 -1.0762 -0.9628 -0.8609 -0.6524 -0.4962 -0.3788 -0.2928 -0.2306
 -3.7870 -3.3228 -2.9560 -2.6363 -2.3472 -2.0943 -1.8758 -1.6853 -1.5204 -1.3783
 -1.2533 -1.1378 -1.0262 -0.9202 -0.8234 -0.6256 -0.4806 -0.3740 -0.2969 -0.2409
 -0.1989
 -3.5005 -2.9928 -2.5934 -2.2871 -2.0601 -1.8912 -1.7355 -1.5810 -1.4354 -1.3060
 -1.1925 -1.0903 -0.9919 -0.8943 -0.8022 -0.6116 -0.4731 -0.3732 -0.3023 -0.2516
 -0.2133 -0.1831
 -3.3653 -2.8474 -2.4352 -2.1150 -1.8672 -1.6800 -1.5430 -1.4404 -1.3527 -1.2542
 -1.1506 -1.0534 -0.9638 -0.8760 -0.7895 -0.6049 -0.4699 -0.3741 -0.3077 -0.2616
 -0.2273 -0.1998 -0.1775 -0.1596
 -3.2952 -2.7844 -2.3734 -2.0514 -1.8000 -1.6024 -1.4470 -1.3248 -1.2313 -1.1624
 -1.0978 -1.0224 -0.9407 -0.8593 -0.7793 -0.6012 -0.4683 -0.3748 -0.3113 -0.2692
 -0.2395 -0.2158 -0.1962 -0.1799 -0.1665 -0.1554 -0.1490 -0.1499 -0.1589 -0.1731
 -3.2354 -2.7470 -2.3479 -2.0316 -1.7816 -1.5814 -1.4194 -1.2873 -1.1798 -1.0919
 -1.0211 -0.9624 -0.9034 -0.8379 -0.7670 -0.5979 -0.4666 -0.3739 -0.3120 -0.2731
 -0.2481 -0.2292 -0.2135 -0.2001 -0.1886 -0.1792 -0.1725 -0.1692 -0.1720 -0.1850
 -0.2044
 -3.1589 -2.7041 -2.3274 -2.0236 -1.7802 -1.5823 -1.4189 -1.2813 -1.1652 -1.0676
 -0.9847 -0.9138 -0.8533 -0.7985 -0.7418 -0.5919 -0.4639 -0.3712 -0.3096 -0.2722
 -0.2512 -0.2380 -0.2274 -0.2182 -0.2100 -0.2029 -0.1974 -0.1937 -0.1928 -0.1992
 -0.2165
 -3.0558 -2.6416 -2.2938 -2.0087 -1.7765 -1.5852 -1.4243 -1.2859 -1.1655 -1.0609
 -0.9704 -0.8920 -0.8233 -0.7631 -0.7086 -0.5773 -0.4578 -0.3660 -0.3040 -0.2669
 -0.2484 -0.2402 -0.2356 -0.2320 -0.2285 -0.2252 -0.2223 -0.2202 -0.2197 -0.2233
 -0.2313
 -2.9374 -2.5710 -2.2552 -1.9907 -1.7711 -1.5878 -1.4314 -1.2950 -1.1740 -1.0658
 -0.9697 -0.8852 -0.8110 -0.7458 -0.6875 -0.5608 -0.4499 -0.3607 -0.2979 -0.2595
 -0.2410 -0.2358 -0.2367 -0.2393 -0.2418 -0.2436 -0.2451 -0.2462 -0.2477 -0.2504
 -0.2538
 -2.8093 -2.4880 -2.2061 -1.9646 -1.7599 -1.5855 -1.4344 -1.3010 -1.1813 -1.0728
 -0.9741 -0.8852 -0.8062 -0.7368 -0.6755 -0.5466 -0.4402 -0.3542 -0.2915 -0.2514
 -0.2315 -0.2267 -0.2309 -0.2390 -0.2478 -0.2558 -0.2629 -0.2689 -0.2741 -0.2793
 -0.2852
 -2.6870 -2.4009 -2.1500 -1.9313 -1.7428 -1.5786 -1.4336 -1.3036 -1.1857 -1.0779
 -0.9789 -0.8882 -0.8019 -0.7290 -0.6726 -0.5347 -0.4287 -0.3465 -0.2848
 [Fe/H] = -1.00 [alpha/Fe] = 0.00 BC value = F606W
 -5.4893 -5.0318 -4.6081 -4.2075 -3.8178 -3.4070 -2.9439 -2.4401 -2.0163 -1.6879
 -1.4420 -1.2553 -1.1056 -0.9813 -0.8742 -0.6591 -0.4964 -0.3708 -0.2751
 -5.1905 -4.6862 -4.2227 -3.7973 -3.4033 -3.0222 -2.6169 -2.2110 -1.8624 -1.5812
 -1.3611 -1.1887 -1.0490 -0.9311 -0.8287 -0.6238 -0.4730 -0.3601 -0.2753 -0.2127
 -4.9264 -4.4254 -3.9515 -3.5130 -3.1146 -2.7525 -2.4029 -2.0619 -1.7629 -1.5142
 -1.3129 -1.1510 -1.0177 -0.9040 -0.8047 -0.6057 -0.4615 -0.3559 -0.2780 -0.2209
 -0.1788
 -4.4555 -4.0036 -3.6136 -3.2467 -2.8904 -2.5540 -2.2425 -1.9505 -1.6891 -1.4658
 -1.2803 -1.1278 -1.0003 -0.8905 -0.7937 -0.5985 -0.4574 -0.3557 -0.2823 -0.2293
 -0.1908 -0.1612
 -4.1345 -3.6198 -3.1874 -2.8294 -2.5387 -2.3006 -2.0747 -1.8438 -1.6227 -1.4249
 -1.2544 -1.1104 -0.9889 -0.8834 -0.7894 -0.5971 -0.4572 -0.3576 -0.2870 -0.2372
 -0.2021 -0.1754 -0.1543 -0.1378
 -4.0011 -3.4298 -2.9520 -2.5669 -2.2579 -2.0093 -1.8084 -1.6442 -1.5038 -1.3655
 -1.2261 -1.0951 -0.9792 -0.8780 -0.7874 -0.5983 -0.4588 -0.3598 -0.2908 -0.2436
 -0.2116 -0.1885 -0.1703 -0.1556 -0.1440 -0.1359 -0.1317 -0.1343 -0.1446 -0.1590
 -3.9699 -3.3740 -2.8672 -2.4569 -2.1325 -1.8745 -1.6655 -1.4931 -1.3510 -1.2381
 -1.1470 -1.0590 -0.9655 -0.8719 -0.7848 -0.6000 -0.4607 -0.3613 -0.2930 -0.2475
 -0.2184 -0.1992 -0.1849 -0.1732 -0.1637 -0.1564 -0.1520 -0.1514 -0.1565 -0.1704
 -0.1897
 -3.9618 -3.3691 -2.8520 -2.4263 -2.0876 -1.8208 -1.6071 -1.4324 -1.2868 -1.1653
 -1.0646 -0.9837 -0.9158 -0.8480 -0.7762 -0.6007 -0.4620 -0.3617 -0.2930 -0.2484
 -0.2213 -0.2059 -0.1962 -0.1888 -0.1827 -0.1778 -0.1746 -0.1736 -0.1758 -0.1838
 -0.2017
 -3.9225 -3.3557 -2.8497 -2.4245 -2.0807 -1.8078 -1.5899 -1.4120 -1.2639 -1.1387
 -1.0320 -0.9413 -0.8649 -0.8009 -0.7431 -0.5955 -0.4607 -0.3596 -0.2901 -0.2455
 -0.2197 -0.2075 -0.2026 -0.2004 -0.1990 -0.1978 -0.1975 -0.1979 -0.2001 -0.2062
 -0.2162
 -3.8497 -3.3267 -2.8461 -2.4361 -2.0964 -1.8204 -1.5995 -1.4188 -1.2678 -1.1388
 -1.0273 -0.9307 -0.8469 -0.7747 -0.7126 -0.5806 -0.4580 -0.3578 -0.2866 -0.2407
 -0.2148 -0.2041 -0.2032 -0.2064 -0.2106 -0.2145 -0.2183 -0.2219 -0.2260 -0.2314
 -0.2394
 -3.7375 -3.2641 -2.8238 -2.4385 -2.1110 -1.8410 -1.6199 -1.4373 -1.2840 -1.1523
 -1.0370 -0.9352 -0.8457 -0.7674 -0.6992 -0.5628 -0.4502 -0.3541 -0.2822 -0.2345
 -0.2074 -0.1968 -0.1980 -0.2058 -0.2157 -0.2255 -0.2346 -0.2428 -0.2505 -0.2582
 -0.2667
 -3.6003 -3.1755 -2.7805 -2.4277 -2.1222 -1.8629 -1.6451 -1.4619 -1.3064 -1.1722
 -1.0542 -0.9490 -0.8548 -0.7712 -0.7029 -0.5421 -0.4373 -0.3485 -0.2769
 [Fe/H] = -0.75 [alpha/Fe] = 0.00 BC value = F606W
 -5.7987 -5.3852 -5.0026 -4.6392 -4.2858 -3.8796 -3.3552 -2.7208 -2.1730 -1.7582
 -1.4621 -1.2506 -1.0911 -0.9625 -0.8536 -0.6406 -0.4816 -0.3598 -0.2649
 -5.5056 -5.0442 -4.6205 -4.2288 -3.8575 -3.4719 -3.0022 -2.4872 -2.0314 -1.6696
 -1.3974 -1.1965 -1.0435 -0.9203 -0.8159 -0.6105 -0.4608 -0.3491 -0.2652 -0.2022
 -5.2998 -4.8111 -4.3558 -3.9341 -3.5455 -3.1732 -2.7683 -2.3371 -1.9463 -1.6220
 -1.3667 -1.1714 -1.0208 -0.8997 -0.7974 -0.5961 -0.4512 -0.3457 -0.2675 -0.2095
 -0.1668
 -4.9719 -4.5420 -4.1184 -3.7069 -3.3147 -2.9468 -2.5897 -2.2230 -1.8827 -1.5906
 -1.3513 -1.1616 -1.0123 -0.8920 -0.7907 -0.5916 -0.4486 -0.3460 -0.2715 -0.2171
 -0.1777 -0.1481
 -4.6341 -4.1276 -3.6802 -3.3526 -3.0491 -2.7425 -2.4292 -2.1184 -1.8239 -1.5624
 -1.3405 -1.1581 -1.0108 -0.8909 -0.7902 -0.5924 -0.4497 -0.3482 -0.2761 -0.2243
 -0.1877 -0.1608 -0.1401 -0.1240
 -4.3746 -3.7719 -3.3209 -2.9519 -2.6469 -2.3887 -2.1645 -1.9504 -1.7329 -1.5194
 -1.3240 -1.1544 -1.0113 -0.8926 -0.7925 -0.5957 -0.4527 -0.3510 -0.2800 -0.2303
 -0.1962 -0.1724 -0.1544 -0.1403 -0.1297 -0.1222 -0.1196 -0.1238 -0.1350 -0.1498
 -4.2496 -3.6650 -3.1617 -2.7468 -2.4119 -2.1380 -1.9072 -1.7074 -1.5371 -1.3945
 -1.2642 -1.1341 -1.0080 -0.8943 -0.7953 -0.5997 -0.4562 -0.3535 -0.2826 -0.2343
 -0.2023 -0.1816 -0.1673 -0.1563 -0.1478 -0.1417 -0.1387 -0.1394 -0.1460 -0.1607
 -0.1799
 -4.2654 -3.6606 -3.1230 -2.6724 -2.3081 -2.0171 -1.7805 -1.5822 -1.4124 -1.2680
 -1.1498 -1.0549 -0.9698 -0.8830 -0.7950 -0.6030 -0.4593 -0.3553 -0.2835 -0.2356
 -0.2053 -0.1874 -0.1771 -0.1703 -0.1652 -0.1615 -0.1597 -0.1602 -0.1639 -0.1734
 -0.1918
 -4.2734 -3.6757 -3.1310 -2.6614 -2.2763 -1.9690 -1.7234 -1.5232 -1.3555 -1.2127
 -1.0907 -0.9883 -0.9044 -0.8344 -0.7690 -0.6028 -0.4601 -0.3550 -0.2819 -0.2338
 -0.2045 -0.1890 -0.1826 -0.1806 -0.1801 -0.1801 -0.1811 -0.1830 -0.1868 -0.1936
 -0.2058
 -4.2453 -3.6838 -3.1517 -2.6830 -2.2895 -1.9704 -1.7160 -1.5096 -1.3399 -1.1964
 -1.0732 -0.9669 -0.8757 -0.7983 -0.7330 -0.5925 -0.4608 -0.3550 -0.2800 -0.2304
 -0.2009 -0.1866 -0.1832 -0.1859 -0.1906 -0.1956 -0.2006 -0.2056 -0.2112 -0.2182
 -0.2277
 -4.1699 -3.6489 -3.1537 -2.7024 -2.3153 -1.9942 -1.7336 -1.5215 -1.3476 -1.2015
 -1.0758 -0.9662 -0.8705 -0.7872 -0.7152 -0.5738 -0.4556 -0.3537 -0.2773 -0.2257
 -0.1950 -0.1807 -0.1790 -0.1852 -0.1951 -0.2056 -0.2158 -0.2253 -0.2344 -0.2437
 -0.2538
 -4.0610 -3.5833 -3.1269 -2.7070 -2.3389 -2.0254 -1.7645 -1.5490 -1.3706 -1.2205
 -1.0916 -0.9787 -0.8788 -0.7905 -0.7156 -0.5467 -0.4445 -0.3511 -0.2738
 [Fe/H] = -0.50 [alpha/Fe] = 0.00 BC value = F606W
 -6.0043 -5.6313 -5.2902 -4.9736 -4.6842 -4.3207 -3.7739 -3.0356 -2.3622 -1.8533
 -1.5028 -1.2599 -1.0847 -0.9493 -0.8382 -0.6235 -0.4667 -0.3475 -0.2546
 -5.7185 -5.3003 -4.9217 -4.5782 -4.2566 -3.9058 -3.4137 -2.8062 -2.2371 -1.7833
 -1.4519 -1.2168 -1.0456 -0.9139 -0.8058 -0.5980 -0.4482 -0.3377 -0.2542 -0.1906
 -5.5366 -5.0819 -4.6645 -4.2850 -3.9376 -3.5927 -3.1672 -2.6582 -2.1690 -1.7568
 -1.4388 -1.2042 -1.0317 -0.8995 -0.7921 -0.5867 -0.4403 -0.3344 -0.2561 -0.1971
 -0.1535
 -5.3465 -4.8973 -4.4692 -4.0677 -3.6948 -3.3433 -2.9723 -2.5422 -2.1181 -1.7453
 -1.4424 -1.2088 -1.0326 -0.8978 -0.7896 -0.5845 -0.4389 -0.3349 -0.2597 -0.2040
 -0.1632 -0.1332
 -4.9152 -4.5293 -4.1798 -3.8367 -3.4902 -3.1436 -2.8001 -2.4350 -2.0678 -1.7333
 -1.4495 -1.2206 -1.0420 -0.9036 -0.7933 -0.5874 -0.4413 -0.3375 -0.2639 -0.2105
 -0.1721 -0.1445 -0.1238 -0.1083
 -4.5787 -4.1081 -3.7191 -3.3980 -3.1215 -2.8642 -2.5964 -2.3027 -1.9984 -1.7083
 -1.4503 -1.2323 -1.0546 -0.9135 -0.8005 -0.5927 -0.4456 -0.3409 -0.2678 -0.2161
 -0.1798 -0.1546 -0.1365 -0.1228 -0.1131 -0.1071 -0.1060 -0.1113 -0.1235 -0.1389
 -4.4586 -3.9183 -3.4558 -3.0736 -2.7599 -2.4930 -2.2547 -2.0326 -1.8217 -1.6180
 -1.4183 -1.2304 -1.0647 -0.9246 -0.8095 -0.5988 -0.4506 -0.3444 -0.2708 -0.2201
 -0.1854 -0.1626 -0.1475 -0.1370 -0.1293 -0.1245 -0.1227 -0.1251 -0.1335 -0.1491
 -0.1687
 -4.4686 -3.8856 -3.3675 -2.9290 -2.5705 -2.2770 -2.0289 -1.8093 -1.6105 -1.4368
 -1.2916 -1.1658 -1.0456 -0.9275 -0.8180 -0.6049 -0.4554 -0.3476 -0.2725 -0.2219
 -0.1886 -0.1679 -0.1561 -0.1492 -0.1449 -0.1424 -0.1421 -0.1442 -0.1495 -0.1608
 -0.1801
 -4.5161 -3.9183 -3.3710 -2.8931 -2.4950 -2.1720 -1.9093 -1.6893 -1.4987 -1.3311
 -1.1864 -1.0664 -0.9691 -0.8852 -0.8038 -0.6089 -0.4583 -0.3490 -0.2723 -0.2210
 -0.1884 -0.1697 -0.1609 -0.1582 -0.1582 -0.1593 -0.1617 -0.1652 -0.1707 -0.1793
 -0.1932
 -4.5393 -3.9656 -3.4138 -2.9190 -2.4951 -2.1470 -1.8663 -1.6382 -1.4485 -1.2863
 -1.1456 -1.0240 -0.9211 -0.8357 -0.7640 -0.6063 -0.4619 -0.3510 -0.2721 -0.2190
 -0.1861 -0.1683 -0.1619 -0.1629 -0.1675 -0.1732 -0.1795 -0.1861 -0.1934 -0.2022
 -0.2136
 -4.5128 -3.9707 -3.4483 -2.9561 -2.5261 -2.1646 -1.8689 -1.6300 -1.4351 -1.2722
 -1.1329 -1.0119 -0.9067 -0.8160 -0.7385 -0.5881 -0.4609 -0.3520 -0.2711 -0.2159
 -0.1816 -0.1639 -0.1587 -0.1625 -0.1714 -0.1821 -0.1933 -0.2042 -0.2149 -0.2259
 -0.2379
 -4.4443 -3.9364 -3.4444 -2.9821 -2.5621 -2.2011 -1.8991 -1.6516 -1.4488 -1.2811
 -1.1393 -1.0169 -0.9097 -0.8155 -0.7273 -0.5543 -0.4553 -0.3520 -0.2693
 [Fe/H] = -0.25 [alpha/Fe] = 0.00 BC value = F606W
 -6.1274 -5.7897 -5.4880 -5.2195 -5.0005 -4.6967 -4.1602 -3.3622 -2.5893 -1.9893
 -1.5743 -1.2922 -1.0944 -0.9475 -0.8302 -0.6112 -0.4542 -0.3361 -0.2449
 -5.8474 -5.4678 -5.1327 -4.8402 -4.5769 -4.2838 -3.8119 -3.1493 -2.4810 -1.9332
 -1.5363 -1.2592 -1.0632 -0.9181 -0.8034 -0.5897 -0.4382 -0.3273 -0.2441 -0.1799
 -5.6765 -5.2577 -4.8818 -4.5508 -4.2591 -3.9679 -3.5619 -3.0082 -2.4300 -1.9263
 -1.5395 -1.2592 -1.0581 -0.9099 -0.7943 -0.5813 -0.4319 -0.3247 -0.2459 -0.1862
 -0.1413
 -5.5458 -5.1086 -4.7038 -4.3369 -4.0083 -3.7040 -3.3557 -2.8913 -2.3931 -1.9351
 -1.5616 -1.2781 -1.0693 -0.9149 -0.7960 -0.5813 -0.4318 -0.3256 -0.2494 -0.1927
 -0.1504 -0.1192
 -5.2798 -4.8968 -4.5213 -4.1595 -3.8153 -3.4894 -3.1665 -2.7789 -2.3506 -1.9406
 -1.5877 -1.3058 -1.0904 -0.9285 -0.8046 -0.5861 -0.4354 -0.3288 -0.2536 -0.1990
 -0.1587 -0.1296 -0.1083 -0.0922
 -4.8338 -4.4432 -4.1230 -3.8447 -3.5744 -3.2902 -2.9850 -2.6554 -2.2922 -1.9315
 -1.6064 -1.3337 -1.1160 -0.9476 -0.8177 -0.5935 -0.4411 -0.3331 -0.2577 -0.2044
 -0.1660 -0.1388 -0.1197 -0.1060 -0.0963 -0.0908 -0.0905 -0.0971 -0.1098 -0.1259
 -4.6176 -4.1384 -3.7394 -3.4167 -3.1503 -2.9156 -2.6897 -2.4448 -2.1711 -1.8826
 -1.6031 -1.3527 -1.1408 -0.9695 -0.8339 -0.6019 -0.4477 -0.3377 -0.2613 -0.2085
 -0.1716 -0.1464 -0.1297 -0.1185 -0.1109 -0.1065 -0.1055 -0.1091 -0.1188 -0.1352
 -0.1552
 -4.5855 -4.0458 -3.5742 -3.1799 -2.8579 -2.5894 -2.3523 -2.1271 -1.9064 -1.6992
 -1.5063 -1.3222 -1.1465 -0.9876 -0.8519 -0.6112 -0.4544 -0.3424 -0.2642 -0.2110
 -0.1751 -0.1517 -0.1374 -0.1293 -0.1248 -0.1227 -0.1232 -0.1262 -0.1332 -0.1459
 -0.1659
 -4.6407 -4.0710 -3.5503 -3.0975 -2.7193 -2.4084 -2.1487 -1.9205 -1.7097 -1.5145
 -1.3423 -1.1977 -1.0749 -0.9628 -0.8537 -0.6193 -0.4591 -0.3454 -0.2652 -0.2110
 -0.1756 -0.1539 -0.1421 -0.1373 -0.1365 -0.1378 -0.1409 -0.1456 -0.1525 -0.1626
 -0.1781
 -4.7149 -4.1446 -3.6042 -3.1153 -2.6924 -2.3412 -2.0532 -1.8134 -1.6071 -1.4234
 -1.2594 -1.1164 -0.9968 -0.8983 -0.8143 -0.6252 -0.4651 -0.3492 -0.2666 -0.2104
 -0.1745 -0.1536 -0.1437 -0.1418 -0.1448 -0.1502 -0.1570 -0.1646 -0.1733 -0.1836
 -0.1967
 -4.7424 -4.1974 -3.6671 -3.1672 -2.7223 -2.3419 -2.0275 -1.7708 -1.5582 -1.3779
 -1.2210 -1.0835 -0.9639 -0.8620 -0.7764 -0.6102 -0.4688 -0.3521 -0.2673 -0.2087
 -0.1714 -0.1503 -0.1416 -0.1420 -0.1484 -0.1582 -0.1694 -0.1810 -0.1929 -0.2054
 -0.2190
 -4.7220 -4.2051 -3.6997 -3.2172 -2.7701 -2.3786 -2.0476 -1.7744 -1.5507 -1.3657
 -1.2092 -1.0742 -0.9561 -0.8530 -0.7400 -0.5743 -0.4702 -0.3541 -0.2673
 [Fe/H] =  0.00 [alpha/Fe] = 0.00 BC value = F606W
 -6.1847 -5.8788 -5.6142 -5.3917 -5.1923 -4.9386 -4.4363 -3.6147 -2.8008 -2.1272
 -1.6533 -1.3317 -1.1093 -0.9466 -0.8221 -0.5962 -0.4385 -0.3210 -0.2305
 -5.9102 -5.5653 -5.2709 -5.0282 -4.8195 -4.5788 -4.1290 -3.4380 -2.7095 -2.0848
 -1.6268 -1.3077 -1.0847 -0.9231 -0.7993 -0.5778 -0.4241 -0.3123 -0.2289 -0.1644
 -5.7443 -5.3583 -5.0220 -4.7392 -4.5032 -4.2673 -3.8922 -3.3180 -2.6791 -2.0972
 -1.6456 -1.3198 -1.0883 -0.9210 -0.7943 -0.5714 -0.4187 -0.3095 -0.2299 -0.1696
 -0.1237
 -5.6399 -5.2245 -4.8496 -4.5223 -4.2445 -3.9960 -3.6851 -3.2127 -2.6614 -2.1279
 -1.6864 -1.3531 -1.1102 -0.9333 -0.8008 -0.5731 -0.4192 -0.3104 -0.2326 -0.1749
 -0.1314 -0.0993
 -5.4316 -5.0931 -4.7117 -4.3612 -4.0467 -3.7660 -3.4859 -3.1012 -2.6321 -2.1541
 -1.7326 -1.3969 -1.1435 -0.9557 -0.8151 -0.5797 -0.4236 -0.3136 -0.2362 -0.1802
 -0.1386 -0.1082 -0.0866 -0.0715
 -5.1049 -4.7746 -4.4687 -4.1693 -3.8736 -3.5820 -3.2954 -2.9744 -2.5808 -2.1616
 -1.7709 -1.4422 -1.1827 -0.9849 -0.8352 -0.5891 -0.4304 -0.3184 -0.2402 -0.1850
 -0.1449 -0.1162 -0.0963 -0.0827 -0.0739 -0.0694 -0.0711 -0.0800 -0.0941 -0.1116
 -4.7611 -4.3498 -4.0216 -3.7605 -3.5381 -3.3237 -3.0903 -2.8169 -2.4959 -2.1408
 -1.7915 -1.4802 -1.2223 -1.0180 -0.8597 -0.6005 -0.4384 -0.3240 -0.2441 -0.1888
 -0.1500 -0.1228 -0.1047 -0.0932 -0.0862 -0.0826 -0.0832 -0.0893 -0.1015 -0.1193
 -0.1407
 -4.6534 -4.1648 -3.7518 -3.4178 -3.1509 -2.9277 -2.7241 -2.5162 -2.2820 -2.0247
 -1.7559 -1.4926 -1.2536 -1.0512 -0.8875 -0.6134 -0.4467 -0.3299 -0.2479 -0.1916
 -0.1534 -0.1277 -0.1115 -0.1023 -0.0979 -0.0967 -0.0987 -0.1039 -0.1130 -0.1283
 -0.1499
 -4.6861 -4.1502 -3.6727 -3.2662 -2.9322 -2.6590 -2.4261 -2.2106 -1.9949 -1.7792
 -1.5760 -1.3908 -1.2189 -1.0569 -0.9078 -0.6265 -0.4535 -0.3346 -0.2502 -0.1926
 -0.1544 -0.1300 -0.1157 -0.1090 -0.1076 -0.1094 -0.1138 -0.1204 -0.1296 -0.1422
 -0.1605
 -4.7853 -4.2300 -3.7159 -3.2559 -2.8622 -2.5350 -2.2635 -2.0305 -1.8187 -1.6173
 -1.4282 -1.2595 -1.1156 -0.9932 -0.8846 -0.6422 -0.4626 -0.3404 -0.2535 -0.1935
 -0.1543 -0.1304 -0.1175 -0.1131 -0.1146 -0.1199 -0.1275 -0.1368 -0.1476 -0.1608
 -0.1763
 -4.8626 -4.3222 -3.7981 -3.3132 -2.8795 -2.5080 -2.1979 -1.9396 -1.7198 -1.5260
 -1.3499 -1.1909 -1.0516 -0.9330 -0.8337 -0.6367 -0.4717 -0.3458 -0.2563 -0.1936
 -0.1527 -0.1284 -0.1164 -0.1137 -0.1179 -0.1266 -0.1381 -0.1510 -0.1648 -0.1797
 -0.1960
 -4.8901 -4.3748 -3.8691 -3.3840 -2.9357 -2.5378 -2.1983 -1.9150 -1.6793 -1.4810
 -1.3098 -1.1588 -1.0253 -0.9086 -0.7551 -0.6100 -0.4808 -0.3508 -0.2586
 [Fe/H] =  0.25 [alpha/Fe] = 0.00 BC value = F606W
 -6.1936 -5.9230 -5.6995 -5.4956 -5.2536 -4.9194 -4.4492 -3.8079 -3.0221 -2.3024
 -1.7673 -1.3994 -1.1454 -0.9640 -0.8255 -0.5874 -0.4261 -0.3084 -0.2183
 -5.9270 -5.6194 -5.3682 -5.1747 -5.0179 -4.8180 -4.3984 -3.6886 -2.9466 -2.2692
 -1.7494 -1.3831 -1.1274 -0.9444 -0.8075 -0.5722 -0.4141 -0.3000 -0.2155 -0.1508
 -5.7637 -5.4124 -5.1173 -4.8838 -4.7020 -4.5175 -4.1823 -3.5998 -2.9299 -2.2941
 -1.7817 -1.4062 -1.1398 -0.9485 -0.8066 -0.5678 -0.4096 -0.2974 -0.2160 -0.1548
 -0.1071
 -5.6700 -5.2816 -4.9407 -4.6568 -4.4318 -4.2382 -3.9729 -3.5090 -2.9293 -2.3404
 -1.8384 -1.4532 -1.1723 -0.9687 -0.8183 -0.5712 -0.4110 -0.2985 -0.2184 -0.1594
 -0.1147 -0.0812
 -5.5887 -5.1867 -4.8190 -4.4940 -4.2213 -3.9917 -3.7607 -3.4004 -2.9133 -2.3847
 -1.9018 -1.5125 -1.2180 -1.0005 -0.8393 -0.5798 -0.4163 -0.3020 -0.2218 -0.1642
 -0.1212 -0.0893 -0.0666 -0.0511
 -5.3620 -5.0116 -4.6726 -4.3529 -4.0584 -3.7935 -3.5534 -3.2646 -2.8679 -2.4074
 -1.9576 -1.5748 -1.2710 -1.0406 -0.8675 -0.5919 -0.4241 -0.3074 -0.2259 -0.1686
 -0.1270 -0.0967 -0.0753 -0.0610 -0.0522 -0.0484 -0.0509 -0.0613 -0.0763 -0.0951
 -4.9200 -4.5879 -4.3109 -4.0755 -3.8466 -3.6126 -3.3691 -3.1087 -2.7866 -2.3981
 -1.9950 -1.6292 -1.3252 -1.0857 -0.9014 -0.6068 -0.4335 -0.3140 -0.2304 -0.1725
 -0.1318 -0.1028 -0.0830 -0.0703 -0.0628 -0.0597 -0.0612 -0.0681 -0.0822 -0.1010
 -0.1237
 -4.7067 -4.2745 -3.9248 -3.6540 -3.4421 -3.2634 -3.0912 -2.8950 -2.6449 -2.3390
 -1.9997 -1.6669 -1.3735 -1.1313 -0.9390 -0.6245 -0.4436 -0.3213 -0.2351 -0.1758
 -0.1353 -0.1075 -0.0892 -0.0784 -0.0729 -0.0714 -0.0738 -0.0800 -0.0909 -0.1084
 -0.1311
 -4.6851 -4.1907 -3.7622 -3.4113 -3.1326 -2.9100 -2.7201 -2.5395 -2.3450 -2.1219
 -1.8798 -1.6312 -1.3876 -1.1647 -0.9736 -0.6431 -0.4528 -0.3273 -0.2387 -0.1775
 -0.1366 -0.1098 -0.0932 -0.0842 -0.0811 -0.0821 -0.0865 -0.0940 -0.1047 -0.1195
 -0.1401
 -4.7770 -4.2494 -3.7681 -3.3497 -3.0008 -2.7159 -2.4811 -2.2758 -2.0786 -1.8749
 -1.6705 -1.4750 -1.2963 -1.1330 -0.9820 -0.6673 -0.4651 -0.3349 -0.2436 -0.1798
 -0.1374 -0.1107 -0.0952 -0.0880 -0.0871 -0.0909 -0.0981 -0.1079 -0.1201 -0.1349
 -0.1530
 -4.8898 -4.3594 -3.8545 -3.3945 -2.9910 -2.6491 -2.3645 -2.1251 -1.9149 -1.7190
 -1.5296 -1.3500 -1.1878 -1.0470 -0.9258 -0.6766 -0.4790 -0.3426 -0.2481 -0.1816
 -0.1371 -0.1097 -0.0947 -0.0890 -0.0902 -0.0966 -0.1071 -0.1200 -0.1348 -0.1513
 -0.1698
 -4.9674 -4.4533 -3.9555 -3.4784 -3.0466 -2.6641 -2.3373 -2.0628 -1.8303 -1.6290
 -1.4478 -1.2814 -1.1299 -0.9953 -0.8050 -0.6710 -0.4945 -0.3504 -0.2522
 [Fe/H] =  0.50 [alpha/Fe] = 0.00 BC value = F606W
 -6.1529 -6.3403 -6.3282 -6.1371 -5.7852 -5.2885 -4.6610 -3.9415 -3.2210 -2.4948
 -1.9061 -1.4894 -1.2009 -0.9947 -0.8420 -0.5840 -0.4176 -0.2974 -0.2069
 -5.8990 -5.6364 -5.4327 -5.2901 -5.2014 -5.0179 -4.5830 -3.8702 -3.1551 -2.4632
 -1.8936 -1.4804 -1.1887 -0.9805 -0.8267 -0.5717 -0.4070 -0.2893 -0.2006 -0.1336
 -5.7397 -5.4247 -5.1794 -4.9973 -4.8665 -4.7251 -4.4182 -3.8286 -3.1522 -2.4949
 -1.9365 -1.5138 -1.2098 -0.9910 -0.8303 -0.5692 -0.4034 -0.2869 -0.2029 -0.1403
 -0.0914
 -5.6508 -5.2958 -4.9945 -4.7577 -4.5849 -4.4403 -4.2123 -3.7622 -3.1651 -2.5516
 -2.0037 -1.5728 -1.2528 -1.0193 -0.8477 -0.5743 -0.4054 -0.2882 -0.2050 -0.1442
 -0.0982 -0.0634
 -5.5978 -5.2151 -4.8725 -4.5826 -4.3577 -4.1783 -3.9909 -3.6604 -3.1648 -2.6066
 -2.0805 -1.6456 -1.3106 -1.0611 -0.8760 -0.5853 -0.4115 -0.2921 -0.2083 -0.1484
 -0.1040 -0.0706 -0.0465 -0.0304
 -5.4886 -5.1175 -4.7705 -4.4562 -4.1835 -3.9587 -3.7676 -3.5145 -3.1275 -2.6434
 -2.1524 -1.7216 -1.3771 -1.1124 -0.9132 -0.6007 -0.4204 -0.2980 -0.2125 -0.1526
 -0.1093 -0.0773 -0.0545 -0.0392 -0.0299 -0.0263 -0.0296 -0.0404 -0.0567 -0.0769
 -5.1322 -4.7837 -4.5529 -4.2863 -4.0298 -3.7883 -3.5668 -3.3447 -3.0440 -2.6450
 -2.2049 -1.7925 -1.4448 -1.1693 -0.9572 -0.6202 -0.4312 -0.3054 -0.2175 -0.1565
 -0.1138 -0.0831 -0.0615 -0.0474 -0.0392 -0.0358 -0.0376 -0.0455 -0.0610 -0.0808
 -0.1049
 -4.7702 -4.4028 -4.1183 -3.9006 -3.7206 -3.5506 -3.3698 -3.1663 -2.9190 -2.6002
 -2.2241 -1.8451 -1.5067 -1.2276 -1.0054 -0.6437 -0.4434 -0.3138 -0.2230 -0.1602
 -0.1172 -0.0876 -0.0674 -0.0547 -0.0478 -0.0456 -0.0479 -0.0548 -0.0671 -0.0864
 -0.1102
 -4.6681 -4.2204 -3.8476 -3.5544 -3.3311 -3.1574 -3.0110 -2.8683 -2.6960 -2.4642
 -2.1760 -1.8570 -1.5476 -1.2757 -1.0504 -0.6688 -0.4553 -0.3212 -0.2277 -0.1627
 -0.1189 -0.0898 -0.0710 -0.0599 -0.0549 -0.0545 -0.0584 -0.0661 -0.0778 -0.0944
 -0.1174
 -4.7263 -4.2305 -3.7897 -3.4190 -3.1203 -2.8849 -2.6953 -2.5304 -2.3685 -2.1879
 -1.9793 -1.7523 -1.5205 -1.2963 -1.0903 -0.7008 -0.4715 -0.3306 -0.2340 -0.1661
 -0.1204 -0.0910 -0.0730 -0.0634 -0.0602 -0.0620 -0.0681 -0.0776 -0.0904 -0.1067
 -0.1269
 -4.8520 -4.3358 -3.8567 -3.4290 -3.0645 -2.7632 -2.5174 -2.3121 -2.1287 -1.9491
 -1.7620 -1.5712 -1.3861 -1.2146 -1.0579 -0.7277 -0.4905 -0.3407 -0.2403 -0.1695
 -0.1213 -0.0907 -0.0729 -0.0644 -0.0629 -0.0669 -0.0755 -0.0876 -0.1026 -0.1202
 -0.1406
 -4.9636 -4.4586 -3.9686 -3.5145 -3.1056 -2.7519 -2.4533 -2.2035 -1.9907 -1.8008
 -1.6212 -1.4463 -1.2787 -1.1251 -0.9532 -0.7495 -0.5123 -0.3515 -0.2466
 [Fe/H] =  0.75 [alpha/Fe] = 0.00 BC value = F606W
 -6.0646 -6.0932 -5.9949 -5.7831 -5.4691 -5.0634 -4.5749 -4.0116 -3.3765 -2.6871
 -2.0659 -1.6016 -1.2750 -1.0430 -0.8706 -0.5869 -0.4127 -0.2891 -0.1963
 -5.8261 -5.6138 -5.4691 -5.3816 -5.3053 -5.1103 -4.6698 -3.9821 -3.3240 -2.6568
 -2.0589 -1.5998 -1.2700 -1.0332 -0.8594 -0.5784 -0.4038 -0.2815 -0.1919 -0.1243
 -5.6713 -5.3768 -5.2127 -5.0858 -5.0044 -4.8998 -4.6071 -3.9928 -3.3332 -2.6893
 -2.1060 -1.6423 -1.2996 -1.0507 -0.8679 -0.5779 -0.4014 -0.2794 -0.1919 -0.1271
 -0.0776
 -5.5847 -5.2710 -5.0170 -4.8331 -4.7129 -4.6117 -4.4184 -3.9753 -3.3626 -2.7499
 -2.1798 -1.7113 -1.3526 -1.0875 -0.8916 -0.5850 -0.4042 -0.2808 -0.1937 -0.1304
 -0.0826 -0.0464
 -5.5449 -5.1932 -4.8873 -4.6412 -4.4675 -4.3366 -4.1877 -3.8833 -3.3800 -2.8103
 -2.2644 -1.7943 -1.4219 -1.1391 -0.9278 -0.5987 -0.4110 -0.2850 -0.1969 -0.1340
 -0.0877 -0.0528 -0.0272 -0.0099
 -5.4985 -5.1353 -4.8023 -4.5110 -4.2735 -4.0954 -3.9496 -3.7295 -3.3565 -2.8591
 -2.3441 -1.8814 -1.5002 -1.2017 -0.9745 -0.6182 -0.4209 -0.2913 -0.2012 -0.1379
 -0.0924 -0.0587 -0.0343 -0.0178 -0.0079 -0.0042 -0.0081 -0.0198 -0.0358 -0.0574
 -5.2910 -4.9770 -4.6767 -4.3917 -4.1328 -3.9098 -3.7274 -3.5442 -3.2698 -2.8708
 -2.4079 -1.9622 -1.5788 -1.2702 -1.0289 -0.6433 -0.4333 -0.2993 -0.2065 -0.1419
 -0.0966 -0.0640 -0.0407 -0.0251 -0.0159 -0.0121 -0.0139 -0.0224 -0.0386 -0.0591
 -0.0846
 -4.8581 -4.5726 -4.3313 -4.1258 -3.9334 -3.7369 -3.5432 -3.3553 -3.1348 -2.8288
 -2.4372 -2.0265 -1.6542 -1.3399 -1.0875 -0.6738 -0.4481 -0.3087 -0.2127 -0.1459
 -0.1000 -0.0681 -0.0460 -0.0316 -0.0234 -0.0203 -0.0222 -0.0291 -0.0422 -0.0628
 -0.0875
 -4.6520 -4.2608 -3.9502 -3.7125 -3.5370 -3.3990 -3.2728 -3.1354 -2.9609 -2.7225
 -2.4111 -2.0544 -1.7055 -1.3980 -1.1423 -0.7061 -0.4635 -0.3175 -0.2183 -0.1491
 -0.1019 -0.0703 -0.0493 -0.0362 -0.0295 -0.0277 -0.0307 -0.0380 -0.0501 -0.0679
 -0.0926
 -4.6517 -4.1969 -3.8044 -3.4846 -3.2380 -3.0510 -2.9052 -2.7819 -2.6597 -2.5073
 -2.2949 -2.0262 -1.7315 -1.4481 -1.1980 -0.7460 -0.4844 -0.3289 -0.2258 -0.1535
 -0.1041 -0.0717 -0.0513 -0.0394 -0.0341 -0.0340 -0.0386 -0.0472 -0.0600 -0.0774
 -0.0990
 -4.7622 -4.2750 -3.8284 -3.4401 -3.1189 -2.8623 -2.6595 -2.4940 -2.3476 -2.2015
 -2.0378 -1.8466 -1.6363 -1.4209 -1.2138 -0.7859 -0.5091 -0.3417 -0.2336 -0.1581
 -0.1061 -0.0721 -0.0515 -0.0405 -0.0366 -0.0382 -0.0448 -0.0553 -0.0697 -0.0877
 -0.1097
 -4.8998 -4.4068 -3.9370 -3.5076 -3.1295 -2.8104 -2.5475 -2.3317 -2.1490 -1.9842
 -1.8219 -1.6525 -1.4794 -1.3074 -1.1897 -0.8258 -0.5376 -0.3559 -0.2417
 [Fe/H] =  1.00 [alpha/Fe] = 0.00 BC value = F606W
 -5.9429 -5.9629 -5.8697 -5.6750 -5.3893 -5.0216 -4.5800 -4.0717 -3.5009 -2.8710
 -2.2388 -1.7326 -1.3674 -1.1056 -0.9132 -0.6004 -0.4112 -0.2837 -0.1866
 -5.7147 -6.0329 -6.1288 -6.0251 -5.7421 -5.2972 -4.7124 -4.0601 -3.4599 -2.8406
 -2.2353 -1.7392 -1.3708 -1.1034 -0.9067 -0.5945 -0.4060 -0.2770 -0.1843 -0.1140
 -5.5588 -5.6281 -5.2206 -5.1534 -5.1188 -5.0467 -4.7227 -4.0957 -3.4765 -2.8673
 -2.2845 -1.7896 -1.4095 -1.1287 -0.9214 -0.5961 -0.4054 -0.2763 -0.1844 -0.1164
 -0.0649
 -5.4700 -5.2065 -5.0092 -4.8850 -4.8183 -4.7566 -4.5907 -4.1378 -3.5242 -2.9267
 -2.3609 -1.8667 -1.4721 -1.1744 -0.9521 -0.6058 -0.4091 -0.2780 -0.1860 -0.1192
 -0.0694 -0.0313
 -5.4360 -5.1246 -4.8652 -4.6724 -4.5541 -4.4706 -4.3556 -4.0727 -3.5633 -2.9917
 -2.4446 -1.9550 -1.5513 -1.2360 -0.9968 -0.6229 -0.4167 -0.2824 -0.1891 -0.1226
 -0.0737 -0.0369 -0.0096  0.0089
 -5.4217 -5.0840 -4.7811 -4.5278 -4.3373 -4.2098 -4.1058 -3.9151 -3.5536 -3.0492
 -2.5282 -2.0483 -1.6388 -1.3090 -1.0532 -0.6472 -0.4278 -0.2889 -0.1933 -0.1261
 -0.0778 -0.0420 -0.0158  0.0023  0.0134  0.0169  0.0125  0.0016 -0.0145 -0.0370
 -5.3314 -5.0066 -4.7047 -4.4275 -4.1891 -4.0008 -3.8632 -3.7167 -3.4663 -3.0696
 -2.5970 -2.1360 -1.7261 -1.3881 -1.1178 -0.6788 -0.4423 -0.2975 -0.1988 -0.1299
 -0.0815 -0.0466 -0.0215 -0.0042  0.0067  0.0112  0.0090 -0.0001 -0.0158 -0.0366
 -0.0631
 -4.9694 -4.7296 -4.4947 -4.2654 -4.0461 -3.8419 -3.6623 -3.5095 -3.3186 -3.0306
 -2.6345 -2.2056 -1.8082 -1.4671 -1.1864 -0.7172 -0.4604 -0.3079 -0.2054 -0.1342
 -0.0848 -0.0504 -0.0261 -0.0099 -0.0002  0.0038  0.0027 -0.0042 -0.0179 -0.0384
 -0.0637
 -4.6433 -4.3173 -4.0706 -3.8845 -3.7381 -3.6025 -3.4607 -3.3099 -3.1409 -2.9193
 -2.6126 -2.2410 -1.8677 -1.5329 -1.2500 -0.7574 -0.4803 -0.3180 -0.2117 -0.1377
 -0.0869 -0.0524 -0.0290 -0.0139 -0.0054 -0.0023 -0.0043 -0.0108 -0.0228 -0.0413
 -0.0666
 -4.5654 -4.1625 -3.8237 -3.5590 -3.3632 -3.2194 -3.1101 -3.0150 -2.9107 -2.7618
 -2.5361 -2.2393 -1.9103 -1.5943 -1.3149 -0.8054 -0.5067 -0.3319 -0.2202 -0.1429
 -0.0896 -0.0540 -0.0309 -0.0168 -0.0094 -0.0076 -0.0107 -0.0182 -0.0302 -0.0476
 -0.0702
 -4.6391 -4.1900 -3.7855 -3.4434 -3.1691 -2.9577 -2.7968 -2.6705 -2.5626 -2.4553
 -2.3222 -2.1313 -1.8852 -1.6169 -1.3594 -0.8540 -0.5375 -0.3481 -0.2295 -0.1486
 -0.0924 -0.0550 -0.0314 -0.0178 -0.0115 -0.0110 -0.0157 -0.0246 -0.0377 -0.0553
 -0.0774
 -4.7802 -4.3123 -3.8723 -3.4747 -3.1335 -2.8533 -2.6287 -2.4493 -2.3013 -2.1688
 -2.0378 -1.8929 -1.7228 -1.5315 -1.3835 -0.9032 -0.5727 -0.3666 -0.2396
