 [Fe/H] = -2.50 [alpha/Fe] = 0.00 BC value = F390M
 -7.9794 -7.4328 -7.0369 -6.7629 -6.5593 -6.3879 -6.2790 -6.1093 -5.9246 -5.7018
 -5.4440 -5.0175 -4.7498 -4.4633 -4.1702 -3.2952 -2.2903 -1.6806 -1.0418
 -7.2713 -6.8370 -6.5040 -6.2622 -6.0883 -5.9314 -5.7661 -5.5857 -5.3898 -5.1710
 -4.9112 -4.6032 -4.2692 -3.9348 -3.6041 -2.7440 -1.9431 -1.3084 -0.8486 -0.5044
 -7.0448 -6.5719 -6.1589 -5.8089 -5.5257 -5.3125 -5.1579 -5.0161 -4.8508 -4.6461
 -4.4104 -4.1351 -3.8212 -3.5056 -3.2001 -2.4513 -1.7358 -1.1644 -0.7524 -0.4470
 -0.2081
 -6.9297 -6.4283 -5.9764 -5.5744 -5.2227 -4.9222 -4.6726 -4.4736 -4.3111 -4.1453
 -3.9461 -3.7144 -3.4431 -3.1518 -2.8705 -2.2076 -1.5829 -1.0661 -0.6908 -0.4151
 -0.2004 -0.0242
 -6.8818 -6.3656 -5.8919 -5.4608 -5.0724 -4.7257 -4.4202 -4.1547 -3.9266 -3.7314
 -3.5500 -3.3553 -3.1331 -2.8824 -2.6262 -2.0301 -1.4799 -1.0081 -0.6579 -0.4030
 -0.2066 -0.0459  0.0909  0.2094
 -6.8852 -6.3664 -5.8826 -5.4342 -5.0228 -4.6490 -4.3107 -4.0067 -3.7365 -3.4969
 -3.2842 -3.0891 -2.8945 -2.6821 -2.4575 -1.9134 -1.4204 -0.9842 -0.6489 -0.4055
 -0.2218 -0.0735  0.0523  0.1617  0.2608  0.3508  0.4314  0.5027  0.5646  0.6174
 -6.9356 -6.4190 -5.9334 -5.4774 -5.0522 -4.6598 -4.2997 -3.9704 -3.6712 -3.4017
 -3.1596 -2.9416 -2.7406 -2.5430 -2.3431 -1.8436 -1.3920 -0.9867 -0.6589 -0.4189
 -0.2420 -0.1029  0.0130  0.1133  0.2020  0.2822  0.3545  0.4188  0.4752  0.5232
  0.5613
 -7.0329 -6.5207 -6.0356 -5.5770 -5.1457 -4.7415 -4.3644 -4.0161 -3.6958 -3.4016
 -3.1348 -2.8939 -2.6751 -2.4701 -2.2747 -1.8092 -1.3804 -1.0037 -0.6834 -0.4408
 -0.2644 -0.1308 -0.0232  0.0682  0.1483  0.2198  0.2856  0.3447  0.3955  0.4367
  0.4676
 -7.1662 -6.6579 -6.1759 -5.7181 -5.2843 -4.8734 -4.4851 -4.1216 -3.7831 -3.4694
 -3.1803 -2.9162 -2.6761 -2.4552 -2.2498 -1.7926 -1.3805 -1.0199 -0.7116 -0.4667
 -0.2863 -0.1539 -0.0523  0.0307  0.1018  0.1647  0.2208  0.2704  0.3141  0.3523
  0.3856
 -7.3355 -6.8306 -6.3563 -5.9000 -5.4660 -5.0529 -4.6589 -4.2844 -3.9308 -3.5995
 -3.2902 -3.0039 -2.7406 -2.4995 -2.2774 -1.8017 -1.3974 -1.0432 -0.7427 -0.4982
 -0.3124 -0.1763 -0.0761  0.0007  0.0634  0.1174  0.1647  0.2069  0.2421  0.2757
  0.3071
 -7.5409 -7.0388 -6.5768 -6.0948 -5.6692 -5.2566 -4.8621 -4.4826 -4.1194 -3.7737
 -3.4468 -3.1400 -2.8543 -2.5904 -2.3473 -1.8341 -1.4216 -1.0704 -0.7727 -0.5281
 -0.3384 -0.1972 -0.0942 -0.0192  0.0372  0.0823  0.1204  0.1537  0.1831  0.2086
  0.2299
 -7.7822 -7.2825 -6.8374 -6.2949 -5.8733 -5.4653 -5.0737 -4.6962 -4.3304 -3.9769
 -3.6376 -3.3141 -3.0082 -2.7221 -2.4595 -1.8898 -1.4531 -1.1015 -0.8016
 [Fe/H] = -2.00 [alpha/Fe] = 0.00 BC value = F390M
 -6.9661 -6.6705 -6.4628 -6.3218 -6.2173 -6.1253 -6.0462 -5.9304 -5.7829 -5.5854
 -5.3309 -4.9822 -4.6706 -4.3625 -4.0626 -3.2817 -2.4338 -1.7537 -1.0992
 -6.6056 -6.3333 -6.1357 -5.9616 -5.8001 -5.6523 -5.5145 -5.3766 -5.2213 -5.0297
 -4.7897 -4.4989 -4.1809 -3.8679 -3.5671 -2.8376 -2.0993 -1.4404 -0.9442 -0.5689
 -6.4206 -6.0428 -5.7353 -5.4968 -5.3280 -5.1942 -5.0534 -4.8949 -4.7212 -4.5316
 -4.3108 -4.0475 -3.7489 -3.4487 -3.1650 -2.5043 -1.8645 -1.2847 -0.8392 -0.5097
 -0.2550
 -6.3932 -5.9569 -5.5797 -5.2572 -4.9876 -4.7679 -4.6003 -4.4651 -4.3140 -4.1263
 -3.9158 -3.6820 -3.4139 -3.1303 -2.8622 -2.2565 -1.6947 -1.1804 -0.7734 -0.4722
 -0.2412 -0.0544
 -6.4763 -5.9919 -5.5653 -5.1895 -4.8605 -4.5750 -4.3291 -4.1194 -3.9472 -3.7927
 -3.6145 -3.4073 -3.1732 -2.9148 -2.6572 -2.0892 -1.5837 -1.1197 -0.7403 -0.4575
 -0.2432 -0.0716  0.0724  0.1970
 -6.6582 -6.1296 -5.6565 -5.2349 -4.8609 -4.5291 -4.2353 -3.9754 -3.7447 -3.5420
 -3.3649 -3.1919 -2.9992 -2.7768 -2.5395 -1.9912 -1.5218 -1.0948 -0.7340 -0.4607
 -0.2566 -0.0962  0.0369  0.1514  0.2523  0.3421  0.4226  0.4964  0.5648  0.6197
 -6.9192 -6.3550 -5.8405 -5.3749 -4.9575 -4.5850 -4.2526 -3.9554 -3.6880 -3.4465
 -3.2290 -3.0345 -2.8560 -2.6697 -2.4667 -1.9488 -1.4977 -1.0959 -0.7484 -0.4776
 -0.2774 -0.1246 -0.0006  0.1050  0.1974  0.2792  0.3521  0.4174  0.4756  0.5250
  0.5643
 -7.2311 -6.6432 -6.0982 -5.5954 -5.1369 -4.7242 -4.3547 -4.0230 -3.7241 -3.4532
 -3.2059 -2.9814 -2.7788 -2.5900 -2.4057 -1.9378 -1.4997 -1.1143 -0.7771 -0.5051
 -0.3031 -0.1535 -0.0365  0.0607  0.1448  0.2188  0.2842  0.3426  0.3949  0.4383
  0.4703
 -7.5622 -6.9613 -6.3955 -5.8677 -5.3777 -4.9289 -4.5226 -4.1568 -3.8271 -3.5282
 -3.2554 -3.0057 -2.7775 -2.5674 -2.3724 -1.9279 -1.5106 -1.1368 -0.8097 -0.5369
 -0.3299 -0.1794 -0.0667  0.0231  0.0987  0.1643  0.2218  0.2729  0.3180  0.3572
  0.3882
 -7.9018 -7.3027 -6.7266 -6.1827 -5.6711 -5.1953 -4.7569 -4.3574 -3.9958 -3.6683
 -3.3698 -3.0958 -2.8438 -2.6111 -2.3965 -1.9346 -1.5318 -1.1658 -0.8464 -0.5755
 -0.3625 -0.2064 -0.0935 -0.0085  0.0595  0.1168  0.1660  0.2091  0.2470  0.2798
  0.3100
 -8.2106 -7.6303 -7.0594 -6.5110 -5.9894 -5.4971 -5.0365 -4.6097 -4.2180 -3.8606
 -3.5347 -3.2357 -2.9605 -2.7056 -2.4697 -1.9667 -1.5587 -1.1986 -0.8816 -0.6126
 -0.3957 -0.2328 -0.1155 -0.0312  0.0315  0.0808  0.1213  0.1559  0.1857  0.2114
  0.2329
 -8.4678 -7.9165 -7.3703 -6.8317 -6.3108 -5.8134 -5.3421 -4.8981 -4.4840 -4.1003
 -3.7468 -3.4214 -3.1114 -2.8305 -2.5920 -2.0242 -1.5913 -1.2352 -0.9153
 [Fe/H] = -1.50 [alpha/Fe] = 0.00 BC value = F390M
 -6.2932 -6.1732 -6.0949 -6.0433 -6.0034 -5.9605 -5.9021 -5.8171 -5.6927 -5.5164
 -5.2798 -4.9913 -4.6770 -4.3713 -4.0782 -3.3718 -2.6431 -1.9430 -1.2840
 -5.9851 -5.8012 -5.6630 -5.5643 -5.4917 -5.4280 -5.3565 -5.2633 -5.1374 -4.9683
 -4.7462 -4.4725 -4.1697 -3.8714 -3.5887 -2.9307 -2.2880 -1.6534 -1.1108 -0.7007
 -5.7558 -5.5172 -5.3500 -5.2134 -5.0918 -4.9859 -4.8879 -4.7820 -4.6538 -4.4943
 -4.2946 -4.0485 -3.7660 -3.4794 -3.2084 -2.5963 -2.0258 -1.4745 -0.9924 -0.6213
 -0.3389
 -5.7608 -5.4230 -5.1492 -4.9352 -4.7775 -4.6631 -4.5504 -4.4232 -4.2833 -4.1249
 -3.9410 -3.7242 -3.4692 -3.1971 -2.9362 -2.3592 -1.8435 -1.3540 -0.9181 -0.5751
 -0.3151 -0.1094
 -5.9119 -5.5064 -5.1606 -4.8681 -4.6229 -4.4240 -4.2682 -4.1417 -4.0226 -3.8740
 -3.6965 -3.4966 -3.2704 -3.0165 -2.7625 -2.2054 -1.7267 -1.2812 -0.8795 -0.5558
 -0.3103 -0.1191  0.0373  0.1703
 -6.1885 -5.7100 -5.2997 -4.9450 -4.6383 -4.3748 -4.1482 -3.9530 -3.7874 -3.6497
 -3.5116 -3.3436 -3.1433 -2.9159 -2.6723 -2.1198 -1.6611 -1.2456 -0.8688 -0.5576
 -0.3205 -0.1388  0.0071  0.1299  0.2366  0.3302  0.4143  0.4923  0.5640  0.6209
 -6.5981 -6.0371 -5.5509 -5.1299 -4.7637 -4.4437 -4.1639 -3.9184 -3.7010 -3.5072
 -3.3378 -3.1881 -3.0324 -2.8471 -2.6335 -2.0889 -1.6347 -1.2373 -0.8783 -0.5755
 -0.3418 -0.1653 -0.0270  0.0872  0.1852  0.2713  0.3474  0.4152  0.4754  0.5273
  0.5688
 -7.1144 -6.4796 -5.9153 -5.4193 -4.9856 -4.6068 -4.2750 -3.9824 -3.7226 -3.4896
 -3.2784 -3.0885 -2.9203 -2.7596 -2.5865 -2.0979 -1.6389 -1.2491 -0.9018 -0.6048
 -0.3708 -0.1957 -0.0622  0.0448  0.1350  0.2132  0.2817  0.3423  0.3958  0.4403
  0.4741
 -7.6719 -6.9873 -6.3621 -5.7975 -5.2946 -4.8513 -4.4626 -4.1213 -3.8194 -3.5495
 -3.3054 -3.0831 -2.8812 -2.6976 -2.5257 -2.0988 -1.6619 -1.2722 -0.9317 -0.6387
 -0.4031 -0.2258 -0.0945  0.0070  0.0897  0.1601  0.2209  0.2740  0.3202  0.3592
  0.3915
 -8.2374 -7.5320 -6.8674 -6.2499 -5.6871 -5.1815 -4.7325 -4.3376 -3.9899 -3.6814
 -3.4043 -3.1527 -2.9221 -2.7106 -2.5158 -2.0906 -1.6914 -1.3102 -0.9727 -0.6817
 -0.4429 -0.2597 -0.1260 -0.0272  0.0496  0.1126  0.1656  0.2110  0.2501  0.2834
  0.3135
 -8.7497 -8.0565 -7.3808 -6.7351 -6.1302 -5.5738 -5.0702 -4.6212 -4.2238 -3.8730
 -3.5604 -3.2784 -3.0212 -2.7837 -2.5652 -2.0983 -1.7118 -1.3493 -1.0164 -0.7268
 -0.4851 -0.2949 -0.1548 -0.0544  0.0188  0.0752  0.1203  0.1578  0.1893  0.2156
  0.2374
 -9.1729 -8.5170 -7.8634 -7.2168 -6.5938 -6.0045 -5.4588 -4.9629 -4.5177 -4.1211
 -3.7688 -3.4541 -3.1677 -2.9039 -2.6739 -2.1219 -1.7231 -1.3895 -1.0628
 [Fe/H] = -1.00 [alpha/Fe] = 0.00 BC value = F390M
 -5.9607 -5.9410 -5.9331 -5.9275 -5.9175 -5.8935 -5.8467 -5.7694 -5.6540 -5.4948
 -5.2907 -5.0448 -4.7690 -4.4897 -4.2169 -3.5655 -2.9183 -2.2486 -1.5961
 -5.5182 -5.4629 -5.4324 -5.4137 -5.3954 -5.3677 -5.3217 -5.2489 -5.1415 -4.9924
 -4.7965 -4.5556 -4.2858 -4.0108 -3.7441 -3.1233 -2.5335 -1.9506 -1.3917 -0.9179
 -5.2668 -5.1355 -5.0480 -4.9923 -4.9526 -4.9138 -4.8632 -4.7922 -4.6930 -4.5588
 -4.3831 -4.1632 -3.9087 -3.6437 -3.3861 -2.7963 -2.2563 -1.7378 -1.2461 -0.8194
 -0.4872
 -5.1998 -4.9904 -4.8443 -4.7322 -4.6418 -4.5711 -4.5063 -4.4307 -4.3354 -4.2134
 -4.0583 -3.8646 -3.6329 -3.3812 -3.1317 -2.5655 -2.0634 -1.5916 -1.1483 -0.7574
 -0.4479 -0.2089
 -5.3492 -5.0327 -4.7816 -4.5893 -4.4502 -4.3538 -4.2723 -4.1866 -4.0867 -3.9672
 -3.8238 -3.6515 -3.4444 -3.2088 -2.9662 -2.4127 -1.9361 -1.4977 -1.0888 -0.7249
 -0.4316 -0.2063 -0.0279  0.1202
 -5.6298 -5.2354 -4.9040 -4.6288 -4.4058 -4.2285 -4.0903 -3.9857 -3.9019 -3.8028
 -3.6718 -3.5122 -3.3259 -3.1100 -2.8748 -2.3235 -1.8596 -1.4445 -1.0599 -0.7164
 -0.4345 -0.2177 -0.0492  0.0882  0.2050  0.3069  0.3970  0.4798  0.5566  0.6193
 -6.0451 -5.5550 -5.1437 -4.7967 -4.5038 -4.2576 -4.0523 -3.8809 -3.7380 -3.6205
 -3.5166 -3.3974 -3.2435 -3.0556 -2.8398 -2.2864 -1.8229 -1.4218 -1.0549 -0.7264
 -0.4528 -0.2406 -0.0781  0.0516  0.1597  0.2527  0.3340  0.4058  0.4699  0.5267
  0.5733
 -6.6291 -6.0209 -5.5076 -5.0760 -4.7104 -4.3987 -4.1321 -3.9039 -3.7063 -3.5336
 -3.3815 -3.2485 -3.1243 -2.9838 -2.8125 -2.2931 -1.8191 -1.4227 -1.0676 -0.7499
 -0.4824 -0.2719 -0.1119  0.0125  0.1135  0.1988  0.2722  0.3364  0.3923  0.4401
  0.4782
 -7.3434 -6.6303 -6.0066 -5.4737 -5.0202 -4.6341 -4.3020 -4.0156 -3.7665 -3.5476
 -3.3525 -3.1767 -3.0187 -2.8750 -2.7333 -2.3130 -1.8405 -1.4393 -1.0904 -0.7799
 -0.5163 -0.3062 -0.1464 -0.0252  0.0702  0.1485  0.2143  0.2710  0.3198  0.3609
  0.3950
 -8.1146 -7.3377 -6.6259 -5.9989 -5.4504 -4.9763 -4.5685 -4.2172 -3.9124 -3.6457
 -3.4092 -3.1970 -3.0044 -2.8287 -2.6676 -2.2957 -1.8870 -1.4798 -1.1304 -0.8232
 -0.5602 -0.3473 -0.1842 -0.0628  0.0290  0.1015  0.1604  0.2099  0.2516  0.2866
  0.3154
 -8.8478 -8.0491 -7.2900 -6.5975 -5.9709 -5.4156 -4.9279 -4.5034 -4.1359 -3.8164
 -3.5356 -3.2858 -3.0605 -2.8554 -2.6671 -2.2645 -1.9066 -1.5333 -1.1812 -0.8734
 -0.6086 -0.3911 -0.2219 -0.0967 -0.0056  0.0623  0.1149  0.1572  0.1918  0.2200
  0.2428
 -9.4917 -8.7065 -7.9396 -7.2125 -6.5382 -5.9213 -5.3656 -4.8705 -4.4364 -4.0579
 -3.7276 -3.4366 -3.1769 -2.9423 -2.7318 -2.2194 -1.8993 -1.5998 -1.2428
 [Fe/H] = -0.75 [alpha/Fe] = 0.00 BC value = F390M
 -5.9221 -5.9243 -5.9295 -5.9306 -5.9226 -5.8967 -5.8449 -5.7605 -5.6400 -5.4861
 -5.3023 -5.0882 -4.8471 -4.5900 -4.3324 -3.7012 -3.0806 -2.4450 -1.7999
 -5.4375 -5.4203 -5.4144 -5.4102 -5.3999 -5.3764 -5.3327 -5.2605 -5.1544 -5.0124
 -4.8333 -4.6188 -4.3758 -4.1200 -3.8650 -3.2611 -2.6865 -2.1172 -1.5735 -1.0750
 -5.0977 -5.0299 -4.9916 -4.9692 -4.9498 -4.9237 -4.8824 -4.8189 -4.7265 -4.6005
 -4.4379 -4.2377 -4.0061 -3.7588 -3.5117 -2.9340 -2.4016 -1.8931 -1.4064 -0.9621
 -0.5972
 -4.9905 -4.8425 -4.7320 -4.6562 -4.6059 -4.5657 -4.5202 -4.4596 -4.3769 -4.2663
 -4.1230 -3.9442 -3.7312 -3.4964 -3.2575 -2.6998 -2.1999 -1.7320 -1.2903 -0.8865
 -0.5481 -0.2849
 -5.0787 -4.8432 -4.6362 -4.5029 -4.4080 -4.3313 -4.2664 -4.1989 -4.1175 -4.0156
 -3.8877 -3.7294 -3.5375 -3.3179 -3.0868 -2.5410 -2.0628 -1.6248 -1.2151 -0.8414
 -0.5234 -0.2742 -0.0793  0.0801
 -5.3326 -5.0017 -4.7140 -4.4839 -4.3062 -4.1754 -4.0859 -4.0187 -3.9447 -3.8485
 -3.7282 -3.5833 -3.4107 -3.2082 -2.9858 -2.4439 -1.9766 -1.5599 -1.1736 -0.8219
 -0.5197 -0.2798 -0.0943  0.0544  0.1790  0.2863  0.3814  0.4687  0.5491  0.6154
 -5.7345 -5.2955 -4.9274 -4.6199 -4.3662 -4.1603 -3.9960 -3.8676 -3.7697 -3.6893
 -3.6002 -3.4811 -3.3290 -3.1481 -2.9399 -2.3984 -1.9314 -1.5279 -1.1591 -0.8234
 -0.5331 -0.2993 -0.1191  0.0224  0.1382  0.2368  0.3220  0.3971  0.4639  0.5238
  0.5741
 -6.2817 -5.7238 -5.2581 -4.8696 -4.5437 -4.2703 -4.0421 -3.8519 -3.6926 -3.5576
 -3.4418 -3.3383 -3.2277 -3.0892 -2.9165 -2.3961 -1.9206 -1.5216 -1.1650 -0.8410
 -0.5594 -0.3295 -0.1515 -0.0143  0.0953  0.1862  0.2635  0.3302  0.3883  0.4379
  0.4791
 -7.0068 -6.3175 -5.7304 -5.2378 -4.8259 -4.4794 -4.1857 -3.9356 -3.7219 -3.5367
 -3.3733 -3.2271 -3.0958 -2.9733 -2.8435 -2.4186 -1.9368 -1.5332 -1.1829 -0.8672
 -0.5914 -0.3641 -0.1865 -0.0513  0.0536  0.1379  0.2077  0.2670  0.3177  0.3608
  0.3959
 -7.8460 -7.0671 -6.3620 -5.7552 -5.2381 -4.8011 -4.4305 -4.1147 -3.8429 -3.6070
 -3.3995 -3.2141 -3.0459 -2.8926 -2.7518 -2.4061 -1.9854 -1.5707 -1.2197 -0.9082
 -0.6347 -0.4070 -0.2271 -0.0906  0.0120  0.0915  0.1550  0.2073  0.2510  0.2874
  0.3174
 -8.6692 -7.8487 -7.0814 -6.3830 -5.7694 -5.2365 -4.7781 -4.3850 -4.0477 -3.7560
 -3.5013 -3.2759 -3.0733 -2.8892 -2.7205 -2.3574 -2.0114 -1.6273 -1.2693 -0.9573
 -0.6834 -0.4528 -0.2687 -0.1282 -0.0248  0.0516  0.1095  0.1553  0.1922  0.2219
  0.2457
 -9.4106 -8.5862 -7.7917 -7.0460 -6.3678 -5.7590 -5.2204 -4.7478 -4.3374 -3.9827
 -3.6752 -3.4055 -3.1660 -2.9506 -2.7496 -2.2725 -2.0148 -1.7030 -1.3317
 [Fe/H] = -0.50 [alpha/Fe] = 0.00 BC value = F390M
 -5.9516 -5.9644 -5.9745 -5.9758 -5.9642 -5.9309 -5.8676 -5.7692 -5.6394 -5.4888
 -5.3269 -5.1461 -4.9416 -4.7154 -4.4771 -3.8700 -3.2678 -2.6552 -2.0324
 -5.4396 -5.4426 -5.4483 -5.4495 -5.4402 -5.4148 -5.3671 -5.2897 -5.1801 -5.0423
 -4.8806 -4.6954 -4.4847 -4.2549 -4.0163 -3.4305 -2.8657 -2.3141 -1.7750 -1.2654
 -5.0366 -5.0111 -5.0004 -4.9939 -4.9833 -4.9617 -4.9229 -4.8607 -4.7700 -4.6490
 -4.4995 -4.3222 -4.1184 -3.8946 -3.6626 -3.0999 -2.5720 -2.0683 -1.5856 -1.1336
 -0.7383
 -4.8347 -4.7362 -4.6769 -4.6423 -4.6180 -4.5925 -4.5566 -4.5033 -4.4270 -4.3232
 -4.1905 -4.0286 -3.8384 -3.6258 -3.4020 -2.8580 -2.3591 -1.8919 -1.4502 -1.0403
 -0.6775 -0.3848
 -4.8617 -4.6751 -4.5442 -4.4465 -4.3752 -4.3249 -4.2808 -4.2281 -4.1594 -4.0687
 -3.9520 -3.8073 -3.6337 -3.4346 -3.2199 -2.6884 -2.2091 -1.7696 -1.3580 -0.9789
 -0.6420 -0.3653 -0.1486  0.0260
 -5.0898 -4.7894 -4.5527 -4.3750 -4.2493 -4.1632 -4.0986 -4.0402 -3.9712 -3.8857
 -3.7795 -3.6493 -3.4922 -3.3080 -3.1030 -2.5795 -2.1102 -1.6907 -1.3020 -0.9453
 -0.6281 -0.3638 -0.1563  0.0079  0.1431  0.2587  0.3604  0.4530  0.5381  0.6087
 -5.4409 -5.0512 -4.7265 -4.4604 -4.2482 -4.0836 -3.9612 -3.8766 -3.8146 -3.7483
 -3.6590 -3.5425 -3.4003 -3.2320 -3.0389 -2.5215 -2.0539 -1.6471 -1.2760 -0.9354
 -0.6328 -0.3778 -0.1759 -0.0185  0.1081  0.2140  0.3049  0.3843  0.4549  0.5184
  0.5726
 -5.9288 -5.4320 -5.0171 -4.6708 -4.3838 -4.1485 -3.9580 -3.8061 -3.6863 -3.5905
 -3.5084 -3.4240 -3.3173 -3.1787 -3.0096 -2.5065 -2.0338 -1.6318 -1.2730 -0.9447
 -0.6522 -0.4041 -0.2056 -0.0516  0.0692  0.1676  0.2500  0.3206  0.3816  0.4338
  0.4780
 -6.6081 -5.9709 -5.4382 -4.9952 -4.6271 -4.3203 -4.0646 -3.8520 -3.6751 -3.5259
 -3.3968 -3.2824 -3.1782 -3.0733 -2.9503 -2.5216 -2.0422 -1.6366 -1.2846 -0.9653
 -0.6794 -0.4360 -0.2396 -0.0873  0.0297  0.1222  0.1973  0.2602  0.3136  0.3586
  0.3954
 -7.4732 -6.7123 -6.0404 -5.4736 -5.0005 -4.6065 -4.2768 -3.9990 -3.7635 -3.5622
 -3.3872 -3.2316 -3.0905 -2.9619 -2.8426 -2.5195 -2.0854 -1.6692 -1.3168 -1.0025
 -0.7204 -0.4780 -0.2812 -0.1279 -0.0118  0.0768  0.1463  0.2025  0.2488  0.2872
  0.3185
 -8.3791 -7.5534 -6.7914 -6.1042 -5.5160 -5.0172 -4.5970 -4.2423 -3.9410 -3.6829
 -3.4592 -3.2623 -3.0858 -2.9253 -2.7783 -2.4577 -2.1210 -1.7234 -1.3631 -1.0488
 -0.7679 -0.5245 -0.3249 -0.1686 -0.0510  0.0361  0.1011  0.1514  0.1913  0.2230
  0.2482
 -9.2002 -8.3625 -7.5601 -6.8141 -6.1366 -5.5432 -5.0290 -4.5879 -4.2101 -3.8870
 -3.6084 -3.3656 -3.1510 -2.9583 -2.7574 -2.3362 -2.1490 -1.7992 -1.4235
 [Fe/H] = -0.25 [alpha/Fe] = 0.00 BC value = F390M
 -6.0187 -6.0363 -6.0464 -6.0430 -6.0231 -5.9776 -5.8973 -5.7796 -5.6401 -5.4940
 -5.3479 -5.1961 -5.0276 -4.8365 -4.6235 -4.0487 -3.4607 -2.8686 -2.2733
 -5.4826 -5.4961 -5.5062 -5.5070 -5.4936 -5.4613 -5.4043 -5.3156 -5.1996 -5.0651
 -4.9190 -4.7601 -4.5820 -4.3824 -4.1658 -3.6036 -3.0483 -2.5068 -1.9828 -1.4746
 -5.0353 -5.0338 -5.0368 -5.0369 -5.0278 -5.0046 -4.9624 -4.8952 -4.8011 -4.6829
 -4.5451 -4.3897 -4.2140 -4.0173 -3.8051 -3.2627 -2.7407 -2.2429 -1.7686 -1.3186
 -0.9060
 -4.7368 -4.6930 -4.6709 -4.6583 -4.6454 -4.6251 -4.5913 -4.5383 -4.4621 -4.3610
 -4.2366 -4.0910 -3.9241 -3.7360 -3.5315 -3.0073 -2.5124 -2.0489 -1.6121 -1.2035
 -0.8290 -0.5077
 -4.6830 -4.5510 -4.4585 -4.3998 -4.3627 -4.3331 -4.2993 -4.2530 -4.1887 -4.1024
 -3.9926 -3.8601 -3.7049 -3.5279 -3.3326 -2.8229 -2.3465 -1.9092 -1.5013 -1.1232
 -0.7781 -0.4779 -0.2358 -0.0411
 -4.8315 -4.5918 -4.4187 -4.2988 -4.2113 -4.1441 -4.0930 -4.0431 -3.9825 -3.9055
 -3.8081 -3.6887 -3.5464 -3.3816 -3.1966 -2.6993 -2.2327 -1.8143 -1.4288 -1.0729
 -0.7499 -0.4668 -0.2351 -0.0517  0.0976  0.2229  0.3321  0.4318  0.5229  0.5989
 -5.1460 -4.8068 -4.5300 -4.3125 -4.1477 -4.0283 -3.9462 -3.8892 -3.8348 -3.7656
 -3.6770 -3.5683 -3.4382 -3.2859 -3.1118 -2.6272 -2.1642 -1.7571 -1.3887 -1.0495
 -0.7421 -0.4720 -0.2484 -0.0712  0.0694  0.1847  0.2824  0.3671  0.4425  0.5107
  0.5692
 -5.5741 -5.1397 -4.7763 -4.4744 -4.2287 -4.0325 -3.8794 -3.7646 -3.6828 -3.6190
 -3.5542 -3.4712 -3.3617 -3.2261 -3.0668 -2.5983 -2.1346 -1.7317 -1.3749 -1.0482
 -0.7517 -0.4908 -0.2732 -0.1000  0.0354  0.1435  0.2324  0.3079  0.3724  0.4277
  0.4757
 -6.1637 -5.6050 -5.1378 -4.7484 -4.4245 -4.1572 -3.9388 -3.7623 -3.6210 -3.5072
 -3.4118 -3.3270 -3.2431 -3.1459 -3.0229 -2.5994 -2.1345 -1.7292 -1.3782 -1.0602
 -0.7710 -0.5167 -0.3037 -0.1334 -0.0012  0.1017  0.1837  0.2511  0.3077  0.3554
  0.3942
 -6.9872 -6.2767 -5.6705 -5.1645 -4.7447 -4.3970 -4.1084 -3.8687 -3.6700 -3.5039
 -3.3623 -3.2374 -3.1245 -3.0207 -2.9197 -2.6070 -2.1688 -1.7564 -1.4047 -1.0914
 -0.8068 -0.5552 -0.3437 -0.1739 -0.0425  0.0577  0.1348  0.1960  0.2457  0.2864
  0.3194
 -7.9503 -7.1344 -6.3977 -5.7545 -5.2131 -4.7623 -4.3878 -4.0754 -3.8128 -3.5909
 -3.4009 -3.2350 -3.0864 -2.9511 -2.8272 -2.5466 -2.2113 -1.8053 -1.4468 -1.1336
 -0.8511 -0.5998 -0.3874 -0.2162 -0.0835  0.0161  0.0902  0.1464  0.1901  0.2243
  0.2511
 -8.8688 -8.0254 -7.2243 -6.4876 -5.8302 -5.2665 -4.7898 -4.3890 -4.0514 -3.7654
 -3.5207 -3.3089 -3.1224 -2.9551 -2.7454 -2.4182 -2.2620 -1.8759 -1.5045
 [Fe/H] =  0.00 [alpha/Fe] = 0.00 BC value = F390M
 -6.1810 -6.1967 -6.2000 -6.1848 -6.1456 -6.0762 -5.9696 -5.8285 -5.6810 -5.5372
 -5.4051 -5.2794 -5.1481 -4.9962 -4.8218 -4.2957 -3.7161 -3.1298 -2.5450
 -5.6257 -5.6409 -5.6480 -5.6417 -5.6173 -5.5704 -5.4952 -5.3877 -5.2619 -5.1296
 -4.9977 -4.8645 -4.7220 -4.5607 -4.3772 -3.8551 -3.3021 -2.7553 -2.2324 -1.7226
 -5.1458 -5.1537 -5.1598 -5.1581 -5.1436 -5.1120 -5.0588 -4.9789 -4.8765 -4.7591
 -4.6332 -4.5003 -4.3563 -4.1947 -4.0131 -3.5077 -2.9863 -2.4797 -2.0002 -1.5448
 -1.1191
 -4.7835 -4.7674 -4.7611 -4.7559 -4.7446 -4.7219 -4.6833 -4.6234 -4.5412 -4.4398
 -4.3238 -4.1963 -4.0561 -3.8994 -3.7240 -3.2377 -2.7451 -2.2722 -1.8268 -1.4097
 -1.0237 -0.6763
 -4.6191 -4.5273 -4.4793 -4.4514 -4.4308 -4.4079 -4.3757 -4.3285 -4.2619 -4.1756
 -4.0714 -3.9522 -3.8188 -3.6692 -3.5017 -3.0328 -2.5615 -2.1166 -1.6995 -1.3113
 -0.9551 -0.6340 -0.3616 -0.1412
 -4.6721 -4.5026 -4.3799 -4.2878 -4.2229 -4.1783 -4.1405 -4.0967 -4.0394 -3.9651
 -3.8727 -3.7634 -3.6381 -3.4966 -3.3377 -2.8850 -2.4274 -2.0036 -1.6101 -1.2444
 -0.9104 -0.6098 -0.3517 -0.1418  0.0274  0.1682  0.2904  0.4011  0.5007  0.5843
 -4.9252 -4.6338 -4.4091 -4.2451 -4.1296 -4.0460 -3.9813 -3.9294 -3.8740 -3.8062
 -3.7231 -3.6234 -3.5070 -3.3740 -3.2238 -2.7885 -2.3385 -1.9280 -1.5532 -1.2055
 -0.8877 -0.6025 -0.3560 -0.1538  0.0072  0.1378  0.2466  0.3401  0.4233  0.4981
  0.5620
 -5.3066 -4.9203 -4.5995 -4.3399 -4.1362 -3.9803 -3.8646 -3.7839 -3.7281 -3.6748
 -3.6080 -3.5220 -3.4164 -3.2927 -3.1516 -2.7349 -2.2905 -1.8858 -1.5243 -1.1908
 -0.8847 -0.6103 -0.3728 -0.1766 -0.0208  0.1025  0.2023  0.2853  0.3562  0.4166
  0.4697
 -5.8178 -5.3241 -4.9093 -4.5633 -4.2781 -4.0472 -3.8630 -3.7187 -3.6097 -3.5284
 -3.4615 -3.3966 -3.3210 -3.2245 -3.1038 -2.7129 -2.2745 -1.8704 -1.5151 -1.1917
 -0.8942 -0.6271 -0.3963 -0.2052 -0.0533  0.0650  0.1579  0.2330  0.2952  0.3470
  0.3890
 -6.5502 -5.9088 -5.3704 -4.9205 -4.5464 -4.2371 -3.9833 -3.7767 -3.6098 -3.4755
 -3.3650 -3.2702 -3.1849 -3.1035 -3.0169 -2.7148 -2.2935 -1.8874 -1.5324 -1.2146
 -0.9230 -0.6597 -0.4319 -0.2433 -0.0930  0.0230  0.1118  0.1809  0.2362  0.2810
  0.3166
 -7.4978 -6.7194 -6.0307 -5.4472 -4.9582 -4.5528 -4.2179 -3.9411 -3.7124 -3.5231
 -3.3647 -3.2288 -3.1085 -2.9998 -2.9005 -2.6611 -2.3306 -1.9275 -1.5681 -1.2510
 -0.9627 -0.7013 -0.4736 -0.2849 -0.1346 -0.0189  0.0679  0.1329  0.1826  0.2209
  0.2503
 -8.4951 -7.6549 -6.8692 -6.1597 -5.5411 -5.0173 -4.5807 -4.2182 -3.9163 -3.6639
 -3.4513 -3.2698 -3.1113 -2.9702 -2.7546 -2.5518 -2.3858 -1.9907 -1.6222
 [Fe/H] =  0.25 [alpha/Fe] = 0.00 BC value = F390M
 -6.3686 -6.3815 -6.3761 -6.3287 -6.2437 -6.1319 -6.0023 -5.8625 -5.7189 -5.5791
 -5.4552 -5.3458 -5.2412 -5.1275 -4.9880 -4.5300 -3.9661 -3.3888 -2.7836
 -5.7927 -5.8076 -5.8090 -5.7914 -5.7503 -5.6816 -5.5799 -5.4485 -5.3151 -5.1846
 -5.0618 -4.9464 -4.8314 -4.7052 -4.5580 -4.0948 -3.5534 -3.0015 -2.4816 -1.9819
 -5.2809 -5.2938 -5.2990 -5.2913 -5.2662 -5.2202 -5.1496 -5.0509 -4.9371 -4.8193
 -4.7020 -4.5857 -4.4672 -4.3377 -4.1895 -3.7377 -3.2264 -2.7128 -2.2321 -1.7789
 -1.3534
 -4.8682 -4.8683 -4.8696 -4.8654 -4.8500 -4.8192 -4.7696 -4.6963 -4.6030 -4.4983
 -4.3883 -4.2750 -4.1570 -4.0290 -3.8843 -3.4504 -2.9690 -2.4902 -2.0410 -1.6223
 -1.2315 -0.8698
 -4.5953 -4.5575 -4.5376 -4.5245 -4.5092 -4.4856 -4.4487 -4.3939 -4.3187 -4.2275
 -4.1260 -4.0176 -3.9025 -3.7777 -3.6384 -3.2228 -2.7660 -2.3173 -1.8956 -1.5040
 -1.1422 -0.8098 -0.5132 -0.2636
 -4.5616 -4.4335 -4.3454 -4.2899 -4.2537 -4.2238 -4.1898 -4.1449 -4.0837 -4.0054
 -3.9134 -3.8118 -3.7010 -3.5804 -3.4468 -3.0493 -2.6103 -2.1857 -1.7885 -1.4188
 -1.0787 -0.7684 -0.4908 -0.2548 -0.0618  0.0984  0.2360  0.3602  0.4704  0.5641
 -4.7157 -4.4898 -4.3257 -4.2119 -4.1234 -4.0535 -4.0003 -3.9534 -3.8985 -3.8300
 -3.7473 -3.6530 -3.5479 -3.4322 -3.3045 -2.9254 -2.4995 -2.0911 -1.7141 -1.3632
 -1.0395 -0.7452 -0.4827 -0.2578 -0.0738  0.0754  0.1989  0.3041  0.3971  0.4803
  0.5517
 -5.0474 -4.7090 -4.4361 -4.2259 -4.0699 -3.9573 -3.8749 -3.8108 -3.7573 -3.6967
 -3.6228 -3.5360 -3.4373 -3.3270 -3.2051 -2.8451 -2.4315 -2.0319 -1.6690 -1.3335
 -1.0226 -0.7397 -0.4882 -0.2724 -0.0951  0.0470  0.1610  0.2548  0.3339  0.4012
  0.4609
 -5.4908 -5.0566 -4.6915 -4.3897 -4.1465 -3.9550 -3.8062 -3.6945 -3.6138 -3.5551
 -3.4991 -3.4338 -3.3525 -3.2537 -3.1394 -2.7976 -2.3972 -2.0018 -1.6458 -1.3213
 -1.0204 -0.7458 -0.5024 -0.2939 -0.1220  0.0148  0.1221  0.2077  0.2774  0.3350
  0.3816
 -6.1127 -5.5534 -5.0825 -4.6875 -4.3585 -4.0886 -3.8701 -3.6951 -3.5569 -3.4510
 -3.3678 -3.2976 -3.2311 -3.1598 -3.0755 -2.7808 -2.3978 -2.0066 -1.6523 -1.3335
 -1.0399 -0.7708 -0.5317 -0.3272 -0.1587 -0.0246  0.0791  0.1592  0.2221  0.2721
  0.3120
 -6.9764 -6.2651 -5.6525 -5.1371 -4.7060 -4.3480 -4.0526 -3.8104 -3.6133 -3.4537
 -3.3237 -3.2153 -3.1214 -3.0372 -2.9584 -2.7436 -2.4195 -2.0352 -1.6795 -1.3619
 -1.0723 -0.8066 -0.5692 -0.3660 -0.1988 -0.0657  0.0364  0.1133  0.1711  0.2149
  0.2483
 -8.0006 -7.1833 -6.4413 -5.7826 -5.2240 -4.7539 -4.3638 -4.0412 -3.7751 -3.5555
 -3.3735 -3.2209 -3.0897 -2.9742 -2.7881 -2.6860 -2.4623 -2.0876 -1.7274
 [Fe/H] =  0.50 [alpha/Fe] = 0.00 BC value = F390M
 -6.5877 -6.5478 -6.4841 -6.3991 -6.2952 -6.1742 -6.0378 -5.8940 -5.7618 -5.6282
 -5.5085 -5.4079 -5.3215 -5.2352 -5.1349 -4.7558 -4.2280 -3.6510 -3.0314
 -5.9966 -6.0117 -6.0037 -5.9710 -5.9012 -5.7955 -5.6587 -5.5049 -5.3698 -5.2422
 -5.1255 -5.0218 -4.9264 -4.8293 -4.7178 -4.3318 -3.8166 -3.2574 -2.7217 -2.2184
 -5.4564 -5.4729 -5.4724 -5.4547 -5.4133 -5.3456 -5.2489 -5.1250 -4.9994 -4.8804
 -4.7691 -4.6650 -4.5656 -4.4633 -4.3481 -3.9683 -3.4804 -2.9595 -2.4727 -2.0228
 -1.5908
 -5.0000 -5.0093 -5.0128 -5.0046 -4.9797 -4.9348 -4.8674 -4.7743 -4.6659 -4.5567
 -4.4506 -4.3488 -4.2485 -4.1449 -4.0304 -3.6646 -3.2080 -2.7244 -2.2676 -1.8482
 -1.4553 -1.0853
 -4.6559 -4.6439 -4.6382 -4.6301 -4.6131 -4.5826 -4.5350 -4.4665 -4.3773 -4.2782
 -4.1777 -4.0786 -3.9791 -3.8759 -3.7635 -3.4142 -2.9852 -2.5357 -2.1064 -1.7112
 -1.3458 -1.0060 -0.6927 -0.4153
 -4.4913 -4.4146 -4.3701 -4.3426 -4.3198 -4.2926 -4.2552 -4.2030 -4.1320 -4.0452
 -3.9513 -3.8553 -3.7577 -3.6557 -3.5460 -3.2130 -2.8064 -2.3852 -1.9819 -1.6080
 -1.2632 -0.9457 -0.6552 -0.3965 -0.1770  0.0066  0.1642  0.3054  0.4299  0.5363
 -4.5616 -4.3837 -4.2848 -4.1917 -4.1247 -4.0764 -4.0350 -3.9885 -3.9296 -3.8551
 -3.7691 -3.6776 -3.5823 -3.4824 -3.3756 -3.0584 -2.6709 -2.2703 -1.8898 -1.5350
 -1.2066 -0.9054 -0.6316 -0.3884 -0.1807 -0.0088  0.1336  0.2547  0.3612  0.4552
  0.5363
 -4.8219 -4.5342 -4.3165 -4.1620 -4.0518 -3.9666 -3.8929 -3.8304 -3.7732 -3.7068
 -3.6284 -3.5419 -3.4500 -3.3529 -3.2489 -2.9473 -2.5778 -2.1915 -1.8274 -1.4891
 -1.1744 -0.8850 -0.6235 -0.3920 -0.1940 -0.0304  0.1023  0.2111  0.3020  0.3790
  0.4475
 -5.2131 -4.8288 -4.5085 -4.2511 -4.0515 -3.9007 -3.7889 -3.7057 -3.6404 -3.5830
 -3.5173 -3.4401 -3.3538 -3.2601 -3.1592 -2.8711 -2.5199 -2.1431 -1.7885 -1.4625
 -1.1590 -0.8787 -0.6261 -0.4036 -0.2135 -0.0566  0.0691  0.1695  0.2505  0.3163
  0.3695
 -5.7402 -5.2526 -4.8391 -4.4911 -4.2039 -3.9723 -3.7886 -3.6441 -3.5328 -3.4507
 -3.3866 -3.3265 -3.2616 -3.1865 -3.0984 -2.8283 -2.4970 -2.1315 -1.7816 -1.4624
 -1.1674 -0.8942 -0.6469 -0.4296 -0.2445 -0.0916  0.0299  0.1250  0.1990  0.2573
  0.3032
 -6.4821 -5.8514 -5.3188 -4.8689 -4.4906 -4.1755 -3.9167 -3.7067 -3.5376 -3.4030
 -3.2970 -3.2120 -3.1392 -3.0720 -3.0041 -2.7966 -2.4961 -2.1441 -1.7977 -1.4807
 -1.1906 -0.9224 -0.6784 -0.4633 -0.2805 -0.1301 -0.0107  0.0814  0.1508  0.2031
  0.2425
 -7.4591 -6.6889 -6.0071 -5.4247 -4.9313 -4.5176 -4.1728 -3.8878 -3.6537 -3.4627
 -3.3068 -3.1789 -3.0716 -2.9793 -2.8763 -2.7760 -2.5172 -2.1809 -1.8368
 [Fe/H] =  0.75 [alpha/Fe] = 0.00 BC value = F390M
 -6.8170 -6.6713 -6.5319 -6.3983 -6.2702 -6.1471 -6.0287 -5.9147 -5.8009 -5.6772
 -5.5607 -5.4630 -5.3856 -5.3192 -5.2465 -4.9510 -4.4675 -3.8971 -3.2884
 -6.2191 -6.2311 -6.2166 -6.1666 -6.0461 -5.8798 -5.7032 -5.5456 -5.4192 -5.2976
 -5.1860 -5.0879 -5.0041 -4.9274 -4.8457 -4.5457 -4.0727 -3.5127 -2.9793 -2.4969
 -5.6590 -5.6990 -5.6697 -5.6392 -5.5768 -5.4794 -5.3450 -5.1880 -5.0561 -4.9383
 -4.8314 -4.7354 -4.6483 -4.5658 -4.4789 -4.1807 -3.7360 -3.2131 -2.7137 -2.2654
 -1.8420
 -5.1654 -5.1805 -5.1833 -5.1677 -5.1288 -5.0636 -4.9715 -4.8516 -4.7261 -4.6128
 -4.5092 -4.4155 -4.3278 -4.2426 -4.1535 -3.8639 -3.4511 -2.9703 -2.5017 -2.0792
 -1.6869 -1.3139
 -4.7660 -4.7694 -4.7706 -4.7622 -4.7383 -4.6955 -4.6312 -4.5430 -4.4355 -4.3277
 -4.2274 -4.1349 -4.0475 -3.9611 -3.8715 -3.5930 -3.2096 -2.7680 -2.3292 -1.9286
 -1.5615 -1.2168 -0.8926 -0.5941
 -4.4987 -4.4651 -4.4466 -4.4318 -4.4117 -4.3803 -4.3336 -4.2686 -4.1829 -4.0847
 -3.9874 -3.8960 -3.8089 -3.7223 -3.6328 -3.3655 -3.0076 -2.5993 -2.1901 -1.8098
 -1.4618 -1.1388 -0.8389 -0.5633 -0.3184 -0.1091  0.0730  0.2355  0.3769  0.4990
 -4.4754 -4.3489 -4.2602 -4.2030 -4.1630 -4.1275 -4.0867 -4.0343 -3.9664 -3.8815
 -3.7894 -3.6991 -3.6123 -3.5261 -3.4372 -3.1807 -2.8452 -2.4631 -2.0807 -1.7205
 -1.3880 -1.0814 -0.7993 -0.5423 -0.3137 -0.1175  0.0475  0.1884  0.3124  0.4205
  0.5140
 -4.6320 -4.4144 -4.2528 -4.1380 -4.0489 -3.9703 -3.9062 -3.8507 -3.7905 -3.7177
 -3.6327 -3.5446 -3.4585 -3.3727 -3.2845 -3.0380 -2.7235 -2.3616 -2.0000 -1.6579
 -1.3396 -1.0452 -0.7761 -0.5329 -0.3173 -0.1321  0.0224  0.1504  0.2569  0.3475
  0.4271
 -4.9732 -4.6328 -4.3599 -4.1501 -3.9977 -3.8889 -3.8050 -3.7297 -3.6587 -3.5907
 -3.5133 -3.4288 -3.3432 -3.2578 -3.1707 -2.9323 -2.6371 -2.2915 -1.9432 -1.6156
 -1.3094 -1.0248 -0.7651 -0.5321 -0.3269 -0.1509 -0.0047  0.1144  0.2107  0.2884
  0.3513
 -5.4354 -5.0010 -4.6325 -4.3267 -4.0806 -3.8883 -3.7399 -3.6272 -3.5415 -3.4728
 -3.4096 -3.3389 -3.2607 -3.1788 -3.0937 -2.8627 -2.5866 -2.2587 -1.9201 -1.6013
 -1.3051 -1.0287 -0.7754 -0.5483 -0.3496 -0.1799 -0.0393  0.0740  0.1635  0.2341
  0.2881
 -6.0643 -5.5122 -5.0419 -4.6432 -4.3082 -4.0323 -3.8093 -3.6308 -3.4889 -3.3777
 -3.2925 -3.2231 -3.1592 -3.0943 -3.0248 -2.8178 -2.5596 -2.2504 -1.9214 -1.6074
 -1.3172 -1.0473 -0.7985 -0.5747 -0.3792 -0.2131 -0.0763  0.0332  0.1181  0.1825
  0.2300
 -6.9340 -6.2370 -5.6326 -5.1179 -4.6814 -4.3149 -4.0099 -3.7595 -3.5555 -3.3905
 -3.2573 -3.1507 -3.0634 -2.9893 -2.9640 -2.7976 -2.5561 -2.2666 -1.9471
 [Fe/H] =  1.00 [alpha/Fe] = 0.00 BC value = F390M
 -7.0406 -6.8300 -6.6398 -6.4683 -6.3137 -6.1745 -6.0496 -5.9376 -5.8332 -5.7206
 -5.6064 -5.5084 -5.4335 -5.3762 -5.3233 -5.1096 -4.6780 -4.1254 -3.5547
 -6.4403 -6.5536 -6.5564 -6.4602 -6.2749 -6.0094 -5.7228 -5.5755 -5.4598 -5.3461
 -5.2378 -5.1422 -5.0632 -4.9982 -4.9369 -4.7181 -4.3019 -3.7556 -3.2059 -2.7277
 -5.8682 -5.9831 -5.8744 -5.8302 -5.7430 -5.6091 -5.4100 -5.2292 -5.1028 -4.9885
 -4.8857 -4.7941 -4.7136 -4.6432 -4.5764 -4.3555 -3.9714 -3.4568 -2.9423 -2.4919
 -2.0789
 -5.3480 -5.3672 -5.3682 -5.3438 -5.2877 -5.1966 -5.0722 -4.9165 -4.7781 -4.6625
 -4.5614 -4.4729 -4.3928 -4.3195 -4.2489 -4.0314 -3.6799 -3.2133 -2.7309 -2.3024
 -1.9139 -1.5424
 -4.9052 -4.9191 -4.9240 -4.9123 -4.8780 -4.8180 -4.7308 -4.6176 -4.4893 -4.3735
 -4.2728 -4.1848 -4.1058 -4.0312 -3.9582 -3.7451 -3.4231 -3.0022 -2.5547 -2.1448
 -1.7764 -1.4317 -1.1023 -0.7890
 -4.5679 -4.5597 -4.5552 -4.5453 -4.5225 -4.4822 -4.4207 -4.3375 -4.2332 -4.1226
 -4.0221 -3.9335 -3.8541 -3.7791 -3.7050 -3.4964 -3.2001 -2.8181 -2.4061 -2.0165
 -1.6646 -1.3392 -1.0329 -0.7464 -0.4823 -0.2454 -0.0376  0.1475  0.3096  0.4509
 -4.4131 -4.3390 -4.2900 -4.2601 -4.2326 -4.1982 -4.1511 -4.0879 -4.0063 -3.9083
 -3.8094 -3.7199 -3.6392 -3.5641 -3.4895 -3.2857 -3.0117 -2.6617 -2.2824 -1.9147
 -1.5773 -1.2667 -0.9790 -0.7120 -0.4682 -0.2503 -0.0601  0.1036  0.2483  0.3742
  0.4830
 -4.4987 -4.3448 -4.2204 -4.1223 -4.0468 -3.9888 -3.9370 -3.8811 -3.8136 -3.7309
 -3.6373 -3.5465 -3.4643 -3.3882 -3.3134 -3.1146 -2.8600 -2.5369 -2.1839 -1.8377
 -1.5144 -1.2163 -0.9411 -0.6889 -0.4600 -0.2560 -0.0798  0.0698  0.1957  0.3040
  0.3982
 -4.7689 -4.4747 -4.2545 -4.0977 -3.9895 -3.9013 -3.8165 -3.7358 -3.6636 -3.5894
 -3.5041 -3.4141 -3.3293 -3.2512 -3.1761 -2.9808 -2.7431 -2.4414 -2.1082 -1.7794
 -1.4699 -1.1819 -0.9166 -0.6751 -0.4581 -0.2659 -0.1002  0.0394  0.1545  0.2478
  0.3245
 -5.1834 -4.7919 -4.4640 -4.1995 -3.9951 -3.8420 -3.7296 -3.6439 -3.5673 -3.4893
 -3.4100 -3.3228 -3.2359 -3.1550 -3.0782 -2.8853 -2.6624 -2.3829 -2.0661 -1.7502
 -1.4521 -1.1732 -0.9153 -0.6806 -0.4710 -0.2868 -0.1289  0.0033  0.1112  0.1973
  0.2637
 -5.7274 -5.2359 -4.8154 -4.4589 -4.1631 -3.9241 -3.7350 -3.5866 -3.4714 -3.3822
 -3.3092 -3.2400 -3.1647 -3.0866 -3.0098 -2.8196 -2.6080 -2.3488 -2.0485 -1.7421
 -1.4519 -1.1806 -0.9285 -0.6981 -0.4925 -0.3131 -0.1606 -0.0336  0.0689  0.1490
  0.2099
 -6.4772 -5.8549 -5.3200 -4.8630 -4.4751 -4.1495 -3.8810 -3.6625 -3.4863 -3.3446
 -3.2318 -3.1426 -3.0683 -3.0007 -2.9709 -2.7837 -2.5799 -2.3391 -2.0554
