 [Fe/H] = -2.50 [alpha/Fe] = 0.00 BC value = F814W
 -1.1032 -1.1134 -1.1377 -1.1682 -1.1901 -1.1882 -1.0613 -1.0383 -1.0102 -0.9721
 -0.9212 -0.8613 -0.8039 -0.7391 -0.6809 -0.5710 -0.5286 -0.5286 -0.5451
 -1.0912 -1.0178 -0.9758 -0.9620 -0.9695 -0.9745 -0.9691 -0.9570 -0.9407 -0.9200
 -0.8882 -0.8429 -0.7888 -0.7352 -0.6873 -0.6020 -0.5605 -0.5527 -0.5632 -0.5843
 -1.0483 -0.9888 -0.9401 -0.9038 -0.8824 -0.8791 -0.8905 -0.8980 -0.8914 -0.8722
 -0.8492 -0.8201 -0.7793 -0.7337 -0.6914 -0.6137 -0.5779 -0.5731 -0.5849 -0.6057
 -0.6324
 -1.0003 -0.9537 -0.9120 -0.8758 -0.8467 -0.8265 -0.8160 -0.8160 -0.8221 -0.8217
 -0.8093 -0.7920 -0.7662 -0.7311 -0.6948 -0.6246 -0.5918 -0.5895 -0.6030 -0.6241
 -0.6499 -0.6795
 -0.9318 -0.9017 -0.8724 -0.8440 -0.8177 -0.7951 -0.7776 -0.7655 -0.7586 -0.7561
 -0.7536 -0.7465 -0.7363 -0.7173 -0.6918 -0.6313 -0.6006 -0.6005 -0.6168 -0.6393
 -0.6654 -0.6945 -0.7263 -0.7600
 -0.8444 -0.8306 -0.8160 -0.7994 -0.7812 -0.7629 -0.7459 -0.7315 -0.7201 -0.7111
 -0.7036 -0.6968 -0.6918 -0.6833 -0.6704 -0.6307 -0.6035 -0.6045 -0.6243 -0.6502
 -0.6782 -0.7081 -0.7399 -0.7737 -0.8096 -0.8481 -0.8899 -0.9352 -0.9844 -1.0376
 -0.7457 -0.7437 -0.7428 -0.7390 -0.7318 -0.7217 -0.7101 -0.6982 -0.6874 -0.6779
 -0.6691 -0.6607 -0.6534 -0.6470 -0.6390 -0.6170 -0.5995 -0.6015 -0.6241 -0.6548
 -0.6867 -0.7190 -0.7521 -0.7863 -0.8217 -0.8575 -0.8953 -0.9371 -0.9842 -1.0369
 -1.0921
 -0.6377 -0.6471 -0.6564 -0.6637 -0.6680 -0.6683 -0.6647 -0.6589 -0.6523 -0.6451
 -0.6383 -0.6314 -0.6245 -0.6183 -0.6114 -0.5962 -0.5880 -0.5927 -0.6165 -0.6515
 -0.6888 -0.7254 -0.7614 -0.7974 -0.8336 -0.8704 -0.9073 -0.9460 -0.9884 -1.0361
 -1.0901
 -0.5283 -0.5461 -0.5627 -0.5782 -0.5918 -0.6018 -0.6078 -0.6101 -0.6099 -0.6078
 -0.6048 -0.6012 -0.5972 -0.5931 -0.5882 -0.5761 -0.5725 -0.5806 -0.6044 -0.6415
 -0.6836 -0.7258 -0.7665 -0.8059 -0.8445 -0.8826 -0.9208 -0.9606 -1.0023 -1.0455
 -1.0901
 -0.4175 -0.4407 -0.4654 -0.4869 -0.5069 -0.5249 -0.5397 -0.5507 -0.5585 -0.5635
 -0.5662 -0.5674 -0.5674 -0.5668 -0.5655 -0.5587 -0.5573 -0.5673 -0.5906 -0.6268
 -0.6710 -0.7178 -0.7638 -0.8081 -0.8504 -0.8913 -0.9313 -0.9709 -1.0144 -1.0553
 -1.0945
 -0.3054 -0.3309 -0.3645 -0.3941 -0.4180 -0.4413 -0.4627 -0.4816 -0.4974 -0.5102
 -0.5201 -0.5276 -0.5331 -0.5370 -0.5398 -0.5421 -0.5432 -0.5544 -0.5775 -0.6122
 -0.6557 -0.7041 -0.7541 -0.8033 -0.8504 -0.8954 -0.9386 -0.9804 -1.0214 -1.0623
 -1.1040
 -0.1918 -0.2167 -0.2600 -0.3007 -0.3281 -0.3551 -0.3811 -0.4056 -0.4281 -0.4483
 -0.4657 -0.4805 -0.4927 -0.5024 -0.5111 -0.5263 -0.5302 -0.5419 -0.5651
 [Fe/H] = -2.00 [alpha/Fe] = 0.00 BC value = F814W
 -1.1413 -1.1061 -1.0910 -1.0897 -1.0930 -1.0918 -1.0488 -1.0365 -1.0129 -0.9767
 -0.9278 -0.8697 -0.8100 -0.7502 -0.6964 -0.5917 -0.5369 -0.5224 -0.5349
 -1.0792 -1.0193 -0.9955 -0.9804 -0.9691 -0.9637 -0.9618 -0.9584 -0.9484 -0.9288
 -0.8974 -0.8537 -0.8018 -0.7500 -0.7026 -0.6117 -0.5619 -0.5483 -0.5571 -0.5771
 -1.0660 -0.9864 -0.9308 -0.9001 -0.8975 -0.9078 -0.9113 -0.9064 -0.8975 -0.8856
 -0.8671 -0.8386 -0.7982 -0.7531 -0.7105 -0.6278 -0.5815 -0.5687 -0.5780 -0.5983
 -0.6247
 -1.0587 -0.9832 -0.9229 -0.8776 -0.8477 -0.8333 -0.8370 -0.8518 -0.8591 -0.8522
 -0.8376 -0.8185 -0.7910 -0.7543 -0.7173 -0.6411 -0.5977 -0.5853 -0.5951 -0.6156
 -0.6414 -0.6712
 -1.0352 -0.9706 -0.9159 -0.8702 -0.8339 -0.8074 -0.7908 -0.7835 -0.7875 -0.7969
 -0.7984 -0.7909 -0.7749 -0.7493 -0.7181 -0.6499 -0.6092 -0.5972 -0.6079 -0.6296
 -0.6559 -0.6854 -0.7177 -0.7527
 -0.9892 -0.9391 -0.8948 -0.8554 -0.8209 -0.7919 -0.7691 -0.7526 -0.7414 -0.7358
 -0.7363 -0.7380 -0.7368 -0.7276 -0.7095 -0.6528 -0.6152 -0.6036 -0.6153 -0.6394
 -0.6677 -0.6981 -0.7305 -0.7649 -0.8013 -0.8400 -0.8817 -0.9277 -0.9796 -1.0332
 -0.9216 -0.8866 -0.8551 -0.8256 -0.7978 -0.7720 -0.7492 -0.7301 -0.7149 -0.7026
 -0.6931 -0.6869 -0.6851 -0.6836 -0.6776 -0.6472 -0.6151 -0.6041 -0.6163 -0.6435
 -0.6754 -0.7083 -0.7420 -0.7769 -0.8130 -0.8505 -0.8901 -0.9324 -0.9790 -1.0322
 -1.0876
 -0.8376 -0.8159 -0.7967 -0.7784 -0.7599 -0.7412 -0.7227 -0.7053 -0.6901 -0.6770
 -0.6654 -0.6553 -0.6479 -0.6427 -0.6387 -0.6249 -0.6077 -0.5992 -0.6114 -0.6407
 -0.6771 -0.7141 -0.7507 -0.7874 -0.8243 -0.8618 -0.9006 -0.9409 -0.9835 -1.0311
 -1.0857
 -0.7432 -0.7319 -0.7230 -0.7148 -0.7062 -0.6963 -0.6848 -0.6725 -0.6604 -0.6493
 -0.6391 -0.6297 -0.6212 -0.6141 -0.6081 -0.5970 -0.5905 -0.5892 -0.6021 -0.6322
 -0.6722 -0.7143 -0.7554 -0.7954 -0.8346 -0.8734 -0.9126 -0.9523 -0.9934 -1.0370
 -1.0854
 -0.6461 -0.6414 -0.6400 -0.6398 -0.6395 -0.6381 -0.6348 -0.6295 -0.6229 -0.6159
 -0.6090 -0.6027 -0.5965 -0.5905 -0.5849 -0.5736 -0.5703 -0.5750 -0.5897 -0.6191
 -0.6604 -0.7064 -0.7526 -0.7972 -0.8401 -0.8817 -0.9225 -0.9630 -1.0037 -1.0455
 -1.0894
 -0.5507 -0.5496 -0.5518 -0.5571 -0.5633 -0.5690 -0.5730 -0.5751 -0.5754 -0.5743
 -0.5723 -0.5701 -0.5677 -0.5650 -0.5620 -0.5544 -0.5521 -0.5595 -0.5765 -0.6052
 -0.6456 -0.6931 -0.7430 -0.7924 -0.8399 -0.8854 -0.9294 -0.9720 -1.0139 -1.0557
 -1.0983
 -0.4611 -0.4607 -0.4643 -0.4715 -0.4813 -0.4922 -0.5022 -0.5107 -0.5176 -0.5230
 -0.5270 -0.5302 -0.5356 -0.5360 -0.5394 -0.5394 -0.5359 -0.5427 -0.5625
 [Fe/H] = -1.50 [alpha/Fe] = 0.00 BC value = F814W
 -1.3422 -1.2712 -1.2214 -1.1868 -1.1610 -1.1371 -1.1093 -1.0739 -1.0325 -0.9850
 -0.9308 -0.8717 -0.8115 -0.7559 -0.7061 -0.6070 -0.5448 -0.5187 -0.5241
 -1.2413 -1.1621 -1.1074 -1.0724 -1.0506 -1.0356 -1.0209 -1.0017 -0.9773 -0.9466
 -0.9080 -0.8612 -0.8096 -0.7596 -0.7142 -0.6241 -0.5676 -0.5445 -0.5484 -0.5674
 -1.1545 -1.0699 -1.0246 -0.9958 -0.9740 -0.9601 -0.9506 -0.9404 -0.9269 -0.9086
 -0.8837 -0.8501 -0.8080 -0.7635 -0.7219 -0.6392 -0.5872 -0.5650 -0.5683 -0.5868
 -0.6130
 -1.1405 -1.0365 -0.9611 -0.9136 -0.8936 -0.8956 -0.8986 -0.8943 -0.8849 -0.8722
 -0.8555 -0.8335 -0.8028 -0.7651 -0.7274 -0.6512 -0.6028 -0.5816 -0.5842 -0.6026
 -0.6284 -0.6586
 -1.1405 -1.0369 -0.9552 -0.8939 -0.8509 -0.8263 -0.8196 -0.8260 -0.8374 -0.8383
 -0.8280 -0.8116 -0.7904 -0.7618 -0.7291 -0.6590 -0.6140 -0.5939 -0.5964 -0.6150
 -0.6414 -0.6716 -0.7046 -0.7405
 -1.1308 -1.0348 -0.9560 -0.8927 -0.8434 -0.8072 -0.7824 -0.7676 -0.7630 -0.7696
 -0.7784 -0.7791 -0.7692 -0.7505 -0.7251 -0.6622 -0.6205 -0.6016 -0.6044 -0.6237
 -0.6516 -0.6829 -0.7162 -0.7516 -0.7892 -0.8288 -0.8718 -0.9196 -0.9721 -1.0255
 -1.1014 -1.0180 -0.9470 -0.8879 -0.8388 -0.7990 -0.7678 -0.7446 -0.7282 -0.7175
 -0.7136 -0.7168 -0.7212 -0.7196 -0.7089 -0.6604 -0.6222 -0.6047 -0.6077 -0.6279
 -0.6582 -0.6918 -0.7265 -0.7625 -0.7997 -0.8385 -0.8796 -0.9233 -0.9711 -1.0248
 -1.0802
 -1.0496 -0.9809 -0.9214 -0.8702 -0.8261 -0.7882 -0.7561 -0.7296 -0.7086 -0.6922
 -0.6793 -0.6702 -0.6669 -0.6679 -0.6677 -0.6496 -0.6190 -0.6033 -0.6065 -0.6271
 -0.6596 -0.6966 -0.7341 -0.7719 -0.8099 -0.8488 -0.8890 -0.9307 -0.9747 -1.0234
 -1.0785
 -0.9780 -0.9236 -0.8764 -0.8351 -0.7989 -0.7667 -0.7379 -0.7124 -0.6906 -0.6723
 -0.6571 -0.6442 -0.6341 -0.6277 -0.6247 -0.6198 -0.6086 -0.5973 -0.6012 -0.6218
 -0.6559 -0.6965 -0.7381 -0.7790 -0.8193 -0.8594 -0.8999 -0.9411 -0.9836 -1.0292
 -1.0779
 -0.8976 -0.8539 -0.8166 -0.7848 -0.7569 -0.7320 -0.7092 -0.6879 -0.6685 -0.6513
 -0.6363 -0.6235 -0.6124 -0.6031 -0.5959 -0.5879 -0.5864 -0.5860 -0.5921 -0.6122
 -0.6462 -0.6892 -0.7350 -0.7802 -0.8241 -0.8667 -0.9089 -0.9507 -0.9929 -1.0362
 -1.0813
 -0.8164 -0.7786 -0.7474 -0.7222 -0.7015 -0.6837 -0.6676 -0.6524 -0.6378 -0.6239
 -0.6114 -0.6005 -0.5910 -0.5824 -0.5750 -0.5631 -0.5622 -0.5684 -0.5799 -0.6004
 -0.6334 -0.6769 -0.7256 -0.7751 -0.8234 -0.8698 -0.9150 -0.9589 -1.0021 -1.0454
 -1.0892
 -0.7383 -0.7039 -0.6759 -0.6538 -0.6372 -0.6248 -0.6146 -0.6054 -0.5966 -0.5879
 -0.5795 -0.5718 -0.5655 -0.5588 -0.5620 -0.5454 -0.5360 -0.5445 -0.5646
 [Fe/H] = -1.00 [alpha/Fe] = 0.00 BC value = F814W
 -1.7059 -1.6087 -1.5290 -1.4595 -1.3940 -1.3243 -1.2428 -1.1505 -1.0690 -0.9970
 -0.9302 -0.8673 -0.8085 -0.7563 -0.7100 -0.6170 -0.5523 -0.5174 -0.5126
 -1.5563 -1.4531 -1.3733 -1.3099 -1.2560 -1.2046 -1.1455 -1.0819 -1.0233 -0.9688
 -0.9148 -0.8604 -0.8078 -0.7596 -0.7165 -0.6306 -0.5721 -0.5409 -0.5365 -0.5518
 -1.4483 -1.3404 -1.2573 -1.1945 -1.1460 -1.1058 -1.0653 -1.0215 -0.9797 -0.9394
 -0.8978 -0.8533 -0.8069 -0.7623 -0.7219 -0.6419 -0.5882 -0.5597 -0.5552 -0.5696
 -0.5950
 -1.3301 -1.2241 -1.1545 -1.1021 -1.0586 -1.0241 -0.9945 -0.9646 -0.9351 -0.9061
 -0.8757 -0.8417 -0.8034 -0.7634 -0.7256 -0.6505 -0.6007 -0.5743 -0.5701 -0.5837
 -0.6087 -0.6395
 -1.2890 -1.1570 -1.0595 -0.9929 -0.9544 -0.9380 -0.9276 -0.9125 -0.8930 -0.8715
 -0.8486 -0.8235 -0.7944 -0.7610 -0.7268 -0.6561 -0.6096 -0.5852 -0.5814 -0.5947
 -0.6197 -0.6505 -0.6847 -0.7220
 -1.2805 -1.1454 -1.0373 -0.9546 -0.8950 -0.8556 -0.8337 -0.8271 -0.8306 -0.8300
 -0.8192 -0.8010 -0.7788 -0.7531 -0.7241 -0.6586 -0.6152 -0.5925 -0.5894 -0.6028
 -0.6280 -0.6597 -0.6943 -0.7312 -0.7705 -0.8125 -0.8575 -0.9071 -0.9609 -1.0143
 -1.2767 -1.1437 -1.0342 -0.9468 -0.8792 -0.8288 -0.7930 -0.7690 -0.7550 -0.7518
 -0.7566 -0.7597 -0.7533 -0.7375 -0.7158 -0.6578 -0.6174 -0.5965 -0.5941 -0.6077
 -0.6335 -0.6665 -0.7025 -0.7400 -0.7791 -0.8200 -0.8632 -0.9092 -0.9590 -1.0135
 -1.0688
 -1.2620 -1.1370 -1.0315 -0.9449 -0.8753 -0.8204 -0.7779 -0.7461 -0.7227 -0.7063
 -0.6961 -0.6933 -0.6963 -0.6977 -0.6927 -0.6530 -0.6162 -0.5972 -0.5952 -0.6090
 -0.6353 -0.6699 -0.7082 -0.7475 -0.7875 -0.8284 -0.8709 -0.9149 -0.9613 -1.0116
 -1.0672
 -1.2271 -1.1143 -1.0173 -0.9359 -0.8688 -0.8140 -0.7694 -0.7335 -0.7053 -0.6834
 -0.6666 -0.6540 -0.6462 -0.6438 -0.6445 -0.6368 -0.6108 -0.5941 -0.5930 -0.6068
 -0.6335 -0.6697 -0.7108 -0.7530 -0.7951 -0.8373 -0.8801 -0.9236 -0.9684 -1.0160
 -1.0664
 -1.1756 -1.0765 -0.9891 -0.9156 -0.8537 -0.8020 -0.7589 -0.7227 -0.6927 -0.6680
 -0.6481 -0.6322 -0.6194 -0.6100 -0.6042 -0.6018 -0.5974 -0.5874 -0.5874 -0.6009
 -0.6272 -0.6641 -0.7076 -0.7532 -0.7986 -0.8432 -0.8874 -0.9315 -0.9760 -1.0215
 -1.0690
 -1.1148 -1.0261 -0.9475 -0.8814 -0.8257 -0.7789 -0.7395 -0.7059 -0.6772 -0.6526
 -0.6318 -0.6147 -0.6006 -0.5891 -0.5798 -0.5691 -0.5708 -0.5740 -0.5784 -0.5921
 -0.6177 -0.6544 -0.6993 -0.7481 -0.7972 -0.8452 -0.8922 -0.9381 -0.9836 -1.0290
 -1.0750
 -1.0519 -0.9715 -0.8999 -0.8382 -0.7866 -0.7442 -0.7092 -0.6795 -0.6540 -0.6319
 -0.6126 -0.5961 -0.5823 -0.5708 -0.5713 -0.5387 -0.5310 -0.5539 -0.5660
 [Fe/H] = -0.75 [alpha/Fe] = 0.00 BC value = F814W
 -1.9488 -1.8421 -1.7492 -1.6617 -1.5725 -1.4711 -1.3480 -1.2081 -1.0925 -1.0021
 -0.9275 -0.8627 -0.8053 -0.7545 -0.7098 -0.6200 -0.5559 -0.5177 -0.5066
 -1.7694 -1.6565 -1.5649 -1.4864 -1.4134 -1.3366 -1.2427 -1.1408 -1.0524 -0.9795
 -0.9157 -0.8576 -0.8045 -0.7570 -0.7151 -0.6317 -0.5733 -0.5400 -0.5305 -0.5427
 -1.6411 -1.5198 -1.4244 -1.3478 -1.2835 -1.2238 -1.1564 -1.0821 -1.0145 -0.9560
 -0.9030 -0.8523 -0.8038 -0.7591 -0.7192 -0.6407 -0.5871 -0.5565 -0.5486 -0.5599
 -0.5842
 -1.5163 -1.4069 -1.3141 -1.2383 -1.1772 -1.1263 -1.0776 -1.0244 -0.9736 -0.9280
 -0.8855 -0.8435 -0.8011 -0.7598 -0.7221 -0.6476 -0.5977 -0.5697 -0.5628 -0.5735
 -0.5970 -0.6277
 -1.4289 -1.2983 -1.1815 -1.1202 -1.0777 -1.0405 -1.0046 -0.9674 -0.9300 -0.8950
 -0.8620 -0.8289 -0.7941 -0.7579 -0.7228 -0.6521 -0.6054 -0.5796 -0.5736 -0.5842
 -0.6072 -0.6378 -0.6724 -0.7103
 -1.3820 -1.2262 -1.1108 -1.0244 -0.9636 -0.9251 -0.9060 -0.8951 -0.8804 -0.8593
 -0.8345 -0.8085 -0.7810 -0.7515 -0.7206 -0.6541 -0.6102 -0.5864 -0.5813 -0.5920
 -0.6150 -0.6459 -0.6808 -0.7183 -0.7585 -0.8014 -0.8478 -0.8987 -0.9533 -1.0070
 -1.3645 -1.2141 -1.0913 -0.9939 -0.9196 -0.8653 -0.8275 -0.8031 -0.7913 -0.7896
 -0.7885 -0.7794 -0.7617 -0.7391 -0.7140 -0.6535 -0.6123 -0.5903 -0.5860 -0.5970
 -0.6201 -0.6516 -0.6876 -0.7259 -0.7659 -0.8080 -0.8525 -0.8997 -0.9508 -1.0060
 -1.0611
 -1.3608 -1.2120 -1.0878 -0.9867 -0.9063 -0.8443 -0.7977 -0.7635 -0.7390 -0.7228
 -0.7148 -0.7146 -0.7159 -0.7114 -0.6986 -0.6497 -0.6114 -0.5913 -0.5876 -0.5988
 -0.6222 -0.6545 -0.6922 -0.7321 -0.7731 -0.8151 -0.8588 -0.9043 -0.9520 -1.0036
 -1.0596
 -1.3455 -1.2035 -1.0830 -0.9828 -0.9013 -0.8363 -0.7850 -0.7451 -0.7147 -0.6918
 -0.6746 -0.6628 -0.6568 -0.6561 -0.6564 -0.6391 -0.6070 -0.5890 -0.5863 -0.5976
 -0.6212 -0.6545 -0.6942 -0.7366 -0.7796 -0.8229 -0.8669 -0.9118 -0.9580 -1.0065
 -1.0584
 -1.3144 -1.1847 -1.0706 -0.9748 -0.8952 -0.8304 -0.7780 -0.7355 -0.7013 -0.6743
 -0.6530 -0.6364 -0.6236 -0.6147 -0.6101 -0.6084 -0.5980 -0.5835 -0.5818 -0.5931
 -0.6164 -0.6500 -0.6912 -0.7363 -0.7822 -0.8278 -0.8732 -0.9186 -0.9644 -1.0113
 -1.0601
 -1.2694 -1.1510 -1.0465 -0.9559 -0.8807 -0.8184 -0.7671 -0.7249 -0.6900 -0.6611
 -0.6375 -0.6185 -0.6032 -0.5910 -0.5817 -0.5724 -0.5740 -0.5734 -0.5742 -0.5858
 -0.6086 -0.6420 -0.6840 -0.7314 -0.7804 -0.8291 -0.8771 -0.9242 -0.9709 -1.0177
 -1.0651
 -1.2172 -1.1101 -1.0131 -0.9276 -0.8561 -0.7970 -0.7482 -0.7079 -0.6743 -0.6460
 -0.6222 -0.6024 -0.5862 -0.5731 -0.5712 -0.5311 -0.5350 -0.5587 -0.5635
 [Fe/H] = -0.50 [alpha/Fe] = 0.00 BC value = F814W
 -2.2169 -2.1097 -2.0103 -1.9090 -1.7958 -1.6574 -1.4820 -1.2799 -1.1187 -1.0053
 -0.9229 -0.8562 -0.7996 -0.7505 -0.7076 -0.6209 -0.5584 -0.5180 -0.5020
 -2.0078 -1.8925 -1.7944 -1.7041 -1.6122 -1.5061 -1.3693 -1.2162 -1.0862 -0.9888
 -0.9141 -0.8524 -0.7990 -0.7524 -0.7115 -0.6305 -0.5729 -0.5372 -0.5245 -0.5329
 -1.8537 -1.7267 -1.6238 -1.5371 -1.4581 -1.3765 -1.2762 -1.1606 -1.0561 -0.9724
 -0.9056 -0.8489 -0.7986 -0.7539 -0.7146 -0.6376 -0.5843 -0.5522 -0.5414 -0.5496
 -0.5720
 -1.7330 -1.6005 -1.4917 -1.4030 -1.3286 -1.2613 -1.1891 -1.1039 -1.0217 -0.9518
 -0.8937 -0.8431 -0.7968 -0.7545 -0.7167 -0.6429 -0.5931 -0.5637 -0.5545 -0.5626
 -0.5841 -0.6143
 -1.5719 -1.4545 -1.3653 -1.2887 -1.2204 -1.1602 -1.1046 -1.0435 -0.9810 -0.9247
 -0.8760 -0.8326 -0.7918 -0.7530 -0.7172 -0.6463 -0.5996 -0.5725 -0.5645 -0.5727
 -0.5936 -0.6233 -0.6581 -0.6966
 -1.4859 -1.3375 -1.2243 -1.1421 -1.0858 -1.0477 -1.0149 -0.9775 -0.9344 -0.8914
 -0.8520 -0.8161 -0.7819 -0.7481 -0.7154 -0.6479 -0.6037 -0.5787 -0.5717 -0.5803
 -0.6009 -0.6304 -0.6652 -0.7034 -0.7444 -0.7885 -0.8364 -0.8886 -0.9441 -0.9983
 -1.4591 -1.2984 -1.1685 -1.0666 -0.9898 -0.9338 -0.8952 -0.8708 -0.8550 -0.8398
 -0.8192 -0.7936 -0.7661 -0.7382 -0.7100 -0.6473 -0.6054 -0.5824 -0.5763 -0.5851
 -0.6058 -0.6354 -0.6708 -0.7095 -0.7505 -0.7937 -0.8394 -0.8882 -0.9409 -0.9970
 -1.0522
 -1.4542 -1.2890 -1.1518 -1.0406 -0.9530 -0.8858 -0.8353 -0.7980 -0.7712 -0.7544
 -0.7466 -0.7429 -0.7351 -0.7199 -0.6990 -0.6441 -0.6046 -0.5835 -0.5782 -0.5872
 -0.6081 -0.6380 -0.6745 -0.7145 -0.7562 -0.7995 -0.8445 -0.8914 -0.9409 -0.9938
 -1.0506
 -1.4522 -1.2866 -1.1478 -1.0329 -0.9400 -0.8664 -0.8093 -0.7656 -0.7324 -0.7073
 -0.6892 -0.6778 -0.6730 -0.6715 -0.6677 -0.6365 -0.6008 -0.5816 -0.5774 -0.5867
 -0.6078 -0.6384 -0.6761 -0.7179 -0.7615 -0.8059 -0.8512 -0.8976 -0.9454 -0.9955
 -1.0488
 -1.4420 -1.2841 -1.1463 -1.0313 -0.9364 -0.8599 -0.7990 -0.7509 -0.7132 -0.6838
 -0.6610 -0.6434 -0.6303 -0.6221 -0.6184 -0.6136 -0.5940 -0.5770 -0.5738 -0.5832
 -0.6042 -0.6350 -0.6736 -0.7174 -0.7632 -0.8096 -0.8562 -0.9030 -0.9503 -0.9988
 -1.0492
 -1.4177 -1.2691 -1.1390 -1.0254 -0.9315 -0.8545 -0.7922 -0.7421 -0.7017 -0.6693
 -0.6434 -0.6229 -0.6066 -0.5938 -0.5844 -0.5762 -0.5753 -0.5688 -0.5674 -0.5771
 -0.5979 -0.6286 -0.6677 -0.7128 -0.7611 -0.8101 -0.8589 -0.9073 -0.9554 -1.0038
 -1.0528
 -1.3812 -1.2444 -1.1211 -1.0131 -0.9204 -0.8444 -0.7823 -0.7318 -0.6908 -0.6572
 -0.6296 -0.6072 -0.5892 -0.5748 -0.5657 -0.5243 -0.5447 -0.5570 -0.5582
 [Fe/H] = -0.25 [alpha/Fe] = 0.00 BC value = F814W
 -2.4847 -2.3903 -2.2975 -2.1931 -2.0611 -1.8843 -1.6481 -1.3705 -1.1553 -1.0150
 -0.9222 -0.8533 -0.7972 -0.7495 -0.7077 -0.6240 -0.5628 -0.5211 -0.5008
 -2.2547 -2.1484 -2.0539 -1.9596 -1.8528 -1.7170 -1.5312 -1.3145 -1.1315 -1.0035
 -0.9159 -0.8503 -0.7965 -0.7507 -0.7108 -0.6319 -0.5752 -0.5378 -0.5215 -0.5254
 -2.0758 -1.9539 -1.8524 -1.7621 -1.6722 -1.5685 -1.4314 -1.2646 -1.1112 -0.9946
 -0.9112 -0.8481 -0.7962 -0.7517 -0.7130 -0.6374 -0.5845 -0.5508 -0.5371 -0.5418
 -0.5613
 -1.9404 -1.8037 -1.6915 -1.5981 -1.5153 -1.4328 -1.3346 -1.2101 -1.0857 -0.9828
 -0.9047 -0.8446 -0.7949 -0.7519 -0.7143 -0.6412 -0.5916 -0.5608 -0.5491 -0.5543
 -0.5731 -0.6019
 -1.7974 -1.6729 -1.5617 -1.4658 -1.3834 -1.3101 -1.2368 -1.1477 -1.0510 -0.9641
 -0.8939 -0.8381 -0.7914 -0.7505 -0.7143 -0.6436 -0.5968 -0.5684 -0.5581 -0.5640
 -0.5824 -0.6103 -0.6446 -0.6831
 -1.6280 -1.4926 -1.3937 -1.3205 -1.2584 -1.1987 -1.1401 -1.0772 -1.0060 -0.9365
 -0.8764 -0.8267 -0.7843 -0.7466 -0.7125 -0.6445 -0.6000 -0.5739 -0.5648 -0.5711
 -0.5894 -0.6169 -0.6508 -0.6889 -0.7302 -0.7750 -0.8237 -0.8772 -0.9334 -0.9879
 -1.5633 -1.4016 -1.2733 -1.1755 -1.1030 -1.0508 -1.0134 -0.9809 -0.9423 -0.8968
 -0.8508 -0.8091 -0.7722 -0.7388 -0.7078 -0.6435 -0.6012 -0.5772 -0.5692 -0.5758
 -0.5943 -0.6217 -0.6557 -0.6940 -0.7352 -0.7789 -0.8254 -0.8753 -0.9293 -0.9862
 -1.0417
 -1.5451 -1.3717 -1.2288 -1.1138 -1.0240 -0.9551 -0.9028 -0.8632 -0.8338 -0.8125
 -0.7949 -0.7756 -0.7519 -0.7255 -0.6991 -0.6404 -0.6001 -0.5781 -0.5713 -0.5781
 -0.5968 -0.6244 -0.6588 -0.6979 -0.7397 -0.7834 -0.8293 -0.8771 -0.9278 -0.9822
 -1.0397
 -1.5439 -1.3655 -1.2151 -1.0911 -0.9912 -0.9122 -0.8509 -0.8034 -0.7661 -0.7374
 -0.7170 -0.7048 -0.6978 -0.6905 -0.6785 -0.6336 -0.5962 -0.5761 -0.5707 -0.5781
 -0.5971 -0.6253 -0.6605 -0.7007 -0.7438 -0.7885 -0.8346 -0.8820 -0.9311 -0.9824
 -1.0371
 -1.5503 -1.3706 -1.2165 -1.0876 -0.9816 -0.8963 -0.8287 -0.7756 -0.7341 -0.7015
 -0.6759 -0.6565 -0.6430 -0.6352 -0.6311 -0.6179 -0.5900 -0.5717 -0.5676 -0.5754
 -0.5944 -0.6229 -0.6588 -0.7001 -0.7448 -0.7910 -0.8381 -0.8859 -0.9345 -0.9844
 -1.0362
 -1.5479 -1.3733 -1.2204 -1.0890 -0.9800 -0.8909 -0.8193 -0.7623 -0.7172 -0.6814
 -0.6530 -0.6306 -0.6129 -0.5994 -0.5901 -0.5820 -0.5763 -0.5643 -0.5616 -0.5701
 -0.5891 -0.6177 -0.6540 -0.6963 -0.7425 -0.7907 -0.8397 -0.8888 -0.9381 -0.9878
 -1.0384
 -1.5321 -1.3673 -1.2190 -1.0898 -0.9788 -0.8878 -0.8137 -0.7542 -0.7066 -0.6684
 -0.6377 -0.6131 -0.5934 -0.5778 -0.5555 -0.5259 -0.5551 -0.5539 -0.5527
 [Fe/H] =  0.00 [alpha/Fe] = 0.00 BC value = F814W
 -2.7144 -2.6437 -2.5709 -2.4784 -2.3409 -2.1171 -1.8060 -1.4511 -1.1854 -1.0151
 -0.9101 -0.8380 -0.7821 -0.7349 -0.6947 -0.6142 -0.5560 -0.5156 -0.4931
 -2.4797 -2.3938 -2.3149 -2.2281 -2.1140 -1.9485 -1.7037 -1.4132 -1.1724 -1.0099
 -0.9070 -0.8365 -0.7820 -0.7366 -0.6976 -0.6210 -0.5662 -0.5291 -0.5108 -0.5116
 -2.2859 -2.1803 -2.0909 -2.0059 -1.9106 -1.7857 -1.6058 -1.3773 -1.1660 -1.0103
 -0.9071 -0.8363 -0.7824 -0.7379 -0.6997 -0.6254 -0.5736 -0.5396 -0.5241 -0.5265
 -0.5440
 -2.1341 -2.0074 -1.9030 -1.8133 -1.7275 -1.6312 -1.5035 -1.3317 -1.1546 -1.0101
 -0.9076 -0.8362 -0.7825 -0.7386 -0.7011 -0.6287 -0.5793 -0.5478 -0.5342 -0.5376
 -0.5547 -0.5825
 -1.9754 -1.8691 -1.7523 -1.6537 -1.5680 -1.4858 -1.3936 -1.2711 -1.1308 -1.0037
 -0.9057 -0.8347 -0.7813 -0.7383 -0.7015 -0.6308 -0.5836 -0.5543 -0.5421 -0.5461
 -0.5630 -0.5899 -0.6243 -0.6637
 -1.8122 -1.7012 -1.6060 -1.5167 -1.4332 -1.3559 -1.2815 -1.1958 -1.0916 -0.9867
 -0.8981 -0.8300 -0.7779 -0.7360 -0.7004 -0.6316 -0.5865 -0.5592 -0.5480 -0.5524
 -0.5693 -0.5957 -0.6293 -0.6680 -0.7105 -0.7564 -0.8070 -0.8627 -0.9201 -0.9759
 -1.6792 -1.5293 -1.4156 -1.3322 -1.2698 -1.2171 -1.1645 -1.1063 -1.0355 -0.9561
 -0.8817 -0.8200 -0.7710 -0.7311 -0.6971 -0.6309 -0.5876 -0.5624 -0.5523 -0.5567
 -0.5737 -0.5999 -0.6332 -0.6717 -0.7137 -0.7585 -0.8067 -0.8588 -0.9150 -0.9732
 -1.0298
 -1.6346 -1.4624 -1.3221 -1.2118 -1.1271 -1.0621 -1.0120 -0.9725 -0.9353 -0.8935
 -0.8471 -0.8007 -0.7585 -0.7223 -0.6908 -0.6283 -0.5868 -0.5634 -0.5547 -0.5593
 -0.5762 -0.6024 -0.6357 -0.6744 -0.7166 -0.7614 -0.8087 -0.8586 -0.9114 -0.9680
 -1.0270
 -1.6250 -1.4417 -1.2875 -1.1611 -1.0600 -0.9804 -0.9179 -0.8677 -0.8265 -0.7923
 -0.7650 -0.7433 -0.7234 -0.7018 -0.6782 -0.6227 -0.5834 -0.5619 -0.5547 -0.5600
 -0.5770 -0.6035 -0.6373 -0.6764 -0.7193 -0.7647 -0.8121 -0.8613 -0.9125 -0.9662
 -1.0232
 -1.6368 -1.4454 -1.2829 -1.1466 -1.0348 -0.9449 -0.8734 -0.8166 -0.7709 -0.7332
 -0.7024 -0.6789 -0.6624 -0.6514 -0.6424 -0.6126 -0.5783 -0.5582 -0.5524 -0.5584
 -0.5753 -0.6019 -0.6360 -0.6757 -0.7194 -0.7658 -0.8139 -0.8632 -0.9138 -0.9661
 -1.0201
 -1.6505 -1.4587 -1.2901 -1.1480 -1.0291 -0.9320 -0.8538 -0.7914 -0.7418 -0.7020
 -0.6696 -0.6436 -0.6230 -0.6077 -0.5971 -0.5837 -0.5687 -0.5520 -0.5475 -0.5542
 -0.5713 -0.5979 -0.6322 -0.6724 -0.7170 -0.7646 -0.8141 -0.8645 -0.9155 -0.9673
 -1.0202
 -1.6564 -1.4696 -1.3020 -1.1559 -1.0321 -0.9298 -0.8465 -0.7797 -0.7263 -0.6838
 -0.6496 -0.6221 -0.5999 -0.5821 -0.5423 -0.5360 -0.5546 -0.5433 -0.5400
 [Fe/H] =  0.25 [alpha/Fe] = 0.00 BC value = F814W
 -2.8877 -2.8475 -2.8061 -2.6701 -2.4460 -2.1644 -1.8511 -1.5272 -1.2282 -1.0267
 -0.9052 -0.8273 -0.7701 -0.7240 -0.6838 -0.6057 -0.5497 -0.5116 -0.4868
 -2.6611 -2.6046 -2.5534 -2.4893 -2.3841 -2.1901 -1.8912 -1.5218 -1.2273 -1.0277
 -0.9050 -0.8269 -0.7707 -0.7256 -0.6872 -0.6123 -0.5591 -0.5225 -0.5025 -0.5003
 -2.4640 -2.3850 -2.3193 -2.2527 -2.1646 -2.0268 -1.8051 -1.5084 -1.2352 -1.0371
 -0.9100 -0.8287 -0.7718 -0.7271 -0.6894 -0.6163 -0.5652 -0.5311 -0.5136 -0.5131
 -0.5273
 -2.3025 -2.1977 -2.1128 -2.0381 -1.9591 -1.8557 -1.7006 -1.4769 -1.2404 -1.0487
 -0.9176 -0.8320 -0.7731 -0.7281 -0.6908 -0.6193 -0.5701 -0.5379 -0.5222 -0.5229
 -0.5380 -0.5642
 -2.1726 -2.0458 -1.9407 -1.8526 -1.7731 -1.6881 -1.5793 -1.4215 -1.2310 -1.0563
 -0.9250 -0.8356 -0.7741 -0.7284 -0.6913 -0.6211 -0.5738 -0.5435 -0.5291 -0.5305
 -0.5456 -0.5711 -0.6047 -0.6444
 -2.0231 -1.9055 -1.7963 -1.6991 -1.6130 -1.5330 -1.4493 -1.3413 -1.2003 -1.0524
 -0.9283 -0.8381 -0.7743 -0.7276 -0.6906 -0.6218 -0.5762 -0.5479 -0.5346 -0.5363
 -0.5514 -0.5765 -0.6093 -0.6479 -0.6908 -0.7376 -0.7893 -0.8467 -0.9049 -0.9619
 -1.8109 -1.6933 -1.6029 -1.5328 -1.4645 -1.3940 -1.3219 -1.2441 -1.1461 -1.0314
 -0.9231 -0.8366 -0.7726 -0.7253 -0.6883 -0.6210 -0.5771 -0.5508 -0.5387 -0.5406
 -0.5556 -0.5805 -0.6129 -0.6509 -0.6930 -0.7384 -0.7876 -0.8408 -0.8990 -0.9581
 -1.0157
 -1.7212 -1.5611 -1.4350 -1.3404 -1.2700 -1.2159 -1.1696 -1.1216 -1.0627 -0.9868
 -0.9035 -0.8277 -0.7670 -0.7204 -0.6839 -0.6184 -0.5762 -0.5518 -0.5412 -0.5434
 -0.5582 -0.5830 -0.6152 -0.6530 -0.6948 -0.7397 -0.7877 -0.8387 -0.8931 -0.9519
 -1.0119
 -1.6938 -1.5150 -1.3652 -1.2445 -1.1500 -1.0763 -1.0176 -0.9699 -0.9276 -0.8854
 -0.8401 -0.7939 -0.7493 -0.7095 -0.6757 -0.6133 -0.5729 -0.5502 -0.5415 -0.5445
 -0.5593 -0.5843 -0.6166 -0.6545 -0.6965 -0.7415 -0.7893 -0.8394 -0.8922 -0.9477
 -1.0069
 -1.7004 -1.5098 -1.3461 -1.2094 -1.0979 -1.0088 -0.9379 -0.8802 -0.8318 -0.7893
 -0.7522 -0.7209 -0.6955 -0.6742 -0.6544 -0.6058 -0.5681 -0.5467 -0.5396 -0.5436
 -0.5584 -0.5831 -0.6156 -0.6536 -0.6959 -0.7414 -0.7895 -0.8395 -0.8914 -0.9454
 -1.0016
 -1.7223 -1.5242 -1.3506 -1.2034 -1.0806 -0.9802 -0.8992 -0.8342 -0.7813 -0.7373
 -0.6996 -0.6679 -0.6426 -0.6236 -0.6098 -0.5854 -0.5603 -0.5410 -0.5351 -0.5403
 -0.5553 -0.5799 -0.6123 -0.6507 -0.6934 -0.7395 -0.7884 -0.8391 -0.8912 -0.9446
 -0.9994
 -1.7454 -1.5461 -1.3680 -1.2118 -1.0812 -0.9724 -0.8836 -0.8120 -0.7544 -0.7079
 -0.6697 -0.6380 -0.6119 -0.5910 -0.5419 -0.5521 -0.5495 -0.5331 -0.5280
 [Fe/H] =  0.50 [alpha/Fe] = 0.00 BC value = F814W
 -3.0033 -3.0817 -3.0479 -2.9136 -2.6890 -2.3830 -2.0037 -1.5928 -1.2763 -1.0461
 -0.9039 -0.8166 -0.7568 -0.7100 -0.6709 -0.5940 -0.5409 -0.5047 -0.4790
 -2.7886 -2.7666 -2.7476 -2.7161 -2.6100 -2.3953 -2.0517 -1.6194 -1.2872 -1.0529
 -0.9070 -0.8181 -0.7581 -0.7124 -0.6744 -0.6007 -0.5492 -0.5136 -0.4938 -0.4897
 -2.5945 -2.5507 -2.5134 -2.4760 -2.4087 -2.2705 -2.0089 -1.6410 -1.3112 -1.0716
 -0.9177 -0.8226 -0.7604 -0.7144 -0.6769 -0.6048 -0.5545 -0.5205 -0.5017 -0.4986
 -0.5106
 -2.4299 -2.3547 -2.2983 -2.2490 -2.1886 -2.0888 -1.9107 -1.6328 -1.3342 -1.0956
 -0.9327 -0.8299 -0.7634 -0.7160 -0.6786 -0.6078 -0.5589 -0.5263 -0.5089 -0.5070
 -0.5198 -0.5445
 -2.2968 -2.1936 -2.1118 -2.0451 -1.9825 -1.9032 -1.7825 -1.5892 -1.3434 -1.1175
 -0.9500 -0.8393 -0.7672 -0.7174 -0.6794 -0.6098 -0.5624 -0.5313 -0.5150 -0.5136
 -0.5266 -0.5508 -0.5837 -0.6233
 -2.1751 -2.0576 -1.9568 -1.8716 -1.7974 -1.7245 -1.6367 -1.5071 -1.3256 -1.1293
 -0.9658 -0.8495 -0.7717 -0.7185 -0.6794 -0.6105 -0.5647 -0.5354 -0.5201 -0.5191
 -0.5319 -0.5558 -0.5879 -0.6262 -0.6695 -0.7170 -0.7699 -0.8280 -0.8875 -0.9458
 -1.9801 -1.8588 -1.7993 -1.7185 -1.6400 -1.5648 -1.4890 -1.3990 -1.2748 -1.1213
 -0.9738 -0.8579 -0.7758 -0.7191 -0.6784 -0.6098 -0.5656 -0.5381 -0.5241 -0.5233
 -0.5359 -0.5596 -0.5911 -0.6286 -0.6707 -0.7165 -0.7664 -0.8209 -0.8808 -0.9407
 -0.9997
 -1.8058 -1.6715 -1.5737 -1.5055 -1.4530 -1.4026 -1.3445 -1.2771 -1.1941 -1.0863
 -0.9664 -0.8597 -0.7776 -0.7188 -0.6762 -0.6074 -0.5646 -0.5391 -0.5268 -0.5264
 -0.5387 -0.5620 -0.5933 -0.6303 -0.6717 -0.7166 -0.7649 -0.8168 -0.8728 -0.9334
 -0.9944
 -1.7501 -1.5846 -1.4490 -1.3438 -1.2648 -1.2048 -1.1570 -1.1146 -1.0681 -1.0069
 -0.9285 -0.8452 -0.7718 -0.7145 -0.6714 -0.6025 -0.5613 -0.5375 -0.5272 -0.5280
 -0.5402 -0.5633 -0.5945 -0.6315 -0.6727 -0.7172 -0.7649 -0.8156 -0.8695 -0.9269
 -0.9882
 -1.7442 -1.5623 -1.4059 -1.2761 -1.1720 -1.0904 -1.0256 -0.9717 -0.9249 -0.8811
 -0.8353 -0.7871 -0.7404 -0.6981 -0.6617 -0.5964 -0.5566 -0.5342 -0.5256 -0.5276
 -0.5399 -0.5625 -0.5935 -0.6304 -0.6716 -0.7161 -0.7637 -0.8139 -0.8667 -0.9221
 -0.9803
 -1.7650 -1.5704 -1.4008 -1.2557 -1.1349 -1.0366 -0.9577 -0.8938 -0.8404 -0.7935
 -0.7507 -0.7121 -0.6784 -0.6504 -0.6274 -0.5835 -0.5496 -0.5287 -0.5215 -0.5250
 -0.5377 -0.5599 -0.5906 -0.6276 -0.6689 -0.7137 -0.7616 -0.8120 -0.8645 -0.9192
 -0.9757
 -1.7958 -1.5960 -1.4158 -1.2600 -1.1273 -1.0170 -0.9269 -0.8538 -0.7943 -0.7450
 -0.7026 -0.6656 -0.6338 -0.6076 -0.5685 -0.5638 -0.5403 -0.5210 -0.5149
 [Fe/H] =  0.75 [alpha/Fe] = 0.00 BC value = F814W
 -3.0748 -2.9950 -2.8658 -2.6923 -2.4793 -2.2308 -1.9503 -1.6411 -1.3241 -1.0729
 -0.9079 -0.8076 -0.7422 -0.6942 -0.6548 -0.5785 -0.5285 -0.4943 -0.4699
 -2.8695 -2.8770 -2.8959 -2.8982 -2.7822 -2.5299 -2.1486 -1.6955 -1.3488 -1.0869
 -0.9159 -0.8117 -0.7452 -0.6973 -0.6590 -0.5859 -0.5356 -0.5017 -0.4808 -0.4740
 -2.6781 -2.6796 -2.6646 -2.6605 -2.6226 -2.4968 -2.1978 -1.7564 -1.3887 -1.1151
 -0.9326 -0.8201 -0.7493 -0.7003 -0.6621 -0.5905 -0.5408 -0.5074 -0.4880 -0.4829
 -0.4929
 -2.5101 -2.4684 -2.4454 -2.4284 -2.3958 -2.3116 -2.1218 -1.7893 -1.4316 -1.1513
 -0.9560 -0.8325 -0.7549 -0.7032 -0.6645 -0.5940 -0.5452 -0.5125 -0.4940 -0.4898
 -0.5003 -0.5234
 -2.3741 -2.3013 -2.2503 -2.2130 -2.1766 -2.1138 -1.9909 -1.7646 -1.4620 -1.1873
 -0.9838 -0.8486 -0.7626 -0.7062 -0.6661 -0.5965 -0.5490 -0.5172 -0.4994 -0.4955
 -0.5059 -0.5287 -0.5609 -0.6004
 -2.2619 -2.1638 -2.0857 -2.0245 -1.9727 -1.9164 -1.8326 -1.6856 -1.4626 -1.2160
 -1.0115 -0.8673 -0.7723 -0.7100 -0.6672 -0.5975 -0.5516 -0.5213 -0.5043 -0.5005
 -0.5107 -0.5330 -0.5644 -0.6027 -0.6464 -0.6948 -0.7490 -0.8085 -0.8679 -0.9277
 -2.1164 -2.0252 -1.9413 -1.8648 -1.7971 -1.7342 -1.6653 -1.5685 -1.4186 -1.2234
 -1.0336 -0.8855 -0.7828 -0.7145 -0.6680 -0.5970 -0.5526 -0.5241 -0.5084 -0.5049
 -0.5146 -0.5364 -0.5672 -0.6045 -0.6468 -0.6931 -0.7438 -0.7996 -0.8605 -0.9210
 -0.9815
 -1.8915 -1.8035 -1.7359 -1.6838 -1.6328 -1.5724 -1.5067 -1.4331 -1.3344 -1.1975
 -1.0396 -0.8988 -0.7933 -0.7193 -0.6685 -0.5948 -0.5518 -0.5252 -0.5113 -0.5083
 -0.5176 -0.5388 -0.5691 -0.6057 -0.6470 -0.6920 -0.7408 -0.7934 -0.8507 -0.9128
 -0.9746
 -1.7933 -1.6508 -1.5410 -1.4610 -1.4064 -1.3668 -1.3295 -1.2825 -1.2185 -1.1302
 -1.0165 -0.8975 -0.7966 -0.7212 -0.6676 -0.5905 -0.5485 -0.5237 -0.5119 -0.5104
 -0.5196 -0.5403 -0.5702 -0.6065 -0.6473 -0.6917 -0.7394 -0.7905 -0.8451 -0.9040
 -0.9671
 -1.7684 -1.6025 -1.4610 -1.3461 -1.2577 -1.1910 -1.1391 -1.0960 -1.0558 -1.0094
 -0.9468 -0.8680 -0.7874 -0.7185 -0.6654 -0.5855 -0.5439 -0.5205 -0.5104 -0.5106
 -0.5202 -0.5401 -0.5694 -0.6053 -0.6458 -0.6898 -0.7369 -0.7871 -0.8403 -0.8969
 -0.9567
 -1.7793 -1.5990 -1.4398 -1.3037 -1.1912 -1.1013 -1.0302 -0.9724 -0.9225 -0.8769
 -0.8322 -0.7848 -0.7354 -0.6885 -0.6478 -0.5774 -0.5373 -0.5152 -0.5066 -0.5084
 -0.5189 -0.5384 -0.5670 -0.6026 -0.6430 -0.6869 -0.7339 -0.7837 -0.8363 -0.8916
 -0.9497
 -1.8117 -1.6205 -1.4483 -1.2982 -1.1699 -1.0632 -0.9763 -0.9060 -0.8481 -0.7983
 -0.7532 -0.7112 -0.6726 -0.6380 -0.6148 -0.5662 -0.5287 -0.5078 -0.5005
 [Fe/H] =  1.00 [alpha/Fe] = 0.00 BC value = F814W
 -3.1193 -3.0535 -2.9337 -2.7655 -2.5541 -2.3038 -2.0185 -1.7017 -1.3744 -1.1076
 -0.9186 -0.8016 -0.7280 -0.6765 -0.6364 -0.5611 -0.5119 -0.4801 -0.4593
 -2.9176 -3.3876 -3.5843 -3.5355 -3.2659 -2.7972 -2.2160 -1.7677 -1.4138 -1.1303
 -0.9325 -0.8097 -0.7332 -0.6810 -0.6411 -0.5683 -0.5185 -0.4859 -0.4666 -0.4587
 -2.7225 -3.0318 -2.7768 -2.8041 -2.7963 -2.6916 -2.3308 -1.8461 -1.4676 -1.1676
 -0.9569 -0.8232 -0.7403 -0.6856 -0.6454 -0.5732 -0.5239 -0.4914 -0.4722 -0.4659
 -0.4734
 -2.5478 -2.5415 -2.5531 -2.5694 -2.5677 -2.5076 -2.3169 -1.9288 -1.5292 -1.2154
 -0.9898 -0.8423 -0.7497 -0.6905 -0.6489 -0.5774 -0.5287 -0.4960 -0.4772 -0.4714
 -0.4792 -0.5007
 -2.4054 -2.3666 -2.3497 -2.3460 -2.3412 -2.3027 -2.1884 -1.9378 -1.5823 -1.2652
 -1.0275 -0.8659 -0.7625 -0.6964 -0.6519 -0.5805 -0.5329 -0.5007 -0.4820 -0.4762
 -0.4840 -0.5050 -0.5364 -0.5761
 -2.2936 -2.2238 -2.1759 -2.1457 -2.1237 -2.0925 -2.0221 -1.8663 -1.6041 -1.3100
 -1.0675 -0.8938 -0.7785 -0.7040 -0.6549 -0.5821 -0.5361 -0.5051 -0.4868 -0.4808
 -0.4882 -0.5085 -0.5391 -0.5773 -0.6212 -0.6710 -0.7269 -0.7863 -0.8462 -0.9075
 -2.1855 -2.1009 -2.0315 -1.9759 -1.9321 -1.8918 -1.8388 -1.7431 -1.5712 -1.3338
 -1.1027 -0.9228 -0.7966 -0.7135 -0.6585 -0.5821 -0.5376 -0.5083 -0.4911 -0.4852
 -0.4920 -0.5114 -0.5412 -0.5783 -0.6204 -0.6675 -0.7197 -0.7771 -0.8381 -0.8992
 -0.9612
 -1.9806 -1.9278 -1.8742 -1.8202 -1.7668 -1.7145 -1.6601 -1.5926 -1.4845 -1.3198
 -1.1231 -0.9471 -0.8154 -0.7242 -0.6628 -0.5806 -0.5371 -0.5097 -0.4942 -0.4891
 -0.4953 -0.5138 -0.5426 -0.5789 -0.6204 -0.6659 -0.7151 -0.7687 -0.8274 -0.8901
 -0.9524
 -1.8229 -1.7130 -1.6389 -1.5926 -1.5638 -1.5343 -1.4922 -1.4357 -1.3616 -1.2546
 -1.1108 -0.9575 -0.8283 -0.7329 -0.6664 -0.5772 -0.5340 -0.5084 -0.4951 -0.4915
 -0.4978 -0.5156 -0.5436 -0.5792 -0.6200 -0.6646 -0.7127 -0.7640 -0.8194 -0.8796
 -0.9438
 -1.7732 -1.6294 -1.5100 -1.4185 -1.3538 -1.3094 -1.2777 -1.2490 -1.2110 -1.1509
 -1.0605 -0.9462 -0.8328 -0.7397 -0.6705 -0.5738 -0.5296 -0.5054 -0.4940 -0.4922
 -0.4992 -0.5161 -0.5431 -0.5779 -0.6180 -0.6619 -0.7091 -0.7592 -0.8127 -0.8701
 -0.9312
 -1.7703 -1.6090 -1.4664 -1.3455 -1.2481 -1.1731 -1.1159 -1.0701 -1.0304 -0.9914
 -0.9455 -0.8836 -0.8069 -0.7306 -0.6666 -0.5691 -0.5235 -0.5003 -0.4904 -0.4904
 -0.4987 -0.5155 -0.5415 -0.5754 -0.6150 -0.6585 -0.7051 -0.7546 -0.8070 -0.8626
 -0.9214
 -1.7960 -1.6211 -1.4638 -1.3253 -1.2071 -1.1095 -1.0312 -0.9684 -0.9164 -0.8699
 -0.8258 -0.7817 -0.7349 -0.6861 -0.6547 -0.5631 -0.5157 -0.4931 -0.4843
