 [Fe/H] = -2.50 [alpha/Fe] = 0.00 BC value = F160W
 -1.1743 -1.1438 -1.1082 -1.0742 -1.0421 -1.0128 -0.9707 -0.9685 -0.9784 -0.9995
 -1.0298 -1.0295 -1.0756 -1.1245 -1.1772 -1.3180 -1.4701 -1.6077 -1.7440
 -1.1422 -1.1493 -1.1318 -1.0923 -1.0416 -1.0085 -0.9963 -0.9975 -1.0081 -1.0269
 -1.0547 -1.0902 -1.1312 -1.1758 -1.2229 -1.3472 -1.4786 -1.6146 -1.7517 -1.8882
 -1.1524 -1.1584 -1.1607 -1.1557 -1.1412 -1.1130 -1.0747 -1.0496 -1.0465 -1.0615
 -1.0863 -1.1187 -1.1582 -1.2024 -1.2491 -1.3708 -1.4969 -1.6278 -1.7613 -1.8944
 -2.0260
 -1.1556 -1.1625 -1.1697 -1.1754 -1.1772 -1.1743 -1.1664 -1.1500 -1.1291 -1.1201
 -1.1294 -1.1527 -1.1868 -1.2287 -1.2746 -1.3947 -1.5166 -1.6417 -1.7708 -1.9008
 -2.0295 -2.1565
 -1.1689 -1.1736 -1.1804 -1.1882 -1.1960 -1.2025 -1.2071 -1.2104 -1.2109 -1.2066
 -1.2033 -1.2108 -1.2303 -1.2612 -1.3015 -1.4183 -1.5377 -1.6573 -1.7808 -1.9072
 -2.0334 -2.1579 -2.2805 -2.4014
 -1.1958 -1.1964 -1.2003 -1.2065 -1.2145 -1.2238 -1.2334 -1.2430 -1.2533 -1.2637
 -1.2725 -1.2807 -1.2925 -1.3124 -1.3413 -1.4427 -1.5591 -1.6749 -1.7925 -1.9142
 -2.0374 -2.1598 -2.2803 -2.3989 -2.5163 -2.6321 -2.7457 -2.8569 -2.9652 -3.0705
 -1.2400 -1.2339 -1.2330 -1.2355 -1.2408 -1.2488 -1.2587 -1.2701 -1.2828 -1.2975
 -1.3137 -1.3308 -1.3483 -1.3671 -1.3905 -1.4737 -1.5809 -1.6935 -1.8063 -1.9226
 -2.0420 -2.1620 -2.2806 -2.3973 -2.5119 -2.6244 -2.7351 -2.8444 -2.9525 -3.0589
 -3.1611
 -1.3021 -1.2886 -1.2810 -1.2779 -1.2789 -1.2834 -1.2905 -1.3003 -1.3125 -1.3267
 -1.3437 -1.3634 -1.3854 -1.4087 -1.4337 -1.5089 -1.6049 -1.7123 -1.8216 -1.9330
 -2.0477 -2.1647 -2.2814 -2.3964 -2.5092 -2.6200 -2.7288 -2.8359 -2.9415 -3.0458
 -3.1490
 -1.3824 -1.3610 -1.3457 -1.3359 -1.3310 -1.3303 -1.3331 -1.3391 -1.3481 -1.3599
 -1.3746 -1.3927 -1.4143 -1.4388 -1.4658 -1.5417 -1.6308 -1.7322 -1.8385 -1.9466
 -2.0569 -2.1702 -2.2847 -2.3983 -2.5098 -2.6191 -2.7264 -2.8319 -2.9358 -3.0380
 -3.1386
 -1.4809 -1.4511 -1.4273 -1.4100 -1.3982 -1.3913 -1.3885 -1.3892 -1.3935 -1.4011
 -1.4118 -1.4259 -1.4438 -1.4658 -1.4914 -1.5682 -1.6539 -1.7499 -1.8530 -1.9587
 -2.0659 -2.1751 -2.2862 -2.3977 -2.5080 -2.6160 -2.7218 -2.8254 -2.9294 -3.0297
 -3.1277
 -1.5975 -1.5589 -1.5258 -1.4986 -1.4812 -1.4675 -1.4582 -1.4528 -1.4512 -1.4532
 -1.4585 -1.4674 -1.4800 -1.4969 -1.5184 -1.5895 -1.6754 -1.7667 -1.8662 -1.9699
 -2.0753 -2.1818 -2.2895 -2.3982 -2.5066 -2.6135 -2.7182 -2.8205 -2.9207 -3.0189
 -3.1156
 -1.7323 -1.6844 -1.6412 -1.6014 -1.5784 -1.5586 -1.5428 -1.5310 -1.5228 -1.5181
 -1.5170 -1.5195 -1.5258 -1.5363 -1.5468 -1.6056 -1.6953 -1.7826 -1.8781
 [Fe/H] = -2.00 [alpha/Fe] = 0.00 BC value = F160W
 -1.1492 -1.1095 -1.0693 -1.0333 -1.0036 -0.9814 -0.9621 -0.9636 -0.9761 -0.9985
 -1.0289 -1.0527 -1.0946 -1.1397 -1.1882 -1.3183 -1.4589 -1.5983 -1.7396
 -1.1828 -1.1498 -1.0970 -1.0575 -1.0315 -1.0125 -1.0006 -0.9977 -1.0055 -1.0239
 -1.0516 -1.0869 -1.1276 -1.1720 -1.2191 -1.3440 -1.4757 -1.6117 -1.7490 -1.8856
 -1.1795 -1.1815 -1.1740 -1.1513 -1.1063 -1.0602 -1.0359 -1.0303 -1.0364 -1.0514
 -1.0754 -1.1078 -1.1474 -1.1917 -1.2388 -1.3630 -1.4919 -1.6241 -1.7580 -1.8913
 -2.0232
 -1.1638 -1.1732 -1.1811 -1.1834 -1.1780 -1.1629 -1.1322 -1.0949 -1.0762 -1.0812
 -1.1012 -1.1301 -1.1667 -1.2099 -1.2566 -1.3806 -1.5075 -1.6363 -1.7667 -1.8972
 -2.0262 -2.1535
 -1.1521 -1.1622 -1.1739 -1.1850 -1.1933 -1.1976 -1.1974 -1.1909 -1.1727 -1.1511
 -1.1460 -1.1605 -1.1894 -1.2284 -1.2739 -1.3970 -1.5229 -1.6487 -1.7754 -1.9029
 -2.0295 -2.1544 -2.2774 -2.3985
 -1.1490 -1.1574 -1.1685 -1.1814 -1.1949 -1.2077 -1.2190 -1.2283 -1.2353 -1.2367
 -1.2298 -1.2255 -1.2346 -1.2582 -1.2943 -1.4127 -1.5377 -1.6617 -1.7848 -1.9088
 -2.0330 -2.1558 -2.2767 -2.3957 -2.5126 -2.6278 -2.7413 -2.8531 -2.9632 -3.0685
 -1.1585 -1.1631 -1.1718 -1.1831 -1.1967 -1.2119 -1.2282 -1.2446 -1.2609 -1.2763
 -1.2893 -1.2973 -1.3029 -1.3138 -1.3354 -1.4305 -1.5522 -1.6748 -1.7955 -1.9157
 -2.0368 -2.1575 -2.2766 -2.3937 -2.5087 -2.6217 -2.7330 -2.8425 -2.9504 -3.0568
 -3.1590
 -1.1838 -1.1830 -1.1873 -1.1953 -1.2063 -1.2202 -1.2368 -1.2554 -1.2754 -1.2962
 -1.3170 -1.3372 -1.3548 -1.3710 -1.3886 -1.4610 -1.5686 -1.6882 -1.8069 -1.9240
 -2.0415 -2.1597 -2.2769 -2.3924 -2.5056 -2.6168 -2.7261 -2.8336 -2.9394 -3.0438
 -3.1470
 -1.2273 -1.2197 -1.2178 -1.2209 -1.2278 -1.2384 -1.2524 -1.2695 -1.2895 -1.3116
 -1.3351 -1.3596 -1.3843 -1.4083 -1.4317 -1.4991 -1.5925 -1.7041 -1.8203 -1.9351
 -2.0493 -2.1644 -2.2797 -2.3939 -2.5058 -2.6155 -2.7232 -2.8290 -2.9330 -3.0354
 -3.1366
 -1.2892 -1.2748 -1.2658 -1.2622 -1.2635 -1.2692 -1.2788 -1.2923 -1.3094 -1.3296
 -1.3524 -1.3773 -1.4036 -1.4310 -1.4588 -1.5321 -1.6181 -1.7206 -1.8323 -1.9449
 -2.0566 -2.1684 -2.2807 -2.3929 -2.5036 -2.6121 -2.7183 -2.8223 -2.9244 -3.0248
 -3.1256
 -1.3651 -1.3462 -1.3308 -1.3205 -1.3150 -1.3147 -1.3189 -1.3272 -1.3396 -1.3558
 -1.3755 -1.3980 -1.4230 -1.4501 -1.4788 -1.5566 -1.6423 -1.7384 -1.8445 -1.9545
 -2.0645 -2.1738 -2.2833 -2.3929 -2.5019 -2.6093 -2.7144 -2.8171 -2.9177 -3.0163
 -3.1132
 -1.4494 -1.4289 -1.4106 -1.3948 -1.3832 -1.3761 -1.3740 -1.3764 -1.3831 -1.3939
 -1.4085 -1.4268 -1.4552 -1.4793 -1.4917 -1.5726 -1.6651 -1.7575 -1.8569
 [Fe/H] = -1.50 [alpha/Fe] = 0.00 BC value = F160W
 -1.1015 -1.0580 -1.0177 -0.9840 -0.9598 -0.9466 -0.9453 -0.9560 -0.9766 -1.0050
 -1.0390 -1.0769 -1.1174 -1.1607 -1.2065 -1.3284 -1.4587 -1.5952 -1.7366
 -1.1305 -1.0938 -1.0580 -1.0252 -0.9989 -0.9821 -0.9764 -0.9818 -0.9976 -1.0222
 -1.0541 -1.0916 -1.1329 -1.1770 -1.2236 -1.3463 -1.4748 -1.6086 -1.7452 -1.8819
 -1.1815 -1.1542 -1.1063 -1.0646 -1.0372 -1.0192 -1.0102 -1.0111 -1.0216 -1.0413
 -1.0694 -1.1046 -1.1453 -1.1898 -1.2369 -1.3608 -1.4887 -1.6199 -1.7534 -1.8869
 -2.0190
 -1.1739 -1.1768 -1.1717 -1.1546 -1.1218 -1.0776 -1.0487 -1.0408 -1.0470 -1.0629
 -1.0869 -1.1184 -1.1568 -1.2006 -1.2477 -1.3725 -1.5004 -1.6299 -1.7610 -1.8919
 -2.0213 -2.1490
 -1.1539 -1.1646 -1.1747 -1.1806 -1.1812 -1.1723 -1.1511 -1.1222 -1.0956 -1.0918
 -1.1076 -1.1349 -1.1696 -1.2111 -1.2575 -1.3823 -1.5104 -1.6389 -1.7677 -1.8965
 -2.0238 -2.1493 -2.2727 -2.3943
 -1.1349 -1.1472 -1.1620 -1.1770 -1.1897 -1.1987 -1.2040 -1.2051 -1.1981 -1.1789
 -1.1629 -1.1663 -1.1888 -1.2241 -1.2675 -1.3911 -1.5194 -1.6472 -1.7743 -1.9008
 -2.0262 -2.1499 -2.2714 -2.3908 -2.5083 -2.6239 -2.7378 -2.8500 -2.9600 -3.0651
 -1.1212 -1.1326 -1.1479 -1.1655 -1.1839 -1.2015 -1.2175 -1.2316 -1.2438 -1.2524
 -1.2529 -1.2450 -1.2429 -1.2562 -1.2853 -1.3998 -1.5277 -1.6552 -1.7811 -1.9055
 -2.0288 -2.1507 -2.2705 -2.3882 -2.5038 -2.6174 -2.7291 -2.8390 -2.9472 -3.0536
 -3.1556
 -1.1166 -1.1254 -1.1391 -1.1562 -1.1755 -1.1962 -1.2176 -1.2389 -1.2596 -1.2796
 -1.2975 -1.3111 -1.3179 -1.3219 -1.3333 -1.4133 -1.5361 -1.6631 -1.7881 -1.9107
 -2.0318 -2.1518 -2.2701 -2.3862 -2.5001 -2.6119 -2.7217 -2.8297 -2.9359 -3.0405
 -3.1437
 -1.1243 -1.1292 -1.1397 -1.1544 -1.1723 -1.1927 -1.2152 -1.2393 -1.2646 -1.2903
 -1.3157 -1.3401 -1.3619 -1.3793 -1.3933 -1.4481 -1.5493 -1.6728 -1.7969 -1.9184
 -2.0375 -2.1554 -2.2721 -2.3871 -2.4997 -2.6100 -2.7184 -2.8247 -2.9291 -3.0319
 -3.1333
 -1.1489 -1.1484 -1.1538 -1.1641 -1.1786 -1.1964 -1.2173 -1.2407 -1.2667 -1.2945
 -1.3234 -1.3527 -1.3814 -1.4085 -1.4332 -1.4908 -1.5732 -1.6834 -1.8043 -1.9246
 -2.0420 -2.1576 -2.2721 -2.3854 -2.4969 -2.6060 -2.7128 -2.8174 -2.9201 -3.0210
 -3.1222
 -1.1909 -1.1845 -1.1838 -1.1885 -1.1979 -1.2114 -1.2286 -1.2493 -1.2732 -1.3000
 -1.3291 -1.3600 -1.3916 -1.4231 -1.4538 -1.5258 -1.6025 -1.7001 -1.8133 -1.9310
 -2.0472 -2.1610 -2.2732 -2.3845 -2.4946 -2.6026 -2.7084 -2.8118 -2.9129 -3.0120
 -3.1095
 -1.2473 -1.2366 -1.2307 -1.2293 -1.2326 -1.2403 -1.2525 -1.2686 -1.2886 -1.3123
 -1.3390 -1.3685 -1.4062 -1.4385 -1.4551 -1.5531 -1.6372 -1.7229 -1.8239
 [Fe/H] = -1.00 [alpha/Fe] = 0.00 BC value = F160W
 -1.0311 -0.9893 -0.9536 -0.9263 -0.9107 -0.9085 -0.9203 -0.9457 -0.9799 -1.0190
 -1.0601 -1.1020 -1.1441 -1.1874 -1.2321 -1.3484 -1.4696 -1.5985 -1.7351
 -1.0694 -1.0279 -0.9904 -0.9599 -0.9397 -0.9325 -0.9395 -0.9596 -0.9895 -1.0260
 -1.0663 -1.1086 -1.1520 -1.1967 -1.2428 -1.3621 -1.4842 -1.6109 -1.7436 -1.8788
 -1.1031 -1.0662 -1.0303 -0.9986 -0.9751 -0.9628 -0.9634 -0.9770 -1.0012 -1.0334
 -1.0712 -1.1127 -1.1565 -1.2019 -1.2491 -1.3713 -1.4952 -1.6212 -1.7511 -1.8830
 -2.0147
 -1.1545 -1.1251 -1.0806 -1.0407 -1.0134 -0.9971 -0.9925 -0.9996 -1.0175 -1.0442
 -1.0779 -1.1169 -1.1597 -1.2052 -1.2527 -1.3770 -1.5029 -1.6292 -1.7574 -1.8869
 -2.0160 -2.1439
 -1.1529 -1.1579 -1.1494 -1.1290 -1.0979 -1.0609 -1.0351 -1.0292 -1.0389 -1.0596
 -1.0883 -1.1235 -1.1639 -1.2082 -1.2554 -1.3805 -1.5082 -1.6351 -1.7624 -1.8902
 -2.0174 -2.1431 -2.2669 -2.3890
 -1.1352 -1.1443 -1.1529 -1.1576 -1.1574 -1.1516 -1.1396 -1.1209 -1.0996 -1.0932
 -1.1069 -1.1348 -1.1708 -1.2125 -1.2584 -1.3831 -1.5119 -1.6395 -1.7664 -1.8929
 -2.0185 -2.1426 -2.2646 -2.3846 -2.5026 -2.6188 -2.7331 -2.8455 -2.9554 -3.0601
 -1.1152 -1.1267 -1.1412 -1.1565 -1.1702 -1.1809 -1.1889 -1.1952 -1.1979 -1.1917
 -1.1786 -1.1749 -1.1902 -1.2220 -1.2633 -1.3855 -1.5147 -1.6431 -1.7698 -1.8953
 -2.0194 -2.1421 -2.2626 -2.3810 -2.4972 -2.6114 -2.7237 -2.8340 -2.9425 -3.0487
 -3.1503
 -1.0962 -1.1079 -1.1242 -1.1437 -1.1644 -1.1847 -1.2035 -1.2208 -1.2371 -1.2519
 -1.2621 -1.2635 -1.2596 -1.2636 -1.2837 -1.3888 -1.5173 -1.6462 -1.7729 -1.8976
 -2.0205 -2.1418 -2.2609 -2.3779 -2.4925 -2.6051 -2.7157 -2.8242 -2.9308 -3.0356
 -3.1386
 -1.0813 -1.0919 -1.1080 -1.1286 -1.1520 -1.1769 -1.2020 -1.2266 -1.2506 -1.2741
 -1.2966 -1.3165 -1.3311 -1.3383 -1.3442 -1.4036 -1.5219 -1.6506 -1.7774 -1.9017
 -2.0236 -2.1437 -2.2617 -2.3777 -2.4911 -2.6023 -2.7114 -2.8185 -2.9235 -3.0267
 -3.1283
 -1.0744 -1.0833 -1.0973 -1.1168 -1.1401 -1.1663 -1.1939 -1.2223 -1.2511 -1.2800
 -1.3087 -1.3368 -1.3632 -1.3862 -1.4042 -1.4456 -1.5317 -1.6537 -1.7800 -1.9039
 -2.0249 -2.1436 -2.2602 -2.3750 -2.4874 -2.5973 -2.7050 -2.8104 -2.9138 -3.0153
 -3.1152
 -1.0797 -1.0851 -1.0960 -1.1130 -1.1344 -1.1592 -1.1867 -1.2159 -1.2466 -1.2783
 -1.3106 -1.3433 -1.3754 -1.4064 -1.4351 -1.4938 -1.5608 -1.6619 -1.7833 -1.9063
 -2.0267 -2.1443 -2.2595 -2.3728 -2.4841 -2.5931 -2.6997 -2.8039 -2.9058 -3.0057
 -3.1038
 -1.0994 -1.1001 -1.1074 -1.1205 -1.1382 -1.1600 -1.1852 -1.2130 -1.2432 -1.2752
 -1.3087 -1.3434 -1.3786 -1.4138 -1.4369 -1.5482 -1.6092 -1.6752 -1.7873
 [Fe/H] = -0.75 [alpha/Fe] = 0.00 BC value = F160W
 -0.9874 -0.9485 -0.9168 -0.8943 -0.8842 -0.8881 -0.9068 -0.9395 -0.9806 -1.0253
 -1.0704 -1.1149 -1.1589 -1.2029 -1.2476 -1.3621 -1.4792 -1.6025 -1.7349
 -1.0264 -0.9857 -0.9506 -0.9237 -0.9083 -0.9064 -0.9199 -0.9474 -0.9847 -1.0274
 -1.0723 -1.1176 -1.1628 -1.2083 -1.2546 -1.3729 -1.4921 -1.6152 -1.7435 -1.8770
 -1.0651 -1.0261 -0.9899 -0.9599 -0.9393 -0.9311 -0.9374 -0.9582 -0.9899 -1.0290
 -1.0723 -1.1175 -1.1633 -1.2098 -1.2573 -1.3790 -1.5010 -1.6237 -1.7506 -1.8809
 -2.0121
 -1.1091 -1.0672 -1.0307 -0.9996 -0.9756 -0.9622 -0.9614 -0.9746 -0.9996 -1.0335
 -1.0734 -1.1171 -1.1627 -1.2095 -1.2575 -1.3817 -1.5066 -1.6305 -1.7564 -1.8844
 -2.0129 -2.1407
 -1.1309 -1.1127 -1.1042 -1.0652 -1.0261 -1.0011 -0.9924 -0.9978 -1.0155 -1.0431
 -1.0782 -1.1186 -1.1627 -1.2090 -1.2570 -1.3823 -1.5095 -1.6350 -1.7606 -1.8871
 -2.0137 -2.1393 -2.2633 -2.3856
 -1.1301 -1.1378 -1.1382 -1.1312 -1.1174 -1.0973 -1.0720 -1.0512 -1.0473 -1.0616
 -1.0888 -1.1243 -1.1651 -1.2097 -1.2569 -1.3822 -1.5109 -1.6379 -1.7636 -1.8891
 -2.0142 -2.1381 -2.2603 -2.3806 -2.4989 -2.6153 -2.7299 -2.8425 -2.9523 -3.0567
 -1.1155 -1.1251 -1.1361 -1.1457 -1.1517 -1.1542 -1.1549 -1.1537 -1.1473 -1.1358
 -1.1313 -1.1444 -1.1741 -1.2135 -1.2583 -1.3821 -1.5115 -1.6397 -1.7657 -1.8906
 -2.0144 -2.1370 -2.2576 -2.3763 -2.4929 -2.6075 -2.7201 -2.8307 -2.9393 -3.0453
 -3.1466
 -1.0957 -1.1067 -1.1216 -1.1387 -1.1560 -1.1718 -1.1859 -1.1990 -1.2121 -1.2230
 -1.2273 -1.2238 -1.2230 -1.2369 -1.2673 -1.3827 -1.5118 -1.6408 -1.7674 -1.8918
 -2.0147 -2.1360 -2.2553 -2.3726 -2.4876 -2.6006 -2.7116 -2.8205 -2.9273 -3.0323
 -3.1350
 -1.0761 -1.0873 -1.1035 -1.1236 -1.1463 -1.1699 -1.1930 -1.2153 -1.2370 -1.2586
 -1.2790 -1.2958 -1.3055 -1.3089 -1.3158 -1.3890 -1.5137 -1.6431 -1.7703 -1.8947
 -2.0169 -2.1372 -2.2555 -2.3717 -2.4856 -2.5972 -2.7068 -2.8142 -2.9196 -3.0231
 -3.1248
 -1.0597 -1.0708 -1.0863 -1.1074 -1.1320 -1.1591 -1.1871 -1.2154 -1.2434 -1.2712
 -1.2986 -1.3253 -1.3497 -1.3698 -1.3837 -1.4227 -1.5169 -1.6438 -1.7710 -1.8953
 -2.0168 -2.1361 -2.2533 -2.3684 -2.4813 -2.5916 -2.6998 -2.8056 -2.9094 -3.0113
 -3.1115
 -1.0506 -1.0600 -1.0748 -1.0943 -1.1189 -1.1468 -1.1768 -1.2080 -1.2398 -1.2718
 -1.3038 -1.3358 -1.3670 -1.3967 -1.4236 -1.4748 -1.5407 -1.6468 -1.7719 -1.8959
 -2.0171 -2.1356 -2.2516 -2.3655 -2.4773 -2.5868 -2.6939 -2.7985 -2.9009 -3.0013
 -3.0997
 -1.0525 -1.0593 -1.0715 -1.0888 -1.1114 -1.1381 -1.1678 -1.1995 -1.2327 -1.2667
 -1.3014 -1.3366 -1.3718 -1.4066 -1.4355 -1.5453 -1.5851 -1.6521 -1.7730
 [Fe/H] = -0.50 [alpha/Fe] = 0.00 BC value = F160W
 -0.9429 -0.9074 -0.8799 -0.8626 -0.8585 -0.8690 -0.8947 -0.9345 -0.9819 -1.0315
 -1.0806 -1.1282 -1.1744 -1.2198 -1.2651 -1.3786 -1.4924 -1.6097 -1.7366
 -0.9809 -0.9419 -0.9101 -0.8878 -0.8780 -0.8823 -0.9024 -0.9371 -0.9811 -1.0295
 -1.0787 -1.1273 -1.1747 -1.2215 -1.2684 -1.3863 -1.5030 -1.6206 -1.7450 -1.8759
 -1.0221 -0.9826 -0.9479 -0.9209 -0.9045 -0.9013 -0.9137 -0.9415 -0.9804 -1.0259
 -1.0743 -1.1231 -1.1714 -1.2193 -1.2674 -1.3891 -1.5095 -1.6287 -1.7517 -1.8795
 -2.0096
 -1.0611 -1.0242 -0.9892 -0.9594 -0.9379 -0.9278 -0.9317 -0.9511 -0.9833 -1.0243
 -1.0702 -1.1183 -1.1669 -1.2155 -1.2643 -1.3887 -1.5127 -1.6341 -1.7568 -1.8826
 -2.0099 -2.1373
 -1.1168 -1.0825 -1.0399 -1.0033 -0.9767 -0.9610 -0.9576 -0.9684 -0.9928 -1.0275
 -1.0692 -1.1151 -1.1629 -1.2115 -1.2606 -1.3865 -1.5133 -1.6372 -1.7603 -1.8849
 -2.0103 -2.1354 -2.2594 -2.3818
 -1.1265 -1.1232 -1.1103 -1.0872 -1.0559 -1.0231 -1.0014 -0.9979 -1.0113 -1.0378
 -1.0735 -1.1153 -1.1610 -1.2088 -1.2576 -1.3838 -1.5123 -1.6384 -1.7624 -1.8863
 -2.0103 -2.1337 -2.2558 -2.3762 -2.4947 -2.6114 -2.7262 -2.8390 -2.9486 -3.0527
 -1.1142 -1.1209 -1.1261 -1.1265 -1.1212 -1.1125 -1.1018 -1.0891 -1.0777 -1.0766
 -1.0924 -1.1233 -1.1633 -1.2083 -1.2560 -1.3815 -1.5108 -1.6386 -1.7635 -1.8871
 -2.0100 -2.1319 -2.2524 -2.3712 -2.4881 -2.6030 -2.7159 -2.8267 -2.9355 -3.0414
 -3.1422
 -1.0966 -1.1064 -1.1184 -1.1308 -1.1416 -1.1497 -1.1564 -1.1637 -1.1715 -1.1763
 -1.1758 -1.1761 -1.1886 -1.2173 -1.2580 -1.3798 -1.5092 -1.6381 -1.7640 -1.8875
 -2.0096 -2.1304 -2.2494 -2.3668 -2.4821 -2.5954 -2.7068 -2.8160 -2.9233 -3.0283
 -3.1308
 -1.0764 -1.0870 -1.1020 -1.1199 -1.1394 -1.1588 -1.1773 -1.1952 -1.2138 -1.2331
 -1.2511 -1.2640 -1.2698 -1.2744 -1.2884 -1.3812 -1.5091 -1.6387 -1.7656 -1.8894
 -2.0111 -2.1310 -2.2491 -2.3653 -2.4794 -2.5913 -2.7013 -2.8092 -2.9150 -3.0188
 -3.1206
 -1.0554 -1.0672 -1.0827 -1.1030 -1.1266 -1.1522 -1.1784 -1.2044 -1.2303 -1.2562
 -1.2824 -1.3078 -1.3301 -1.3469 -1.3579 -1.4024 -1.5085 -1.6373 -1.7647 -1.8888
 -2.0102 -2.1293 -2.2463 -2.3615 -2.4744 -2.5851 -2.6936 -2.8000 -2.9042 -3.0065
 -3.1070
 -1.0367 -1.0484 -1.0648 -1.0853 -1.1106 -1.1390 -1.1695 -1.2006 -1.2318 -1.2630
 -1.2941 -1.3251 -1.3554 -1.3838 -1.4085 -1.4542 -1.5233 -1.6370 -1.7638 -1.8881
 -2.0093 -2.1278 -2.2440 -2.3580 -2.4700 -2.5797 -2.6871 -2.7922 -2.8951 -2.9959
 -3.0948
 -1.0246 -1.0351 -1.0507 -1.0711 -1.0958 -1.1250 -1.1570 -1.1905 -1.2250 -1.2598
 -1.2946 -1.3295 -1.3642 -1.3982 -1.4402 -1.5366 -1.5535 -1.6378 -1.7629
 [Fe/H] = -0.25 [alpha/Fe] = 0.00 BC value = F160W
 -0.8966 -0.8640 -0.8403 -0.8276 -0.8288 -0.8450 -0.8766 -0.9221 -0.9741 -1.0275
 -1.0800 -1.1306 -1.1793 -1.2266 -1.2731 -1.3874 -1.4995 -1.6128 -1.7344
 -0.9324 -0.8953 -0.8667 -0.8487 -0.8440 -0.8541 -0.8802 -0.9209 -0.9702 -1.0227
 -1.0754 -1.1268 -1.1766 -1.2250 -1.2729 -1.3916 -1.5072 -1.6217 -1.7418 -1.8700
 -0.9746 -0.9351 -0.9021 -0.8783 -0.8663 -0.8683 -0.8864 -0.9202 -0.9650 -1.0154
 -1.0677 -1.1196 -1.1703 -1.2198 -1.2688 -1.3912 -1.5110 -1.6280 -1.7477 -1.8732
 -2.0026
 -1.0173 -0.9783 -0.9432 -0.9151 -0.8965 -0.8902 -0.8989 -0.9241 -0.9624 -1.0091
 -1.0597 -1.1114 -1.1627 -1.2130 -1.2629 -1.3880 -1.5117 -1.6318 -1.7520 -1.8758
 -2.0025 -2.1300
 -1.0636 -1.0233 -0.9874 -0.9565 -0.9332 -0.9202 -0.9200 -0.9355 -0.9657 -1.0066
 -1.0539 -1.1043 -1.1554 -1.2062 -1.2566 -1.3833 -1.5101 -1.6333 -1.7547 -1.8776
 -2.0024 -2.1275 -2.2519 -2.3750
 -1.1117 -1.0930 -1.0603 -1.0196 -0.9834 -0.9599 -0.9508 -0.9564 -0.9772 -1.0106
 -1.0527 -1.1000 -1.1498 -1.2004 -1.2510 -1.3784 -1.5071 -1.6329 -1.7558 -1.8785
 -2.0019 -2.1252 -2.2476 -2.3686 -2.4878 -2.6050 -2.7203 -2.8336 -2.9433 -3.0474
 -1.1101 -1.1117 -1.1074 -1.0945 -1.0748 -1.0507 -1.0262 -1.0098 -1.0095 -1.0274
 -1.0596 -1.1009 -1.1474 -1.1966 -1.2467 -1.3740 -1.5036 -1.6314 -1.7558 -1.8786
 -2.0010 -2.1228 -2.2436 -2.3629 -2.4803 -2.5959 -2.7094 -2.8208 -2.9301 -3.0360
 -3.1366
 -1.0967 -1.1044 -1.1124 -1.1178 -1.1187 -1.1160 -1.1126 -1.1099 -1.1077 -1.1059
 -1.1089 -1.1246 -1.1555 -1.1973 -1.2447 -1.3706 -1.5002 -1.6293 -1.7551 -1.8782
 -1.9999 -2.1206 -2.2399 -2.3577 -2.4736 -2.5875 -2.6996 -2.8094 -2.9171 -3.0227
 -3.1252
 -1.0781 -1.0882 -1.1009 -1.1152 -1.1290 -1.1413 -1.1521 -1.1633 -1.1767 -1.1916
 -1.2044 -1.2125 -1.2187 -1.2317 -1.2581 -1.3696 -1.4985 -1.6284 -1.7554 -1.8792
 -2.0008 -2.1208 -2.2390 -2.3555 -2.4700 -2.5826 -2.6933 -2.8019 -2.9083 -3.0126
 -3.1148
 -1.0570 -1.0681 -1.0828 -1.1011 -1.1217 -1.1433 -1.1648 -1.1860 -1.2078 -1.2310
 -1.2551 -1.2783 -1.2972 -1.3102 -1.3204 -1.3788 -1.4962 -1.6256 -1.7533 -1.8776
 -1.9990 -2.1184 -2.2357 -2.3511 -2.4644 -2.5756 -2.6848 -2.7918 -2.8968 -2.9998
 -3.1007
 -1.0340 -1.0462 -1.0624 -1.0824 -1.1063 -1.1330 -1.1612 -1.1899 -1.2187 -1.2477
 -1.2771 -1.3070 -1.3360 -1.3622 -1.3838 -1.4257 -1.5024 -1.6235 -1.7511 -1.8758
 -1.9973 -2.1162 -2.2327 -2.3471 -2.4593 -2.5695 -2.6775 -2.7832 -2.8868 -2.9883
 -3.0880
 -1.0125 -1.0251 -1.0420 -1.0633 -1.0882 -1.1175 -1.1493 -1.1825 -1.2164 -1.2503
 -1.2841 -1.3180 -1.3517 -1.3847 -1.4483 -1.5103 -1.5171 -1.6221 -1.7488
 [Fe/H] =  0.00 [alpha/Fe] = 0.00 BC value = F160W
 -0.8614 -0.8329 -0.8139 -0.8066 -0.8134 -0.8362 -0.8750 -0.9273 -0.9845 -1.0423
 -1.0989 -1.1534 -1.2055 -1.2553 -1.3035 -1.4187 -1.5282 -1.6360 -1.7493
 -0.8928 -0.8592 -0.8350 -0.8224 -0.8237 -0.8406 -0.8742 -0.9220 -0.9769 -1.0341
 -1.0910 -1.1462 -1.1993 -1.2503 -1.3000 -1.4198 -1.5336 -1.6434 -1.7566 -1.8782
 -0.9336 -0.8959 -0.8663 -0.8471 -0.8408 -0.8494 -0.8748 -0.9160 -0.9672 -1.0229
 -1.0795 -1.1353 -1.1892 -1.2414 -1.2922 -1.4160 -1.5346 -1.6478 -1.7617 -1.8815
 -2.0067
 -0.9777 -0.9386 -0.9053 -0.8803 -0.8663 -0.8658 -0.8811 -0.9135 -0.9589 -1.0116
 -1.0672 -1.1230 -1.1777 -1.2308 -1.2826 -1.4095 -1.5325 -1.6497 -1.7650 -1.8838
 -2.0066 -2.1316
 -1.0318 -0.9835 -0.9488 -0.9200 -0.9000 -0.8913 -0.8964 -0.9182 -0.9556 -1.0033
 -1.0564 -1.1115 -1.1663 -1.2201 -1.2727 -1.4017 -1.5282 -1.6493 -1.7667 -1.8852
 -2.0063 -2.1289 -2.2516 -2.3735
 -1.0799 -1.0403 -0.9993 -0.9656 -0.9405 -0.9251 -0.9217 -0.9327 -0.9602 -1.0007
 -1.0495 -1.1024 -1.1566 -1.2106 -1.2636 -1.3939 -1.5227 -1.6471 -1.7669 -1.8856
 -2.0056 -2.1264 -2.2470 -2.3668 -2.4852 -2.6020 -2.7171 -2.8302 -2.9393 -3.0428
 -1.1019 -1.0941 -1.0752 -1.0464 -1.0125 -0.9823 -0.9641 -0.9617 -0.9763 -1.0068
 -1.0486 -1.0975 -1.1497 -1.2030 -1.2561 -1.3870 -1.5170 -1.6438 -1.7659 -1.8853
 -2.0045 -2.1239 -2.2428 -2.3607 -2.4773 -2.5923 -2.7054 -2.8168 -2.9260 -3.0315
 -3.1317
 -1.0953 -1.0996 -1.1011 -1.0964 -1.0853 -1.0711 -1.0564 -1.0433 -1.0375 -1.0439
 -1.0658 -1.1021 -1.1478 -1.1983 -1.2506 -1.3814 -1.5118 -1.6402 -1.7643 -1.8846
 -2.0034 -2.1216 -2.2388 -2.3551 -2.4700 -2.5834 -2.6951 -2.8049 -2.9126 -3.0181
 -3.1203
 -1.0801 -1.0887 -1.0984 -1.1074 -1.1135 -1.1164 -1.1182 -1.1216 -1.1281 -1.1370
 -1.1469 -1.1590 -1.1783 -1.2094 -1.2516 -1.3780 -1.5085 -1.6380 -1.7638 -1.8853
 -2.0042 -2.1217 -2.2379 -2.3527 -2.4660 -2.5779 -2.6882 -2.7968 -2.9032 -3.0076
 -3.1098
 -1.0609 -1.0708 -1.0841 -1.0995 -1.1156 -1.1313 -1.1459 -1.1604 -1.1771 -1.1969
 -1.2188 -1.2401 -1.2582 -1.2738 -1.2920 -1.3778 -1.5042 -1.6340 -1.7609 -1.8835
 -2.0026 -2.1195 -2.2347 -2.3483 -2.4601 -2.5704 -2.6791 -2.7860 -2.8911 -2.9942
 -3.0953
 -1.0376 -1.0492 -1.0639 -1.0827 -1.1040 -1.1272 -1.1512 -1.1754 -1.2000 -1.2260
 -1.2539 -1.2833 -1.3119 -1.3377 -1.3592 -1.4110 -1.5035 -1.6301 -1.7575 -1.8811
 -2.0007 -2.1174 -2.2319 -2.3444 -2.4551 -2.5641 -2.6715 -2.7769 -2.8805 -2.9822
 -3.0820
 -1.0122 -1.0250 -1.0416 -1.0620 -1.0860 -1.1134 -1.1431 -1.1739 -1.2053 -1.2372
 -1.2695 -1.3028 -1.3365 -1.3695 -1.4532 -1.4776 -1.5064 -1.6263 -1.7536
 [Fe/H] =  0.25 [alpha/Fe] = 0.00 BC value = F160W
 -0.8280 -0.8029 -0.7879 -0.7876 -0.8022 -0.8305 -0.8714 -0.9240 -0.9853 -1.0467
 -1.1067 -1.1647 -1.2201 -1.2728 -1.3231 -1.4409 -1.5496 -1.6545 -1.7615
 -0.8546 -0.8241 -0.8039 -0.7959 -0.8019 -0.8242 -0.8631 -0.9162 -0.9753 -1.0361
 -1.0962 -1.1548 -1.2110 -1.2649 -1.3166 -1.4391 -1.5527 -1.6599 -1.7679 -1.8836
 -0.8926 -0.8568 -0.8305 -0.8155 -0.8141 -0.8281 -0.8594 -0.9065 -0.9626 -1.0220
 -1.0820 -1.1410 -1.1980 -1.2529 -1.3058 -1.4323 -1.5510 -1.6623 -1.7718 -1.8865
 -2.0074
 -0.9369 -0.8979 -0.8662 -0.8444 -0.8347 -0.8394 -0.8607 -0.8992 -0.9503 -1.0075
 -1.0666 -1.1257 -1.1834 -1.2392 -1.2931 -1.4228 -1.5461 -1.6620 -1.7739 -1.8882
 -2.0075 -2.1301
 -0.9825 -0.9432 -0.9087 -0.8817 -0.8647 -0.8601 -0.8705 -0.8982 -0.9417 -0.9949
 -1.0522 -1.1108 -1.1688 -1.2253 -1.2801 -1.4122 -1.5392 -1.6595 -1.7744 -1.8890
 -2.0068 -2.1272 -2.2485 -2.3695
 -1.0296 -0.9908 -0.9554 -0.9251 -0.9026 -0.8904 -0.8910 -0.9070 -0.9403 -0.9869
 -1.0408 -1.0980 -1.1556 -1.2125 -1.2680 -1.4017 -1.5313 -1.6553 -1.7733 -1.8889
 -2.0058 -2.1245 -2.2437 -2.3625 -2.4803 -2.5968 -2.7117 -2.8249 -2.9336 -3.0368
 -1.0863 -1.0592 -1.0234 -0.9830 -0.9510 -0.9309 -0.9227 -0.9279 -0.9492 -0.9864
 -1.0346 -1.0887 -1.1451 -1.2017 -1.2575 -1.3924 -1.5234 -1.6501 -1.7710 -1.8879
 -2.0044 -2.1217 -2.2391 -2.3561 -2.4719 -2.5865 -2.6997 -2.8109 -2.9202 -3.0253
 -3.1253
 -1.0919 -1.0904 -1.0813 -1.0628 -1.0379 -1.0109 -0.9878 -0.9754 -0.9788 -1.0001
 -1.0373 -1.0850 -1.1382 -1.1935 -1.2491 -1.3847 -1.5164 -1.6449 -1.7681 -1.8865
 -2.0029 -2.1191 -2.2350 -2.3501 -2.4641 -2.5771 -2.6886 -2.7983 -2.9061 -3.0118
 -3.1138
 -1.0816 -1.0878 -1.0930 -1.0944 -1.0901 -1.0821 -1.0736 -1.0665 -1.0635 -1.0673
 -1.0811 -1.1068 -1.1447 -1.1920 -1.2445 -1.3794 -1.5117 -1.6414 -1.7666 -1.8868
 -2.0037 -2.1192 -2.2339 -2.3475 -2.4598 -2.5710 -2.6810 -2.7894 -2.8960 -3.0006
 -3.1030
 -1.0649 -1.0740 -1.0850 -1.0965 -1.1066 -1.1141 -1.1198 -1.1261 -1.1355 -1.1490
 -1.1657 -1.1842 -1.2043 -1.2286 -1.2601 -1.3746 -1.5062 -1.6364 -1.7630 -1.8846
 -2.0020 -2.1172 -2.2308 -2.3430 -2.4537 -2.5631 -2.6713 -2.7780 -2.8832 -2.9866
 -3.0879
 -1.0437 -1.0541 -1.0676 -1.0840 -1.1018 -1.1201 -1.1378 -1.1551 -1.1736 -1.1948
 -1.2195 -1.2467 -1.2737 -1.2988 -1.3222 -1.3914 -1.5022 -1.6316 -1.7590 -1.8820
 -2.0002 -2.1153 -2.2282 -2.3394 -2.4488 -2.5567 -2.6632 -2.7683 -2.8719 -2.9738
 -3.0740
 -1.0181 -1.0300 -1.0455 -1.0641 -1.0863 -1.1107 -1.1365 -1.1628 -1.1897 -1.2174
 -1.2469 -1.2786 -1.3116 -1.3443 -1.4308 -1.4298 -1.4997 -1.6270 -1.7546
 [Fe/H] =  0.50 [alpha/Fe] = 0.00 BC value = F160W
 -0.8007 -0.7617 -0.7449 -0.7480 -0.7690 -0.8061 -0.8579 -0.9208 -0.9858 -1.0505
 -1.1138 -1.1752 -1.2338 -1.2895 -1.3424 -1.4637 -1.5730 -1.6757 -1.7770
 -0.8220 -0.7941 -0.7784 -0.7744 -0.7845 -0.8104 -0.8531 -0.9107 -0.9736 -1.0375
 -1.1009 -1.1626 -1.2220 -1.2788 -1.3331 -1.4592 -1.5737 -1.6792 -1.7860 -1.8973
 -0.8563 -0.8222 -0.7999 -0.7890 -0.7919 -0.8104 -0.8466 -0.8984 -0.9584 -1.0212
 -1.0842 -1.1462 -1.2063 -1.2641 -1.3195 -1.4496 -1.5692 -1.6794 -1.7854 -1.8948
 -2.0112
 -0.8992 -0.8610 -0.8315 -0.8129 -0.8073 -0.8167 -0.8433 -0.8872 -0.9430 -1.0039
 -1.0661 -1.1282 -1.1888 -1.2475 -1.3039 -1.4373 -1.5617 -1.6769 -1.7861 -1.8959
 -2.0108 -2.1302
 -0.9460 -0.9056 -0.8716 -0.8466 -0.8327 -0.8323 -0.8479 -0.8813 -0.9303 -0.9878
 -1.0487 -1.1104 -1.1712 -1.2305 -1.2879 -1.4239 -1.5522 -1.6723 -1.7851 -1.8959
 -2.0098 -2.1272 -2.2464 -2.3661
 -0.9934 -0.9537 -0.9176 -0.8881 -0.8676 -0.8586 -0.8633 -0.8846 -0.9235 -0.9755
 -1.0337 -1.0943 -1.1550 -1.2146 -1.2727 -1.4108 -1.5419 -1.6659 -1.7825 -1.8950
 -2.0084 -2.1243 -2.2415 -2.3589 -2.4757 -2.5914 -2.7060 -2.8186 -2.9270 -3.0299
 -1.0490 -1.0201 -0.9690 -0.9360 -0.9107 -0.8948 -0.8905 -0.9000 -0.9266 -0.9696
 -1.0231 -1.0814 -1.1412 -1.2008 -1.2593 -1.3990 -1.5317 -1.6587 -1.7787 -1.8933
 -2.0067 -2.1214 -2.2368 -2.3523 -2.4671 -2.5808 -2.6934 -2.8045 -2.9136 -3.0183
 -3.1180
 -1.0859 -1.0737 -1.0488 -1.0135 -0.9768 -0.9477 -0.9322 -0.9306 -0.9439 -0.9741
 -1.0191 -1.0730 -1.1307 -1.1896 -1.2480 -1.3889 -1.5228 -1.6517 -1.7744 -1.8911
 -2.0049 -2.1186 -2.2326 -2.3462 -2.4591 -2.5710 -2.6818 -2.7912 -2.8989 -3.0047
 -3.1063
 -1.0828 -1.0851 -1.0831 -1.0735 -1.0566 -1.0368 -1.0172 -1.0018 -0.9966 -1.0067
 -1.0340 -1.0760 -1.1272 -1.1830 -1.2404 -1.3817 -1.5166 -1.6468 -1.7718 -1.8907
 -2.0054 -2.1187 -2.2314 -2.3435 -2.4546 -2.5646 -2.6738 -2.7817 -2.8881 -2.9927
 -3.0952
 -1.0699 -1.0771 -1.0849 -1.0908 -1.0926 -1.0901 -1.0861 -1.0834 -1.0838 -1.0887
 -1.1009 -1.1222 -1.1528 -1.1923 -1.2396 -1.3745 -1.5100 -1.6410 -1.7674 -1.8881
 -2.0038 -2.1168 -2.2285 -2.3392 -2.4485 -2.5566 -2.6637 -2.7698 -2.8746 -2.9780
 -3.0795
 -1.0512 -1.0599 -1.0720 -1.0854 -1.0986 -1.1102 -1.1200 -1.1292 -1.1403 -1.1551
 -1.1741 -1.1971 -1.2225 -1.2500 -1.2803 -1.3772 -1.5042 -1.6356 -1.7632 -1.8854
 -2.0024 -2.1156 -2.2265 -2.3360 -2.4439 -2.5503 -2.6556 -2.7597 -2.8627 -2.9645
 -3.0648
 -1.0274 -1.0377 -1.0514 -1.0686 -1.0879 -1.1083 -1.1288 -1.1490 -1.1696 -1.1917
 -1.2169 -1.2456 -1.2767 -1.3084 -1.3625 -1.3898 -1.4992 -1.6306 -1.7592
 [Fe/H] =  0.75 [alpha/Fe] = 0.00 BC value = F160W
 -0.7796 -0.7507 -0.7409 -0.7483 -0.7711 -0.8077 -0.8570 -0.9176 -0.9863 -1.0542
 -1.1206 -1.1850 -1.2467 -1.3054 -1.3610 -1.4864 -1.5969 -1.6983 -1.7959
 -0.7959 -0.7711 -0.7588 -0.7582 -0.7703 -0.7979 -0.8434 -0.9054 -0.9718 -1.0388
 -1.1051 -1.1699 -1.2324 -1.2921 -1.3491 -1.4797 -1.5955 -1.7003 -1.8008 -1.9050
 -0.8260 -0.7963 -0.7752 -0.7678 -0.7744 -0.7964 -0.8357 -0.8909 -0.9543 -1.0201
 -1.0860 -1.1510 -1.2140 -1.2747 -1.3328 -1.4676 -1.5888 -1.6986 -1.8020 -1.9066
 -2.0177
 -0.8665 -0.8293 -0.8021 -0.7868 -0.7849 -0.7983 -0.8290 -0.8770 -0.9364 -1.0004
 -1.0655 -1.1304 -1.1939 -1.2553 -1.3145 -1.4526 -1.5788 -1.6940 -1.8012 -1.9069
 -2.0172 -2.1323
 -0.9135 -0.8723 -0.8391 -0.8161 -0.8053 -0.8089 -0.8289 -0.8670 -0.9204 -0.9816
 -1.0455 -1.1099 -1.1735 -1.2356 -1.2956 -1.4366 -1.5668 -1.6871 -1.7986 -1.9060
 -2.0155 -2.1292 -2.2458 -2.3635
 -0.9627 -0.9204 -0.8838 -0.8550 -0.8365 -0.8305 -0.8392 -0.8653 -0.9093 -0.9658
 -1.0275 -1.0910 -1.1544 -1.2167 -1.2774 -1.4207 -1.5540 -1.6787 -1.7944 -1.9043
 -2.0138 -2.1262 -2.2408 -2.3563 -2.4717 -2.5864 -2.7002 -2.8122 -2.9194 -3.0221
 -1.0126 -0.9708 -0.9337 -0.9015 -0.8771 -0.8633 -0.8619 -0.8756 -0.9072 -0.9553
 -1.0132 -1.0749 -1.1376 -1.1999 -1.2610 -1.4062 -1.5416 -1.6694 -1.7890 -1.9017
 -2.0118 -2.1232 -2.2361 -2.3497 -2.4630 -2.5756 -2.6872 -2.7977 -2.9063 -3.0102
 -3.1097
 -1.0747 -1.0398 -1.0007 -0.9597 -0.9260 -0.9060 -0.8970 -0.9002 -0.9184 -0.9542
 -1.0046 -1.0629 -1.1241 -1.1859 -1.2470 -1.3936 -1.5306 -1.6604 -1.7831 -1.8985
 -2.0097 -2.1204 -2.2319 -2.3438 -2.4551 -2.5657 -2.6754 -2.7839 -2.8912 -2.9966
 -3.0977
 -1.0838 -1.0794 -1.0654 -1.0422 -1.0116 -0.9801 -0.9556 -0.9446 -0.9494 -0.9704
 -1.0082 -1.0589 -1.1162 -1.1763 -1.2369 -1.3842 -1.5227 -1.6540 -1.7791 -1.8971
 -2.0098 -2.1204 -2.2308 -2.3411 -2.4507 -2.5593 -2.6671 -2.7740 -2.8797 -2.9840
 -3.0864
 -1.0756 -1.0799 -1.0827 -1.0807 -1.0717 -1.0581 -1.0439 -1.0315 -1.0236 -1.0252
 -1.0417 -1.0746 -1.1201 -1.1730 -1.2297 -1.3751 -1.5148 -1.6473 -1.7738 -1.8939
 -2.0081 -2.1188 -2.2281 -2.3369 -2.4446 -2.5513 -2.6570 -2.7618 -2.8657 -2.9685
 -3.0700
 -1.0597 -1.0671 -1.0765 -1.0857 -1.0927 -1.0960 -1.0966 -1.0972 -1.1004 -1.1072
 -1.1187 -1.1380 -1.1659 -1.2019 -1.2443 -1.3705 -1.5078 -1.6414 -1.7693 -1.8911
 -2.0068 -2.1180 -2.2268 -2.3342 -2.4404 -2.5453 -2.6490 -2.7517 -2.8536 -2.9547
 -3.0547
 -1.0386 -1.0472 -1.0592 -1.0738 -1.0895 -1.1048 -1.1188 -1.1316 -1.1449 -1.1606
 -1.1799 -1.2035 -1.2311 -1.2620 -1.2807 -1.3704 -1.5017 -1.6363 -1.7656
 [Fe/H] =  1.00 [alpha/Fe] = 0.00 BC value = F160W
 -0.7653 -0.7368 -0.7279 -0.7366 -0.7612 -0.8001 -0.8519 -0.9154 -0.9872 -1.0581
 -1.1273 -1.1946 -1.2592 -1.3207 -1.3788 -1.5089 -1.6207 -1.7218 -1.8182
 -0.7767 -0.7462 -0.7339 -0.7379 -0.7565 -0.7884 -0.8349 -0.9006 -0.9701 -1.0400
 -1.1091 -1.1767 -1.2421 -1.3047 -1.3643 -1.4999 -1.6175 -1.7220 -1.8207 -1.9204
 -0.8023 -0.7698 -0.7566 -0.7523 -0.7616 -0.7859 -0.8253 -0.8836 -0.9503 -1.0188
 -1.0875 -1.1552 -1.2211 -1.2847 -1.3455 -1.4853 -1.6089 -1.7188 -1.8205 -1.9215
 -2.0270
 -0.8398 -0.8037 -0.7787 -0.7663 -0.7676 -0.7840 -0.8175 -0.8678 -0.9301 -0.9968
 -1.0646 -1.1322 -1.1984 -1.2626 -1.3245 -1.4679 -1.5967 -1.7123 -1.8183 -1.9209
 -2.0260 -2.1369
 -0.8865 -0.8445 -0.8121 -0.7912 -0.7833 -0.7900 -0.8133 -0.8550 -0.9116 -0.9756
 -1.0421 -1.1092 -1.1754 -1.2401 -1.3028 -1.4493 -1.5823 -1.7034 -1.8141 -1.9189
 -2.0242 -2.1337 -2.2468 -2.3621
 -0.9374 -0.8927 -0.8552 -0.8270 -0.8102 -0.8069 -0.8190 -0.8490 -0.8971 -0.9569
 -1.0215 -1.0876 -1.1536 -1.2185 -1.2818 -1.4308 -1.5672 -1.6929 -1.8084 -1.9162
 -2.0221 -2.1304 -2.2419 -2.3550 -2.4684 -2.5818 -2.6946 -2.8050 -2.9110 -3.0132
 -0.9889 -0.9440 -0.9049 -0.8719 -0.8482 -0.8359 -0.8372 -0.8545 -0.8905 -0.9429
 -1.0042 -1.0687 -1.1340 -1.1988 -1.2625 -1.4135 -1.5525 -1.6816 -1.8014 -1.9126
 -2.0197 -2.1274 -2.2372 -2.3485 -2.4599 -2.5708 -2.6813 -2.7909 -2.8981 -3.0012
 -3.1003
 -1.0526 -1.0017 -0.9585 -0.9226 -0.8948 -0.8762 -0.8687 -0.8745 -0.8967 -0.9371
 -0.9919 -1.0537 -1.1177 -1.1821 -1.2457 -1.3982 -1.5392 -1.6708 -1.7939 -1.9085
 -2.0172 -2.1247 -2.2332 -2.3427 -2.4523 -2.5613 -2.6695 -2.7768 -2.8832 -2.9876
 -3.0879
 -1.0850 -1.0696 -1.0396 -1.0003 -0.9588 -0.9276 -0.9116 -0.9094 -0.9202 -0.9466
 -0.9899 -1.0456 -1.1068 -1.1700 -1.2332 -1.3865 -1.5293 -1.6627 -1.7882 -1.9059
 -2.0168 -2.1247 -2.2322 -2.3402 -2.4480 -2.5551 -2.6614 -2.7667 -2.8711 -2.9747
 -3.0765
 -1.0829 -1.0828 -1.0783 -1.0652 -1.0435 -1.0181 -0.9933 -0.9742 -0.9673 -0.9771
 -1.0047 -1.0486 -1.1028 -1.1618 -1.2229 -1.3755 -1.5198 -1.6547 -1.7819 -1.9018
 -2.0147 -2.1231 -2.2299 -2.3363 -2.4422 -2.5473 -2.6514 -2.7546 -2.8571 -2.9588
 -3.0598
 -1.0706 -1.0755 -1.0812 -1.0847 -1.0834 -1.0767 -1.0674 -1.0591 -1.0538 -1.0527
 -1.0604 -1.0826 -1.1204 -1.1691 -1.2235 -1.3677 -1.5116 -1.6481 -1.7768 -1.8985
 -2.0134 -2.1228 -2.2292 -2.3343 -2.4385 -2.5417 -2.6438 -2.7448 -2.8450 -2.9448
 -3.0439
 -1.0522 -1.0585 -1.0684 -1.0798 -1.0908 -1.0995 -1.1055 -1.1100 -1.1157 -1.1244
 -1.1367 -1.1538 -1.1783 -1.2115 -1.2350 -1.3631 -1.5047 -1.6429 -1.7729
