 [Fe/H] = -2.50 [alpha/Fe] = 0.00 BC value = F225W
 -9.2548 -9.2473 -9.2429 -9.2386 -9.2228 -9.1956 -9.1480 -9.1235 -9.0893 -9.0386
 -8.9710 -8.8856 -8.7867 -8.6699 -8.5422 -8.1092 -7.3969 -6.5117 -5.2507
 -9.2267 -9.1452 -9.0940 -9.0700 -9.0675 -9.0615 -9.0437 -9.0177 -8.9853 -8.9447
 -8.8866 -8.8025 -8.6919 -8.5624 -8.4154 -7.8842 -7.0573 -5.9860 -4.9999 -4.1918
 -9.1813 -9.1122 -9.0492 -8.9954 -8.9551 -8.9334 -8.9275 -8.9164 -8.8883 -8.8429
 -8.7841 -8.7005 -8.5746 -8.4154 -8.2309 -7.6160 -6.6545 -5.4904 -4.4694 -3.6738
 -3.0759
 -9.1333 -9.0752 -9.0158 -8.9558 -8.8975 -8.8443 -8.7991 -8.7644 -8.7364 -8.6994
 -8.6430 -8.5608 -8.4255 -8.2324 -8.0032 -7.2675 -6.2328 -5.0337 -4.0016 -3.2248
 -2.6590 -2.2473
 -9.0652 -9.0227 -8.9738 -8.9172 -8.8527 -8.7818 -8.7069 -8.6303 -8.5542 -8.4808
 -8.4058 -8.3165 -8.1852 -7.9850 -7.7224 -6.8884 -5.8393 -4.6654 -3.6380 -2.8693
 -2.3220 -1.9329 -1.6531 -1.4471
 -8.9778 -8.9519 -8.9171 -8.8700 -8.8075 -8.7283 -8.6322 -8.5212 -8.3979 -8.2650
 -8.1263 -7.9841 -7.8284 -7.6247 -7.3680 -6.5191 -5.5061 -4.4047 -3.4006 -2.6267
 -2.0763 -1.6913 -1.4188 -1.2228 -1.0815 -0.9782 -0.8989 -0.8325 -0.7698 -0.7044
 -8.8788 -8.8653 -8.8450 -8.8105 -8.7564 -8.6778 -8.5712 -8.4361 -8.2751 -8.0931
 -7.8955 -7.6884 -7.4772 -7.2459 -6.9878 -6.1927 -5.2478 -4.2423 -3.2822 -2.5020
 -1.9292 -1.5273 -1.2459 -1.0452 -0.8991 -0.7872 -0.7014 -0.6370 -0.5900 -0.5519
 -0.5007
 -8.7703 -8.7691 -8.7605 -8.7387 -8.6970 -8.6273 -8.5216 -8.3767 -8.1937 -7.9776
 -7.7383 -7.4852 -7.2267 -6.9605 -6.6830 -5.9353 -5.0640 -4.1509 -3.2554 -2.4801
 -1.8795 -1.4441 -1.1372 -0.9189 -0.7605 -0.6432 -0.5520 -0.4809 -0.4265 -0.3861
 -0.3574
 -8.6568 -8.6690 -8.6689 -8.6578 -8.6289 -8.5723 -8.4778 -8.3372 -8.1486 -7.9168
 -7.6524 -7.3685 -7.0771 -6.7827 -6.4832 -5.7431 -4.9486 -4.1010 -3.2715 -2.5217
 -1.9043 -1.4326 -1.0888 -0.8417 -0.6621 -0.5288 -0.4286 -0.3488 -0.2856 -0.2372
 -0.2025
 -8.5384 -8.5650 -8.5751 -8.5729 -8.5556 -8.5150 -8.4390 -8.3163 -8.1398 -7.9110
 -7.6391 -7.3388 -7.0249 -6.7085 -6.3919 -5.6328 -4.8940 -4.1109 -3.3274 -2.6073
 -1.9905 -1.4920 -1.1095 -0.8250 -0.6153 -0.4589 -0.3406 -0.2496 -0.1745 -0.1171
 -0.0709
 -8.4151 -8.4571 -8.4791 -8.4872 -8.4792 -8.4527 -8.3971 -8.2990 -8.1472 -7.9369
 -7.6730 -7.3692 -7.0420 -6.7067 -6.3723 -5.5814 -4.8594 -4.1410 -3.4049 -2.7072
 -2.0967 -1.5878 -1.1781 -0.8587 -0.6152 -0.4304 -0.2896 -0.1806 -0.0950 -0.0267
  0.0287
 -8.2868 -8.3453 -8.3809 -8.4011 -8.4013 -8.3868 -8.3495 -8.2761 -8.1543 -7.9732
 -7.7310 -7.4364 -7.1056 -6.7570 -6.4244 -5.5889 -4.8448 -4.1913 -3.5040
 [Fe/H] = -2.00 [alpha/Fe] = 0.00 BC value = F225W
 -9.2793 -9.2427 -9.2183 -9.2019 -9.1858 -9.1667 -9.1390 -9.1143 -9.0773 -9.0254
 -8.9567 -8.8710 -8.7716 -8.6618 -8.5434 -8.1700 -7.5821 -6.7836 -5.7223
 -9.2146 -9.1534 -9.1227 -9.0964 -9.0703 -9.0479 -9.0277 -9.0055 -8.9759 -8.9337
 -8.8733 -8.7884 -8.6778 -8.5483 -8.4019 -7.9354 -7.2184 -6.2522 -5.2730 -4.4435
 -9.1987 -9.1114 -9.0415 -8.9930 -8.9719 -8.9626 -8.9440 -8.9146 -8.8784 -8.8348
 -8.7759 -8.6884 -8.5594 -8.3950 -8.2056 -7.6099 -6.7864 -5.7576 -4.7467 -3.9193
 -3.2839
 -9.1892 -9.1017 -9.0211 -8.9489 -8.8878 -8.8407 -8.8126 -8.7961 -8.7683 -8.7191
 -8.6505 -8.5545 -8.4060 -8.1996 -7.9580 -7.2300 -6.3287 -5.2837 -4.2739 -3.4635
 -2.8591 -2.4155
 -9.1653 -9.0868 -9.0081 -8.9286 -8.8487 -8.7707 -8.6967 -8.6291 -8.5730 -8.5218
 -8.4522 -8.3499 -8.1924 -7.9573 -7.6653 -6.8335 -5.8987 -4.8810 -3.8968 -3.1003
 -2.5150 -2.0945 -1.7902 -1.5660
 -9.1204 -9.0566 -8.9874 -8.9104 -8.8234 -8.7259 -8.6199 -8.5075 -8.3907 -8.2737
 -8.1608 -8.0413 -7.8867 -7.6613 -7.3651 -6.4811 -5.5510 -4.5845 -3.6412 -2.8503
 -2.2644 -1.8478 -1.5510 -1.3354 -1.1754 -1.0535 -0.9575 -0.8802 -0.8186 -0.7460
 -9.0542 -9.0075 -8.9531 -8.8861 -8.8022 -8.6978 -8.5721 -8.4273 -8.2669 -8.0940
 -7.9129 -7.7298 -7.5467 -7.3325 -7.0666 -6.2228 -5.3132 -4.4013 -3.5065 -2.7197
 -2.1148 -1.6815 -1.3750 -1.1544 -0.9922 -0.8702 -0.7758 -0.6998 -0.6385 -0.5918
 -0.5331
 -8.9710 -8.9406 -8.9026 -8.8511 -8.7791 -8.6802 -8.5502 -8.3889 -8.2007 -7.9916
 -7.7665 -7.5324 -7.2979 -7.0572 -6.8007 -6.0495 -5.1822 -4.3179 -3.4716 -2.6953
 -2.0655 -1.5986 -1.2654 -1.0264 -0.8513 -0.7205 -0.6207 -0.5420 -0.4771 -0.4262
 -0.3904
 -8.8768 -8.8598 -8.8366 -8.8015 -8.7470 -8.6637 -8.5437 -8.3831 -8.1845 -7.9550
 -7.7035 -7.4383 -7.1677 -6.8939 -6.6158 -5.9080 -5.1190 -4.2952 -3.4944 -2.7394
 -2.0938 -1.5899 -1.2182 -0.9489 -0.7518 -0.6047 -0.4931 -0.4063 -0.3370 -0.2803
 -0.2356
 -8.7790 -8.7721 -8.7606 -8.7402 -8.7041 -8.6427 -8.5450 -8.4024 -8.2125 -7.9811
 -7.7182 -7.4353 -7.1418 -6.8441 -6.5447 -5.8203 -5.0989 -4.3284 -3.5625 -2.8359
 -2.1885 -1.6562 -1.2435 -0.9346 -0.7058 -0.5344 -0.4042 -0.3034 -0.2238 -0.1596
 -0.1037
 -8.6808 -8.6814 -8.6778 -8.6686 -8.6482 -8.6084 -8.5380 -8.4248 -8.2605 -8.0446
 -7.7853 -7.4954 -7.1878 -6.8719 -6.5541 -5.7897 -5.0875 -4.3790 -3.6496 -2.9465
 -2.3072 -1.7618 -1.3193 -0.9729 -0.7081 -0.5070 -0.3533 -0.2340 -0.1400 -0.0647
 -0.0035
 -8.5856 -8.5908 -8.5927 -8.5909 -8.5817 -8.5593 -8.5140 -8.4335 -8.3053 -8.1213
 -7.8826 -7.5995 -7.2530 -6.9165 -6.6440 -5.8162 -5.0848 -4.4470 -3.7557
 [Fe/H] = -1.50 [alpha/Fe] = 0.00 BC value = F225W
 -9.4392 -9.3805 -9.3372 -9.3042 -9.2757 -9.2449 -9.2054 -9.1538 -9.0925 -9.0228
 -8.9434 -8.8542 -8.7561 -8.6539 -8.5463 -8.2276 -7.7503 -7.0544 -6.1593
 -9.3512 -9.2802 -9.2262 -9.1851 -9.1520 -9.1217 -9.0887 -9.0476 -8.9984 -8.9398
 -8.8678 -8.7775 -8.6671 -8.5415 -8.4021 -7.9713 -7.3618 -6.5516 -5.6457 -4.7961
 -9.2696 -9.1872 -9.1367 -9.0962 -9.0563 -9.0193 -8.9838 -8.9452 -8.9004 -8.8464
 -8.7775 -8.6835 -8.5550 -8.3960 -8.2133 -7.6530 -6.9319 -6.0688 -5.1438 -4.2924
 -3.6039
 -9.2546 -9.1450 -9.0541 -8.9843 -8.9383 -8.9122 -8.8833 -8.8428 -8.7932 -8.7335
 -8.6583 -8.5556 -8.4063 -8.2071 -7.9738 -7.2870 -6.4850 -5.5967 -4.6775 -3.8408
 -3.1765 -2.6769
 -9.2545 -9.1402 -9.0344 -8.9379 -8.8513 -8.7789 -8.7238 -8.6822 -8.6439 -8.5847
 -8.4978 -8.3790 -8.2123 -7.9790 -7.6988 -6.9148 -6.0708 -5.1813 -4.2852 -3.4708
 -2.8254 -2.3483 -2.0003 -1.7426
 -9.2481 -9.1395 -9.0324 -8.9259 -8.8193 -8.7138 -8.6112 -8.5134 -8.4243 -8.3480
 -8.2664 -8.1492 -7.9778 -7.7400 -7.4388 -6.5969 -5.7399 -4.8653 -3.9986 -3.2055
 -2.5667 -2.0951 -1.7551 -1.5068 -1.3206 -1.1743 -1.0584 -0.9669 -0.8890 -0.8003
 -9.2239 -9.1299 -9.0317 -8.9273 -8.8143 -8.6908 -8.5583 -8.4196 -8.2775 -8.1344
 -7.9964 -7.8642 -7.7115 -7.5013 -7.2232 -6.3752 -5.5168 -4.6644 -3.8277 -3.0531
 -2.4092 -1.9246 -1.5750 -1.3216 -1.1337 -0.9902 -0.8772 -0.7849 -0.7093 -0.6490
 -0.5781
 -9.1760 -9.1019 -9.0209 -8.9294 -8.8228 -8.6972 -8.5512 -8.3867 -8.2086 -8.0216
 -7.8289 -7.6362 -7.4497 -7.2543 -7.0212 -6.2544 -5.3999 -4.5696 -3.7616 -3.0051
 -2.3506 -1.8396 -1.4639 -1.1914 -0.9904 -0.8382 -0.7203 -0.6259 -0.5475 -0.4846
 -0.4376
 -9.1050 -9.0508 -8.9903 -8.9186 -8.8295 -8.7159 -8.5730 -8.4003 -8.2022 -7.9860
 -7.7582 -7.5247 -7.2910 -7.0594 -6.8234 -6.1600 -5.3621 -4.5494 -3.7684 -3.0311
 -2.3716 -1.8303 -1.4181 -1.1143 -0.8899 -0.7208 -0.5910 -0.4891 -0.4068 -0.3390
 -0.2840
 -9.0202 -8.9830 -8.9407 -8.8899 -8.8239 -8.7338 -8.6105 -8.4488 -8.2500 -8.0213
 -7.7724 -7.5120 -7.2467 -6.9811 -6.7160 -6.0669 -5.3664 -4.5951 -3.8378 -3.1214
 -2.4650 -1.9002 -1.4484 -1.1039 -0.8459 -0.6512 -0.5022 -0.3860 -0.2935 -0.2185
 -0.1529
 -8.9296 -8.9040 -8.8755 -8.8416 -8.7970 -8.7336 -8.6398 -8.5052 -8.3246 -8.1017
 -7.8462 -7.5699 -7.2828 -6.9914 -6.7008 -6.0041 -5.3511 -4.6562 -3.9316 -3.2358
 -2.5897 -2.0146 -1.5330 -1.1493 -0.8532 -0.6268 -0.4530 -0.3174 -0.2103 -0.1242
 -0.0535
 -8.8377 -8.8207 -8.8013 -8.7791 -8.7506 -8.7096 -8.6461 -8.5472 -8.4010 -8.2028
 -7.9581 -7.6794 -7.3621 -7.0479 -6.7778 -5.9716 -5.3162 -4.7327 -4.0498
 [Fe/H] = -1.00 [alpha/Fe] = 0.00 BC value = F225W
 -9.7346 -9.6607 -9.5999 -9.5454 -9.4925 -9.4301 -9.3472 -9.2420 -9.1349 -9.0308
 -8.9311 -8.8351 -8.7402 -8.6463 -8.5509 -8.2820 -7.9016 -7.3239 -6.5618
 -9.5995 -9.5156 -9.4495 -9.3949 -9.3453 -9.2929 -9.2252 -9.1416 -9.0528 -8.9615
 -8.8678 -8.7701 -8.6661 -8.5547 -8.4342 -8.0718 -7.5622 -6.8807 -6.0914 -5.2853
 -9.5016 -9.4075 -9.3311 -9.2690 -9.2162 -9.1667 -9.1102 -9.0412 -8.9651 -8.8832
 -8.7937 -8.6926 -8.5748 -8.4388 -8.2851 -7.8138 -7.1924 -6.4433 -5.6395 -4.8280
 -4.0879
 -9.3937 -9.2933 -9.2221 -9.1615 -9.1032 -9.0484 -8.9939 -8.9322 -8.8628 -8.7852
 -8.6966 -8.5903 -8.4568 -8.2922 -8.0998 -7.5202 -6.8169 -6.0304 -5.2179 -4.4092
 -3.6817 -3.0961
 -9.3586 -9.2202 -9.1091 -9.0225 -8.9582 -8.9111 -8.8660 -8.8105 -8.7428 -8.6634
 -8.5699 -8.4552 -8.3071 -8.1162 -7.8876 -7.2190 -6.4699 -5.6694 -4.8519 -4.0508
 -3.3376 -2.7693 -2.3415 -2.0214
 -9.3576 -9.2147 -9.0833 -8.9635 -8.8564 -8.7633 -8.6853 -8.6231 -8.5716 -8.5070
 -8.4154 -8.2941 -8.1375 -7.9331 -7.6803 -6.9523 -6.1835 -5.3849 -4.5679 -3.7762
 -3.0737 -2.5127 -2.0924 -1.7814 -1.5468 -1.3641 -1.2161 -1.0956 -0.9919 -0.8806
 -9.3647 -9.2239 -9.0878 -8.9553 -8.8261 -8.7007 -8.5809 -8.4686 -8.3658 -8.2764
 -8.1949 -8.0958 -7.9545 -7.7604 -7.5110 -6.7519 -5.9732 -5.1845 -4.3775 -3.5969
 -2.9009 -2.3355 -1.9081 -1.5920 -1.3561 -1.1749 -1.0306 -0.9124 -0.8141 -0.7312
 -0.6408
 -9.3612 -9.2341 -9.1058 -8.9742 -8.8379 -8.6963 -8.5502 -8.4022 -8.2548 -8.1110
 -7.9730 -7.8447 -7.7181 -7.5635 -7.3562 -6.6303 -5.8405 -5.0631 -4.2747 -3.5093
 -2.8179 -2.2403 -1.7926 -1.4585 -1.2096 -1.0201 -0.8721 -0.7523 -0.6526 -0.5701
 -0.5041
 -9.3319 -9.2257 -9.1159 -8.9985 -8.8699 -8.7277 -8.5703 -8.3999 -8.2205 -8.0369
 -7.8527 -7.6709 -7.4951 -7.3250 -7.1468 -6.5509 -5.7734 -5.0023 -4.2368 -3.4909
 -2.8060 -2.2153 -1.7405 -1.3781 -1.1061 -0.8999 -0.7406 -0.6140 -0.5110 -0.4251
 -0.3541
 -9.2766 -9.1930 -9.1050 -9.0110 -8.9036 -8.7771 -8.6269 -8.4522 -8.2562 -8.0454
 -7.8267 -7.6057 -7.3861 -7.1707 -6.9604 -6.4309 -5.7669 -5.0076 -4.2646 -3.5427
 -2.8679 -2.2676 -1.7643 -1.3660 -1.0613 -0.8294 -0.6509 -0.5104 -0.3978 -0.3057
 -0.2287
 -9.2027 -9.1369 -9.0685 -8.9967 -8.9150 -8.8160 -8.6902 -8.5310 -8.3378 -8.1163
 -7.8754 -7.6246 -7.3709 -7.1192 -6.8716 -6.2913 -5.7207 -5.0462 -4.3258 -3.6280
 -2.9679 -2.3662 -1.8426 -1.4108 -1.0699 -0.8062 -0.6023 -0.4423 -0.3151 -0.2124
 -0.1275
 -9.1193 -9.0672 -9.0143 -8.9591 -8.8986 -8.8267 -8.7334 -8.6066 -8.4378 -8.2265
 -7.9806 -7.7123 -7.4329 -7.1514 -6.8804 -6.1321 -5.6348 -5.1181 -4.4204
 [Fe/H] = -0.75 [alpha/Fe] = 0.00 BC value = F225W
 -9.9331 -9.8542 -9.7851 -9.7181 -9.6484 -9.5628 -9.4479 -9.3036 -9.1636 -9.0370
 -8.9247 -8.8247 -8.7321 -8.6426 -8.5538 -8.3080 -7.9709 -7.4582 -6.7501
 -9.7688 -9.6808 -9.6090 -9.5459 -9.4846 -9.4153 -9.3221 -9.2068 -9.0886 -8.9751
 -8.8675 -8.7653 -8.6646 -8.5612 -8.4514 -8.1267 -7.6688 -7.0350 -6.3005 -5.5367
 -9.6482 -9.5468 -9.4652 -9.3975 -9.3377 -9.2778 -9.2032 -9.1097 -9.0088 -8.9056
 -8.8017 -8.6957 -8.5835 -8.4607 -8.3238 -7.9059 -7.3416 -6.6360 -5.8767 -5.1135
 -4.3784
 -9.5354 -9.4371 -9.3493 -9.2723 -9.2053 -9.1444 -9.0800 -9.0016 -8.9133 -8.8184
 -8.7168 -8.6063 -8.4812 -8.3360 -8.1685 -7.6562 -7.0111 -6.2638 -5.4935 -4.7285
 -3.9988 -3.3746
 -9.4608 -9.3317 -9.2091 -9.1353 -9.0752 -9.0151 -8.9519 -8.8808 -8.7994 -8.7086
 -8.6071 -8.4912 -8.3537 -8.1872 -7.9903 -7.3972 -6.7026 -5.9417 -5.1657 -4.3978
 -3.6739 -3.0603 -2.5808 -2.2162
 -9.4269 -9.2656 -9.1314 -9.0157 -8.9181 -8.8391 -8.7785 -8.7249 -8.6603 -8.5771
 -8.4759 -8.3555 -8.2094 -8.0285 -7.8101 -7.1587 -6.4400 -5.6839 -4.9088 -4.1393
 -3.4202 -2.8109 -2.3359 -1.9778 -1.7067 -1.4939 -1.3237 -1.1850 -1.0638 -0.9368
 -9.4239 -9.2664 -9.1186 -8.9797 -8.8504 -8.7313 -8.6235 -8.5285 -8.4482 -8.3787
 -8.3017 -8.1973 -8.0573 -7.8782 -7.6539 -6.9675 -6.2367 -5.4934 -4.7286 -3.9631
 -3.2477 -2.6357 -2.1534 -1.7893 -1.5158 -1.3054 -1.1385 -1.0011 -0.8873 -0.7892
 -0.6851
 -9.4360 -9.2848 -9.1368 -8.9906 -8.8453 -8.7018 -8.5615 -8.4263 -8.2979 -8.1778
 -8.0681 -7.9668 -7.8566 -7.7114 -7.5158 -6.8380 -6.0963 -5.3650 -4.6183 -3.8650
 -3.1556 -2.5372 -2.0385 -1.6567 -1.3694 -1.1505 -0.9793 -0.8413 -0.7262 -0.6305
 -0.5509
 -9.4314 -9.2968 -9.1620 -9.0226 -8.8765 -8.7233 -8.5637 -8.3999 -8.2354 -8.0728
 -7.9138 -7.7603 -7.6152 -7.4747 -7.3202 -6.7553 -6.0121 -5.2849 -4.5583 -3.8255
 -3.1260 -2.5028 -1.9839 -1.5765 -1.2664 -1.0305 -0.8482 -0.7032 -0.5850 -0.4862
 -0.4039
 -9.3996 -9.2883 -9.1741 -9.0551 -8.9245 -8.7791 -8.6170 -8.4398 -8.2509 -8.0553
 -7.8579 -7.6618 -7.4691 -7.2826 -7.1035 -6.6349 -5.9908 -5.2635 -4.5552 -3.8486
 -3.1649 -2.5407 -2.0025 -1.5645 -1.2233 -0.9616 -0.7598 -0.6008 -0.4731 -0.3683
 -0.2804
 -9.3419 -9.2506 -9.1591 -9.0629 -8.9583 -8.8369 -8.6921 -8.5206 -8.3244 -8.1092
 -7.8827 -7.6517 -7.4211 -7.1944 -6.9734 -6.4632 -5.9372 -5.2803 -4.5844 -3.9030
 -3.2404 -2.6224 -2.0730 -1.6084 -1.2341 -0.9410 -0.7133 -0.5345 -0.3920 -0.2765
 -0.1810
 -9.2679 -9.1938 -9.1195 -9.0427 -8.9617 -8.8693 -8.7559 -8.6112 -8.4301 -8.2149
 -7.9740 -7.7180 -7.4563 -7.1953 -6.9299 -6.2402 -5.8513 -5.3353 -4.6459
 [Fe/H] = -0.50 [alpha/Fe] = 0.00 BC value = F225W
-10.1569-10.0790-10.0058 -9.9286 -9.8403 -9.7255 -9.5690 -9.3747 -9.1955 -9.0447
 -8.9210 -8.8163 -8.7245 -8.6395 -8.5569 -8.3366 -8.0440 -7.5933 -6.9547
 -9.9626 -9.8758 -9.8015 -9.7313 -9.6569 -9.5662 -9.4406 -9.2847 -9.1302 -8.9909
 -8.8690 -8.7621 -8.6640 -8.5687 -8.4704 -8.1873 -7.7881 -7.2152 -6.5183 -5.7894
 -9.8131 -9.7116 -9.6287 -9.5574 -9.4900 -9.4161 -9.3185 -9.1932 -9.0606 -8.9317
 -8.8116 -8.7001 -8.5929 -8.4829 -8.3644 -8.0069 -7.5117 -6.8554 -6.1258 -5.4018
 -4.6939
 -9.6990 -9.5845 -9.4880 -9.4068 -9.3359 -9.2682 -9.1901 -9.0889 -8.9751 -8.8572
 -8.7394 -8.6232 -8.5050 -8.3786 -8.2373 -7.8034 -7.2323 -6.5281 -5.7836 -5.0589
 -4.3518 -3.7046
 -9.5576 -9.4465 -9.3579 -9.2767 -9.1991 -9.1263 -9.0543 -8.9691 -8.8698 -8.7615
 -8.6468 -8.5264 -8.3976 -8.2544 -8.0908 -7.5877 -6.9647 -6.2431 -5.4954 -4.7674
 -4.0592 -3.4144 -2.8803 -2.4613
 -9.4910 -9.3395 -9.2133 -9.1115 -9.0315 -8.9666 -8.9044 -8.8333 -8.7466 -8.6465
 -8.5350 -8.4120 -8.2747 -8.1179 -7.9358 -7.3783 -6.7244 -6.0068 -5.2664 -4.5363
 -3.8262 -3.1809 -2.6464 -2.2293 -1.9096 -1.6595 -1.4596 -1.2955 -1.1523 -1.0067
 -9.4834 -9.3157 -9.1632 -9.0258 -8.9042 -8.7977 -8.7068 -8.6320 -8.5655 -8.4920
 -8.3991 -8.2835 -8.1459 -7.9830 -7.7899 -7.1957 -6.5240 -5.8207 -5.0970 -4.3700
 -3.6600 -3.0115 -2.4697 -2.0450 -1.7209 -1.4711 -1.2727 -1.1116 -0.9777 -0.8609
 -0.7404
 -9.4989 -9.3295 -9.1678 -9.0128 -8.8653 -8.7260 -8.5960 -8.4763 -8.3677 -8.2707
 -8.1829 -8.0941 -7.9858 -7.8435 -7.6617 -7.0554 -6.3710 -5.6817 -4.9796 -4.2643
 -3.5595 -2.9088 -2.3553 -1.9144 -1.5761 -1.3171 -1.1150 -0.9523 -0.8177 -0.7048
 -0.6090
 -9.5139 -9.3538 -9.1974 -9.0404 -8.8820 -8.7233 -8.5662 -8.4128 -8.2652 -8.1240
 -7.9896 -7.8637 -7.7464 -7.6286 -7.4893 -6.9569 -6.2639 -5.5797 -4.8987 -4.2029
 -3.5093 -2.8599 -2.2950 -1.8337 -1.4742 -1.1981 -0.9846 -0.8152 -0.6771 -0.5619
 -0.4655
 -9.5085 -9.3693 -9.2293 -9.0863 -8.9346 -8.7733 -8.6034 -8.4276 -8.2494 -8.0722
 -7.8977 -7.7271 -7.5623 -7.4059 -7.2573 -6.8416 -6.2164 -5.5305 -4.8650 -4.1937
 -3.5193 -2.8766 -2.3026 -1.8194 -1.4326 -1.1315 -0.8984 -0.7149 -0.5674 -0.4461
 -0.3444
 -9.4739 -9.3551 -9.2388 -9.1175 -8.9884 -8.8440 -8.6810 -8.4996 -8.3038 -8.0991
 -7.8907 -7.6826 -7.4775 -7.2775 -7.0855 -6.6470 -6.1602 -5.5188 -4.8599 -4.2110
 -3.5616 -2.9333 -2.3579 -1.8577 -1.4439 -1.1137 -0.8549 -0.6513 -0.4887 -0.3568
 -0.2475
 -9.4157 -9.3156 -9.2176 -9.1193 -9.0150 -8.8996 -8.7633 -8.5997 -8.4072 -8.1911
 -7.9593 -7.7201 -7.4799 -7.2429 -6.9739 -6.3731 -6.0953 -5.5446 -4.8834
 [Fe/H] = -0.25 [alpha/Fe] = 0.00 BC value = F225W
-10.3894-10.3214-10.2527-10.1717-10.0668 -9.9195 -9.7127 -9.4570 -9.2345 -9.0599
 -8.9227 -8.8119 -8.7186 -8.6356 -8.5568 -8.3545 -8.0924 -7.6912 -7.1164
-10.1702-10.0921-10.0217 -9.9488 -9.8625 -9.7478 -9.5832 -9.3765 -9.1788 -9.0115
 -8.8743 -8.7602 -8.6614 -8.5704 -8.4801 -8.2277 -7.8751 -7.3532 -6.6982 -6.0023
 -9.9913 -9.8973 -9.8187 -9.7470 -9.6725 -9.5825 -9.4569 -9.2916 -9.1190 -8.9603
 -8.8218 -8.7019 -8.5947 -8.4923 -8.3866 -8.0753 -7.6405 -7.0360 -6.3348 -5.6425
 -4.9796
 -9.8538 -9.7403 -9.6463 -9.5666 -9.4935 -9.4171 -9.3213 -9.1906 -9.0430 -8.8957
 -8.7577 -8.6314 -8.5140 -8.3980 -8.2751 -7.9036 -7.4033 -6.7508 -6.0276 -5.3349
 -4.6761 -4.0471
 -9.7248 -9.6117 -9.5073 -9.4142 -9.3315 -9.2548 -9.1740 -9.0702 -8.9452 -8.8112
 -8.6766 -8.5454 -8.4172 -8.2871 -8.1467 -7.7193 -7.1708 -6.4993 -5.7726 -5.0801
 -4.4211 -3.7908 -3.2266 -2.7629
 -9.5834 -9.4466 -9.3403 -9.2559 -9.1791 -9.1012 -9.0223 -8.9344 -8.8276 -8.7067
 -8.5778 -8.4443 -8.3073 -8.1641 -8.0078 -7.5333 -6.9510 -6.2815 -5.5667 -4.8770
 -4.2171 -3.5836 -3.0137 -2.5398 -2.1642 -1.8675 -1.6301 -1.4363 -1.2662 -1.0978
 -9.5447 -9.3748 -9.2257 -9.0986 -8.9919 -8.9032 -8.8293 -8.7610 -8.6809 -8.5809
 -8.4638 -8.3336 -8.1923 -8.0394 -7.8704 -7.3603 -6.7550 -6.0968 -5.4061 -4.7252
 -4.0659 -3.4294 -2.8520 -2.3667 -1.9823 -1.6824 -1.4446 -1.2526 -1.0935 -0.9535
 -0.8134
 -9.5524 -9.3712 -9.2020 -9.0446 -8.9006 -8.7701 -8.6531 -8.5500 -8.4600 -8.3771
 -8.2912 -8.1904 -8.0666 -7.9191 -7.7475 -7.2157 -6.5935 -5.9464 -5.2839 -4.6195
 -3.9657 -3.3293 -2.7443 -2.2452 -1.8449 -1.5331 -1.2899 -1.0943 -0.9343 -0.8006
 -0.6848
 -9.5755 -9.3971 -9.2241 -9.0547 -8.8892 -8.7297 -8.5783 -8.4362 -8.3041 -8.1813
 -8.0671 -7.9616 -7.8591 -7.7470 -7.6084 -7.1028 -6.4680 -5.8246 -5.1859 -4.5437
 -3.9014 -3.2707 -2.6821 -2.1697 -1.7505 -1.4205 -1.1638 -0.9610 -0.7965 -0.6598
 -0.5455
 -9.5951 -9.4304 -9.2680 -9.1037 -8.9347 -8.7618 -8.5878 -8.4161 -8.2496 -8.0892
 -7.9348 -7.7866 -7.6464 -7.5155 -7.3894 -7.0014 -6.3974 -5.7524 -5.1293 -4.5108
 -3.8868 -3.2673 -2.6797 -2.1559 -1.7159 -1.3626 -1.0852 -0.8667 -0.6917 -0.5483
 -0.4284
 -9.5878 -9.4427 -9.3009 -9.1557 -9.0024 -8.8363 -8.6575 -8.4695 -8.2769 -8.0842
 -7.8941 -7.7080 -7.5270 -7.3530 -7.1888 -6.8118 -6.3450 -5.7181 -5.0997 -4.4995
 -3.8982 -3.2965 -2.7174 -2.1886 -1.7313 -1.3536 -1.0511 -0.8111 -0.6197 -0.4647
 -0.3368
 -9.5523 -9.4259 -9.3036 -9.1824 -9.0544 -8.9140 -8.7536 -8.5712 -8.3697 -8.1556
 -7.9356 -7.7153 -7.4980 -7.2861 -7.0066 -6.5340 -6.3108 -5.7217 -5.0971
 [Fe/H] =  0.00 [alpha/Fe] = 0.00 BC value = F225W
-10.6053-10.5554-10.5003-10.4250-10.3090-10.1191 -9.8489 -9.5295 -9.2691 -9.0721
 -8.9242 -8.8088 -8.7150 -8.6342 -8.5619 -8.3879 -8.1786 -7.8589 -7.3676
-10.3755-10.3138-10.2550-10.1864-10.0918 -9.9509 -9.7368 -9.4698 -9.2271 -9.0335
 -8.8832 -8.7640 -8.6661 -8.5810 -8.5016 -8.2967 -8.0215 -7.5907 -6.9963 -6.3213
-10.1769-10.0980-10.0303 -9.9633 -9.8846 -9.7774 -9.6174 -9.4026 -9.1846 -8.9956
 -8.8410 -8.7150 -8.6098 -8.5168 -8.4279 -8.1841 -7.8453 -7.3345 -6.6755 -5.9901
 -5.3367
-10.0153 -9.9146 -9.8314 -9.7583 -9.6856 -9.6004 -9.4829 -9.3161 -9.1276 -8.9482
 -8.7910 -8.6571 -8.5421 -8.4387 -8.3380 -8.0523 -7.6598 -7.1000 -6.4077 -5.7142
 -5.0675 -4.4487
 -9.8616 -9.7686 -9.6661 -9.5784 -9.5002 -9.4222 -9.3310 -9.2045 -9.0474 -8.8832
 -8.7277 -8.5870 -8.4612 -8.3456 -8.2315 -7.9038 -7.4672 -6.8843 -6.1848 -5.4889
 -4.8442 -4.2268 -3.6427 -3.1214
 -9.7205 -9.6129 -9.5183 -9.4264 -9.3378 -9.2535 -9.1699 -9.0702 -8.9421 -8.7965
 -8.6477 -8.5038 -8.3681 -8.2394 -8.1113 -7.7439 -7.2713 -6.6828 -5.9966 -5.3060
 -4.6622 -4.0434 -3.4537 -2.9251 -2.4822 -2.1234 -1.8353 -1.6015 -1.3962 -1.2001
 -9.6200 -9.4630 -9.3346 -9.2327 -9.1503 -9.0763 -9.0005 -8.9177 -8.8147 -8.6895
 -8.5517 -8.4090 -8.2668 -8.1263 -7.9845 -7.5825 -7.0804 -6.4943 -5.8345 -5.1593
 -4.5180 -3.8985 -3.3031 -2.7646 -2.3119 -1.9477 -1.6565 -1.4220 -1.2293 -1.0593
 -0.8955
 -9.6051 -9.4232 -9.2581 -9.1119 -8.9853 -8.8761 -8.7821 -8.7014 -8.6244 -8.5350
 -8.4269 -8.3008 -8.1616 -8.0148 -7.8619 -7.4310 -6.9063 -6.3224 -5.6939 -5.0432
 -4.4090 -3.7908 -3.1923 -2.6449 -2.1793 -1.8036 -1.5062 -1.2678 -1.0727 -0.9115
 -0.7704
 -9.6242 -9.4360 -9.2562 -9.0852 -8.9246 -8.7765 -8.6415 -8.5191 -8.4088 -8.3073
 -8.2100 -8.1125 -8.0065 -7.8838 -7.7406 -7.2963 -6.7542 -6.1691 -5.5644 -4.9423
 -4.3221 -3.7099 -3.1130 -2.5600 -2.0823 -1.6918 -1.3818 -1.1359 -0.9370 -0.7725
 -0.6359
 -9.6574 -9.4746 -9.2969 -9.1200 -8.9437 -8.7700 -8.6025 -8.4441 -8.2955 -8.1561
 -8.0237 -7.8985 -7.7810 -7.6693 -7.5564 -7.1871 -6.6460 -6.0582 -5.4702 -4.8763
 -4.2760 -3.6744 -3.0833 -2.5283 -2.0392 -1.6314 -1.3037 -1.0433 -0.8345 -0.6624
 -0.5216
 -9.6747 -9.5084 -9.3445 -9.1801 -9.0087 -8.8290 -8.6439 -8.4581 -8.2763 -8.1009
 -7.9322 -7.7697 -7.6140 -7.4668 -7.3304 -7.0082 -6.5662 -5.9814 -5.4001 -4.8270
 -4.2498 -3.6656 -3.0862 -2.5347 -2.0387 -1.6150 -1.2675 -0.9881 -0.7639 -0.5823
 -0.4327
 -9.6651 -9.5158 -9.3719 -9.2286 -9.0792 -8.9166 -8.7375 -8.5433 -8.3400 -8.1340
 -7.9302 -7.7313 -7.5384 -7.3527 -7.0626 -6.7596 -6.5148 -5.9387 -5.3541
 [Fe/H] =  0.25 [alpha/Fe] = 0.00 BC value = F225W
-10.7835-10.7585-10.7271-10.6115-10.4170-10.1689 -9.8885 -9.5936 -9.3111 -9.0937
 -8.9332 -8.8108 -8.7137 -8.6333 -8.5619 -8.4038 -8.2277 -7.9702 -7.5301
-10.5552-10.5172-10.4792-10.4253-10.3325-10.1632 -9.8994 -9.5657 -9.2824 -9.0627
 -8.8972 -8.7702 -8.6694 -8.5854 -8.5110 -8.3341 -8.1123 -7.7586 -7.2346 -6.6049
-10.3472-10.2903-10.2413-10.1873-10.1113 -9.9901 -9.7935 -9.5217 -9.2548 -9.0346
 -8.8620 -8.7265 -8.6183 -8.5279 -8.4469 -8.2444 -7.9753 -7.5516 -6.9552 -6.2923
 -5.6448
-10.1681-10.0876-10.0217 -9.9612 -9.8934 -9.8013 -9.6608 -9.4514 -9.2157 -9.0000
 -8.8214 -8.6757 -8.5570 -8.4571 -8.3669 -8.1353 -7.8238 -7.3557 -6.7209 -6.0396
 -5.4032 -4.8072
-10.0235 -9.9175 -9.8297 -9.7547 -9.6844 -9.6059 -9.5025 -9.3487 -9.1521 -8.9510
 -8.7701 -8.6153 -8.4843 -8.3722 -8.2706 -8.0070 -7.6584 -7.1668 -6.5228 -5.8353
 -5.1990 -4.6085 -4.0441 -3.5109
 -9.8856 -9.7756 -9.6723 -9.5790 -9.4948 -9.4146 -9.3279 -9.2135 -9.0582 -8.8797
 -8.7037 -8.5438 -8.4010 -8.2751 -8.1600 -7.8635 -7.4817 -6.9799 -6.3492 -5.6684
 -5.0324 -4.4432 -3.8783 -3.3402 -2.8527 -2.4344 -2.0888 -1.8070 -1.5597 -1.3303
 -9.7087 -9.5842 -9.4849 -9.4041 -9.3237 -9.2393 -9.1521 -9.0572 -8.9353 -8.7838
 -8.6203 -8.4601 -8.3094 -8.1703 -8.0407 -7.7111 -7.3001 -6.7932 -6.1883 -5.5288
 -4.8970 -4.3082 -3.7418 -3.1976 -2.7006 -2.2740 -1.9220 -1.6354 -1.4012 -1.1947
 -1.0018
 -9.6537 -9.4807 -9.3310 -9.2070 -9.1058 -9.0218 -8.9466 -8.8697 -8.7796 -8.6612
 -8.5193 -8.3664 -8.2129 -8.0638 -7.9205 -7.5594 -7.1242 -6.6120 -6.0352 -5.4078
 -4.7879 -4.2013 -3.6342 -3.0856 -2.5796 -2.1415 -1.7810 -1.4885 -1.2497 -1.0535
 -0.8813
 -9.6590 -9.4690 -9.2904 -9.1261 -8.9787 -8.8489 -8.7344 -8.6348 -8.5443 -8.4541
 -8.3516 -8.2340 -8.1005 -7.9553 -7.8045 -7.4147 -6.9593 -6.4390 -5.8818 -5.2891
 -4.6896 -4.1103 -3.5469 -2.9976 -2.4848 -2.0359 -1.6639 -1.3628 -1.1190 -0.9185
 -0.7526
 -9.6945 -9.5031 -9.3166 -9.1344 -8.9580 -8.7909 -8.6359 -8.4936 -8.3635 -8.2433
 -8.1291 -8.0175 -7.9070 -7.7929 -7.6695 -7.2954 -6.8280 -6.3021 -5.7575 -5.1961
 -4.6233 -4.0566 -3.4995 -2.9532 -2.4372 -1.9778 -1.5914 -1.2766 -1.0224 -0.8153
 -0.6434
 -9.7305 -9.5495 -9.3705 -9.1907 -9.0071 -8.8209 -8.6363 -8.4582 -8.2900 -8.1320
 -7.9822 -7.8391 -7.7030 -7.5751 -7.4548 -7.1501 -6.7246 -6.1952 -5.6548 -5.1150
 -4.5691 -4.0206 -3.4749 -2.9368 -2.4226 -1.9567 -1.5570 -1.2263 -0.9577 -0.7397
 -0.5602
 -9.7456 -9.5795 -9.4185 -9.2552 -9.0868 -8.9060 -8.7135 -8.5138 -8.3141 -8.1196
 -7.9326 -7.7536 -7.5822 -7.4191 -7.1604 -6.9788 -6.6491 -6.1183 -5.5737
 [Fe/H] =  0.50 [alpha/Fe] = 0.00 BC value = F225W
-10.9159-10.9772-10.9414-10.8185-10.6174-10.3459-10.0108 -9.6468 -9.3552 -9.1210
 -8.9471 -8.8167 -8.7154 -8.6326 -8.5626 -8.4132 -8.2647 -8.0566 -7.6767
-10.6961-10.6880-10.6751-10.6448-10.5445-10.3470-10.0371 -9.6493 -9.3386 -9.0966
 -8.9160 -8.7804 -8.6750 -8.5897 -8.5172 -8.3585 -8.1792 -7.8948 -7.4406 -6.8702
-10.4874-10.4608-10.4337-10.4009-10.3370-10.2086 -9.9729 -9.6391 -9.3271 -9.0779
 -8.8876 -8.7418 -8.6285 -8.5372 -8.4597 -8.2854 -8.0727 -7.7306 -7.2103 -6.5839
 -5.9598
-10.3000-10.2453-10.2028-10.1617-10.1060-10.0126 -9.8490 -9.5927 -9.3059 -9.0558
 -8.8549 -8.6974 -8.5725 -8.4718 -8.3866 -8.1923 -7.9486 -7.5679 -7.0073 -6.3532
 -5.7241 -5.1407
-10.1411-10.0583 -9.9923 -9.9360 -9.8789 -9.8034 -9.6884 -9.5043 -9.2621 -9.0212
 -8.8144 -8.6450 -8.5065 -8.3930 -8.2969 -8.0784 -7.8055 -7.4019 -6.8301 -6.1661
 -5.5332 -4.9545 -4.4106 -3.8913
-10.0096 -9.9034 -9.8122 -9.7343 -9.6641 -9.5920 -9.5026 -9.3711 -9.1833 -8.9666
 -8.7614 -8.5830 -8.4314 -8.3028 -8.1929 -7.9458 -7.6449 -7.2279 -6.6663 -6.0120
 -5.3774 -4.7996 -4.2597 -3.7420 -3.2465 -2.7885 -2.3880 -2.0494 -1.7544 -1.4862
 -9.8384 -9.7136 -9.6506 -9.5633 -9.4776 -9.3943 -9.3092 -9.2072 -9.0659 -8.8844
 -8.6913 -8.5103 -8.3479 -8.2050 -8.0797 -7.8002 -7.4729 -7.0455 -6.5058 -5.8772
 -5.2494 -4.6716 -4.1319 -3.6142 -3.1142 -2.6489 -2.2396 -1.8945 -1.6096 -1.3590
 -1.1317
 -9.7038 -9.5542 -9.4354 -9.3451 -9.2710 -9.1995 -9.1194 -9.0285 -8.9183 -8.7729
 -8.6010 -8.4251 -8.2578 -8.1038 -7.9632 -7.6493 -7.2979 -6.8613 -6.3434 -5.7513
 -5.1413 -4.5660 -4.0275 -3.5084 -3.0047 -2.5318 -2.1147 -1.7601 -1.4678 -1.2277
 -1.0172
 -9.6839 -9.5012 -9.3344 -9.1884 -9.0652 -8.9618 -8.8740 -8.7952 -8.7141 -8.6124
 -8.4785 -8.3223 -8.1595 -7.9996 -7.8472 -7.4987 -7.1248 -6.6762 -6.1724 -5.6171
 -5.0341 -4.4685 -3.9339 -3.4167 -2.9119 -2.4333 -2.0064 -1.6442 -1.3451 -1.0993
 -0.8967
 -9.7117 -9.5195 -9.3331 -9.1547 -8.9882 -8.8372 -8.7022 -8.5816 -8.4735 -8.3738
 -8.2698 -8.1534 -8.0251 -7.8863 -7.7393 -7.3680 -6.9760 -6.5199 -6.0244 -5.5004
 -4.9512 -4.4028 -3.8747 -3.3611 -2.8572 -2.3747 -1.9396 -1.5664 -1.2575 -1.0037
 -0.7941
 -9.7567 -9.5677 -9.3810 -9.1938 -9.0068 -8.8234 -8.6482 -8.4850 -8.3345 -8.1956
 -8.0648 -7.9386 -7.8145 -7.6924 -7.5700 -7.2442 -6.8495 -6.3881 -5.8942 -5.3897
 -4.8715 -4.3467 -3.8307 -3.3245 -2.8257 -2.3445 -1.9041 -1.5206 -1.1998 -0.9357
 -0.7180
 -9.7904 -9.6153 -9.4408 -9.2647 -9.0811 -8.8894 -8.6924 -8.4962 -8.3069 -8.1278
 -7.9589 -7.7987 -7.6457 -7.5010 -7.3393 -7.1273 -6.7453 -6.2808 -5.7818
 [Fe/H] =  0.75 [alpha/Fe] = 0.00 BC value = F225W
-11.0080-10.9256-10.8009-10.6384-10.4422-10.2157 -9.9619 -9.6837 -9.3963 -9.1522
 -8.9656 -8.8261 -8.7191 -8.6340 -8.5624 -8.4168 -8.2903 -8.1176 -7.8074
-10.7974-10.8148-10.8347-10.8316-10.7123-10.4691-10.1179 -9.7120 -9.3933 -9.1355
 -8.9405 -8.7946 -8.6831 -8.5946 -8.5216 -8.3728 -8.2227 -7.9961 -7.6206 -7.1046
-10.5912-10.6072-10.5950-10.5886-10.5445-10.4172-10.1394 -9.7386 -9.3970 -9.1256
 -8.9181 -8.7615 -8.6411 -8.5465 -8.4691 -8.3108 -8.1402 -7.8687 -7.4256 -6.8486
 -6.2466
-10.3995-10.3739-10.3593-10.3436-10.3074-10.2203-10.0391 -9.7319 -9.3951 -9.1150
 -8.8934 -8.7232 -8.5903 -8.4858 -8.4010 -8.2287 -8.0375 -7.7352 -7.2537 -6.6411
 -6.0291 -5.4505
-10.2326-10.1777-10.1384-10.1060-10.0683-10.0022 -9.8797 -9.6638 -9.3725 -9.0939
 -8.8628 -8.6780 -8.5304 -8.4120 -8.3163 -8.1243 -7.9124 -7.5904 -7.0961 -6.4714
 -5.8460 -5.2728 -4.7395 -4.2341
-10.0938-10.0090 -9.9413 -9.8862 -9.8351 -9.7752 -9.6861 -9.5374 -9.3135 -9.0560
 -8.8210 -8.6247 -8.4624 -8.3279 -8.2176 -7.9992 -7.7654 -7.4297 -6.9420 -6.3275
 -5.7005 -5.1255 -4.5961 -4.0969 -3.6174 -3.1527 -2.7195 -2.3308 -1.9805 -1.6687
 -9.9545 -9.8617 -9.7756 -9.6962 -9.6243 -9.5549 -9.4767 -9.3684 -9.2056 -8.9896
 -8.7640 -8.5607 -8.3857 -8.2365 -8.1096 -7.8583 -7.6015 -7.2537 -6.7822 -6.1963
 -5.5785 -5.0030 -4.4745 -3.9779 -3.5004 -3.0350 -2.5935 -2.1970 -1.8557 -1.5542
 -1.2870
 -9.7626 -9.6586 -9.5745 -9.5054 -9.4368 -9.3580 -9.2732 -9.1792 -9.0564 -8.8876
 -8.6852 -8.4843 -8.3028 -8.1404 -7.9974 -7.7088 -7.4283 -7.0690 -6.6139 -6.0652
 -5.4710 -4.8996 -4.3718 -3.8764 -3.3995 -2.9324 -2.4852 -2.0792 -1.7300 -1.4373
 -1.1816
 -9.7016 -9.5366 -9.3950 -9.2790 -9.1889 -9.1168 -9.0495 -8.9727 -8.8766 -8.7471
 -8.5784 -8.3908 -8.2078 -8.0380 -7.8827 -7.5556 -7.2498 -6.8777 -6.4308 -5.9176
 -5.3562 -4.7977 -4.2738 -3.7810 -3.3063 -2.8391 -2.3888 -1.9768 -1.6190 -1.3194
 -1.0714
 -9.7131 -9.5281 -9.3507 -9.1862 -9.0400 -8.9140 -8.8058 -8.7123 -8.6276 -8.5391
 -8.4245 -8.2751 -8.1080 -7.9400 -7.7781 -7.4177 -7.0875 -6.7068 -6.2655 -5.7815
 -5.2587 -4.7231 -4.2072 -3.7176 -3.2446 -2.7785 -2.3263 -1.9085 -1.5428 -1.2340
 -0.9786
 -9.7553 -9.5683 -9.3812 -9.1955 -9.0143 -8.8431 -8.6859 -8.5437 -8.4152 -8.2984
 -8.1875 -8.0699 -7.9402 -7.8014 -7.6572 -7.2943 -6.9422 -6.5537 -6.1137 -5.6466
 -5.1569 -4.6506 -4.1499 -3.6672 -3.1987 -2.7362 -2.2861 -1.8656 -1.4930 -1.1761
 -0.9121
 -9.8018 -9.6237 -9.4436 -9.2597 -9.0697 -8.8762 -8.6840 -8.4993 -8.3262 -8.1659
 -8.0164 -7.8746 -7.7374 -7.6027 -7.5200 -7.1854 -6.8139 -6.4184 -5.9754
 [Fe/H] =  1.00 [alpha/Fe] = 0.00 BC value = F225W
-11.0720-10.9914-10.8669-10.7032-10.5044-10.2742-10.0156 -9.7315 -9.4380 -9.1873
 -8.9876 -8.8381 -8.7247 -8.6354 -8.5622 -8.4187 -8.3047 -8.1549 -7.9223
-10.8666-11.2890-11.4604-11.4066-11.1501-10.7108-10.1726 -9.7705 -9.4487 -9.1792
 -8.9691 -8.8123 -8.6932 -8.6002 -8.5249 -8.3803 -8.2484 -8.0608 -7.7519 -7.2960
-10.6595-10.9465-10.7223-10.7428-10.7217-10.6031-10.2558 -9.8136 -9.4653 -9.1774
 -8.9539 -8.7851 -8.6563 -8.5563 -8.4765 -8.3248 -8.1823 -7.9667 -7.5942 -7.0753
 -6.4992
-10.4637-10.4690-10.4842-10.4962-10.4837-10.4104-10.2171 -9.8537 -9.4811 -9.1770
 -8.9376 -8.7537 -8.6110 -8.5002 -8.4127 -8.2497 -8.0951 -7.8584 -7.4518 -6.8942
 -6.2930 -5.7297
-10.2910-10.2664-10.2565-10.2520-10.2388-10.1881-10.0644 -9.8197 -9.4804 -9.1687
 -8.9152 -8.7152 -8.5574 -8.4319 -8.3326 -8.1518 -7.9836 -7.7330 -7.3151 -6.7394
 -6.1274 -5.5604 -5.0356 -4.5377
-10.1451-10.0884-10.0489-10.0206 -9.9935 -9.9512 -9.8676 -9.7045 -9.4431 -9.1460
 -8.8843 -8.6698 -8.4958 -8.3537 -8.2389 -8.0318 -7.8474 -7.5861 -7.1731 -6.6070
 -5.9930 -5.4208 -4.8962 -4.4063 -3.9404 -3.4911 -3.0539 -2.6313 -2.2339 -1.8764
-10.0215 -9.9390 -9.8702 -9.8133 -9.7644 -9.7140 -9.6461 -9.5344 -9.3490 -9.0960
 -8.8385 -8.6146 -8.4258 -8.2684 -8.1362 -7.8944 -7.6900 -7.4184 -7.0178 -6.4799
 -5.8783 -5.3040 -4.7803 -4.2924 -3.8287 -3.3822 -2.9473 -2.5252 -2.1342 -1.7796
 -1.4685
 -9.8375 -9.7722 -9.7046 -9.6353 -9.5657 -9.4963 -9.4232 -9.3336 -9.2009 -9.0072
 -8.7725 -8.5458 -8.3480 -8.1772 -8.0286 -7.7471 -7.5182 -7.2362 -6.8475 -6.3465
 -5.7729 -5.2057 -4.6802 -4.1939 -3.7357 -3.2925 -2.8520 -2.4259 -2.0309 -1.6825
 -1.3757
 -9.7143 -9.5793 -9.4756 -9.3989 -9.3417 -9.2843 -9.2133 -9.1261 -9.0181 -8.8703
 -8.6752 -8.4598 -8.2574 -8.0769 -7.9163 -7.5938 -7.3363 -7.0407 -6.6581 -6.1890
 -5.6530 -5.1023 -4.5816 -4.0972 -3.6419 -3.2016 -2.7655 -2.3355 -1.9339 -1.5806
 -1.2800
 -9.7017 -9.5316 -9.3727 -9.2328 -9.1166 -9.0227 -8.9465 -8.8785 -8.8032 -8.7017
 -8.5530 -8.3635 -8.1658 -7.9804 -7.8106 -7.4525 -7.1641 -6.8577 -6.4797 -6.0381
 -5.5435 -5.0213 -4.5112 -4.0303 -3.5767 -3.1379 -2.7038 -2.2753 -1.8697 -1.5109
 -1.2003
 -9.7338 -9.5547 -9.3754 -9.1998 -9.0341 -8.8840 -8.7517 -8.6358 -8.5341 -8.4411
 -8.3438 -8.2165 -8.0526 -7.8767 -7.7054 -7.3243 -7.0054 -6.6860 -6.3099 -5.8842
 -5.4233 -4.9354 -4.4447 -3.9719 -3.5220 -3.0865 -2.6566 -2.2313 -1.8259 -1.4601
 -1.1443
 -9.7831 -9.6082 -9.4296 -9.2455 -9.0579 -8.8718 -8.6934 -8.5274 -8.3757 -8.2371
 -8.1095 -7.9874 -7.8579 -7.7161 -7.6007 -7.2092 -6.8602 -6.5256 -6.1487
