 [Fe/H] = -2.50 [alpha/Fe] = 0.00 BC value = F555W
 -2.8063 -2.2286 -1.9105 -1.8616 -2.0928 -2.4212 -2.7041 -2.5567 -2.4113 -2.2556
 -2.0897 -1.9546 -1.7746 -1.5956 -1.4266 -1.0558 -0.7364 -0.5029 -0.3169
 -3.4118 -3.0649 -2.8119 -2.6434 -2.5319 -2.4283 -2.3164 -2.2005 -2.0837 -1.9644
 -1.8316 -1.6810 -1.5203 -1.3637 -1.2175 -0.8967 -0.6395 -0.4443 -0.3015 -0.1942
 -3.1892 -2.8624 -2.6037 -2.4009 -2.2465 -2.1364 -2.0578 -1.9738 -1.8682 -1.7480
 -1.6273 -1.5015 -1.3630 -1.2230 -1.0923 -0.8132 -0.5915 -0.4221 -0.2963 -0.2000
 -0.1230
 -3.0145 -2.7196 -2.4765 -2.2743 -2.1061 -1.9677 -1.8548 -1.7642 -1.6836 -1.5892
 -1.4760 -1.3611 -1.2423 -1.1186 -1.0003 -0.7497 -0.5556 -0.4077 -0.2965 -0.2097
 -0.1390 -0.0790
 -2.8483 -2.5897 -2.3703 -2.1807 -2.0152 -1.8708 -1.7455 -1.6362 -1.5394 -1.4504
 -1.3589 -1.2578 -1.1531 -1.0427 -0.9350 -0.7047 -0.5290 -0.3974 -0.2989 -0.2210
 -0.1564 -0.1008 -0.0516 -0.0060
 -2.6831 -2.4588 -2.2655 -2.0940 -1.9393 -1.7992 -1.6725 -1.5583 -1.4549 -1.3589
 -1.2671 -1.1760 -1.0850 -0.9892 -0.8916 -0.6747 -0.5100 -0.3887 -0.3001 -0.2309
 -0.1729 -0.1224 -0.0772 -0.0358  0.0040  0.0404  0.0709  0.0937  0.1072  0.1107
 -2.5267 -2.3274 -2.1577 -2.0053 -1.8649 -1.7343 -1.6128 -1.5001 -1.3961 -1.2994
 -1.2077 -1.1187 -1.0321 -0.9463 -0.8596 -0.6577 -0.4978 -0.3810 -0.2981 -0.2364
 -0.1858 -0.1414 -0.1012 -0.0640 -0.0289  0.0056  0.0371  0.0630  0.0809  0.0891
  0.0861
 -2.3816 -2.2023 -2.0494 -1.9129 -1.7872 -1.6684 -1.5551 -1.4481 -1.3475 -1.2525
 -1.1631 -1.0774 -0.9943 -0.9132 -0.8331 -0.6466 -0.4921 -0.3757 -0.2939 -0.2364
 -0.1924 -0.1549 -0.1210 -0.0893 -0.0588 -0.0294  0.0004  0.0278  0.0493  0.0620
  0.0643
 -2.2507 -2.0877 -1.9442 -1.8184 -1.7042 -1.5964 -1.4929 -1.3934 -1.2985 -1.2080
 -1.1220 -1.0399 -0.9611 -0.8846 -0.8093 -0.6342 -0.4868 -0.3722 -0.2891 -0.2320
 -0.1917 -0.1606 -0.1338 -0.1088 -0.0843 -0.0600 -0.0360 -0.0142  0.0051  0.0222
  0.0372
 -2.1341 -1.9836 -1.8509 -1.7295 -1.6214 -1.5223 -1.4279 -1.3366 -1.2486 -1.1640
 -1.0828 -1.0052 -0.9306 -0.8588 -0.7888 -0.6237 -0.4825 -0.3701 -0.2864 -0.2274
 -0.1873 -0.1597 -0.1389 -0.1210 -0.1036 -0.0858 -0.0675 -0.0490 -0.0352 -0.0176
  0.0022
 -2.0317 -1.8900 -1.7695 -1.6498 -1.5425 -1.4466 -1.3584 -1.2746 -1.1936 -1.1154
 -1.0401 -0.9678 -0.8981 -0.8309 -0.7659 -0.6121 -0.4767 -0.3670 -0.2835 -0.2232
 -0.1819 -0.1546 -0.1369 -0.1247 -0.1143 -0.1038 -0.0925 -0.0801 -0.0668 -0.0536
 -0.0413
 -1.9434 -1.8069 -1.7000 -1.5796 -1.4707 -1.3740 -1.2874 -1.2079 -1.1329 -1.0611
 -0.9919 -0.9253 -0.8612 -0.7993 -0.7406 -0.5994 -0.4694 -0.3629 -0.2804
 [Fe/H] = -2.00 [alpha/Fe] = 0.00 BC value = F555W
 -4.1344 -3.5576 -3.1271 -2.8421 -2.7016 -2.6375 -2.5955 -2.4361 -2.2790 -2.1179
 -1.9493 -1.7885 -1.6149 -1.4508 -1.2994 -0.9723 -0.6979 -0.4832 -0.3118
 -3.8025 -3.3895 -3.0909 -2.8390 -2.6209 -2.4373 -2.2813 -2.1426 -2.0109 -1.8780
 -1.7378 -1.5870 -1.4310 -1.2820 -1.1452 -0.8555 -0.6221 -0.4367 -0.2959 -0.1870
 -3.4864 -3.0486 -2.7197 -2.4815 -2.3213 -2.1971 -2.0697 -1.9396 -1.8145 -1.6948
 -1.5747 -1.4473 -1.3090 -1.1711 -1.0437 -0.7793 -0.5742 -0.4131 -0.2892 -0.1932
 -0.1160
 -3.3163 -2.8946 -2.5666 -2.3140 -2.1210 -1.9754 -1.8715 -1.7887 -1.6907 -1.5744
 -1.4565 -1.3416 -1.2220 -1.0962 -0.9775 -0.7278 -0.5410 -0.3977 -0.2878 -0.2014
 -0.1307 -0.0706
 -3.1976 -2.8030 -2.4898 -2.2408 -2.0415 -1.8814 -1.7516 -1.6455 -1.5600 -1.4793
 -1.3800 -1.2699 -1.1587 -1.0450 -0.9328 -0.6949 -0.5188 -0.3874 -0.2885 -0.2110
 -0.1466 -0.0911 -0.0421  0.0018
 -3.0913 -2.7291 -2.4364 -2.1983 -2.0017 -1.8373 -1.6986 -1.5801 -1.4763 -1.3839
 -1.2993 -1.2106 -1.1135 -1.0094 -0.9040 -0.6748 -0.5042 -0.3796 -0.2886 -0.2192
 -0.1617 -0.1115 -0.0666 -0.0257  0.0119  0.0461  0.0760  0.1000  0.1139  0.1170
 -2.9883 -2.6574 -2.3870 -2.1627 -1.9731 -1.8103 -1.6688 -1.5448 -1.4346 -1.3343
 -1.2408 -1.1523 -1.0670 -0.9782 -0.8838 -0.6629 -0.4947 -0.3729 -0.2863 -0.2235
 -0.1732 -0.1293 -0.0896 -0.0528 -0.0184  0.0138  0.0431  0.0687  0.0881  0.0959
  0.0926
 -2.8909 -2.5873 -2.3371 -2.1264 -1.9454 -1.7869 -1.6465 -1.5207 -1.4075 -1.3044
 -1.2082 -1.1170 -1.0305 -0.9464 -0.8624 -0.6574 -0.4896 -0.3676 -0.2821 -0.2228
 -0.1788 -0.1419 -0.1085 -0.0773 -0.0474 -0.0187  0.0084  0.0333  0.0552  0.0691
  0.0709
 -2.8012 -2.5197 -2.2848 -2.0859 -1.9134 -1.7604 -1.6226 -1.4975 -1.3836 -1.2794
 -1.1828 -1.0920 -1.0053 -0.9221 -0.8410 -0.6497 -0.4869 -0.3634 -0.2765 -0.2177
 -0.1775 -0.1469 -0.1206 -0.0960 -0.0721 -0.0484 -0.0253 -0.0031  0.0173  0.0342
  0.0441
 -2.7303 -2.4667 -2.2416 -2.0495 -1.8826 -1.7341 -1.5993 -1.4758 -1.3624 -1.2581
 -1.1617 -1.0719 -0.9870 -0.9057 -0.8270 -0.6433 -0.4862 -0.3628 -0.2734 -0.2125
 -0.1726 -0.1455 -0.1253 -0.1078 -0.0909 -0.0737 -0.0562 -0.0385 -0.0212 -0.0053
  0.0096
 -2.6749 -2.4262 -2.2074 -2.0184 -1.8534 -1.7071 -1.5744 -1.4524 -1.3399 -1.2359
 -1.1399 -1.0510 -0.9679 -0.8891 -0.8135 -0.6368 -0.4842 -0.3622 -0.2713 -0.2079
 -0.1663 -0.1398 -0.1229 -0.1112 -0.1014 -0.0914 -0.0808 -0.0692 -0.0568 -0.0446
 -0.0333
 -2.6307 -2.3954 -2.1844 -1.9960 -1.8298 -1.6824 -1.5498 -1.4283 -1.3162 -1.2125
 -1.1166 -1.0282 -0.9454 -0.8686 -0.8005 -0.6302 -0.4809 -0.3616 -0.2702
 [Fe/H] = -1.50 [alpha/Fe] = 0.00 BC value = F555W
 -5.2467 -4.6994 -4.2238 -3.8120 -3.4545 -3.1341 -2.8346 -2.5487 -2.2914 -2.0645
 -1.8594 -1.6702 -1.4950 -1.3380 -1.1971 -0.9006 -0.6598 -0.4627 -0.3033
 -4.7972 -4.2551 -3.7815 -3.3782 -3.0382 -2.7487 -2.4936 -2.2601 -2.0505 -1.8625
 -1.6883 -1.5212 -1.3609 -1.2132 -1.0805 -0.8074 -0.5949 -0.4235 -0.2868 -0.1798
 -4.2482 -3.7548 -3.3720 -3.0421 -2.7454 -2.4860 -2.2594 -2.0577 -1.8774 -1.7153
 -1.5650 -1.4189 -1.2731 -1.1334 -1.0062 -0.7466 -0.5516 -0.3990 -0.2782 -0.1826
 -0.1051
 -3.9378 -3.4034 -2.9868 -2.6693 -2.4338 -2.2562 -2.0885 -1.9191 -1.7571 -1.6088
 -1.4729 -1.3441 -1.2146 -1.0844 -0.9619 -0.7100 -0.5248 -0.3841 -0.2749 -0.1886
 -0.1180 -0.0579
 -3.7890 -3.2470 -2.8194 -2.4878 -2.2305 -2.0342 -1.8871 -1.7712 -1.6649 -1.5421
 -1.4129 -1.2896 -1.1719 -1.0534 -0.9366 -0.6897 -0.5090 -0.3754 -0.2743 -0.1958
 -0.1316 -0.0765 -0.0279  0.0154
 -3.7119 -3.1767 -2.7500 -2.4160 -2.1546 -1.9480 -1.7828 -1.6486 -1.5397 -1.4514
 -1.3615 -1.2557 -1.1430 -1.0314 -0.9216 -0.6795 -0.5001 -0.3699 -0.2741 -0.2020
 -0.1443 -0.0948 -0.0505 -0.0104  0.0263  0.0599  0.0887  0.1105  0.1238  0.1271
 -3.6563 -3.1401 -2.7220 -2.3909 -2.1285 -1.9177 -1.7458 -1.6031 -1.4821 -1.3768
 -1.2851 -1.2018 -1.1135 -1.0150 -0.9116 -0.6752 -0.4953 -0.3658 -0.2727 -0.2052
 -0.1538 -0.1105 -0.0716 -0.0358 -0.0024  0.0286  0.0564  0.0805  0.0987  0.1061
  0.1028
 -3.6005 -3.1120 -2.7096 -2.3851 -2.1245 -1.9121 -1.7363 -1.5876 -1.4598 -1.3475
 -1.2462 -1.1533 -1.0685 -0.9860 -0.8982 -0.6741 -0.4933 -0.3625 -0.2698 -0.2047
 -0.1582 -0.1215 -0.0889 -0.0586 -0.0299 -0.0024  0.0230  0.0464  0.0668  0.0797
  0.0812
 -3.5358 -3.0809 -2.6988 -2.3843 -2.1270 -1.9147 -1.7364 -1.5838 -1.4510 -1.3336
 -1.2278 -1.1304 -1.0396 -0.9550 -0.8738 -0.6713 -0.4920 -0.3587 -0.2649 -0.2003
 -0.1567 -0.1255 -0.0998 -0.0761 -0.0533 -0.0309 -0.0092  0.0115  0.0303  0.0447
  0.0546
 -3.4758 -3.0597 -2.6995 -2.3951 -2.1406 -1.9272 -1.7459 -1.5895 -1.4525 -1.3308
 -1.2213 -1.1212 -1.0282 -0.9408 -0.8582 -0.6669 -0.4952 -0.3587 -0.2617 -0.1953
 -0.1518 -0.1237 -0.1037 -0.0869 -0.0710 -0.0550 -0.0388 -0.0226 -0.0068  0.0074
  0.0208
 -3.4204 -3.0403 -2.7039 -2.4120 -2.1613 -1.9464 -1.7611 -1.5999 -1.4582 -1.3323
 -1.2192 -1.1165 -1.0220 -0.9338 -0.8507 -0.6615 -0.4967 -0.3609 -0.2600 -0.1906
 -0.1454 -0.1176 -0.1008 -0.0898 -0.0808 -0.0719 -0.0625 -0.0522 -0.0413 -0.0305
 -0.0207
 -3.3751 -3.0241 -2.7108 -2.4324 -2.1879 -1.9727 -1.7834 -1.6164 -1.4685 -1.3372
 -1.2197 -1.1138 -1.0141 -0.9254 -0.8513 -0.6551 -0.4965 -0.3653 -0.2598
 [Fe/H] = -1.00 [alpha/Fe] = 0.00 BC value = F555W
 -6.1433 -5.6540 -5.2007 -4.7712 -4.3515 -3.9112 -3.4214 -2.8945 -2.4485 -2.0954
 -1.8200 -1.5996 -1.4148 -1.2572 -1.1198 -0.8406 -0.6221 -0.4415 -0.2913
 -5.7602 -5.2194 -4.7258 -4.2749 -3.8575 -3.4541 -3.0295 -2.6062 -2.2399 -1.9385
 -1.6930 -1.4897 -1.3164 -1.1655 -1.0329 -0.7658 -0.5646 -0.4045 -0.2734 -0.1670
 -5.4326 -4.8878 -4.3819 -3.9210 -3.5056 -3.1286 -2.7652 -2.4111 -2.0982 -1.8334
 -1.6114 -1.4228 -1.2581 -1.1121 -0.9825 -0.7213 -0.5293 -0.3814 -0.2630 -0.1672
 -0.0891
 -4.9202 -4.4214 -3.9984 -3.6075 -3.2342 -2.8865 -2.5656 -2.2638 -1.9916 -1.7555
 -1.5537 -1.3793 -1.2241 -1.0834 -0.9564 -0.6978 -0.5093 -0.3683 -0.2582 -0.1703
 -0.0990 -0.0389
 -4.5825 -4.0240 -3.5572 -3.1733 -2.8645 -2.6142 -2.3775 -2.1359 -1.9035 -1.6934
 -1.5086 -1.3468 -1.2021 -1.0686 -0.9448 -0.6875 -0.4994 -0.3615 -0.2567 -0.1748
 -0.1094 -0.0544 -0.0065  0.0359
 -4.4382 -3.8227 -3.3146 -2.9075 -2.5821 -2.3207 -2.1092 -1.9353 -1.7841 -1.6303
 -1.4725 -1.3222 -1.1852 -1.0594 -0.9408 -0.6855 -0.4956 -0.3582 -0.2565 -0.1791
 -0.1189 -0.0693 -0.0260  0.0130  0.0481  0.0793  0.1061  0.1264  0.1383  0.1413
 -4.4015 -3.7614 -3.2260 -2.7956 -2.4553 -2.1845 -1.9651 -1.7835 -1.6320 -1.5076
 -1.4011 -1.2914 -1.1724 -1.0529 -0.9393 -0.6880 -0.4958 -0.3568 -0.2562 -0.1819
 -0.1261 -0.0819 -0.0439 -0.0095  0.0222  0.0512  0.0769  0.0986  0.1146  0.1211
  0.1177
 -4.4012 -3.7602 -3.2121 -2.7651 -2.4100 -2.1295 -1.9044 -1.7199 -1.5650 -1.4330
 -1.3194 -1.2220 -1.1330 -1.0386 -0.9373 -0.6929 -0.4986 -0.3566 -0.2552 -0.1823
 -0.1297 -0.0905 -0.0584 -0.0295 -0.0026  0.0228  0.0460  0.0669  0.0841  0.0957
  0.0966
 -4.3881 -3.7676 -3.2241 -2.7721 -2.4078 -2.1182 -1.8859 -1.6960 -1.5373 -1.4018
 -1.2834 -1.1783 -1.0843 -0.9992 -0.9161 -0.6960 -0.5012 -0.3558 -0.2522 -0.1795
 -0.1288 -0.0935 -0.0671 -0.0447 -0.0236 -0.0032  0.0161  0.0343  0.0504  0.0625
  0.0704
 -4.3628 -3.7812 -3.2553 -2.8092 -2.4405 -2.1411 -1.9003 -1.7030 -1.5380 -1.3970
 -1.2739 -1.1645 -1.0655 -0.9750 -0.8915 -0.6953 -0.5078 -0.3584 -0.2510 -0.1762
 -0.1255 -0.0922 -0.0703 -0.0540 -0.0396 -0.0254 -0.0115  0.0024  0.0156  0.0271
  0.0360
 -4.3185 -3.7825 -3.2892 -2.8581 -2.4907 -2.1863 -1.9361 -1.7294 -1.5562 -1.4082
 -1.2791 -1.1647 -1.0617 -0.9677 -0.8808 -0.6882 -0.5137 -0.3632 -0.2510 -0.1728
 -0.1204 -0.0872 -0.0678 -0.0563 -0.0482 -0.0409 -0.0335 -0.0254 -0.0169 -0.0087
 -0.0015
 -4.2647 -3.7736 -3.3197 -2.9122 -2.5557 -2.2500 -1.9913 -1.7734 -1.5894 -1.4321
 -1.2955 -1.1750 -1.0672 -0.9696 -0.8840 -0.6747 -0.5189 -0.3702 -0.2522
 [Fe/H] = -0.75 [alpha/Fe] = 0.00 BC value = F555W
 -6.5107 -6.0611 -5.6442 -5.2468 -4.8540 -4.4050 -3.8382 -3.1660 -2.5896 -2.1492
 -1.8251 -1.5822 -1.3896 -1.2288 -1.0905 -0.8150 -0.6034 -0.4306 -0.2840
 -6.1391 -5.6374 -5.1783 -4.7532 -4.3476 -3.9255 -3.4219 -2.8780 -2.3993 -2.0163
 -1.7201 -1.4908 -1.3062 -1.1512 -1.0170 -0.7499 -0.5511 -0.3941 -0.2662 -0.1601
 -5.8704 -5.3348 -4.8416 -4.3881 -3.9706 -3.5700 -3.1394 -2.6864 -2.2768 -1.9351
 -1.6602 -1.4405 -1.2609 -1.1088 -0.9767 -0.7127 -0.5201 -0.3732 -0.2554 -0.1591
 -0.0802
 -5.4956 -5.0147 -4.5487 -4.1039 -3.6859 -3.2970 -2.9214 -2.5385 -2.1835 -1.8773
 -1.6224 -1.4129 -1.2382 -1.0888 -0.9579 -0.6946 -0.5033 -0.3612 -0.2503 -0.1611
 -0.0886 -0.0280
 -5.1266 -4.5677 -4.0739 -3.7136 -3.3847 -3.0582 -2.7303 -2.4071 -2.1007 -1.8276
 -1.5932 -1.3952 -1.2271 -1.0812 -0.9520 -0.6885 -0.4959 -0.3553 -0.2486 -0.1646
 -0.0975 -0.0418  0.0062  0.0483
 -4.8485 -4.1931 -3.7003 -3.2987 -2.9684 -2.6912 -2.4536 -2.2287 -1.9991 -1.7725
 -1.5639 -1.3800 -1.2199 -1.0792 -0.9528 -0.6898 -0.4944 -0.3530 -0.2484 -0.1682
 -0.1056 -0.0549 -0.0114  0.0272  0.0616  0.0923  0.1179  0.1368  0.1480  0.1505
 -4.7139 -4.0755 -3.5332 -3.0891 -2.7312 -2.4390 -2.1944 -1.9843 -1.8052 -1.6522
 -1.5071 -1.3584 -1.2127 -1.0784 -0.9561 -0.6953 -0.4970 -0.3529 -0.2486 -0.1708
 -0.1118 -0.0658 -0.0274  0.0066  0.0375  0.0655  0.0900  0.1105  0.1252  0.1310
  0.1276
 -4.7283 -4.0665 -3.4898 -3.0116 -2.6262 -2.3179 -2.0675 -1.8583 -1.6795 -1.5263
 -1.3975 -1.2883 -1.1833 -1.0721 -0.9587 -0.7030 -0.5021 -0.3543 -0.2485 -0.1716
 -0.1153 -0.0733 -0.0402 -0.0117  0.0146  0.0389  0.0610  0.0803  0.0962  0.1064
  0.1069
 -4.7522 -4.0918 -3.5032 -3.0034 -2.5961 -2.2708 -2.0103 -1.7977 -1.6199 -1.4679
 -1.3362 -1.2218 -1.1227 -1.0334 -0.9436 -0.7090 -0.5072 -0.3556 -0.2469 -0.1697
 -0.1148 -0.0761 -0.0479 -0.0253 -0.0049  0.0145  0.0326  0.0494  0.0640  0.0754
  0.0813
 -4.7612 -4.1318 -3.5485 -3.0427 -2.6211 -2.2799 -2.0070 -1.7853 -1.6026 -1.4481
 -1.3147 -1.1974 -1.0930 -0.9995 -0.9147 -0.7117 -0.5159 -0.3603 -0.2474 -0.1678
 -0.1126 -0.0755 -0.0509 -0.0337 -0.0196 -0.0063  0.0065  0.0190  0.0307  0.0407
  0.0480
 -4.7426 -4.1507 -3.5983 -3.1010 -2.6764 -2.3245 -2.0382 -1.8050 -1.6132 -1.4521
 -1.3137 -1.1926 -1.0847 -0.9874 -0.8987 -0.7043 -0.5240 -0.3668 -0.2491 -0.1657
 -0.1088 -0.0716 -0.0490 -0.0359 -0.0276 -0.0208 -0.0143 -0.0074 -0.0003  0.0064
  0.0119
 -4.7081 -4.1581 -3.6400 -3.1664 -2.7507 -2.3952 -2.0980 -1.8517 -1.6475 -1.4762
 -1.3298 -1.2023 -1.0895 -0.9883 -0.8956 -0.6868 -0.5315 -0.3751 -0.2520
 [Fe/H] = -0.50 [alpha/Fe] = 0.00 BC value = F555W
 -6.7849 -6.3737 -5.9959 -5.6422 -5.3079 -4.8911 -4.2836 -3.4840 -2.7686 -2.2307
 -1.8532 -1.5813 -1.3754 -1.2094 -1.0695 -0.7938 -0.5866 -0.4192 -0.2773
 -6.4248 -5.9647 -5.5481 -5.1678 -4.8059 -4.4065 -3.8618 -3.2051 -2.6009 -2.1220
 -1.7672 -1.5061 -1.3059 -1.1441 -1.0071 -0.7377 -0.5396 -0.3855 -0.2588 -0.1528
 -6.1817 -5.6794 -5.2214 -4.8055 -4.4214 -4.0354 -3.5677 -3.0198 -2.5008 -2.0665
 -1.7286 -1.4716 -1.2727 -1.1116 -0.9753 -0.7071 -0.5124 -0.3654 -0.2478 -0.1508
 -0.0708
 -5.9451 -5.4415 -4.9676 -4.5277 -4.1208 -3.7362 -3.3325 -2.8726 -2.4239 -2.0320
 -1.7122 -1.4601 -1.2610 -1.0995 -0.9630 -0.6935 -0.4985 -0.3545 -0.2425 -0.1518
 -0.0777 -0.0162
 -5.4671 -5.0276 -4.6328 -4.2497 -3.8682 -3.4925 -3.1244 -2.7373 -2.3508 -2.0003
 -1.7024 -1.4586 -1.2613 -1.0993 -0.9623 -0.6910 -0.4933 -0.3495 -0.2406 -0.1544
 -0.0851 -0.0282  0.0201  0.0622
 -5.1033 -4.5740 -4.1366 -3.7752 -3.4656 -3.1817 -2.8932 -2.5827 -2.2627 -1.9588
 -1.6884 -1.4581 -1.2657 -1.1051 -0.9680 -0.6952 -0.4940 -0.3481 -0.2406 -0.1575
 -0.0921 -0.0395  0.0046  0.0431  0.0771  0.1066  0.1310  0.1492  0.1594  0.1612
 -4.9662 -4.3666 -3.8565 -3.4355 -3.0894 -2.7963 -2.5383 -2.3027 -2.0805 -1.8641
 -1.6501 -1.4482 -1.2684 -1.1121 -0.9765 -0.7034 -0.4987 -0.3493 -0.2412 -0.1600
 -0.0976 -0.0489 -0.0094  0.0247  0.0551  0.0821  0.1055  0.1246  0.1379  0.1428
  0.1389
 -4.9661 -4.3217 -3.7569 -3.2823 -2.8946 -2.5771 -2.3101 -2.0764 -1.8674 -1.6849
 -1.5295 -1.3899 -1.2518 -1.1143 -0.9849 -0.7137 -0.5061 -0.3526 -0.2420 -0.1612
 -0.1010 -0.0556 -0.0206  0.0085  0.0342  0.0576  0.0783  0.0963  0.1109  0.1193
  0.1190
 -5.0178 -4.3531 -3.7560 -3.2419 -2.8164 -2.4711 -2.1900 -1.9554 -1.7537 -1.5773
 -1.4241 -1.2940 -1.1833 -1.0813 -0.9776 -0.7227 -0.5136 -0.3559 -0.2418 -0.1602
 -0.1011 -0.0584 -0.0274 -0.0036  0.0166  0.0351  0.0520  0.0673  0.0803  0.0900
  0.0942
 -5.0666 -4.4196 -3.8112 -3.2753 -2.8212 -2.4496 -2.1497 -1.9055 -1.7027 -1.5300
 -1.3801 -1.2493 -1.1353 -1.0358 -0.9466 -0.7300 -0.5247 -0.3630 -0.2442 -0.1597
 -0.1001 -0.0587 -0.0306 -0.0114  0.0033  0.0160  0.0278  0.0388  0.0489  0.0572
  0.0626
 -5.0855 -4.4662 -3.8806 -3.3396 -2.8725 -2.4817 -2.1624 -1.9038 -1.6923 -1.5157
 -1.3648 -1.2335 -1.1177 -1.0148 -0.9227 -0.7234 -0.5354 -0.3716 -0.2480 -0.1593
 -0.0976 -0.0561 -0.0296 -0.0137 -0.0041  0.0027  0.0085  0.0142  0.0197  0.0247
  0.0284
 -5.0804 -4.4934 -3.9342 -3.4162 -2.9501 -2.5507 -2.2165 -1.9421 -1.7167 -1.5300
 -1.3723 -1.2365 -1.1174 -1.0115 -0.9059 -0.7029 -0.5457 -0.3817 -0.2532
 [Fe/H] = -0.25 [alpha/Fe] = 0.00 BC value = F555W
 -6.9651 -6.5917 -6.2555 -5.9518 -5.6887 -5.3265 -4.7133 -3.8275 -2.9913 -2.3548
 -1.9119 -1.6026 -1.3765 -1.2007 -1.0556 -0.7770 -0.5718 -0.4083 -0.2707
 -6.6159 -6.1966 -5.8252 -5.4972 -5.1936 -4.8467 -4.3071 -3.5707 -2.8469 -2.2656
 -1.8437 -1.5421 -1.3196 -1.1464 -1.0038 -0.7293 -0.5303 -0.3772 -0.2522 -0.1464
 -6.3874 -5.9238 -5.5088 -5.1419 -4.8121 -4.4738 -4.0116 -3.3971 -2.7699 -2.2345
 -1.8248 -1.5229 -1.2980 -1.1232 -0.9799 -0.7046 -0.5069 -0.3590 -0.2415 -0.1440
 -0.0627
 -6.2108 -5.7217 -5.2728 -4.8679 -4.5031 -4.1586 -3.7644 -3.2520 -2.7118 -2.2244
 -1.8298 -1.5274 -1.2979 -1.1192 -0.9738 -0.6954 -0.4957 -0.3494 -0.2364 -0.1445
 -0.0686 -0.0057
 -5.9018 -5.4667 -5.0434 -4.6391 -4.2569 -3.8955 -3.5360 -3.1117 -2.6494 -2.2132
 -1.8411 -1.5430 -1.3101 -1.1271 -0.9786 -0.6963 -0.4929 -0.3454 -0.2347 -0.1468
 -0.0752 -0.0165  0.0329  0.0760
 -5.4093 -4.9640 -4.5978 -4.2794 -3.9719 -3.6528 -3.3172 -2.9600 -2.5707 -2.1882
 -1.8461 -1.5593 -1.3274 -1.1415 -0.9900 -0.7034 -0.4958 -0.3453 -0.2350 -0.1497
 -0.0816 -0.0266  0.0189  0.0581  0.0924  0.1218  0.1457  0.1632  0.1729  0.1740
 -5.1688 -4.6306 -4.1814 -3.8154 -3.5109 -3.2433 -2.9906 -2.7254 -2.4328 -2.1261
 -1.8308 -1.5674 -1.3435 -1.1583 -1.0048 -0.7142 -0.5029 -0.3481 -0.2363 -0.1524
 -0.0870 -0.0353  0.0064  0.0416  0.0722  0.0992  0.1221  0.1402  0.1526  0.1569
  0.1525
 -5.1206 -4.5196 -3.9975 -3.5606 -3.2019 -2.9016 -2.6381 -2.3934 -2.1588 -1.9393
 -1.7332 -1.5346 -1.3444 -1.1715 -1.0205 -0.7274 -0.5127 -0.3534 -0.2383 -0.1542
 -0.0906 -0.0417 -0.0037  0.0270  0.0533  0.0766  0.0967  0.1138  0.1270  0.1345
  0.1335
 -5.1695 -4.5339 -3.9608 -3.4664 -3.0538 -2.7139 -2.4300 -2.1825 -1.9576 -1.7519
 -1.5704 -1.4157 -1.2800 -1.1513 -1.0236 -0.7395 -0.5223 -0.3588 -0.2398 -0.1541
 -0.0913 -0.0448 -0.0102  0.0161  0.0375  0.0561  0.0725  0.0868  0.0986  0.1069
  0.1098
 -5.2567 -4.6135 -4.0145 -3.4810 -3.0239 -2.6450 -2.3339 -2.0751 -1.8537 -1.6585
 -1.4853 -1.3339 -1.2046 -1.0937 -0.9937 -0.7518 -0.5357 -0.3682 -0.2442 -0.1550
 -0.0914 -0.0459 -0.0138  0.0088  0.0254  0.0387  0.0502  0.0604  0.0692  0.0760
  0.0799
 -5.3178 -4.6942 -4.0981 -3.5466 -3.0627 -2.6522 -2.3135 -2.0364 -1.8069 -1.6129
 -1.4450 -1.2981 -1.1693 -1.0570 -0.9586 -0.7477 -0.5491 -0.3790 -0.2501 -0.1564
 -0.0904 -0.0446 -0.0138  0.0061  0.0184  0.0266  0.0325  0.0376  0.0420  0.0456
  0.0478
 -5.3495 -4.7508 -4.1743 -3.6332 -3.1394 -2.7110 -2.3501 -2.0522 -1.8078 -1.6053
 -1.4344 -1.2872 -1.1585 -1.0450 -0.9183 -0.7272 -0.5625 -0.3912 -0.2575
 [Fe/H] =  0.00 [alpha/Fe] = 0.00 BC value = F555W
 -7.0610 -6.7230 -6.4282 -6.1758 -5.9395 -5.6245 -5.0328 -4.1045 -3.2080 -2.4895
 -1.9871 -1.6405 -1.3925 -1.2034 -1.0527 -0.7682 -0.5623 -0.4001 -0.2641
 -6.7212 -6.3410 -6.0148 -5.7412 -5.4961 -5.2020 -4.6754 -3.8912 -3.0864 -2.4184
 -1.9338 -1.5920 -1.3454 -1.1585 -1.0086 -0.7273 -0.5253 -0.3709 -0.2456 -0.1391
 -6.5015 -6.0758 -5.7049 -5.3900 -5.1191 -4.8364 -4.3977 -3.7450 -3.0362 -2.4108
 -1.9330 -1.5864 -1.3337 -1.1428 -0.9907 -0.7067 -0.5046 -0.3539 -0.2348 -0.1357
 -0.0524
 -6.3531 -5.8915 -5.4774 -5.1159 -4.8043 -4.5152 -4.1520 -3.6160 -3.0028 -2.4263
 -1.9584 -1.6058 -1.3440 -1.1460 -0.9896 -0.7004 -0.4952 -0.3449 -0.2293 -0.1351
 -0.0568  0.0083
 -6.1010 -5.7184 -5.2921 -4.9027 -4.5535 -4.2362 -3.9129 -3.4787 -2.9578 -2.4394
 -1.9917 -1.6377 -1.3678 -1.1615 -0.9993 -0.7033 -0.4936 -0.3412 -0.2271 -0.1364
 -0.0619 -0.0007  0.0501  0.0932
 -5.7307 -5.3544 -5.0064 -4.6668 -4.3326 -4.0045 -3.6818 -3.3223 -2.8882 -2.4337
 -2.0180 -1.6718 -1.3979 -1.1846 -1.0161 -0.7121 -0.4978 -0.3417 -0.2271 -0.1385
 -0.0672 -0.0092  0.0382  0.0781  0.1122  0.1410  0.1637  0.1796  0.1880  0.1878
 -5.3497 -4.8844 -4.5103 -4.2093 -3.9508 -3.7020 -3.4357 -3.1324 -2.7815 -2.3981
 -2.0263 -1.6989 -1.4282 -1.2112 -1.0373 -0.7251 -0.5062 -0.3454 -0.2285 -0.1407
 -0.0718 -0.0167  0.0275  0.0639  0.0948  0.1213  0.1429  0.1594  0.1699  0.1726
  0.1668
 -5.2214 -4.6751 -4.2122 -3.8345 -3.5283 -3.2694 -3.0341 -2.8007 -2.5461 -2.2688
 -1.9811 -1.7018 -1.4504 -1.2370 -1.0609 -0.7407 -0.5175 -0.3518 -0.2313 -0.1427
 -0.0752 -0.0225  0.0187  0.0515  0.0785  0.1014  0.1205  0.1358  0.1470  0.1524
  0.1498
 -5.2406 -4.6435 -4.1144 -3.6638 -3.2911 -2.9832 -2.7197 -2.4791 -2.2444 -2.0142
 -1.7983 -1.6004 -1.4150 -1.2393 -1.0771 -0.7561 -0.5291 -0.3592 -0.2341 -0.1433
 -0.0762 -0.0254  0.0130  0.0422  0.0650  0.0836  0.0991  0.1118  0.1215  0.1275
  0.1279
 -5.3414 -4.7181 -4.1478 -3.6421 -3.2105 -2.8507 -2.5509 -2.2941 -2.0633 -1.8476
 -1.6476 -1.4695 -1.3160 -1.1822 -1.0593 -0.7744 -0.5449 -0.3708 -0.2405 -0.1457
 -0.0773 -0.0272  0.0092  0.0354  0.0543  0.0684  0.0793  0.0882  0.0951  0.0993
  0.1008
 -5.4404 -4.8249 -4.2367 -3.7006 -3.2266 -2.8223 -2.4848 -2.2033 -1.9643 -1.7551
 -1.5672 -1.3988 -1.2510 -1.1233 -1.0129 -0.7767 -0.5614 -0.3840 -0.2488 -0.1491
 -0.0777 -0.0271  0.0083  0.0323  0.0478  0.0575  0.0636  0.0677  0.0705  0.0719
  0.0715
 -5.5097 -4.9143 -4.3377 -3.7935 -3.2981 -2.8633 -2.4938 -2.1857 -1.9292 -1.7134
 -1.5280 -1.3656 -1.2223 -1.0965 -0.9379 -0.7630 -0.5786 -0.3988 -0.2590
 [Fe/H] =  0.25 [alpha/Fe] = 0.00 BC value = F555W
 -7.0971 -6.7965 -6.5468 -6.3051 -6.0105 -5.6092 -5.0582 -4.3227 -3.4415 -2.6647
 -2.0982 -1.7059 -1.4285 -1.2231 -1.0601 -0.7652 -0.5561 -0.3946 -0.2605
 -6.7672 -6.4277 -6.1492 -5.9303 -5.7428 -5.4921 -4.9921 -4.1761 -3.3411 -2.6069
 -2.0563 -1.6675 -1.3904 -1.1846 -1.0237 -0.7307 -0.5243 -0.3676 -0.2414 -0.1346
 -6.5521 -6.1655 -5.8407 -5.5805 -5.3690 -5.1415 -4.7406 -4.0682 -3.3104 -2.6158
 -2.0711 -1.6742 -1.3883 -1.1760 -1.0112 -0.7139 -0.5062 -0.3521 -0.2310 -0.1303
 -0.0448
 -6.4154 -5.9866 -5.6120 -5.2991 -5.0451 -4.8143 -4.4960 -3.9591 -3.3001 -2.6513
 -2.1147 -1.7080 -1.4092 -1.1868 -1.0152 -0.7101 -0.4985 -0.3438 -0.2255 -0.1291
 -0.0483  0.0193
 -6.2996 -5.8508 -5.4437 -5.0856 -4.7833 -4.5203 -4.2457 -3.8282 -3.2734 -2.6871
 -2.1675 -1.7560 -1.4449 -1.2108 -1.0307 -0.7151 -0.4982 -0.3407 -0.2232 -0.1298
 -0.0526  0.0115  0.0646  0.1090
 -6.0342 -5.6387 -5.2578 -4.9003 -4.5716 -4.2741 -3.9972 -3.6637 -3.2130 -2.7008
 -2.2140 -1.8080 -1.4884 -1.2435 -1.0542 -0.7262 -0.5036 -0.3418 -0.2232 -0.1315
 -0.0572  0.0039  0.0541  0.0956  0.1305  0.1596  0.1821  0.1973  0.2047  0.2035
 -5.5404 -5.1635 -4.8478 -4.5784 -4.3160 -4.0479 -3.7699 -3.4734 -3.1105 -2.6794
 -2.2418 -1.8527 -1.5331 -1.2809 -1.0831 -0.7416 -0.5133 -0.3464 -0.2248 -0.1335
 -0.0613 -0.0028  0.0445  0.0830  0.1152  0.1420  0.1635  0.1795  0.1889  0.1904
  0.1835
 -5.2997 -4.8147 -4.4197 -4.1095 -3.8623 -3.6508 -3.4471 -3.2206 -2.9412 -2.6039
 -2.2354 -1.8806 -1.5720 -1.3184 -1.1148 -0.7604 -0.5262 -0.3543 -0.2283 -0.1356
 -0.0645 -0.0082  0.0365  0.0720  0.1008  0.1247  0.1439  0.1586  0.1686  0.1724
  0.1686
 -5.2601 -4.7098 -4.2329 -3.8392 -3.5217 -3.2633 -3.0402 -2.8305 -2.6113 -2.3672
 -2.1047 -1.8374 -1.5786 -1.3439 -1.1428 -0.7796 -0.5396 -0.3632 -0.2323 -0.1368
 -0.0657 -0.0110  0.0312  0.0638  0.0892  0.1093  0.1252  0.1374  0.1460  0.1503
  0.1488
 -5.3449 -4.7560 -4.2230 -3.7604 -3.3722 -3.0519 -2.7848 -2.5507 -2.3295 -2.1070
 -1.8874 -1.6789 -1.4880 -1.3126 -1.1495 -0.8037 -0.5576 -0.3766 -0.2406 -0.1405
 -0.0675 -0.0133  0.0273  0.0574  0.0796  0.0959  0.1079  0.1166  0.1225  0.1253
  0.1245
 -5.4681 -4.8686 -4.3052 -3.7967 -3.3528 -2.9760 -2.6606 -2.3940 -2.1607 -1.9460
 -1.7421 -1.5511 -1.3795 -1.2296 -1.0983 -0.8159 -0.5771 -0.3920 -0.2511 -0.1458
 -0.0694 -0.0142  0.0257  0.0539  0.0734  0.0862  0.0939  0.0985  0.1006  0.1006
  0.0981
 -5.5765 -4.9868 -4.4222 -3.8890 -3.4117 -2.9919 -2.6339 -2.3325 -2.0771 -1.8565
 -1.6597 -1.4811 -1.3197 -1.1766 -0.9892 -0.8162 -0.5981 -0.4094 -0.2638
 [Fe/H] =  0.50 [alpha/Fe] = 0.00 BC value = F555W
 -7.0760 -7.2791 -7.2545 -7.0258 -6.6136 -6.0362 -5.3096 -4.4791 -3.6586 -2.8629
 -2.2377 -1.7966 -1.4864 -1.2584 -1.0834 -0.7707 -0.5568 -0.3931 -0.2594
 -6.7605 -6.4687 -6.2409 -6.0771 -5.9606 -5.7287 -5.2124 -4.3875 -3.5719 -2.8102
 -2.2036 -1.7671 -1.4555 -1.2269 -1.0515 -0.7416 -0.5289 -0.3684 -0.2372 -0.1277
 -6.5503 -6.2036 -5.9322 -5.7279 -5.5723 -5.3932 -5.0212 -4.3343 -3.5596 -2.8297
 -2.2309 -1.7848 -1.4622 -1.2249 -1.0438 -0.7280 -0.5129 -0.3542 -0.2303 -0.1276
 -0.0399
 -6.4185 -6.0273 -5.6969 -5.4360 -5.2390 -5.0619 -4.7833 -4.2553 -3.5677 -2.8798
 -2.2870 -1.8310 -1.4933 -1.2431 -1.0529 -0.7261 -0.5065 -0.3467 -0.2249 -0.1259
 -0.0424  0.0282
 -6.3305 -5.9057 -5.5292 -5.2117 -4.9622 -4.7539 -4.5258 -4.1355 -3.5619 -2.9309
 -2.3558 -1.8931 -1.5404 -1.2757 -1.0742 -0.7330 -0.5072 -0.3441 -0.2225 -0.1261
 -0.0459  0.0214  0.0774  0.1238
 -6.1903 -5.7736 -5.3877 -5.0405 -4.7396 -4.4875 -4.2623 -3.9633 -3.5139 -2.9634
 -2.4216 -1.9601 -1.5970 -1.3183 -1.1049 -0.7464 -0.5135 -0.3455 -0.2222 -0.1272
 -0.0497  0.0147  0.0680  0.1119  0.1482  0.1780  0.2009  0.2159  0.2225  0.2203
 -5.7876 -5.3934 -5.1311 -4.8310 -4.5428 -4.2712 -4.0187 -3.7595 -3.4114 -2.9568
 -2.4681 -2.0230 -1.6555 -1.3665 -1.1421 -0.7649 -0.5243 -0.3508 -0.2240 -0.1288
 -0.0533  0.0086  0.0593  0.1006  0.1346  0.1626  0.1845  0.2005  0.2092  0.2096
  0.2016
 -5.3821 -4.9680 -4.6452 -4.3955 -4.1866 -3.9883 -3.7777 -3.5420 -3.2587 -2.8975
 -2.4791 -2.0679 -1.7087 -1.4160 -1.1829 -0.7875 -0.5385 -0.3597 -0.2280 -0.1309
 -0.0562  0.0037  0.0519  0.0907  0.1219  0.1474  0.1674  0.1822  0.1916  0.1943
  0.1892
 -5.2581 -4.7593 -4.3422 -4.0100 -3.7520 -3.5465 -3.3702 -3.1988 -2.9987 -2.7378
 -2.4180 -2.0710 -1.7411 -1.4556 -1.2202 -0.8109 -0.5535 -0.3697 -0.2330 -0.1325
 -0.0573  0.0011  0.0472  0.0834  0.1117  0.1341  0.1513  0.1639  0.1719  0.1750
  0.1719
 -5.3030 -4.7523 -4.2645 -3.8523 -3.5157 -3.2455 -3.0234 -2.8280 -2.6387 -2.4346
 -2.2047 -1.9576 -1.7083 -1.4702 -1.2535 -0.8405 -0.5738 -0.3847 -0.2427 -0.1373
 -0.0597 -0.0014  0.0433  0.0773  0.1030  0.1224  0.1362  0.1458  0.1515  0.1532
  0.1506
 -5.4293 -4.8509 -4.3197 -3.8478 -3.4444 -3.1078 -2.8295 -2.5944 -2.3842 -2.1816
 -1.9758 -1.7697 -1.5717 -1.3890 -1.2218 -0.8656 -0.5965 -0.4020 -0.2552 -0.1443
 -0.0628 -0.0031  0.0411  0.0736  0.0971  0.1135  0.1239  0.1300  0.1324  0.1316
  0.1275
 -5.5614 -4.9861 -4.4353 -3.9306 -3.4793 -3.0891 -2.7583 -2.4796 -2.2411 -2.0289
 -1.8308 -1.6413 -1.4621 -1.2989 -1.1251 -0.8862 -0.6216 -0.4216 -0.2705
 [Fe/H] =  0.75 [alpha/Fe] = 0.00 BC value = F555W
 -6.9993 -7.0198 -6.8952 -6.6408 -6.2697 -5.7937 -5.2231 -4.5670 -3.8344 -3.0665
 -2.4018 -1.9123 -1.5654 -1.3138 -1.1212 -0.7856 -0.5641 -0.3967 -0.2608
 -6.7022 -6.4633 -6.2981 -6.1926 -6.0875 -5.8413 -5.3186 -4.5217 -3.7644 -3.0179
 -2.3749 -1.8909 -1.5421 -1.2871 -1.0942 -0.7622 -0.5400 -0.3746 -0.2433 -0.1330
 -6.4979 -6.1716 -5.9879 -5.8422 -5.7395 -5.6017 -5.2450 -4.5273 -3.7673 -3.0415
 -2.4084 -1.9179 -1.5570 -1.2915 -1.0909 -0.7510 -0.5264 -0.3618 -0.2341 -0.1287
 -0.0383
 -6.3689 -6.0223 -5.7429 -5.5386 -5.3980 -5.2686 -5.0285 -4.5045 -3.7954 -3.0989
 -2.4733 -1.9745 -1.5974 -1.3169 -1.1050 -0.7508 -0.5209 -0.3549 -0.2288 -0.1268
 -0.0401  0.0338
 -6.2929 -5.9031 -5.5677 -5.2983 -5.1040 -4.9485 -4.7630 -4.3988 -3.8114 -3.1592
 -2.5527 -2.0476 -1.6553 -1.3580 -1.1324 -0.7592 -0.5220 -0.3525 -0.2262 -0.1264
 -0.0429  0.0279  0.0874  0.1366
 -6.2169 -5.8102 -5.4422 -5.1230 -4.8625 -4.6616 -4.4855 -4.2210 -3.7814 -3.2078
 -2.6297 -2.1272 -1.7235 -1.4104 -1.1706 -0.7750 -0.5287 -0.3540 -0.2257 -0.1268
 -0.0460  0.0221  0.0790  0.1258  0.1642  0.1954  0.2190  0.2345  0.2408  0.2378
 -5.9722 -5.6176 -5.2811 -4.9642 -4.6778 -4.4300 -4.2211 -4.0030 -3.6788 -3.2154
 -2.6913 -2.2022 -1.7934 -1.4694 -1.2164 -0.7970 -0.5402 -0.3595 -0.2273 -0.1280
 -0.0488  0.0168  0.0712  0.1157  0.1521  0.1816  0.2047  0.2212  0.2299  0.2296
  0.2206
 -5.4872 -5.1632 -4.8893 -4.6559 -4.4372 -4.2140 -3.9933 -3.7755 -3.5173 -3.1618
 -2.7161 -2.2616 -1.8611 -1.5300 -1.2663 -0.8242 -0.5559 -0.3689 -0.2316 -0.1298
 -0.0513  0.0123  0.0644  0.1067  0.1408  0.1682  0.1897  0.2054  0.2150  0.2172
  0.2109
 -5.2530 -4.8149 -4.4647 -4.1936 -3.9896 -3.8264 -3.6758 -3.5122 -3.3080 -3.0333
 -2.6794 -2.2831 -1.9054 -1.5799 -1.3127 -0.8526 -0.5728 -0.3798 -0.2372 -0.1316
 -0.0522  0.0101  0.0601  0.1001  0.1317  0.1567  0.1758  0.1896  0.1980  0.2007
  0.1967
 -5.2353 -4.7304 -4.2948 -3.9367 -3.6555 -3.4372 -3.2625 -3.1120 -2.9636 -2.7849
 -2.5440 -2.2452 -1.9245 -1.6228 -1.3606 -0.8879 -0.5957 -0.3961 -0.2479 -0.1370
 -0.0549  0.0076  0.0563  0.0944  0.1238  0.1462  0.1627  0.1740  0.1805  0.1819
  0.1784
 -5.3380 -4.7953 -4.3023 -3.8737 -3.5159 -3.2254 -2.9910 -2.7960 -2.6218 -2.4502
 -2.2636 -2.0516 -1.8222 -1.5910 -1.3716 -0.9232 -0.6217 -0.4151 -0.2618 -0.1454
 -0.0589  0.0053  0.0538  0.0906  0.1181  0.1382  0.1518  0.1603  0.1641  0.1634
  0.1581
 -5.4862 -4.9287 -4.4050 -3.9307 -3.5141 -3.1603 -2.8653 -2.6197 -2.4096 -2.2199
 -2.0358 -1.8480 -1.6596 -1.4752 -1.3457 -0.9585 -0.6508 -0.4368 -0.2789
 [Fe/H] =  1.00 [alpha/Fe] = 0.00 BC value = F555W
 -6.8813 -6.8940 -6.7757 -6.5402 -6.1995 -5.7640 -5.2432 -4.6452 -3.9787 -3.2655
 -2.5823 -2.0493 -1.6649 -1.3857 -1.1752 -0.8141 -0.5781 -0.4056 -0.2647
 -6.5980 -6.9628 -7.0666 -6.9361 -6.5951 -6.0642 -5.3736 -4.6188 -3.9229 -3.2192
 -2.5603 -2.0363 -1.6498 -1.3662 -1.1529 -0.7944 -0.5589 -0.3864 -0.2516 -0.1385
 -6.3948 -6.4800 -6.0130 -5.9301 -5.8765 -5.7745 -5.3821 -4.6506 -3.9351 -3.2396
 -2.5979 -2.0715 -1.6728 -1.3771 -1.1544 -0.7850 -0.5479 -0.3760 -0.2434 -0.1343
 -0.0411
 -6.2648 -5.9720 -5.7530 -5.6117 -5.5273 -5.4406 -5.2313 -4.6950 -3.9837 -3.2985
 -2.6679 -2.1367 -1.7219 -1.4098 -1.1737 -0.7861 -0.5432 -0.3697 -0.2384 -0.1322
 -0.0427  0.0348
 -6.1941 -5.8487 -5.5635 -5.3513 -5.2156 -5.1105 -4.9624 -4.6214 -4.0244 -3.3658
 -2.7493 -2.2164 -1.7892 -1.4592 -1.2076 -0.7963 -0.5444 -0.3673 -0.2357 -0.1318
 -0.0449  0.0298  0.0932  0.1458
 -6.1494 -5.7717 -5.4379 -5.1612 -4.9517 -4.8048 -4.6740 -4.4415 -4.0119 -3.4259
 -2.8332 -2.3040 -1.8666 -1.5209 -1.2534 -0.8147 -0.5512 -0.3686 -0.2347 -0.1316
 -0.0471  0.0248  0.0856  0.1362  0.1776  0.2105  0.2354  0.2519  0.2584  0.2554
 -6.0297 -5.6627 -5.3257 -5.0199 -4.7585 -4.5501 -4.3897 -4.2113 -3.9114 -3.4455
 -2.9030 -2.3886 -1.9460 -1.5897 -1.3077 -0.8406 -0.5634 -0.3740 -0.2360 -0.1320
 -0.0492  0.0203  0.0787  0.1270  0.1665  0.1982  0.2228  0.2405  0.2499  0.2495
  0.2401
 -5.6177 -5.3443 -5.0783 -4.8204 -4.5751 -4.3473 -4.1452 -3.9658 -3.7385 -3.3979
 -2.9394 -2.4562 -2.0222 -1.6598 -1.3665 -0.8732 -0.5805 -0.3837 -0.2401 -0.1335
 -0.0509  0.0165  0.0727  0.1188  0.1562  0.1862  0.2096  0.2267  0.2373  0.2399
  0.2330
 -5.2528 -4.8844 -4.6037 -4.3903 -4.2209 -4.0637 -3.8996 -3.7245 -3.5264 -3.2659
 -2.9096 -2.4880 -2.0767 -1.7180 -1.4211 -0.9069 -0.5997 -0.3950 -0.2460 -0.1350
 -0.0514  0.0148  0.0689  0.1129  0.1482  0.1761  0.1974  0.2130  0.2228  0.2261
  0.2220
 -5.1540 -4.7047 -4.3260 -4.0267 -3.8008 -3.6310 -3.4986 -3.3819 -3.2544 -3.0778
 -2.8166 -2.4793 -2.1144 -1.7732 -1.4782 -0.9484 -0.6257 -0.4124 -0.2573 -0.1409
 -0.0540  0.0125  0.0653  0.1076  0.1409  0.1667  0.1859  0.1996  0.2076  0.2098
  0.2066
 -5.2141 -4.7148 -4.2680 -3.8886 -3.5803 -3.3377 -3.1483 -2.9956 -2.8629 -2.7313
 -2.5732 -2.3553 -2.0815 -1.7900 -1.5165 -0.9907 -0.6553 -0.4330 -0.2722 -0.1502
 -0.0585  0.0101  0.0628  0.1039  0.1356  0.1594  0.1763  0.1877  0.1936  0.1942
  0.1896
 -5.3562 -4.8300 -4.3422 -3.9046 -3.5280 -3.2151 -2.9598 -2.7517 -2.5768 -2.4191
 -2.2642 -2.0974 -1.9074 -1.6986 -1.5360 -1.0338 -0.6885 -0.4568 -0.2907
