 [Fe/H] = -2.50 [alpha/Fe] = 0.00 BC value = F390W
 -7.2886 -6.7895 -6.4805 -6.3042 -6.1863 -6.0637 -5.7769 -5.5986 -5.4096 -5.1866
 -4.9280 -4.5936 -4.3173 -4.0182 -3.7147 -2.8852 -2.0496 -1.4671 -0.9090
 -6.7276 -6.3167 -5.9999 -5.7679 -5.5995 -5.4443 -5.2771 -5.0944 -4.8970 -4.6800
 -4.4276 -4.1326 -3.8158 -3.5021 -3.1960 -2.4390 -1.7563 -1.2125 -0.8206 -0.5316
 -6.5044 -6.0756 -5.6945 -5.3657 -5.0951 -4.8881 -4.7345 -4.5886 -4.4164 -4.2093
 -3.9785 -3.7165 -3.4227 -3.1299 -2.8497 -2.1880 -1.5787 -1.0861 -0.7325 -0.4752
 -0.2777
 -6.3639 -5.9272 -5.5231 -5.1542 -4.8249 -4.5393 -4.2992 -4.1050 -3.9423 -3.7723
 -3.5715 -3.3460 -3.0916 -2.8236 -2.5668 -1.9779 -1.4426 -0.9949 -0.6705 -0.4376
 -0.2603 -0.1174
 -6.2560 -5.8256 -5.4173 -5.0334 -4.6781 -4.3550 -4.0671 -3.8151 -3.5970 -3.4078
 -3.2285 -3.0359 -2.8213 -2.5874 -2.3533 -1.8213 -1.3460 -0.9360 -0.6307 -0.4144
 -0.2524 -0.1225 -0.0134  0.0809
 -6.1677 -5.7516 -5.3511 -4.9663 -4.6013 -4.2613 -3.9489 -3.6664 -3.4144 -3.1902
 -2.9892 -2.8027 -2.6148 -2.4136 -2.2053 -1.7149 -1.2855 -0.9060 -0.6108 -0.4021
 -0.2502 -0.1306 -0.0308  0.0556  0.1361  0.2108  0.2784  0.3376  0.3876  0.4281
 -6.1078 -5.6997 -5.3112 -4.9348 -4.5715 -4.2258 -3.9018 -3.6023 -3.3294 -3.0836
 -2.8623 -2.6617 -2.4743 -2.2898 -2.1047 -1.6511 -1.2526 -0.8991 -0.6089 -0.3995
 -0.2510 -0.1385 -0.0467  0.0320  0.1016  0.1646  0.2224  0.2761  0.3265  0.3715
  0.4012
 -6.0794 -5.6797 -5.2980 -4.9301 -4.5751 -4.2324 -3.9041 -3.5957 -3.3103 -3.0481
 -2.8107 -2.5962 -2.3999 -2.2147 -2.0381 -1.6182 -1.2370 -0.9060 -0.6219 -0.4069
 -0.2548 -0.1444 -0.0585  0.0131  0.0755  0.1315  0.1837  0.2319  0.2752  0.3130
  0.3449
 -6.0912 -5.6924 -5.3122 -4.9492 -4.6008 -4.2639 -3.9383 -3.6268 -3.3331 -3.0597
 -2.8084 -2.5795 -2.3713 -2.1791 -2.0000 -1.5968 -1.2319 -0.9137 -0.6400 -0.4211
 -0.2614 -0.1478 -0.0641  0.0019  0.0573  0.1061  0.1501  0.1902  0.2269  0.2605
  0.2912
 -6.1433 -5.7378 -5.3648 -5.0013 -4.6550 -4.3232 -4.0026 -3.6927 -3.3956 -3.1142
 -2.8511 -2.6084 -2.3863 -2.1834 -1.9966 -1.5910 -1.2387 -0.9277 -0.6618 -0.4430
 -0.2761 -0.1551 -0.0681 -0.0039  0.0465  0.0888  0.1256  0.1588  0.1882  0.2168
  0.2431
 -6.2356 -5.8159 -5.4558 -5.0742 -4.7297 -4.3985 -4.0816 -3.7754 -3.4794 -3.1947
 -2.9233 -2.6685 -2.4326 -2.2162 -2.0181 -1.5966 -1.2478 -0.9433 -0.6820 -0.4647
 -0.2940 -0.1661 -0.0728 -0.0058  0.0432  0.0809  0.1115  0.1378  0.1612  0.1822
  0.2012
 -6.3681 -5.9267 -5.5852 -5.1641 -4.8166 -4.4840 -4.1673 -3.8637 -3.5703 -3.2865
 -3.0126 -2.7503 -2.5026 -2.2728 -2.0645 -1.6136 -1.2592 -0.9605 -0.7006
 [Fe/H] = -2.00 [alpha/Fe] = 0.00 BC value = F390W
 -6.4981 -6.1657 -5.9466 -5.8083 -5.7120 -5.6223 -5.4737 -5.3456 -5.1853 -4.9779
 -4.7190 -4.4052 -4.1008 -3.8006 -3.5107 -2.7902 -2.0819 -1.5053 -0.9800
 -6.1437 -5.8537 -5.6439 -5.4597 -5.2891 -5.1338 -4.9891 -4.8444 -4.6827 -4.4879
 -4.2490 -3.9662 -3.6623 -3.3668 -3.0866 -2.4330 -1.8186 -1.2810 -0.8701 -0.5608
 -5.9576 -5.5872 -5.2852 -5.0487 -4.8788 -4.7401 -4.5903 -4.4232 -4.2446 -4.0545
 -3.8380 -3.5847 -3.3010 -3.0189 -2.7554 -2.1624 -1.6256 -1.1509 -0.7801 -0.5077
 -0.3009
 -5.9061 -5.5025 -5.1502 -4.8450 -4.5860 -4.3715 -4.2042 -4.0637 -3.9022 -3.7077
 -3.4986 -3.2734 -3.0200 -2.7544 -2.5052 -1.9580 -1.4804 -1.0576 -0.7185 -0.4687
 -0.2809 -0.1316
 -5.9261 -5.5024 -5.1222 -4.7798 -4.4737 -4.2035 -3.9677 -3.7634 -3.5916 -3.4314
 -3.2451 -3.0365 -2.8111 -2.5692 -2.3312 -1.8164 -1.3808 -0.9968 -0.6807 -0.4456
 -0.2714 -0.1345 -0.0210  0.0770
 -6.0004 -5.5619 -5.1608 -4.7925 -4.4562 -4.1508 -3.8758 -3.6299 -3.4092 -3.2124
 -3.0360 -2.8590 -2.6636 -2.4471 -2.2249 -1.7295 -1.3211 -0.9643 -0.6632 -0.4350
 -0.2688 -0.1411 -0.0366  0.0529  0.1321  0.2035  0.2690  0.3315  0.3911  0.4342
 -6.1188 -5.6690 -5.2520 -4.8632 -4.5026 -4.1707 -3.8676 -3.5927 -3.3434 -3.1166
 -2.9102 -2.7224 -2.5458 -2.3607 -2.1637 -1.6868 -1.2930 -0.9543 -0.6631 -0.4352
 -0.2704 -0.1485 -0.0515  0.0305  0.1023  0.1668  0.2253  0.2794  0.3303  0.3760
  0.4060
 -6.2746 -5.8135 -5.3843 -4.9800 -4.5996 -4.2455 -3.9191 -3.6200 -3.3474 -3.0988
 -2.8711 -2.6630 -2.4726 -2.2926 -2.1156 -1.6767 -1.2878 -0.9603 -0.6764 -0.4456
 -0.2763 -0.1549 -0.0629  0.0122  0.0770  0.1345  0.1863  0.2339  0.2782  0.3174
  0.3498
 -6.4597 -5.9842 -5.5420 -5.1264 -4.7321 -4.3604 -4.0135 -3.6932 -3.3994 -3.1307
 -2.8848 -2.6596 -2.4527 -2.2610 -2.0817 -1.6697 -1.2938 -0.9719 -0.6949 -0.4621
 -0.2855 -0.1597 -0.0689  0.0012  0.0592  0.1095  0.1543  0.1951  0.2325  0.2666
  0.2959
 -6.6781 -6.1897 -5.7331 -5.3051 -4.8998 -4.5157 -4.1528 -3.8136 -3.4996 -3.2112
 -2.9468 -2.7040 -2.4810 -2.2753 -2.0854 -1.6714 -1.3096 -0.9909 -0.7188 -0.4870
 -0.3033 -0.1693 -0.0743 -0.0052  0.0482  0.0922  0.1300  0.1637  0.1943  0.2221
  0.2478
 -6.8996 -6.4074 -5.9403 -5.5015 -5.0871 -4.6943 -4.3211 -3.9680 -3.6370 -3.3293
 -3.0454 -2.7840 -2.5440 -2.3231 -2.1198 -1.6849 -1.3265 -1.0127 -0.7417 -0.5119
 -0.3247 -0.1829 -0.0807 -0.0082  0.0442  0.0840  0.1158  0.1427  0.1663  0.1873
  0.2061
 -7.1072 -6.6173 -6.1507 -5.7062 -5.2847 -4.8851 -4.5060 -4.1447 -3.8023 -3.4795
 -3.1776 -2.8972 -2.6307 -2.3917 -2.1849 -1.7102 -1.3445 -1.0373 -0.7636
 [Fe/H] = -1.50 [alpha/Fe] = 0.00 BC value = F390W
 -6.0314 -5.8251 -5.6743 -5.5624 -5.4727 -5.3874 -5.2908 -5.1702 -5.0143 -4.8122
 -4.5580 -4.2638 -3.9553 -3.6622 -3.3866 -2.7462 -2.1354 -1.5804 -1.0836
 -5.7028 -5.4508 -5.2548 -5.1081 -4.9959 -4.8989 -4.7991 -4.6814 -4.5352 -4.3509
 -4.1203 -3.8458 -3.5505 -3.2660 -3.0017 -2.4086 -1.8705 -1.3746 -0.9534 -0.6290
 -5.4365 -5.1554 -4.9534 -4.7861 -4.6369 -4.5073 -4.3889 -4.2661 -4.1254 -3.9581
 -3.7556 -3.5117 -3.2367 -2.9628 -2.7083 -2.1531 -1.6702 -1.2348 -0.8599 -0.5659
 -0.3427
 -5.4000 -5.0452 -4.7583 -4.5331 -4.3643 -4.2369 -4.1075 -3.9640 -3.8122 -3.6481
 -3.4643 -3.2522 -3.0058 -2.7457 -2.4996 -1.9714 -1.5277 -1.1356 -0.7961 -0.5248
 -0.3190 -0.1582
 -5.4856 -5.0908 -4.7551 -4.4704 -4.2300 -4.0325 -3.8745 -3.7401 -3.6068 -3.4427
 -3.2581 -3.0605 -2.8433 -2.6026 -2.3638 -1.8517 -1.4338 -1.0708 -0.7565 -0.5012
 -0.3070 -0.1575 -0.0364  0.0666
 -5.6558 -5.2215 -4.8478 -4.5215 -4.2355 -3.9865 -3.7694 -3.5792 -3.4135 -3.2693
 -3.1177 -2.9367 -2.7340 -2.5156 -2.2880 -1.7824 -1.3785 -1.0342 -0.7364 -0.4911
 -0.3036 -0.1618 -0.0491  0.0454  0.1280  0.2011  0.2684  0.3338  0.3952  0.4376
 -5.9106 -5.4310 -5.0140 -4.6474 -4.3216 -4.0308 -3.7720 -3.5415 -3.3344 -3.1464
 -2.9772 -2.8213 -2.6548 -2.4624 -2.2525 -1.7532 -1.3532 -1.0197 -0.7319 -0.4919
 -0.3064 -0.1684 -0.0621  0.0252  0.1004  0.1673  0.2275  0.2828  0.3350  0.3822
  0.4132
 -6.2381 -5.7150 -5.2528 -4.8415 -4.4734 -4.1430 -3.8463 -3.5794 -3.3389 -3.1206
 -2.9200 -2.7360 -2.5687 -2.4041 -2.2260 -1.7555 -1.3511 -1.0219 -0.7400 -0.5022
 -0.3145 -0.1760 -0.0731  0.0082  0.0766  0.1365  0.1899  0.2386  0.2836  0.3235
  0.3571
 -6.6046 -6.0461 -5.5457 -5.0929 -4.6823 -4.3106 -3.9751 -3.6728 -3.4002 -3.1532
 -2.9276 -2.7201 -2.5293 -2.3529 -2.1845 -1.7637 -1.3643 -1.0335 -0.7548 -0.5178
 -0.3264 -0.1834 -0.0802 -0.0028  0.0596  0.1126  0.1591  0.2008  0.2388  0.2728
  0.3028
 -7.0073 -6.4184 -5.8857 -5.3973 -4.9494 -4.5384 -4.1635 -3.8245 -3.5186 -3.2423
 -2.9912 -2.7614 -2.5497 -2.3542 -2.1728 -1.7671 -1.3914 -1.0584 -0.7799 -0.5430
 -0.3473 -0.1968 -0.0883 -0.0104  0.0482  0.0955  0.1353  0.1702  0.2012  0.2292
  0.2547
 -7.4141 -6.8019 -6.2438 -5.7299 -5.2530 -4.8099 -4.4003 -4.0254 -3.6849 -3.3774
 -3.0990 -2.8455 -2.6131 -2.3984 -2.2006 -1.7737 -1.4135 -1.0885 -0.8082 -0.5713
 -0.3727 -0.2149 -0.0983 -0.0157  0.0430  0.0868  0.1210  0.1493  0.1736  0.1948
  0.2136
 -7.7996 -7.1768 -6.6023 -6.0709 -5.5746 -5.1084 -4.6726 -4.2681 -3.8957 -3.5559
 -3.2477 -2.9685 -2.7061 -2.4723 -2.2679 -1.7835 -1.4306 -1.1238 -0.8397
 [Fe/H] = -1.00 [alpha/Fe] = 0.00 BC value = F390W
 -5.8884 -5.7677 -5.6635 -5.5665 -5.4684 -5.3588 -5.2282 -5.0724 -4.8966 -4.6895
 -4.4450 -4.1695 -3.8807 -3.6030 -3.3425 -2.7533 -2.2101 -1.6925 -1.2199
 -5.4457 -5.2922 -5.1683 -5.0634 -4.9667 -4.8674 -4.7540 -4.6217 -4.4684 -4.2847
 -4.0621 -3.8027 -3.5256 -3.2545 -3.0008 -2.4399 -1.9442 -1.4907 -1.0808 -0.7348
 -5.1689 -4.9591 -4.7932 -4.6628 -4.5555 -4.4573 -4.3543 -4.2378 -4.1034 -3.9439
 -3.7504 -3.5188 -3.2596 -2.9979 -2.7510 -2.2128 -1.7529 -1.3433 -0.9781 -0.6655
 -0.4167
 -5.0306 -4.7651 -4.5663 -4.4029 -4.2631 -4.1464 -4.0406 -3.9302 -3.8078 -3.6671
 -3.5003 -3.3004 -3.0670 -2.8186 -2.5779 -2.0550 -1.6201 -1.2402 -0.9060 -0.6188
 -0.3873 -0.2068
 -5.0940 -4.7439 -4.4613 -4.2397 -4.0731 -3.9500 -3.8392 -3.7233 -3.5981 -3.4614
 -3.3089 -3.1342 -2.9297 -2.6998 -2.4663 -1.9515 -1.5323 -1.1722 -0.8586 -0.5898
 -0.3710 -0.2008 -0.0663  0.0454
 -5.2701 -4.8662 -4.5265 -4.2442 -4.0148 -3.8300 -3.6816 -3.5628 -3.4596 -3.3368
 -3.1864 -3.0181 -2.8334 -2.6261 -2.4030 -1.8909 -1.4786 -1.1316 -0.8311 -0.5749
 -0.3649 -0.2015 -0.0745  0.0288  0.1172  0.1954  0.2662  0.3339  0.3974  0.4427
 -5.5461 -5.0805 -4.6889 -4.3581 -4.0777 -3.8406 -3.6409 -3.4714 -3.3258 -3.2000
 -3.0814 -2.9418 -2.7719 -2.5813 -2.3751 -1.8652 -1.4520 -1.1121 -0.8200 -0.5713
 -0.3668 -0.2069 -0.0848  0.0122  0.0934  0.1641  0.2270  0.2846  0.3390  0.3887
  0.4224
 -5.9426 -5.3990 -4.9418 -4.5560 -4.2262 -3.9418 -3.6954 -3.4818 -3.2941 -3.1267
 -2.9745 -2.8355 -2.6987 -2.5420 -2.3604 -1.8693 -1.4481 -1.1094 -0.8222 -0.5775
 -0.3752 -0.2159 -0.0954 -0.0028  0.0721  0.1361  0.1922  0.2426  0.2884  0.3305
  0.3668
 -6.4434 -5.8222 -5.2902 -4.8378 -4.4498 -4.1142 -3.8200 -3.5618 -3.3336 -3.1301
 -2.9455 -2.7756 -2.6184 -2.4704 -2.3192 -1.8872 -1.4614 -1.1179 -0.8326 -0.5897
 -0.3872 -0.2260 -0.1044 -0.0138  0.0564  0.1141  0.1634  0.2070  0.2459  0.2807
  0.3118
 -7.0219 -6.3375 -5.7358 -5.2153 -4.7620 -4.3664 -4.0191 -3.7131 -3.4422 -3.2008
 -2.9837 -2.7860 -2.6038 -2.4346 -2.2759 -1.8937 -1.4974 -1.1449 -0.8572 -0.6138
 -0.4091 -0.2433 -0.1166 -0.0239  0.0444  0.0975  0.1407  0.1776  0.2098  0.2383
  0.2635
 -7.6251 -6.8922 -6.2377 -5.6613 -5.1480 -4.6925 -4.2881 -3.9295 -3.6120 -3.3300
 -3.0777 -2.8500 -2.6424 -2.4515 -2.2744 -1.8842 -1.5272 -1.1841 -0.8903 -0.6446
 -0.4368 -0.2655 -0.1317 -0.0334  0.0368  0.0877  0.1263  0.1573  0.1830  0.2049
  0.2238
 -8.2211 -7.4490 -6.7597 -6.1406 -5.5819 -5.0762 -4.6194 -4.2084 -3.8417 -3.5153
 -3.2247 -2.9643 -2.7290 -2.5146 -2.3147 -1.8587 -1.5508 -1.2355 -0.9319
 [Fe/H] = -0.75 [alpha/Fe] = 0.00 BC value = F390W
 -5.9383 -5.8452 -5.7562 -5.6623 -5.5545 -5.4220 -5.2556 -5.0569 -4.8528 -4.6370
 -4.3992 -4.1400 -3.8700 -3.6031 -3.3504 -2.7760 -2.2554 -1.7624 -1.3003
 -5.4557 -5.3412 -5.2402 -5.1436 -5.0428 -4.9282 -4.7893 -4.6285 -4.4556 -4.2650
 -4.0470 -3.8015 -3.5396 -3.2791 -3.0313 -2.4807 -1.9966 -1.5542 -1.1558 -0.8054
 -5.1097 -4.9542 -4.8269 -4.7176 -4.6163 -4.5130 -4.3966 -4.2636 -4.1170 -3.9523
 -3.7609 -3.5390 -3.2934 -3.0421 -2.8006 -2.2678 -1.8123 -1.4078 -1.0471 -0.7312
 -0.4695
 -4.9429 -4.7301 -4.5517 -4.4061 -4.2867 -4.1817 -4.0770 -3.9624 -3.8362 -3.6943
 -3.5295 -3.3357 -3.1131 -2.8751 -2.6401 -2.1193 -1.6838 -1.3039 -0.9698 -0.6793
 -0.4363 -0.2432
 -4.9439 -4.6579 -4.3994 -4.2204 -4.0799 -3.9563 -3.8447 -3.7346 -3.6178 -3.4902
 -3.3458 -3.1780 -2.9815 -2.7615 -2.5345 -2.0206 -1.5973 -1.2344 -0.9180 -0.6454
 -0.4166 -0.2338 -0.0897  0.0284
 -5.0889 -4.7241 -4.4088 -4.1530 -3.9509 -3.7958 -3.6804 -3.5834 -3.4770 -3.3528
 -3.2139 -3.0599 -2.8859 -2.6871 -2.4717 -1.9614 -1.5430 -1.1914 -0.8868 -0.6260
 -0.4076 -0.2322 -0.0951  0.0150  0.1078  0.1889  0.2626  0.3327  0.3976  0.4445
 -5.3555 -4.9152 -4.5431 -4.2309 -3.9722 -3.7606 -3.5891 -3.4505 -3.3384 -3.2392
 -3.1266 -2.9853 -2.8211 -2.6401 -2.4406 -1.9350 -1.5147 -1.1692 -0.8728 -0.6191
 -0.4073 -0.2363 -0.1034  0.0009  0.0865  0.1603  0.2254  0.2845  0.3406  0.3915
  0.4272
 -5.7329 -5.2107 -4.7724 -4.4048 -4.0950 -3.8336 -3.6137 -3.4286 -3.2707 -3.1328
 -3.0094 -2.8925 -2.7627 -2.6057 -2.4258 -1.9366 -1.5091 -1.1642 -0.8727 -0.6230
 -0.4142 -0.2450 -0.1137 -0.0129  0.0673  0.1344  0.1926  0.2442  0.2910  0.3342
  0.3722
 -6.2470 -5.6286 -5.1069 -4.6691 -4.3005 -3.9872 -3.7186 -3.4871 -3.2868 -3.1108
 -2.9523 -2.8063 -2.6699 -2.5365 -2.3913 -1.9555 -1.5213 -1.1712 -0.8813 -0.6336
 -0.4253 -0.2556 -0.1233 -0.0237  0.0526  0.1138  0.1652  0.2101  0.2499  0.2855
  0.3172
 -6.8801 -6.1791 -5.5660 -5.0474 -4.6059 -4.2295 -3.9053 -3.6243 -3.3785 -3.1620
 -2.9689 -2.7935 -2.6310 -2.4790 -2.3349 -1.9657 -1.5582 -1.1977 -0.9049 -0.6570
 -0.4467 -0.2737 -0.1374 -0.0352  0.0403  0.0977  0.1434  0.1818  0.2149  0.2439
  0.2695
 -7.5622 -6.7956 -6.1174 -5.5214 -5.0064 -4.5598 -4.1720 -3.8343 -3.5386 -3.2781
 -3.0468 -2.8392 -2.6502 -2.4759 -2.3134 -1.9487 -1.5926 -1.2388 -0.9384 -0.6877
 -0.4746 -0.2969 -0.1548 -0.0470  0.0310  0.0873  0.1292  0.1620  0.1889  0.2114
  0.2306
 -8.2507 -7.4339 -6.7036 -6.0523 -5.4767 -4.9664 -4.5156 -4.1175 -3.7666 -3.4576
 -3.1843 -2.9408 -2.7217 -2.5225 -2.3268 -1.9045 -1.6245 -1.2945 -0.9818
 [Fe/H] = -0.50 [alpha/Fe] = 0.00 BC value = F390W
 -6.0472 -5.9753 -5.8996 -5.8101 -5.6962 -5.5420 -5.3328 -5.0753 -4.8293 -4.5993
 -4.3705 -4.1295 -3.8788 -3.6268 -3.3822 -2.8199 -2.3143 -1.8381 -1.3909
 -5.5356 -5.4495 -5.3667 -5.2783 -5.1747 -5.0440 -4.8730 -4.6692 -4.4631 -4.2585
 -4.0449 -3.8158 -3.5727 -3.3263 -3.0864 -2.5436 -2.0657 -1.6319 -1.2381 -0.8868
 -5.1355 -5.0229 -4.9242 -4.8305 -4.7326 -4.6208 -4.4836 -4.3211 -4.1496 -3.9716
 -3.7803 -3.5700 -3.3417 -3.1047 -2.8713 -2.3440 -1.8892 -1.4848 -1.1247 -0.8070
 -0.5349
 -4.8991 -4.7303 -4.5939 -4.4792 -4.3753 -4.2720 -4.1582 -4.0264 -3.8835 -3.7311
 -3.5641 -3.3770 -3.1681 -2.9445 -2.7186 -2.2025 -1.7643 -1.3809 -1.0433 -0.7493
 -0.4972 -0.2907
 -4.8375 -4.5979 -4.4115 -4.2548 -4.1210 -4.0064 -3.8998 -3.7866 -3.6643 -3.5328
 -3.3881 -3.2243 -3.0375 -2.8305 -2.6140 -2.1056 -1.6777 -1.3095 -0.9875 -0.7098
 -0.4730 -0.2777 -0.1217  0.0051
 -4.9551 -4.6162 -4.3397 -4.1222 -3.9563 -3.8286 -3.7196 -3.6138 -3.5007 -3.3799
 -3.2493 -3.1043 -2.9390 -2.7512 -2.5468 -2.0450 -1.6211 -1.2634 -0.9526 -0.6858
 -0.4600 -0.2730 -0.1238 -0.0046  0.0942  0.1792  0.2564  0.3300  0.3966  0.4453
 -5.1805 -4.7729 -4.4272 -4.1393 -3.9057 -3.7195 -3.5742 -3.4638 -3.3722 -3.2743
 -3.1560 -3.0192 -2.8670 -2.6972 -2.5081 -2.0151 -1.5897 -1.2377 -0.9353 -0.6752
 -0.4561 -0.2748 -0.1299 -0.0160  0.0761  0.1539  0.2216  0.2832  0.3415  0.3939
  0.4313
 -5.5154 -5.0307 -4.6199 -4.2735 -3.9842 -3.7451 -3.5493 -3.3899 -3.2594 -3.1499
 -3.0506 -2.9447 -2.8150 -2.6609 -2.4885 -2.0119 -1.5811 -1.2296 -0.9321 -0.6763
 -0.4604 -0.2819 -0.1391 -0.0280  0.0592  0.1306  0.1914  0.2450  0.2937  0.3378
  0.3771
 -5.9985 -5.4110 -4.9173 -4.5033 -4.1564 -3.8650 -3.6202 -3.4149 -3.2420 -3.0935
 -2.9616 -2.8406 -2.7246 -2.6024 -2.4604 -2.0272 -1.5908 -1.2342 -0.9385 -0.6849
 -0.4696 -0.2914 -0.1488 -0.0385  0.0457  0.1119  0.1662  0.2128  0.2538  0.2902
  0.3228
 -6.6464 -5.9543 -5.3564 -4.8547 -4.4342 -4.0807 -3.7815 -3.5264 -3.3075 -3.1184
 -2.9516 -2.8005 -2.6598 -2.5270 -2.3983 -2.0417 -1.6258 -1.2593 -0.9607 -0.7071
 -0.4902 -0.3094 -0.1638 -0.0512  0.0330  0.0964  0.1456  0.1860  0.2204  0.2501
  0.2761
 -7.3892 -6.6121 -5.9278 -5.3303 -4.8249 -4.3956 -4.0306 -3.7180 -3.4481 -3.2135
 -3.0073 -2.8234 -2.6560 -2.5008 -2.3551 -2.0194 -1.6646 -1.3002 -0.9937 -0.7374
 -0.5180 -0.3331 -0.1826 -0.0653  0.0220  0.0853  0.1315  0.1670  0.1953  0.2187
  0.2383
 -8.1469 -7.3123 -6.5629 -5.8987 -5.3136 -4.8081 -4.3707 -3.9925 -3.6643 -3.3787
 -3.1280 -2.9063 -2.7077 -2.5273 -2.3308 -1.9603 -1.7072 -1.3569 -1.0375
 [Fe/H] = -0.25 [alpha/Fe] = 0.00 BC value = F390W
 -6.1940 -6.1389 -6.0740 -5.9877 -5.8701 -5.6966 -5.4428 -5.1179 -4.8193 -4.5698
 -4.3435 -4.1184 -3.8866 -3.6506 -3.4153 -2.8655 -2.3705 -1.9095 -1.4781
 -5.6571 -5.5926 -5.5245 -5.4433 -5.3380 -5.1937 -4.9907 -4.7337 -4.4807 -4.2544
 -4.0416 -3.8264 -3.6021 -3.3715 -3.1417 -2.6074 -2.1339 -1.7053 -1.3181 -0.9695
 -5.2159 -5.1342 -5.0571 -4.9763 -4.8820 -4.7625 -4.6030 -4.4012 -4.1903 -3.9896
 -3.7944 -3.5942 -3.3829 -3.1623 -2.9396 -2.4198 -1.9648 -1.5604 -1.2009 -0.8838
 -0.6071
 -4.9049 -4.7865 -4.6863 -4.5946 -4.5018 -4.3979 -4.2713 -4.1129 -3.9396 -3.7657
 -3.5909 -3.4087 -3.2135 -3.0058 -2.7918 -2.2841 -1.8435 -1.4570 -1.1165 -0.8203
 -0.5638 -0.3466
 -4.7855 -4.5973 -4.4428 -4.3160 -4.2067 -4.1035 -3.9947 -3.8678 -3.7252 -3.5765
 -3.4228 -3.2597 -3.0823 -2.8895 -2.6859 -2.1883 -1.7570 -1.3843 -1.0577 -0.7758
 -0.5342 -0.3294 -0.1613 -0.0234
 -4.8286 -4.5450 -4.3257 -4.1571 -4.0172 -3.8932 -3.7817 -3.6701 -3.5486 -3.4200
 -3.2850 -3.1403 -2.9809 -2.8044 -2.6131 -2.1258 -1.6982 -1.3355 -1.0197 -0.7475
 -0.5162 -0.3207 -0.1598 -0.0301  0.0768  0.1676  0.2484  0.3260  0.3949  0.4459
 -5.0218 -4.6533 -4.3437 -4.0919 -3.8918 -3.7360 -3.6155 -3.5158 -3.4149 -3.3020
 -3.1791 -3.0475 -2.9037 -2.7438 -2.5664 -2.0922 -1.6642 -1.3065 -0.9991 -0.7335
 -0.5082 -0.3190 -0.1633 -0.0382  0.0620  0.1453  0.2166  0.2811  0.3423  0.3964
  0.4355
 -5.3122 -4.8706 -4.4930 -4.1737 -3.9091 -3.6933 -3.5198 -3.3825 -3.2748 -3.1831
 -3.0895 -2.9793 -2.8490 -2.7022 -2.5399 -2.0844 -1.6535 -1.2955 -0.9931 -0.7319
 -0.5096 -0.3234 -0.1705 -0.0484  0.0478  0.1250  0.1894  0.2451  0.2954  0.3419
  0.3828
 -5.7328 -5.1986 -4.7444 -4.3600 -4.0365 -3.7665 -3.5435 -3.3605 -3.2105 -3.0856
 -2.9773 -2.8774 -2.7753 -2.6574 -2.5172 -2.0942 -1.6612 -1.2982 -0.9969 -0.7381
 -0.5165 -0.3309 -0.1790 -0.0580  0.0357  0.1086  0.1668  0.2157  0.2582  0.2958
  0.3295
 -6.3467 -5.6931 -5.1361 -4.6673 -4.2740 -3.9447 -3.6685 -3.4370 -3.2429 -3.0788
 -2.9367 -2.8091 -2.6902 -2.5765 -2.4609 -2.1128 -1.6941 -1.3227 -1.0179 -0.7589
 -0.5360 -0.3480 -0.1940 -0.0714  0.0228  0.0937  0.1478  0.1909  0.2268  0.2574
  0.2840
 -7.1156 -6.3529 -5.6870 -5.1145 -4.6328 -4.2284 -3.8885 -3.6013 -3.3571 -3.1484
 -2.9677 -2.8080 -2.6628 -2.5275 -2.3996 -2.0920 -1.7371 -1.3633 -1.0506 -0.7887
 -0.5636 -0.3719 -0.2137 -0.0873  0.0099  0.0817  0.1339  0.1729  0.2032  0.2277
  0.2479
 -7.9366 -7.1024 -6.3531 -5.6923 -5.1166 -4.6267 -4.2103 -3.8563 -3.5538 -3.2937
 -3.0680 -2.8702 -2.6938 -2.5337 -2.3333 -2.0318 -1.7902 -1.4200 -1.0950
 [Fe/H] =  0.00 [alpha/Fe] = 0.00 BC value = F390W
 -6.4103 -6.3661 -6.3063 -6.2182 -6.0857 -5.8829 -5.5837 -5.2020 -4.8608 -4.5917
 -4.3695 -4.1619 -3.9527 -3.7354 -3.5159 -2.9785 -2.4844 -2.0263 -1.5967
 -5.8514 -5.8013 -5.7422 -5.6638 -5.5532 -5.3932 -5.1568 -4.8466 -4.5461 -4.2970
 -4.0851 -3.8854 -3.6832 -3.4735 -3.2588 -2.7374 -2.2611 -1.8267 -1.4343 -1.0798
 -5.3743 -5.3129 -5.2502 -5.1775 -5.0842 -4.9564 -4.7746 -4.5306 -4.2746 -4.0473
 -3.8479 -3.6592 -3.4679 -3.2686 -3.0626 -2.5579 -2.0987 -1.6851 -1.3161 -0.9901
 -0.7042
 -5.0031 -4.9179 -4.8415 -4.7655 -4.6805 -4.5752 -4.4353 -4.2471 -4.0352 -3.8332
 -3.6488 -3.4728 -3.2940 -3.1067 -2.9109 -2.4226 -1.9788 -1.5822 -1.2299 -0.9222
 -0.6556 -0.4257
 -4.7894 -4.6460 -4.5342 -4.4385 -4.3480 -4.2517 -4.1385 -3.9938 -3.8224 -3.6478
 -3.4809 -3.3186 -3.1530 -2.9784 -2.7934 -2.3205 -1.8884 -1.5065 -1.1680 -0.8732
 -0.6204 -0.4035 -0.2211 -0.0702
 -4.7526 -4.5404 -4.3707 -4.2267 -4.1040 -3.9959 -3.8909 -3.7736 -3.6356 -3.4874
 -3.3393 -3.1918 -3.0396 -2.8778 -2.7045 -2.2467 -1.8219 -1.4517 -1.1252 -0.8402
 -0.5968 -0.3896 -0.2152 -0.0715  0.0465  0.1454  0.2341  0.3178  0.3895  0.4435
 -4.8858 -4.5641 -4.3047 -4.1028 -3.9462 -3.8173 -3.7023 -3.5947 -3.4789 -3.3525
 -3.2219 -3.0888 -2.9500 -2.8013 -2.6399 -2.1996 -1.7780 -1.4147 -1.0983 -0.8211
 -0.5839 -0.3831 -0.2147 -0.0761  0.0360  0.1273  0.2048  0.2747  0.3402  0.3962
  0.4374
 -5.1310 -4.7326 -4.3925 -4.1091 -3.8785 -3.6930 -3.5453 -3.4292 -3.3325 -3.2350
 -3.1269 -3.0085 -2.8815 -2.7450 -2.5961 -2.1766 -1.7569 -1.3950 -1.0855 -0.8144
 -0.5807 -0.3833 -0.2187 -0.0836  0.0246  0.1109  0.1817  0.2416  0.2948  0.3442
  0.3866
 -5.4819 -5.0026 -4.5910 -4.2403 -3.9451 -3.7008 -3.5007 -3.3381 -3.2076 -3.1017
 -3.0089 -2.9178 -2.8170 -2.6993 -2.5651 -2.1712 -1.7549 -1.3902 -1.0827 -0.8156
 -0.5839 -0.3875 -0.2244 -0.0914  0.0142  0.0967  0.1617  0.2149  0.2600  0.2996
  0.3349
 -6.0158 -5.4207 -4.9174 -4.4903 -4.1292 -3.8259 -3.5731 -3.3639 -3.1914 -3.0488
 -2.9279 -2.8215 -2.7225 -2.6245 -2.5183 -2.1827 -1.7784 -1.4086 -1.0984 -0.8322
 -0.6006 -0.4026 -0.2381 -0.1045  0.0013  0.0825  0.1441  0.1920  0.2308  0.2635
  0.2909
 -6.7603 -6.0323 -5.4051 -4.8779 -4.4333 -4.0599 -3.7471 -3.4849 -3.2654 -3.0813
 -2.9250 -2.7889 -2.6661 -2.5521 -2.4434 -2.1650 -1.8163 -1.4442 -1.1277 -0.8594
 -0.6265 -0.4257 -0.2576 -0.1209 -0.0130  0.0693  0.1300  0.1748  0.2087  0.2351
  0.2564
 -7.6408 -6.8092 -6.0681 -5.4251 -4.8773 -4.4157 -4.0283 -3.7024 -3.4272 -3.1939
 -2.9947 -2.8224 -2.6702 -2.5323 -2.3404 -2.1181 -1.8686 -1.4970 -1.1706
 [Fe/H] =  0.25 [alpha/Fe] = 0.00 BC value = F390W
 -6.6453 -6.6109 -6.5549 -6.4222 -6.2137 -5.9448 -5.6283 -5.2754 -4.9149 -4.6241
 -4.3982 -4.2014 -4.0104 -3.8149 -3.6087 -3.0894 -2.5958 -2.1417 -1.7140
 -6.0687 -6.0306 -5.9779 -5.8988 -5.7787 -5.5964 -5.3221 -4.9608 -4.6208 -4.3451
 -4.1269 -3.9363 -3.7520 -3.5628 -3.3657 -2.8641 -2.3875 -1.9481 -1.5517 -1.1948
 -5.5601 -5.5150 -5.4630 -5.3947 -5.2983 -5.1587 -4.9531 -4.6669 -4.3651 -4.1068
 -3.8972 -3.7143 -3.5390 -3.3596 -3.1721 -2.6899 -2.2306 -1.8099 -1.4335 -1.1004
 -0.8109
 -5.1406 -5.0798 -5.0209 -4.9558 -4.8746 -4.7650 -4.6110 -4.3920 -4.1377 -3.9009
 -3.7015 -3.5267 -3.3607 -3.1920 -3.0151 -2.5536 -2.1112 -1.7072 -1.3460 -1.0289
 -0.7534 -0.5138
 -4.8390 -4.7437 -4.6635 -4.5891 -4.5110 -4.4184 -4.2991 -4.1353 -3.9299 -3.7208
 -3.5340 -3.3681 -3.2111 -3.0525 -2.8864 -2.4449 -2.0173 -1.6288 -1.2811 -0.9757
 -0.7126 -0.4859 -0.2913 -0.1268
 -4.7292 -4.5591 -4.4232 -4.3137 -4.2188 -4.1266 -4.0247 -3.8987 -3.7383 -3.5609
 -3.3907 -3.2353 -3.0871 -2.9381 -2.7822 -2.3604 -1.9439 -1.5688 -1.2339 -0.9381
 -0.6835 -0.4660 -0.2803 -0.1236  0.0070  0.1174  0.2146  0.3059  0.3813  0.4398
 -4.7712 -4.5143 -4.3150 -4.1619 -4.0293 -3.9098 -3.8011 -3.6923 -3.5653 -3.4190
 -3.2690 -3.1255 -2.9870 -2.8473 -2.7011 -2.2994 -1.8908 -1.5247 -1.2013 -0.9141
 -0.6655 -0.4539 -0.2747 -0.1241  0.0004  0.1031  0.1894  0.2652  0.3362  0.3950
  0.4393
 -4.9711 -4.6160 -4.3202 -4.0827 -3.8956 -3.7481 -3.6265 -3.5177 -3.4123 -3.2943
 -3.1662 -3.0367 -2.9083 -2.7778 -2.6410 -2.2609 -1.8596 -1.4973 -1.1821 -0.9025
 -0.6582 -0.4498 -0.2744 -0.1280 -0.0079  0.0895  0.1686  0.2348  0.2927  0.3461
  0.3905
 -5.2657 -4.8352 -4.4647 -4.1506 -3.8901 -3.6772 -3.5035 -3.3637 -3.2501 -3.1530
 -3.0567 -2.9543 -2.8436 -2.7249 -2.5979 -2.2398 -1.8476 -1.4849 -1.1727 -0.8987
 -0.6577 -0.4508 -0.2772 -0.1333 -0.0158  0.0779  0.1518  0.2112  0.2606  0.3031
  0.3411
 -5.7100 -5.1826 -4.7312 -4.3454 -4.0174 -3.7426 -3.5147 -3.3266 -3.1719 -3.0457
 -2.9400 -2.8465 -2.7570 -2.6635 -2.5592 -2.2384 -1.8602 -1.4964 -1.1825 -0.9106
 -0.6713 -0.4640 -0.2894 -0.1452 -0.0282  0.0644  0.1357  0.1906  0.2338  0.2691
  0.2986
 -6.3680 -5.7089 -5.1465 -4.6699 -4.2656 -3.9241 -3.6374 -3.3981 -3.1995 -3.0347
 -2.8969 -2.7791 -2.6748 -2.5785 -2.4851 -2.2269 -1.8887 -1.5262 -1.2074 -0.9341
 -0.6948 -0.4860 -0.3085 -0.1618 -0.0431  0.0506  0.1215  0.1742  0.2133  0.2430
  0.2660
 -7.2327 -6.4407 -5.7519 -5.1568 -4.6553 -4.2303 -3.8729 -3.5727 -3.3213 -3.1107
 -2.9335 -2.7827 -2.6513 -2.5336 -2.3756 -2.2053 -1.9331 -1.5743 -1.2474
 [Fe/H] =  0.50 [alpha/Fe] = 0.00 BC value = F390W
 -6.8938 -6.8922 -6.8029 -6.6351 -6.3968 -6.0952 -5.7364 -5.3439 -4.9871 -4.6802
 -4.4454 -4.2543 -4.0788 -3.9016 -3.7164 -3.2172 -2.7267 -2.2688 -1.8372
 -6.3071 -6.2830 -6.2320 -6.1499 -6.0083 -5.7848 -5.4637 -5.0660 -4.7083 -4.4106
 -4.1820 -3.9959 -3.8259 -3.6561 -3.4786 -3.0047 -2.5305 -2.0833 -1.6780 -1.3145
 -5.7737 -5.7449 -5.6980 -5.6309 -5.5272 -5.3701 -5.1331 -4.8036 -4.4665 -4.1801
 -3.9568 -3.7752 -3.6119 -3.4509 -3.2831 -2.8330 -2.3781 -1.9492 -1.5641 -1.2229
 -0.9233
 -5.3138 -5.2717 -5.2258 -5.1673 -5.0855 -4.9673 -4.7945 -4.5434 -4.2491 -3.9800
 -3.7619 -3.5851 -3.4281 -3.2757 -3.1183 -2.6925 -2.2579 -1.8473 -1.4764 -1.1494
 -0.8635 -0.6137
 -4.9486 -4.8839 -4.8255 -4.7653 -4.6942 -4.6008 -4.4722 -4.2881 -4.0478 -3.8031
 -3.5934 -3.4209 -3.2695 -3.1247 -2.9769 -2.5751 -2.1590 -1.7662 -1.4091 -1.0928
 -0.8182 -0.5807 -0.3747 -0.1968
 -4.7302 -4.6102 -4.5167 -4.4375 -4.3615 -4.2781 -4.1756 -4.0389 -3.8546 -3.6440
 -3.4479 -3.2807 -3.1343 -2.9960 -2.8566 -2.4773 -2.0774 -1.7005 -1.3574 -1.0510
 -0.7841 -0.5552 -0.3584 -0.1894 -0.0457  0.0773  0.1865  0.2853  0.3685  0.4329
 -4.7012 -4.4919 -4.3567 -4.2243 -4.1129 -4.0150 -3.9188 -3.8088 -3.6692 -3.4982
 -3.3225 -3.1637 -3.0224 -2.8899 -2.7578 -2.3997 -2.0137 -1.6488 -1.3188 -1.0219
 -0.7613 -0.5379 -0.3474 -0.1854 -0.0483  0.0667  0.1638  0.2495  0.3280  0.3907
  0.4393
 -4.8312 -4.5253 -4.2843 -4.1026 -3.9608 -3.8392 -3.7237 -3.6132 -3.4991 -3.3641
 -3.2140 -3.0678 -2.9331 -2.8064 -2.6807 -2.3427 -1.9699 -1.6127 -1.2926 -1.0048
 -0.7495 -0.5293 -0.3427 -0.1851 -0.0531  0.0564  0.1464  0.2215  0.2867  0.3457
  0.3931
 -5.0785 -4.6917 -4.3622 -4.0900 -3.8709 -3.6959 -3.5555 -3.4388 -3.3340 -3.2290
 -3.1111 -2.9857 -2.8620 -2.7420 -2.6225 -2.3030 -1.9442 -1.5907 -1.2757 -0.9954
 -0.7448 -0.5267 -0.3419 -0.1870 -0.0582  0.0475  0.1325  0.2009  0.2570  0.3044
  0.3464
 -5.4451 -4.9751 -4.5710 -4.2250 -3.9335 -3.6919 -3.4931 -3.3288 -3.1933 -3.0817
 -2.9833 -2.8875 -2.7901 -2.6888 -2.5818 -2.2840 -1.9421 -1.5925 -1.2781 -1.0015
 -0.7547 -0.5376 -0.3522 -0.1972 -0.0691  0.0353  0.1179  0.1824  0.2327  0.2727
  0.3054
 -6.0022 -5.4104 -4.9105 -4.4847 -4.1219 -3.8147 -3.5572 -3.3427 -3.1642 -3.0158
 -2.8920 -2.7872 -2.6942 -2.6070 -2.5199 -2.2720 -1.9559 -1.6131 -1.2965 -1.0197
 -0.7747 -0.5578 -0.3706 -0.2133 -0.0837  0.0214  0.1039  0.1669  0.2137  0.2486
  0.2750
 -6.8033 -6.0650 -5.4310 -4.8968 -4.4442 -4.0614 -3.7381 -3.4663 -3.2387 -3.0486
 -2.8895 -2.7553 -2.6400 -2.5386 -2.4368 -2.2670 -1.9856 -1.6525 -1.3309
 [Fe/H] =  0.75 [alpha/Fe] = 0.00 BC value = F390W
 -7.1364 -6.9739 -6.7770 -6.5496 -6.2950 -6.0161 -5.7154 -5.3953 -5.0632 -4.7528
 -4.5081 -4.3177 -4.1532 -3.9941 -3.8265 -3.3537 -2.8669 -2.4013 -1.9665
 -6.5478 -6.5309 -6.4874 -6.4012 -6.2077 -5.9144 -5.5467 -5.1466 -4.7978 -4.4899
 -4.2497 -4.0628 -3.9027 -3.7497 -3.5919 -3.1534 -2.6834 -2.2285 -1.8169 -1.4497
 -5.9984 -6.0020 -5.9416 -5.8739 -5.7600 -5.5794 -5.2982 -4.9192 -4.5671 -4.2639
 -4.0257 -3.8412 -3.6854 -3.5395 -3.3911 -2.9812 -2.5371 -2.1008 -1.7047 -1.3550
 -1.0442
 -5.5073 -5.4809 -5.4454 -5.3908 -5.3049 -5.1734 -4.9770 -4.6890 -4.3605 -4.0674
 -3.8308 -3.6477 -3.4953 -3.3557 -3.2162 -2.8334 -2.4149 -2.0005 -1.6189 -1.2816
 -0.9848 -0.7238
 -5.0934 -5.0511 -5.0090 -4.9585 -4.8901 -4.7916 -4.6494 -4.4414 -4.1671 -3.8923
 -3.6609 -3.4783 -3.3285 -3.1938 -3.0619 -2.7044 -2.3093 -1.9168 -1.5505 -1.2237
 -0.9374 -0.6875 -0.4696 -0.2795
 -4.7881 -4.7108 -4.6472 -4.5877 -4.5229 -4.4426 -4.3352 -4.1851 -3.9762 -3.7341
 -3.5121 -3.3311 -3.1830 -3.0521 -2.9265 -2.5916 -2.2178 -1.8448 -1.4950 -1.1785
 -0.8999 -0.6581 -0.4492 -0.2681 -0.1111  0.0257  0.1488  0.2601  0.3492  0.4215
 -4.6807 -4.5248 -4.4011 -4.3043 -4.2216 -4.1410 -4.0502 -3.9357 -3.7820 -3.5856
 -3.3825 -3.2058 -3.0591 -2.9313 -2.8106 -2.4960 -2.1415 -1.7843 -1.4501 -1.1447
 -0.8726 -0.6364 -0.4338 -0.2599 -0.1105  0.0175  0.1273  0.2253  0.3132  0.3820
  0.4365
 -4.7171 -4.4811 -4.2964 -4.1544 -4.0341 -3.9200 -3.8154 -3.7127 -3.5936 -3.4428
 -3.2687 -3.1023 -2.9589 -2.8332 -2.7163 -2.4192 -2.0831 -1.7379 -1.4162 -1.1214
 -0.8559 -0.6235 -0.4247 -0.2556 -0.1117  0.0102  0.1127  0.1992  0.2745  0.3411
  0.3927
 -4.9190 -4.5732 -4.2892 -4.0636 -3.8912 -3.7580 -3.6450 -3.5348 -3.4225 -3.3028
 -3.1628 -3.0151 -2.8781 -2.7557 -2.6423 -2.3597 -2.0411 -1.7052 -1.3909 -1.1053
 -0.8462 -0.6167 -0.4201 -0.2537 -0.1136  0.0040  0.1014  0.1812  0.2468  0.3019
  0.3497
 -5.2281 -4.8058 -4.4419 -4.1341 -3.8804 -3.6752 -3.5088 -3.3729 -3.2588 -3.1553
 -3.0498 -2.9336 -2.8138 -2.6994 -2.5908 -2.3213 -2.0209 -1.6951 -1.3847 -1.1046
 -0.8511 -0.6242 -0.4278 -0.2615 -0.1223 -0.0065  0.0883  0.1644  0.2246  0.2726
  0.3101
 -5.6838 -5.1638 -4.7187 -4.3369 -4.0109 -3.7370 -3.5097 -3.3210 -3.1633 -3.0313
 -2.9200 -2.8209 -2.7263 -2.6337 -2.5414 -2.2982 -2.0166 -1.7028 -1.3945 -1.1160
 -0.8661 -0.6413 -0.4442 -0.2762 -0.1358 -0.0196  0.0746  0.1493  0.2067  0.2496
  0.2809
 -6.3737 -5.7120 -5.1516 -4.6771 -4.2723 -3.9278 -3.6359 -3.3909 -3.1858 -3.0139
 -2.8692 -2.7475 -2.6432 -2.5517 -2.4941 -2.2904 -2.0282 -1.7283 -1.4203
 [Fe/H] =  1.00 [alpha/Fe] = 0.00 BC value = F390W
 -7.3608 -7.1367 -6.8932 -6.6324 -6.3565 -6.0672 -5.7661 -5.4545 -5.1366 -4.8326
 -4.5784 -4.3847 -4.2267 -4.0808 -3.9310 -3.4946 -3.0121 -2.5368 -2.1017
 -6.7739 -7.0143 -7.0500 -6.9020 -6.5888 -6.1269 -5.5963 -5.2154 -4.8831 -4.5756
 -4.3240 -4.1327 -3.9780 -3.8381 -3.6975 -3.2998 -2.8376 -2.3776 -1.9553 -1.5829
 -6.2163 -6.3978 -6.1773 -6.1083 -5.9821 -5.7736 -5.4119 -5.0024 -4.6602 -4.3519
 -4.1012 -3.9100 -3.7572 -3.6225 -3.4908 -3.1249 -2.6982 -2.2566 -1.8488 -1.4906
 -1.1726
 -5.7037 -5.6912 -5.6651 -5.6132 -5.5213 -5.3728 -5.1464 -4.8116 -4.4632 -4.1572
 -3.9061 -3.7134 -3.5612 -3.4301 -3.3056 -2.9683 -2.5742 -2.1597 -1.7668 -1.4193
 -1.1135 -0.8417
 -5.2535 -5.2296 -5.2008 -5.1577 -5.0892 -4.9819 -4.8214 -4.5862 -4.2799 -3.9837
 -3.7343 -3.5397 -3.3874 -3.2586 -3.1392 -2.8262 -2.4613 -2.0743 -1.6996 -1.3622
 -1.0651 -0.8036 -0.5736 -0.3702
 -4.8890 -4.8406 -4.7980 -4.7523 -4.6941 -4.6130 -4.4964 -4.3292 -4.0949 -3.8260
 -3.5830 -3.3872 -3.2335 -3.1061 -2.9906 -2.6979 -2.3588 -1.9964 -1.6418 -1.3156
 -1.0261 -0.7720 -0.5503 -0.3572 -0.1881 -0.0366  0.1016  0.2224  0.3218  0.4043
 -4.6721 -4.5663 -4.4826 -4.4158 -4.3516 -4.2795 -4.1885 -4.0661 -3.8965 -3.6757
 -3.4486 -3.2548 -3.0995 -2.9727 -2.8600 -2.5843 -2.2686 -1.9269 -1.5916 -1.2783
 -0.9960 -0.7474 -0.5322 -0.3459 -0.1852 -0.0449  0.0798  0.1920  0.2894  0.3669
  0.4294
 -4.6465 -4.4746 -4.3280 -4.2039 -4.0988 -4.0077 -3.9189 -3.8194 -3.6932 -3.5266
 -3.3296 -3.1429 -2.9880 -2.8607 -2.7497 -2.4880 -2.1935 -1.8696 -1.5500 -1.2499
 -0.9753 -0.7315 -0.5198 -0.3383 -0.1826 -0.0485  0.0662  0.1660  0.2543  0.3298
  0.3880
 -4.7804 -4.4799 -4.2489 -4.0772 -3.9503 -3.8392 -3.7269 -3.6141 -3.5022 -3.3742
 -3.2170 -3.0486 -2.8973 -2.7701 -2.6603 -2.4088 -2.1332 -1.8241 -1.5159 -1.2268
 -0.9605 -0.7208 -0.5120 -0.3333 -0.1814 -0.0520  0.0576  0.1497  0.2273  0.2932
  0.3486
 -5.0462 -4.6628 -4.3369 -4.0692 -3.8570 -3.6913 -3.5615 -3.4533 -3.3483 -3.2353
 -3.1112 -2.9701 -2.8296 -2.7047 -2.5953 -2.3515 -2.0930 -1.7997 -1.4999 -1.2187
 -0.9598 -0.7244 -0.5169 -0.3388 -0.1880 -0.0606  0.0460  0.1345  0.2065  0.2647
  0.3105
 -5.4275 -4.9608 -4.5593 -4.2152 -3.9252 -3.6860 -3.4908 -3.3305 -3.1976 -3.0848
 -2.9818 -2.8769 -2.7637 -2.6511 -2.5467 -2.3122 -2.0686 -1.7911 -1.4992 -1.2223
 -0.9687 -0.7372 -0.5306 -0.3517 -0.2000 -0.0726  0.0331  0.1199  0.1893  0.2429
  0.2832
 -6.0069 -5.4159 -4.9170 -4.4919 -4.1286 -3.8194 -3.5597 -3.3429 -3.1616 -3.0087
 -2.8789 -2.7681 -2.6693 -2.5765 -2.5145 -2.2909 -2.0600 -1.7983 -1.5138
