 [Fe/H] = -2.50 [alpha/Fe] = 0.00 BC value = F140W
 -1.0960 -1.0864 -1.0772 -1.0709 -1.0590 -1.0418 -0.9958 -0.9905 -0.9917 -0.9993
 -1.0126 -1.0116 -1.0363 -1.0651 -1.0952 -1.1889 -1.3044 -1.4170 -1.5351
 -0.9998 -1.0074 -1.0141 -1.0200 -1.0192 -1.0124 -1.0086 -1.0097 -1.0155 -1.0259
 -1.0417 -1.0616 -1.0846 -1.1108 -1.1405 -1.2285 -1.3307 -1.4409 -1.5535 -1.6666
 -0.9859 -1.0000 -1.0124 -1.0228 -1.0319 -1.0398 -1.0418 -1.0389 -1.0404 -1.0499
 -1.0654 -1.0862 -1.1108 -1.1381 -1.1680 -1.2536 -1.3521 -1.4590 -1.5690 -1.6793
 -1.7891
 -0.9673 -0.9862 -1.0035 -1.0195 -1.0342 -1.0484 -1.0621 -1.0735 -1.0793 -1.0832
 -1.0925 -1.1091 -1.1326 -1.1606 -1.1912 -1.2762 -1.3715 -1.4749 -1.5824 -1.6904
 -1.7977 -1.9043
 -0.9480 -0.9704 -0.9912 -1.0110 -1.0300 -1.0488 -1.0677 -1.0867 -1.1047 -1.1190
 -1.1296 -1.1416 -1.1588 -1.1822 -1.2112 -1.2958 -1.3891 -1.4892 -1.5940 -1.7001
 -1.8056 -1.9101 -2.0136 -2.1162
 -0.9329 -0.9569 -0.9800 -1.0019 -1.0234 -1.0451 -1.0671 -1.0897 -1.1129 -1.1356
 -1.1561 -1.1738 -1.1909 -1.2107 -1.2348 -1.3132 -1.4047 -1.5022 -1.6042 -1.7085
 -1.8127 -1.9159 -2.0177 -2.1183 -2.2186 -2.3186 -2.4179 -2.5165 -2.6141 -2.7106
 -0.9295 -0.9506 -0.9737 -0.9964 -1.0189 -1.0415 -1.0650 -1.0892 -1.1146 -1.1407
 -1.1667 -1.1916 -1.2148 -1.2372 -1.2606 -1.3316 -1.4188 -1.5138 -1.6133 -1.7157
 -1.8188 -1.9212 -2.0219 -2.1212 -2.2191 -2.3156 -2.4114 -2.5072 -2.6037 -2.7005
 -2.7948
 -0.9396 -0.9566 -0.9765 -0.9977 -1.0197 -1.0422 -1.0653 -1.0895 -1.1153 -1.1421
 -1.1701 -1.1985 -1.2265 -1.2536 -1.2802 -1.3505 -1.4326 -1.5244 -1.6215 -1.7218
 -1.8237 -1.9255 -2.0259 -2.1244 -2.2212 -2.3164 -2.4102 -2.5032 -2.5962 -2.6898
 -2.7843
 -0.9689 -0.9790 -0.9928 -1.0099 -1.0293 -1.0500 -1.0717 -1.0945 -1.1191 -1.1452
 -1.1728 -1.2020 -1.2319 -1.2620 -1.2918 -1.3665 -1.4465 -1.5352 -1.6299 -1.7284
 -1.8288 -1.9300 -2.0305 -2.1292 -2.2257 -2.3201 -2.4130 -2.5050 -2.5963 -2.6868
 -2.7764
 -1.0174 -1.0178 -1.0250 -1.0357 -1.0501 -1.0672 -1.0861 -1.1064 -1.1285 -1.1524
 -1.1782 -1.2060 -1.2355 -1.2663 -1.2977 -1.3772 -1.4577 -1.5439 -1.6364 -1.7329
 -1.8315 -1.9315 -2.0315 -2.1305 -2.2273 -2.3217 -2.4140 -2.5044 -2.5962 -2.6844
 -2.7703
 -1.0852 -1.0730 -1.0731 -1.0774 -1.0855 -1.0969 -1.1113 -1.1279 -1.1464 -1.1669
 -1.1896 -1.2146 -1.2418 -1.2712 -1.3022 -1.3837 -1.4669 -1.5517 -1.6422 -1.7369
 -1.8341 -1.9326 -2.0316 -2.1303 -2.2276 -2.3226 -2.4152 -2.5054 -2.5935 -2.6802
 -2.7659
 -1.1722 -1.1446 -1.1371 -1.1354 -1.1368 -1.1415 -1.1499 -1.1613 -1.1751 -1.1911
 -1.2095 -1.2304 -1.2539 -1.2801 -1.3053 -1.3860 -1.4741 -1.5586 -1.6473
 [Fe/H] = -2.00 [alpha/Fe] = 0.00 BC value = F140W
 -1.0599 -1.0527 -1.0441 -1.0362 -1.0268 -1.0170 -1.0001 -0.9999 -1.0050 -1.0151
 -1.0293 -1.0403 -1.0613 -1.0863 -1.1141 -1.1993 -1.3034 -1.4140 -1.5321
 -1.0290 -1.0362 -1.0418 -1.0387 -1.0333 -1.0282 -1.0246 -1.0242 -1.0290 -1.0394
 -1.0547 -1.0738 -1.0956 -1.1205 -1.1486 -1.2316 -1.3296 -1.4377 -1.5499 -1.6629
 -1.0211 -1.0300 -1.0387 -1.0465 -1.0529 -1.0509 -1.0459 -1.0451 -1.0496 -1.0592
 -1.0742 -1.0942 -1.1176 -1.1437 -1.1726 -1.2554 -1.3506 -1.4554 -1.5648 -1.6751
 -1.7850
 -1.0066 -1.0201 -1.0335 -1.0458 -1.0568 -1.0666 -1.0745 -1.0752 -1.0735 -1.0785
 -1.0913 -1.1102 -1.1340 -1.1613 -1.1911 -1.2747 -1.3685 -1.4704 -1.5774 -1.6856
 -1.7931 -1.8999
 -0.9844 -1.0027 -1.0205 -1.0375 -1.0536 -1.0690 -1.0837 -1.0972 -1.1076 -1.1117
 -1.1162 -1.1282 -1.1483 -1.1748 -1.2052 -1.2900 -1.3833 -1.4831 -1.5880 -1.6945
 -1.8005 -1.9053 -2.0091 -2.1123
 -0.9570 -0.9799 -1.0018 -1.0227 -1.0431 -1.0631 -1.0829 -1.1024 -1.1214 -1.1383
 -1.1506 -1.1597 -1.1721 -1.1913 -1.2176 -1.3020 -1.3953 -1.4939 -1.5969 -1.7020
 -1.8069 -1.9105 -2.0127 -2.1138 -2.2140 -2.3135 -2.4128 -2.5120 -2.6116 -2.7082
 -0.9290 -0.9553 -0.9807 -1.0049 -1.0283 -1.0516 -1.0752 -1.0991 -1.1231 -1.1464
 -1.1682 -1.1869 -1.2025 -1.2184 -1.2386 -1.3125 -1.4050 -1.5029 -1.6043 -1.7082
 -1.8123 -1.9152 -2.0165 -2.1162 -2.2146 -2.3119 -2.4085 -2.5047 -2.6010 -2.6980
 -2.7923
 -0.9075 -0.9341 -0.9611 -0.9875 -1.0131 -1.0385 -1.0644 -1.0908 -1.1181 -1.1455
 -1.1723 -1.1979 -1.2212 -1.2426 -1.2634 -1.3279 -1.4141 -1.5104 -1.6106 -1.7130
 -1.8164 -1.9191 -2.0200 -2.1191 -2.2163 -2.3120 -2.4066 -2.5003 -2.5936 -2.6872
 -2.7818
 -0.8993 -0.9224 -0.9480 -0.9746 -1.0011 -1.0275 -1.0543 -1.0820 -1.1108 -1.1404
 -1.1703 -1.1999 -1.2284 -1.2553 -1.2809 -1.3464 -1.4262 -1.5187 -1.6172 -1.7184
 -1.8207 -1.9231 -2.0242 -2.1234 -2.2204 -2.3153 -2.4087 -2.5008 -2.5919 -2.6827
 -2.7738
 -0.9088 -0.9256 -0.9464 -0.9700 -0.9951 -1.0212 -1.0478 -1.0753 -1.1041 -1.1341
 -1.1652 -1.1968 -1.2283 -1.2590 -1.2887 -1.3608 -1.4382 -1.5263 -1.6222 -1.7216
 -1.8226 -1.9240 -2.0249 -2.1244 -2.2217 -2.3166 -2.4093 -2.5003 -2.5898 -2.6783
 -2.7677
 -0.9356 -0.9460 -0.9600 -0.9783 -0.9994 -1.0230 -1.0479 -1.0741 -1.1017 -1.1308
 -1.1614 -1.1932 -1.2258 -1.2584 -1.2908 -1.3695 -1.4489 -1.5343 -1.6272 -1.7247
 -1.8242 -1.9244 -2.0245 -2.1239 -2.2217 -2.3172 -2.4102 -2.5009 -2.5896 -2.6768
 -2.7629
 -0.9775 -0.9821 -0.9904 -1.0022 -1.0176 -1.0363 -1.0578 -1.0812 -1.1065 -1.1335
 -1.1621 -1.1926 -1.2337 -1.2647 -1.2872 -1.3725 -1.4583 -1.5427 -1.6322
 [Fe/H] = -1.50 [alpha/Fe] = 0.00 BC value = F140W
 -1.0152 -1.0088 -1.0006 -0.9923 -0.9858 -0.9830 -0.9854 -0.9938 -1.0068 -1.0229
 -1.0408 -1.0598 -1.0801 -1.1035 -1.1301 -1.2095 -1.3048 -1.4115 -1.5273
 -1.0202 -1.0187 -1.0153 -1.0105 -1.0062 -1.0045 -1.0071 -1.0147 -1.0271 -1.0433
 -1.0622 -1.0830 -1.1053 -1.1299 -1.1574 -1.2371 -1.3299 -1.4338 -1.5444 -1.6572
 -1.0127 -1.0188 -1.0260 -1.0269 -1.0249 -1.0241 -1.0263 -1.0326 -1.0434 -1.0584
 -1.0773 -1.0990 -1.1228 -1.1487 -1.1771 -1.2581 -1.3500 -1.4510 -1.5586 -1.6686
 -1.7788
 -1.0089 -1.0168 -1.0261 -1.0354 -1.0435 -1.0484 -1.0482 -1.0505 -1.0585 -1.0714
 -1.0888 -1.1103 -1.1349 -1.1618 -1.1911 -1.2735 -1.3655 -1.4649 -1.5702 -1.6781
 -1.7860 -1.8933
 -0.9991 -1.0110 -1.0242 -1.0376 -1.0503 -1.0626 -1.0743 -1.0819 -1.0841 -1.0888
 -1.1011 -1.1199 -1.1435 -1.1709 -1.2009 -1.2847 -1.3772 -1.4758 -1.5795 -1.6859
 -1.7924 -1.8979 -2.0023 -2.1062
 -0.9809 -0.9970 -1.0144 -1.0322 -1.0497 -1.0667 -1.0831 -1.0989 -1.1132 -1.1231
 -1.1282 -1.1369 -1.1539 -1.1782 -1.2077 -1.2927 -1.3859 -1.4843 -1.5869 -1.6922
 -1.7978 -1.9022 -2.0051 -2.1070 -2.2079 -2.3080 -2.4078 -2.5079 -2.6077 -2.7041
 -0.9540 -0.9752 -0.9969 -1.0187 -1.0403 -1.0615 -1.0823 -1.1029 -1.1231 -1.1422
 -1.1586 -1.1700 -1.1797 -1.1942 -1.2165 -1.2983 -1.3922 -1.4907 -1.5927 -1.6970
 -1.8021 -1.9060 -2.0081 -2.1086 -2.2077 -2.3058 -2.4032 -2.5001 -2.5969 -2.6940
 -2.7883
 -0.9212 -0.9471 -0.9733 -0.9990 -1.0242 -1.0490 -1.0737 -1.0982 -1.1227 -1.1469
 -1.1700 -1.1911 -1.2090 -1.2236 -1.2394 -1.3044 -1.3969 -1.4955 -1.5970 -1.7006
 -1.8051 -1.9089 -2.0108 -2.1107 -2.2087 -2.3052 -2.4006 -2.4951 -2.5890 -2.6831
 -2.7779
 -0.8881 -0.9170 -0.9465 -0.9758 -1.0044 -1.0324 -1.0600 -1.0877 -1.1156 -1.1436
 -1.1712 -1.1978 -1.2227 -1.2453 -1.2653 -1.3209 -1.4028 -1.5004 -1.6016 -1.7045
 -1.8084 -1.9121 -2.0143 -2.1144 -2.2121 -2.3078 -2.4021 -2.4950 -2.5868 -2.6784
 -2.7698
 -0.8633 -0.8917 -0.9218 -0.9526 -0.9834 -1.0137 -1.0436 -1.0735 -1.1038 -1.1345
 -1.1653 -1.1958 -1.2253 -1.2533 -1.2796 -1.3405 -1.4134 -1.5044 -1.6040 -1.7060
 -1.8090 -1.9121 -2.0143 -2.1147 -2.2128 -2.3084 -2.4021 -2.4938 -2.5841 -2.6733
 -2.7633
 -0.8534 -0.8775 -0.9050 -0.9347 -0.9654 -0.9965 -1.0277 -1.0589 -1.0905 -1.1227
 -1.1555 -1.1887 -1.2215 -1.2533 -1.2839 -1.3551 -1.4268 -1.5113 -1.6069 -1.7073
 -1.8092 -1.9114 -2.0131 -2.1137 -2.2123 -2.3085 -2.4024 -2.4938 -2.5833 -2.6713
 -2.7580
 -0.8593 -0.8782 -0.9010 -0.9271 -0.9552 -0.9848 -1.0154 -1.0467 -1.0787 -1.1114
 -1.1449 -1.1791 -1.2194 -1.2526 -1.2782 -1.3647 -1.4430 -1.5211 -1.6103
 [Fe/H] = -1.00 [alpha/Fe] = 0.00 BC value = F140W
 -0.9620 -0.9548 -0.9466 -0.9392 -0.9361 -0.9397 -0.9517 -0.9722 -0.9971 -1.0227
 -1.0471 -1.0701 -1.0926 -1.1167 -1.1433 -1.2196 -1.3086 -1.4097 -1.5208
 -0.9698 -0.9653 -0.9598 -0.9546 -0.9524 -0.9561 -0.9677 -0.9872 -1.0114 -1.0376
 -1.0636 -1.0884 -1.1129 -1.1385 -1.1662 -1.2443 -1.3327 -1.4309 -1.5377 -1.6494
 -0.9763 -0.9754 -0.9729 -0.9699 -0.9687 -0.9719 -0.9816 -0.9987 -1.0211 -1.0466
 -1.0733 -1.0998 -1.1258 -1.1526 -1.1813 -1.2614 -1.3505 -1.4473 -1.5512 -1.6597
 -1.7699
 -0.9753 -0.9795 -0.9846 -0.9859 -0.9857 -0.9882 -0.9959 -1.0098 -1.0294 -1.0530
 -1.0791 -1.1064 -1.1338 -1.1617 -1.1911 -1.2730 -1.3632 -1.4596 -1.5618 -1.6681
 -1.7760 -1.8839
 -0.9781 -0.9839 -0.9905 -0.9977 -1.0054 -1.0128 -1.0180 -1.0262 -1.0404 -1.0601
 -1.0838 -1.1103 -1.1383 -1.1672 -1.1973 -1.2805 -1.3718 -1.4685 -1.5699 -1.6747
 -1.7810 -1.8872 -1.9925 -2.0972
 -0.9747 -0.9837 -0.9949 -1.0070 -1.0202 -1.0339 -1.0471 -1.0591 -1.0693 -1.0789
 -1.0939 -1.1154 -1.1415 -1.1703 -1.2010 -1.2852 -1.3776 -1.4748 -1.5758 -1.6797
 -1.7850 -1.8901 -1.9940 -2.0968 -2.1988 -2.3001 -2.4009 -2.5017 -2.6018 -2.6980
 -0.9633 -0.9756 -0.9906 -1.0075 -1.0251 -1.0428 -1.0609 -1.0794 -1.0979 -1.1144
 -1.1260 -1.1360 -1.1515 -1.1746 -1.2033 -1.2879 -1.3813 -1.4790 -1.5800 -1.6834
 -1.7880 -1.8925 -1.9956 -2.0972 -2.1974 -2.2967 -2.3952 -2.4931 -2.5907 -2.6879
 -2.7819
 -0.9425 -0.9590 -0.9779 -0.9988 -1.0206 -1.0428 -1.0649 -1.0872 -1.1096 -1.1318
 -1.1526 -1.1699 -1.1825 -1.1948 -1.2131 -1.2893 -1.3832 -1.4816 -1.5827 -1.6857
 -1.7899 -1.8941 -1.9969 -2.0979 -2.1971 -2.2949 -2.3916 -2.4872 -2.5821 -2.6769
 -2.7717
 -0.9123 -0.9339 -0.9572 -0.9822 -1.0080 -1.0342 -1.0601 -1.0857 -1.1114 -1.1370
 -1.1623 -1.1864 -1.2082 -1.2260 -1.2410 -1.2955 -1.3850 -1.4840 -1.5854 -1.6883
 -1.7921 -1.8962 -1.9993 -2.1005 -2.1994 -2.2964 -2.3919 -2.4860 -2.5790 -2.6715
 -2.7636
 -0.8752 -0.9021 -0.9296 -0.9586 -0.9882 -1.0181 -1.0475 -1.0764 -1.1052 -1.1338
 -1.1622 -1.1903 -1.2173 -1.2425 -1.2651 -1.3154 -1.3881 -1.4842 -1.5856 -1.6882
 -1.7915 -1.8951 -1.9983 -2.0999 -2.1991 -2.2960 -2.3909 -2.4838 -2.5753 -2.6657
 -2.7554
 -0.8391 -0.8683 -0.8988 -0.9311 -0.9640 -0.9969 -1.0295 -1.0615 -1.0930 -1.1244
 -1.1556 -1.1867 -1.2173 -1.2469 -1.2751 -1.3374 -1.4014 -1.4862 -1.5853 -1.6874
 -1.7903 -1.8934 -1.9962 -2.0980 -2.1978 -2.2952 -2.3902 -2.4828 -2.5735 -2.6627
 -2.7505
 -0.8112 -0.8394 -0.8707 -0.9041 -0.9384 -0.9733 -1.0081 -1.0426 -1.0767 -1.1104
 -1.1440 -1.1776 -1.2110 -1.2439 -1.2710 -1.3615 -1.4249 -1.4900 -1.5845
 [Fe/H] = -0.75 [alpha/Fe] = 0.00 BC value = F140W
 -0.9322 -0.9240 -0.9157 -0.9092 -0.9080 -0.9146 -0.9310 -0.9571 -0.9876 -1.0181
 -1.0461 -1.0718 -1.0965 -1.1218 -1.1488 -1.2246 -1.3114 -1.4090 -1.5169
 -0.9398 -0.9343 -0.9282 -0.9233 -0.9225 -0.9286 -0.9442 -0.9691 -0.9990 -1.0304
 -1.0603 -1.0880 -1.1144 -1.1411 -1.1693 -1.2474 -1.3344 -1.4303 -1.5341 -1.6445
 -0.9475 -0.9449 -0.9412 -0.9380 -0.9372 -0.9420 -0.9551 -0.9773 -1.0055 -1.0365
 -1.0676 -1.0972 -1.1252 -1.1531 -1.1823 -1.2626 -1.3507 -1.4455 -1.5473 -1.6545
 -1.7643
 -0.9524 -0.9546 -0.9540 -0.9526 -0.9524 -0.9562 -0.9664 -0.9849 -1.0102 -1.0396
 -1.0707 -1.1016 -1.1312 -1.1604 -1.1903 -1.2723 -1.3619 -1.4569 -1.5575 -1.6624
 -1.7699 -1.8779
 -0.9572 -0.9624 -0.9636 -0.9683 -0.9717 -0.9746 -0.9814 -0.9954 -1.0163 -1.0426
 -1.0721 -1.1031 -1.1339 -1.1643 -1.1950 -1.2783 -1.3692 -1.4649 -1.5650 -1.6686
 -1.7743 -1.8805 -1.9862 -2.0914
 -0.9598 -0.9666 -0.9740 -0.9820 -0.9904 -0.9999 -1.0106 -1.0210 -1.0336 -1.0518
 -1.0760 -1.1042 -1.1347 -1.1659 -1.1974 -1.2818 -1.3738 -1.4703 -1.5703 -1.6731
 -1.7777 -1.8827 -1.9870 -2.0903 -2.1928 -2.2947 -2.3962 -2.4975 -2.5977 -2.6939
 -0.9563 -0.9653 -0.9771 -0.9904 -1.0044 -1.0190 -1.0348 -1.0521 -1.0698 -1.0850
 -1.0980 -1.1148 -1.1382 -1.1668 -1.1982 -1.2834 -1.3763 -1.4736 -1.5738 -1.6763
 -1.7801 -1.8844 -1.9877 -2.0899 -2.1907 -2.2906 -2.3898 -2.4883 -2.5864 -2.6837
 -2.7776
 -0.9438 -0.9558 -0.9710 -0.9887 -1.0078 -1.0275 -1.0477 -1.0688 -1.0910 -1.1133
 -1.1335 -1.1493 -1.1621 -1.1783 -1.2018 -1.2837 -1.3773 -1.4753 -1.5758 -1.6781
 -1.7815 -1.8853 -1.9883 -2.0898 -2.1897 -2.2881 -2.3855 -2.4818 -2.5773 -2.6726
 -2.7674
 -0.9219 -0.9379 -0.9567 -0.9782 -1.0015 -1.0257 -1.0502 -1.0747 -1.0998 -1.1252
 -1.1505 -1.1742 -1.1945 -1.2104 -1.2250 -1.2857 -1.3780 -1.4767 -1.5778 -1.6801
 -1.7833 -1.8870 -1.9900 -2.0916 -2.1912 -2.2889 -2.3852 -2.4800 -2.5737 -2.6666
 -2.7592
 -0.8897 -0.9115 -0.9343 -0.9599 -0.9869 -1.0150 -1.0431 -1.0712 -1.0991 -1.1271
 -1.1550 -1.1827 -1.2091 -1.2331 -1.2538 -1.3015 -1.3777 -1.4758 -1.5771 -1.6794
 -1.7823 -1.8856 -1.9886 -2.0905 -2.1903 -2.2878 -2.3833 -2.4771 -2.5693 -2.6604
 -2.7506
 -0.8508 -0.8776 -0.9056 -0.9346 -0.9654 -0.9970 -1.0287 -1.0601 -1.0910 -1.1216
 -1.1520 -1.1824 -1.2122 -1.2410 -1.2681 -1.3260 -1.3882 -1.4751 -1.5757 -1.6779
 -1.7806 -1.8835 -1.9862 -2.0882 -2.1884 -2.2864 -2.3820 -2.4754 -2.5668 -2.6567
 -2.7452
 -0.8124 -0.8420 -0.8730 -0.9052 -0.9390 -0.9736 -1.0084 -1.0428 -1.0768 -1.1101
 -1.1430 -1.1757 -1.2082 -1.2402 -1.2679 -1.3592 -1.4095 -1.4746 -1.5736
 [Fe/H] = -0.50 [alpha/Fe] = 0.00 BC value = F140W
 -0.9029 -0.8932 -0.8841 -0.8781 -0.8787 -0.8883 -0.9088 -0.9398 -0.9751 -1.0097
 -1.0417 -1.0708 -1.0982 -1.1253 -1.1533 -1.2294 -1.3147 -1.4091 -1.5137
 -0.9098 -0.9027 -0.8958 -0.8911 -0.8919 -0.9004 -0.9197 -0.9493 -0.9842 -1.0200
 -1.0538 -1.0849 -1.1138 -1.1423 -1.1714 -1.2502 -1.3362 -1.4293 -1.5307 -1.6393
 -0.9179 -0.9137 -0.9089 -0.9053 -0.9052 -0.9116 -0.9279 -0.9546 -0.9878 -1.0237
 -1.0590 -1.0920 -1.1227 -1.1523 -1.1824 -1.2633 -1.3509 -1.4440 -1.5436 -1.6490
 -1.7582
 -0.9252 -0.9240 -0.9218 -0.9196 -0.9195 -0.9241 -0.9365 -0.9591 -0.9894 -1.0241
 -1.0598 -1.0944 -1.1269 -1.1579 -1.1888 -1.2714 -1.3606 -1.4544 -1.5532 -1.6566
 -1.7632 -1.8712
 -0.9309 -0.9326 -0.9347 -0.9348 -0.9351 -0.9385 -0.9476 -0.9654 -0.9917 -1.0237
 -1.0585 -1.0938 -1.1278 -1.1602 -1.1921 -1.2760 -1.3666 -1.4614 -1.5601 -1.6623
 -1.7671 -1.8731 -1.9791 -2.0847
 -0.9409 -0.9437 -0.9473 -0.9512 -0.9560 -0.9615 -0.9681 -0.9798 -0.9993 -1.0261
 -1.0577 -1.0919 -1.1265 -1.1603 -1.1933 -1.2784 -1.3701 -1.4659 -1.5648 -1.6664
 -1.7700 -1.8746 -1.9790 -2.0828 -2.1859 -2.2884 -2.3905 -2.4924 -2.5928 -2.6890
 -0.9434 -0.9497 -0.9581 -0.9670 -0.9764 -0.9867 -0.9991 -1.0136 -1.0293 -1.0460
 -1.0669 -1.0940 -1.1254 -1.1589 -1.1927 -1.2792 -1.3718 -1.4684 -1.5678 -1.6691
 -1.7720 -1.8756 -1.9790 -2.0815 -2.1830 -2.2835 -2.3833 -2.4825 -2.5813 -2.6787
 -2.7724
 -0.9377 -0.9467 -0.9588 -0.9729 -0.9881 -1.0041 -1.0213 -1.0405 -1.0620 -1.0840
 -1.1035 -1.1201 -1.1381 -1.1622 -1.1923 -1.2787 -1.3719 -1.4694 -1.5692 -1.6706
 -1.7731 -1.8761 -1.9788 -2.0806 -2.1810 -2.2801 -2.3783 -2.4753 -2.5716 -2.6673
 -2.7622
 -0.9241 -0.9356 -0.9508 -0.9688 -0.9890 -1.0102 -1.0322 -1.0551 -1.0795 -1.1052
 -1.1310 -1.1545 -1.1738 -1.1895 -1.2069 -1.2782 -1.3717 -1.4701 -1.5706 -1.6722
 -1.7746 -1.8774 -1.9800 -2.0817 -2.1817 -2.2801 -2.3771 -2.4727 -2.5672 -2.6608
 -2.7539
 -0.9007 -0.9169 -0.9349 -0.9563 -0.9802 -1.0058 -1.0321 -1.0588 -1.0859 -1.1136
 -1.1418 -1.1698 -1.1960 -1.2191 -1.2383 -1.2877 -1.3699 -1.4683 -1.5692 -1.6710
 -1.7733 -1.8759 -1.9783 -2.0800 -2.1801 -2.2782 -2.3744 -2.4690 -2.5620 -2.6538
 -2.7448
 -0.8665 -0.8884 -0.9116 -0.9362 -0.9637 -0.9929 -1.0231 -1.0533 -1.0834 -1.1135
 -1.1437 -1.1739 -1.2036 -1.2320 -1.2582 -1.3126 -1.3755 -1.4661 -1.5670 -1.6689
 -1.7711 -1.8735 -1.9757 -2.0774 -2.1777 -2.2761 -2.3724 -2.4665 -2.5587 -2.6494
 -2.7387
 -0.8258 -0.8526 -0.8805 -0.9098 -0.9403 -0.9729 -1.0064 -1.0399 -1.0733 -1.1061
 -1.1385 -1.1707 -1.2027 -1.2342 -1.2666 -1.3529 -1.3885 -1.4635 -1.5640
 [Fe/H] = -0.25 [alpha/Fe] = 0.00 BC value = F140W
 -0.8765 -0.8645 -0.8540 -0.8477 -0.8491 -0.8606 -0.8839 -0.9185 -0.9572 -0.9955
 -1.0312 -1.0640 -1.0945 -1.1238 -1.1532 -1.2307 -1.3155 -1.4078 -1.5093
 -0.8817 -0.8724 -0.8640 -0.8591 -0.8607 -0.8713 -0.8934 -0.9264 -0.9649 -1.0043
 -1.0417 -1.0763 -1.1082 -1.1388 -1.1693 -1.2494 -1.3354 -1.4270 -1.5260 -1.6325
 -0.8897 -0.8830 -0.8766 -0.8723 -0.8727 -0.8808 -0.8995 -0.9296 -0.9667 -1.0064
 -1.0453 -1.0817 -1.1154 -1.1473 -1.1787 -1.2609 -1.3485 -1.4406 -1.5383 -1.6421
 -1.7504
 -0.8974 -0.8940 -0.8899 -0.8867 -0.8863 -0.8917 -0.9059 -0.9317 -0.9660 -1.0048
 -1.0444 -1.0825 -1.1181 -1.1514 -1.1839 -1.2676 -1.3569 -1.4500 -1.5473 -1.6494
 -1.7551 -1.8629
 -0.9052 -0.9042 -0.9026 -0.9010 -0.9010 -0.9048 -0.9150 -0.9354 -0.9656 -1.0021
 -1.0412 -1.0802 -1.1174 -1.1525 -1.1861 -1.2713 -1.3619 -1.4561 -1.5537 -1.6548
 -1.7587 -1.8644 -1.9706 -2.0768
 -0.9165 -0.9161 -0.9169 -0.9182 -0.9191 -0.9215 -0.9286 -0.9434 -0.9680 -1.0005
 -1.0376 -1.0764 -1.1146 -1.1512 -1.1861 -1.2728 -1.3645 -1.4598 -1.5578 -1.6585
 -1.7612 -1.8654 -1.9698 -2.0740 -2.1776 -2.2807 -2.3834 -2.4860 -2.5867 -2.6829
 -0.9263 -0.9297 -0.9339 -0.9382 -0.9428 -0.9488 -0.9566 -0.9671 -0.9831 -1.0068
 -1.0376 -1.0732 -1.1108 -1.1482 -1.1844 -1.2729 -1.3654 -1.4617 -1.5603 -1.6608
 -1.7629 -1.8659 -1.9691 -2.0719 -2.1739 -2.2750 -2.3754 -2.4753 -2.5747 -2.6725
 -2.7660
 -0.9267 -0.9333 -0.9424 -0.9525 -0.9630 -0.9740 -0.9869 -1.0025 -1.0214 -1.0414
 -1.0616 -1.0844 -1.1127 -1.1459 -1.1816 -1.2718 -1.3650 -1.4622 -1.5613 -1.6619
 -1.7637 -1.8660 -1.9684 -2.0702 -2.1710 -2.2708 -2.3696 -2.4673 -2.5643 -2.6607
 -2.7558
 -0.9191 -0.9281 -0.9405 -0.9553 -0.9716 -0.9887 -1.0069 -1.0268 -1.0496 -1.0749
 -1.1004 -1.1234 -1.1431 -1.1626 -1.1868 -1.2702 -1.3642 -1.4622 -1.5622 -1.6633
 -1.7650 -1.8672 -1.9692 -2.0706 -2.1709 -2.2698 -2.3675 -2.4638 -2.5591 -2.6534
 -2.7471
 -0.9044 -0.9158 -0.9304 -0.9484 -0.9690 -0.9913 -1.0146 -1.0388 -1.0644 -1.0917
 -1.1204 -1.1490 -1.1751 -1.1975 -1.2163 -1.2729 -1.3615 -1.4599 -1.5604 -1.6617
 -1.7635 -1.8655 -1.9673 -2.0685 -2.1685 -2.2670 -2.3639 -2.4591 -2.5530 -2.6456
 -2.7373
 -0.8795 -0.8954 -0.9134 -0.9339 -0.9578 -0.9841 -1.0118 -1.0401 -1.0690 -1.0984
 -1.1285 -1.1592 -1.1893 -1.2176 -1.2431 -1.2956 -1.3624 -1.4567 -1.5576 -1.6591
 -1.7610 -1.8629 -1.9646 -2.0657 -2.1657 -2.2642 -2.3609 -2.4557 -2.5487 -2.6403
 -2.7305
 -0.8436 -0.8653 -0.8880 -0.9128 -0.9394 -0.9689 -1.0001 -1.0321 -1.0644 -1.0965
 -1.1285 -1.1607 -1.1927 -1.2242 -1.2672 -1.3383 -1.3669 -1.4526 -1.5538
 [Fe/H] =  0.00 [alpha/Fe] = 0.00 BC value = F140W
 -0.8544 -0.8397 -0.8273 -0.8203 -0.8218 -0.8346 -0.8604 -0.8984 -0.9403 -0.9822
 -1.0220 -1.0590 -1.0933 -1.1255 -1.1570 -1.2368 -1.3214 -1.4120 -1.5099
 -0.8572 -0.8452 -0.8351 -0.8296 -0.8316 -0.8438 -0.8687 -0.9052 -0.9468 -0.9895
 -1.0307 -1.0692 -1.1049 -1.1384 -1.1710 -1.2535 -1.3397 -1.4299 -1.5260 -1.6293
 -0.8639 -0.8545 -0.8462 -0.8410 -0.8418 -0.8515 -0.8730 -0.9066 -0.9472 -0.9901
 -1.0325 -1.0728 -1.1101 -1.1450 -1.1786 -1.2631 -1.3511 -1.4421 -1.5375 -1.6386
 -1.7450
 -0.8716 -0.8654 -0.8591 -0.8545 -0.8541 -0.8606 -0.8773 -0.9063 -0.9445 -0.9869
 -1.0300 -1.0717 -1.1109 -1.1474 -1.1821 -1.2683 -1.3579 -1.4501 -1.5456 -1.6454
 -1.7493 -1.8561
 -0.8787 -0.8756 -0.8720 -0.8690 -0.8682 -0.8723 -0.8842 -0.9074 -0.9415 -0.9821
 -1.0250 -1.0677 -1.1084 -1.1467 -1.1828 -1.2707 -1.3616 -1.4551 -1.5510 -1.6501
 -1.7524 -1.8570 -1.9627 -2.0689
 -0.8897 -0.8878 -0.8859 -0.8839 -0.8835 -0.8865 -0.8950 -0.9121 -0.9406 -0.9777
 -1.0192 -1.0620 -1.1038 -1.1436 -1.1813 -1.2713 -1.3632 -1.4579 -1.5545 -1.6533
 -1.7545 -1.8575 -1.9613 -2.0654 -2.1693 -2.2727 -2.3761 -2.4794 -2.5802 -2.6765
 -0.9059 -0.9054 -0.9053 -0.9055 -0.9064 -0.9083 -0.9133 -0.9245 -0.9454 -0.9764
 -1.0144 -1.0559 -1.0980 -1.1390 -1.1781 -1.2704 -1.3634 -1.4591 -1.5564 -1.6552
 -1.7558 -1.8576 -1.9600 -2.0626 -2.1647 -2.2661 -2.3671 -2.4678 -2.5680 -2.6658
 -2.7595
 -0.9129 -0.9169 -0.9222 -0.9276 -0.9328 -0.9390 -0.9470 -0.9577 -0.9726 -0.9931
 -1.0203 -1.0544 -1.0931 -1.1335 -1.1735 -1.2684 -1.3624 -1.4590 -1.5571 -1.6562
 -1.7564 -1.8575 -1.9588 -2.0602 -2.1609 -2.2610 -2.3603 -2.4588 -2.5565 -2.6537
 -2.7490
 -0.9104 -0.9174 -0.9271 -0.9384 -0.9502 -0.9624 -0.9757 -0.9914 -1.0109 -1.0339
 -1.0581 -1.0821 -1.1074 -1.1367 -1.1710 -1.2658 -1.3610 -1.4586 -1.5578 -1.6574
 -1.7578 -1.8586 -1.9595 -2.0601 -2.1600 -2.2591 -2.3572 -2.4543 -2.5503 -2.6455
 -2.7399
 -0.9018 -0.9100 -0.9223 -0.9374 -0.9546 -0.9729 -0.9920 -1.0124 -1.0353 -1.0614
 -1.0898 -1.1185 -1.1449 -1.1684 -1.1908 -1.2633 -1.3577 -1.4559 -1.5557 -1.6559
 -1.7563 -1.8570 -1.9576 -2.0577 -2.1571 -2.2555 -2.3527 -2.4485 -2.5432 -2.6368
 -2.7293
 -0.8855 -0.8965 -0.9103 -0.9281 -0.9488 -0.9718 -0.9962 -1.0215 -1.0480 -1.0761
 -1.1061 -1.1375 -1.1684 -1.1972 -1.2227 -1.2793 -1.3551 -1.4522 -1.5525 -1.6533
 -1.7539 -1.8546 -1.9550 -2.0549 -2.1540 -2.2521 -2.3489 -2.4442 -2.5380 -2.6304
 -2.7215
 -0.8591 -0.8745 -0.8920 -0.9121 -0.9353 -0.9617 -0.9901 -1.0197 -1.0501 -1.0810
 -1.1126 -1.1450 -1.1777 -1.2099 -1.2667 -1.3138 -1.3532 -1.4475 -1.5482
 [Fe/H] =  0.25 [alpha/Fe] = 0.00 BC value = F140W
 -0.8386 -0.8205 -0.8056 -0.7986 -0.8012 -0.8143 -0.8384 -0.8738 -0.9184 -0.9634
 -1.0070 -1.0480 -1.0861 -1.1217 -1.1556 -1.2389 -1.3243 -1.4144 -1.5099
 -0.8381 -0.8231 -0.8107 -0.8037 -0.8046 -0.8170 -0.8425 -0.8804 -0.9242 -0.9695
 -1.0140 -1.0564 -1.0958 -1.1327 -1.1678 -1.2537 -1.3411 -1.4309 -1.5250 -1.6257
 -0.8425 -0.8301 -0.8193 -0.8127 -0.8130 -0.8230 -0.8458 -0.8812 -0.9238 -0.9692
 -1.0146 -1.0583 -1.0993 -1.1376 -1.1738 -1.2617 -1.3508 -1.4417 -1.5355 -1.6343
 -1.7383
 -0.8493 -0.8397 -0.8308 -0.8244 -0.8233 -0.8302 -0.8484 -0.8796 -0.9202 -0.9651
 -1.0109 -1.0558 -1.0985 -1.1384 -1.1759 -1.2657 -1.3563 -1.4485 -1.5427 -1.6405
 -1.7426 -1.8482
 -0.8562 -0.8500 -0.8436 -0.8384 -0.8364 -0.8405 -0.8535 -0.8788 -0.9157 -0.9590
 -1.0048 -1.0505 -1.0946 -1.1361 -1.1752 -1.2672 -1.3590 -1.4525 -1.5473 -1.6447
 -1.7454 -1.8489 -1.9540 -2.0600
 -0.8653 -0.8603 -0.8562 -0.8528 -0.8514 -0.8539 -0.8628 -0.8816 -0.9127 -0.9530
 -0.9976 -1.0435 -1.0886 -1.1316 -1.1723 -1.2668 -1.3598 -1.4544 -1.5501 -1.6474
 -1.7472 -1.8491 -1.9522 -2.0561 -2.1599 -2.2637 -2.3675 -2.4714 -2.5723 -2.6687
 -0.8827 -0.8786 -0.8749 -0.8716 -0.8692 -0.8700 -0.8762 -0.8896 -0.9137 -0.9488
 -0.9909 -1.0360 -1.0814 -1.1255 -1.1677 -1.2651 -1.3593 -1.4549 -1.5514 -1.6490
 -1.7482 -1.8489 -1.9506 -2.0527 -2.1546 -2.2563 -2.3578 -2.4589 -2.5597 -2.6577
 -2.7515
 -0.8972 -0.8975 -0.8982 -0.8984 -0.8988 -0.9002 -0.9035 -0.9105 -0.9256 -0.9515
 -0.9873 -1.0294 -1.0739 -1.1184 -1.1616 -1.2622 -1.3578 -1.4543 -1.5517 -1.6496
 -1.7485 -1.8486 -1.9491 -2.0498 -2.1503 -2.2503 -2.3498 -2.4488 -2.5472 -2.6452
 -2.7407
 -0.9000 -0.9047 -0.9113 -0.9183 -0.9249 -0.9317 -0.9398 -0.9501 -0.9641 -0.9829
 -1.0071 -1.0371 -1.0730 -1.1134 -1.1557 -1.2586 -1.3560 -1.4536 -1.5521 -1.6508
 -1.7499 -1.8496 -1.9496 -2.0494 -2.1487 -2.2475 -2.3457 -2.4432 -2.5399 -2.6359
 -2.7311
 -0.8952 -0.9019 -0.9120 -0.9243 -0.9375 -0.9511 -0.9652 -0.9808 -0.9994 -1.0221
 -1.0479 -1.0754 -1.1026 -1.1306 -1.1609 -1.2533 -1.3521 -1.4505 -1.5499 -1.6493
 -1.7485 -1.8481 -1.9476 -2.0468 -2.1454 -2.2432 -2.3403 -2.4365 -2.5317 -2.6261
 -2.7194
 -0.8852 -0.8929 -0.9045 -0.9198 -0.9376 -0.9570 -0.9773 -0.9984 -1.0211 -1.0465
 -1.0750 -1.1059 -1.1368 -1.1660 -1.1928 -1.2597 -1.3476 -1.4465 -1.5465 -1.6466
 -1.7463 -1.8458 -1.9452 -2.0440 -2.1421 -2.2394 -2.3359 -2.4313 -2.5255 -2.6186
 -2.7106
 -0.8678 -0.8778 -0.8914 -0.9080 -0.9286 -0.9519 -0.9772 -1.0035 -1.0308 -1.0594
 -1.0896 -1.1217 -1.1548 -1.1876 -1.2514 -1.2778 -1.3425 -1.4416 -1.5419
 [Fe/H] =  0.50 [alpha/Fe] = 0.00 BC value = F140W
 -0.8302 -0.7835 -0.7562 -0.7462 -0.7518 -0.7716 -0.8041 -0.8470 -0.8942 -0.9421
 -0.9891 -1.0340 -1.0760 -1.1152 -1.1522 -1.2400 -1.3273 -1.4174 -1.5111
 -0.8257 -0.8065 -0.7919 -0.7822 -0.7806 -0.7906 -0.8150 -0.8537 -0.8992 -0.9469
 -0.9945 -1.0405 -1.0837 -1.1241 -1.1622 -1.2528 -1.3421 -1.4322 -1.5262 -1.6251
 -0.8269 -0.8103 -0.7975 -0.7888 -0.7874 -0.7964 -0.8189 -0.8546 -0.8984 -0.9457
 -0.9938 -1.0408 -1.0855 -1.1273 -1.1666 -1.2592 -1.3502 -1.4416 -1.5344 -1.6310
 -1.7330
 -0.8317 -0.8185 -0.8066 -0.7980 -0.7955 -0.8020 -0.8205 -0.8525 -0.8944 -0.9410
 -0.9892 -1.0371 -1.0831 -1.1265 -1.1673 -1.2620 -1.3545 -1.4471 -1.5406 -1.6365
 -1.7367 -1.8408
 -0.8377 -0.8279 -0.8182 -0.8104 -0.8068 -0.8103 -0.8239 -0.8506 -0.8891 -0.9343
 -0.9822 -1.0306 -1.0778 -1.1228 -1.1651 -1.2624 -1.3561 -1.4501 -1.5443 -1.6401
 -1.7390 -1.8411 -1.9453 -2.0509
 -0.8440 -0.8373 -0.8306 -0.8247 -0.8212 -0.8226 -0.8315 -0.8516 -0.8847 -0.9273
 -0.9742 -1.0226 -1.0705 -1.1168 -1.1607 -1.2611 -1.3561 -1.4511 -1.5463 -1.6423
 -1.7404 -1.8410 -1.9433 -2.0466 -2.1503 -2.2540 -2.3582 -2.4620 -2.5631 -2.6598
 -0.8609 -0.8548 -0.8454 -0.8397 -0.8368 -0.8375 -0.8437 -0.8579 -0.8839 -0.9215
 -0.9663 -1.0140 -1.0622 -1.1093 -1.1546 -1.2584 -1.3550 -1.4509 -1.5471 -1.6434
 -1.7411 -1.8407 -1.9414 -2.0429 -2.1445 -2.2460 -2.3475 -2.4490 -2.5503 -2.6483
 -2.7424
 -0.8799 -0.8756 -0.8712 -0.8667 -0.8626 -0.8599 -0.8617 -0.8706 -0.8892 -0.9196
 -0.9600 -1.0058 -1.0535 -1.1010 -1.1473 -1.2544 -1.3528 -1.4498 -1.5469 -1.6438
 -1.7413 -1.8401 -1.9397 -2.0397 -2.1396 -2.2393 -2.3388 -2.4380 -2.5369 -2.6355
 -2.7311
 -0.8893 -0.8908 -0.8931 -0.8948 -0.8957 -0.8971 -0.8998 -0.9045 -0.9139 -0.9325
 -0.9625 -1.0020 -1.0467 -1.0934 -1.1399 -1.2497 -1.3505 -1.4487 -1.5469 -1.6447
 -1.7425 -1.8410 -1.9400 -2.0391 -2.1377 -2.2360 -2.3339 -2.4314 -2.5284 -2.6250
 -2.7210
 -0.8885 -0.8932 -0.9007 -0.9093 -0.9178 -0.9259 -0.9346 -0.9449 -0.9578 -0.9744
 -0.9962 -1.0236 -1.0561 -1.0934 -1.1345 -1.2429 -1.3461 -1.4455 -1.5446 -1.6432
 -1.7413 -1.8396 -1.9381 -2.0364 -2.1341 -2.2312 -2.3278 -2.4238 -2.5193 -2.6141
 -2.7082
 -0.8820 -0.8873 -0.8975 -0.9104 -0.9249 -0.9401 -0.9556 -0.9717 -0.9897 -1.0107
 -1.0355 -1.0638 -1.0936 -1.1239 -1.1547 -1.2405 -1.3405 -1.4412 -1.5412 -1.6407
 -1.7393 -1.8377 -1.9358 -2.0336 -2.1308 -2.2271 -2.3228 -2.4178 -2.5121 -2.6056
 -2.6982
 -0.8705 -0.8770 -0.8876 -0.9026 -0.9207 -0.9410 -0.9625 -0.9847 -1.0079 -1.0328
 -1.0601 -1.0905 -1.1228 -1.1555 -1.2005 -1.2425 -1.3337 -1.4358 -1.5367
 [Fe/H] =  0.75 [alpha/Fe] = 0.00 BC value = F140W
 -0.8294 -0.7774 -0.7451 -0.7306 -0.7322 -0.7482 -0.7774 -0.8184 -0.8683 -0.9191
 -0.9693 -1.0177 -1.0634 -1.1064 -1.1467 -1.2401 -1.3302 -1.4208 -1.5135
 -0.8208 -0.7975 -0.7792 -0.7657 -0.7585 -0.7631 -0.7849 -0.8249 -0.8723 -0.9224
 -0.9728 -1.0221 -1.0689 -1.1130 -1.1544 -1.2507 -1.3426 -1.4337 -1.5260 -1.6220
 -0.8182 -0.8020 -0.7816 -0.7698 -0.7657 -0.7719 -0.7919 -0.8264 -0.8711 -0.9202
 -0.9707 -1.0208 -1.0689 -1.1143 -1.1569 -1.2554 -1.3492 -1.4416 -1.5341 -1.6290
 -1.7287
 -0.8201 -0.8030 -0.7876 -0.7763 -0.7717 -0.7763 -0.7937 -0.8250 -0.8670 -0.9149
 -0.9651 -1.0157 -1.0649 -1.1118 -1.1559 -1.2568 -1.3520 -1.4458 -1.5391 -1.6336
 -1.7319 -1.8340
 -0.8245 -0.8106 -0.7973 -0.7865 -0.7807 -0.7829 -0.7959 -0.8226 -0.8616 -0.9078
 -0.9574 -1.0082 -1.0583 -1.1065 -1.1522 -1.2561 -1.3527 -1.4477 -1.5419 -1.6365
 -1.7335 -1.8340 -1.9371 -2.0419
 -0.8296 -0.8193 -0.8089 -0.7997 -0.7937 -0.7935 -0.8019 -0.8225 -0.8565 -0.9003
 -0.9488 -0.9993 -1.0498 -1.0991 -1.1463 -1.2537 -1.3519 -1.4479 -1.5432 -1.6381
 -1.7345 -1.8336 -1.9348 -2.0373 -2.1405 -2.2441 -2.3483 -2.4523 -2.5527 -2.6497
 -0.8393 -0.8296 -0.8211 -0.8139 -0.8089 -0.8079 -0.8129 -0.8273 -0.8544 -0.8937
 -0.9402 -0.9899 -1.0404 -1.0904 -1.1387 -1.2497 -1.3500 -1.4470 -1.5432 -1.6388
 -1.7349 -1.8330 -1.9327 -2.0334 -2.1344 -2.2356 -2.3369 -2.4385 -2.5399 -2.6376
 -2.7320
 -0.8615 -0.8532 -0.8442 -0.8350 -0.8278 -0.8249 -0.8279 -0.8380 -0.8579 -0.8902
 -0.9328 -0.9808 -1.0308 -1.0810 -1.1301 -1.2444 -1.3471 -1.4453 -1.5425 -1.6387
 -1.7349 -1.8323 -1.9308 -2.0300 -2.1293 -2.2284 -2.3275 -2.4266 -2.5257 -2.6246
 -2.7201
 -0.8786 -0.8757 -0.8724 -0.8684 -0.8638 -0.8597 -0.8571 -0.8593 -0.8706 -0.8941
 -0.9299 -0.9743 -1.0226 -1.0722 -1.1216 -1.2385 -1.3441 -1.4438 -1.5421 -1.6394
 -1.7360 -1.8332 -1.9310 -2.0292 -2.1271 -2.2247 -2.3221 -2.4192 -2.5162 -2.6131
 -2.7096
 -0.8827 -0.8846 -0.8885 -0.8923 -0.8952 -0.8975 -0.9005 -0.9048 -0.9113 -0.9225
 -0.9438 -0.9769 -1.0186 -1.0649 -1.1128 -1.2305 -1.3389 -1.4404 -1.5397 -1.6378
 -1.7349 -1.8319 -1.9291 -2.0264 -2.1233 -2.2196 -2.3155 -2.4110 -2.5062 -2.6011
 -2.6957
 -0.8787 -0.8827 -0.8904 -0.9003 -0.9108 -0.9211 -0.9312 -0.9419 -0.9545 -0.9696
 -0.9883 -1.0124 -1.0422 -1.0771 -1.1159 -1.2235 -1.3324 -1.4358 -1.5363 -1.6354
 -1.7332 -1.8303 -1.9271 -2.0239 -2.1201 -2.2155 -2.3103 -2.4045 -2.4983 -2.5917
 -2.6847
 -0.8709 -0.8751 -0.8838 -0.8967 -0.9122 -0.9290 -0.9462 -0.9637 -0.9821 -1.0023
 -1.0252 -1.0517 -1.0811 -1.1128 -1.1309 -1.2175 -1.3246 -1.4300 -1.5319
 [Fe/H] =  1.00 [alpha/Fe] = 0.00 BC value = F140W
 -0.8364 -0.7724 -0.7309 -0.7096 -0.7065 -0.7198 -0.7481 -0.7899 -0.8419 -0.8953
 -0.9483 -1.0002 -1.0495 -1.0960 -1.1398 -1.2397 -1.3329 -1.4244 -1.5171
 -0.8235 -0.7857 -0.7594 -0.7434 -0.7368 -0.7387 -0.7536 -0.7952 -0.8445 -0.8967
 -0.9497 -1.0020 -1.0523 -1.0998 -1.1446 -1.2476 -1.3428 -1.4353 -1.5278 -1.6223
 -0.8167 -0.7910 -0.7719 -0.7561 -0.7477 -0.7496 -0.7629 -0.7965 -0.8425 -0.8933
 -0.9460 -0.9988 -1.0501 -1.0989 -1.1450 -1.2503 -1.3476 -1.4417 -1.5344 -1.6282
 -1.7256
 -0.8150 -0.7937 -0.7746 -0.7599 -0.7520 -0.7536 -0.7679 -0.7965 -0.8383 -0.8872
 -0.9393 -0.9923 -1.0444 -1.0946 -1.1421 -1.2501 -1.3491 -1.4445 -1.5383 -1.6319
 -1.7280 -1.8283
 -0.8173 -0.7989 -0.7816 -0.7674 -0.7588 -0.7586 -0.7696 -0.7949 -0.8331 -0.8798
 -0.9308 -0.9836 -1.0364 -1.0876 -1.1366 -1.2479 -1.3485 -1.4453 -1.5401 -1.6339
 -1.7292 -1.8279 -1.9295 -2.0333
 -0.8211 -0.8066 -0.7919 -0.7789 -0.7698 -0.7674 -0.7744 -0.7942 -0.8280 -0.8721
 -0.9216 -0.9739 -1.0267 -1.0788 -1.1291 -1.2440 -1.3467 -1.4446 -1.5404 -1.6349
 -1.7298 -1.8271 -1.9270 -2.0285 -2.1308 -2.2342 -2.3384 -2.4414 -2.5412 -2.6383
 -0.8263 -0.8147 -0.8034 -0.7928 -0.7844 -0.7806 -0.7840 -0.7978 -0.8251 -0.8651
 -0.9126 -0.9638 -1.0164 -1.0688 -1.1201 -1.2386 -1.3439 -1.4430 -1.5398 -1.6350
 -1.7299 -1.8262 -1.9246 -2.0244 -2.1246 -2.2252 -2.3263 -2.4278 -2.5284 -2.6258
 -2.7203
 -0.8449 -0.8317 -0.8196 -0.8088 -0.8007 -0.7969 -0.7985 -0.8075 -0.8275 -0.8607
 -0.9046 -0.9541 -1.0059 -1.0584 -1.1101 -1.2318 -1.3401 -1.4407 -1.5385 -1.6346
 -1.7296 -1.8254 -1.9226 -2.0208 -2.1194 -2.2180 -2.3164 -2.4151 -2.5142 -2.6126
 -2.7077
 -0.8683 -0.8599 -0.8510 -0.8414 -0.8313 -0.8222 -0.8185 -0.8232 -0.8372 -0.8628
 -0.9004 -0.9466 -0.9970 -1.0488 -1.1007 -1.2246 -1.3361 -1.4386 -1.5376 -1.6348
 -1.7306 -1.8263 -1.9227 -2.0199 -2.1171 -2.2140 -2.3107 -2.4072 -2.5037 -2.6005
 -2.6969
 -0.8784 -0.8766 -0.8757 -0.8738 -0.8704 -0.8667 -0.8633 -0.8612 -0.8636 -0.8760
 -0.9032 -0.9430 -0.9897 -1.0396 -1.0906 -1.2154 -1.3299 -1.4347 -1.5349 -1.6330
 -1.7295 -1.8251 -1.9209 -2.0171 -2.1132 -2.2088 -2.3039 -2.3986 -2.4931 -2.5877
 -2.6823
 -0.8779 -0.8794 -0.8841 -0.8900 -0.8955 -0.9000 -0.9042 -0.9091 -0.9154 -0.9235
 -0.9362 -0.9593 -0.9945 -1.0379 -1.0851 -1.2065 -1.3224 -1.4297 -1.5315 -1.6306
 -1.7279 -1.8239 -1.9194 -2.0149 -2.1100 -2.2046 -2.2985 -2.3918 -2.4847 -2.5775
 -2.6702
 -0.8723 -0.8741 -0.8812 -0.8915 -0.9036 -0.9161 -0.9284 -0.9407 -0.9538 -0.9686
 -0.9855 -1.0057 -1.0311 -1.0626 -1.0842 -1.1979 -1.3136 -1.4236 -1.5274
