 [Fe/H] = -2.50 [alpha/Fe] = 0.00 BC value = F606W
 -1.6781 -1.1786 -0.8706 -0.7916 -1.0031 -1.3458 -1.7981 -1.6824 -1.5698 -1.4483
 -1.3192 -1.2272 -1.0824 -0.9376 -0.8034 -0.5317 -0.3153 -0.1638 -0.0538
 -2.4857 -2.1622 -1.9292 -1.7776 -1.6814 -1.5956 -1.5060 -1.4165 -1.3292 -1.2419
 -1.1446 -1.0327 -0.9117 -0.7933 -0.6833 -0.4494 -0.2716 -0.1446 -0.0567  0.0055
 -2.3137 -2.0119 -1.7738 -1.5906 -1.4568 -1.3684 -1.3118 -1.2536 -1.1790 -1.0925
 -1.0060 -0.9158 -0.8141 -0.7092 -0.6109 -0.4051 -0.2510 -0.1408 -0.0633 -0.0073
  0.0347
 -2.1821 -1.9130 -1.6911 -1.5079 -1.3594 -1.2439 -1.1571 -1.0936 -1.0415 -0.9795
 -0.9021 -0.8223 -0.7380 -0.6474 -0.5591 -0.3730 -0.2362 -0.1399 -0.0718 -0.0212
  0.0176  0.0483
 -2.0503 -1.8191 -1.6230 -1.4529 -1.3053 -1.1805 -1.0790 -0.9976 -0.9302 -0.8714
 -0.8118 -0.7448 -0.6747 -0.5980 -0.5204 -0.3501 -0.2247 -0.1388 -0.0794 -0.0348
  0.0005  0.0289  0.0523  0.0730
 -1.9096 -1.7149 -1.5479 -1.3984 -1.2619 -1.1387 -1.0312 -0.9410 -0.8655 -0.7992
 -0.7375 -0.6769 -0.6173 -0.5536 -0.4868 -0.3327 -0.2150 -0.1353 -0.0834 -0.0455
 -0.0151  0.0100  0.0311  0.0489  0.0648  0.0774  0.0849  0.0862  0.0800  0.0659
 -1.7667 -1.6005 -1.4603 -1.3334 -1.2139 -1.1005 -0.9949 -0.9009 -0.8204 -0.7511
 -0.6881 -0.6281 -0.5702 -0.5134 -0.4554 -0.3175 -0.2061 -0.1293 -0.0819 -0.0507
 -0.0265 -0.0062  0.0112  0.0263  0.0398  0.0532  0.0639  0.0689  0.0659  0.0538
  0.0348
 -1.6241 -1.4822 -1.3630 -1.2558 -1.1546 -1.0557 -0.9586 -0.8670 -0.7845 -0.7124
 -0.6491 -0.5910 -0.5353 -0.4815 -0.4279 -0.3023 -0.1982 -0.1222 -0.0757 -0.0489
 -0.0311 -0.0170 -0.0048  0.0061  0.0162  0.0255  0.0354  0.0431  0.0452  0.0390
  0.0229
 -1.4856 -1.3658 -1.2605 -1.1683 -1.0826 -0.9982 -0.9136 -0.8298 -0.7498 -0.6770
 -0.6128 -0.5558 -0.5032 -0.4529 -0.4033 -0.2861 -0.1884 -0.1149 -0.0673 -0.0414
 -0.0280 -0.0204 -0.0147 -0.0094 -0.0041  0.0013  0.0066  0.0099  0.0110  0.0101
  0.0074
 -1.3511 -1.2513 -1.1621 -1.0788 -1.0035 -0.9317 -0.8597 -0.7866 -0.7139 -0.6440
 -0.5798 -0.5229 -0.4721 -0.4253 -0.3803 -0.2720 -0.1792 -0.1081 -0.0597 -0.0322
 -0.0197 -0.0161 -0.0165 -0.0179 -0.0187 -0.0186 -0.0179 -0.0166 -0.0201 -0.0196
 -0.0163
 -1.2208 -1.1387 -1.0678 -0.9929 -0.9225 -0.8582 -0.7963 -0.7340 -0.6707 -0.6077
 -0.5468 -0.4905 -0.4404 -0.3958 -0.3546 -0.2573 -0.1694 -0.1006 -0.0524 -0.0233
 -0.0097 -0.0069 -0.0110 -0.0181 -0.0255 -0.0318 -0.0369 -0.0407 -0.0434 -0.0460
 -0.0495
 -1.0946 -1.0280 -0.9776 -0.9115 -0.8444 -0.7838 -0.7276 -0.6733 -0.6191 -0.5646
 -0.5102 -0.4576 -0.4088 -0.3652 -0.3262 -0.2420 -0.1590 -0.0924 -0.0454
 [Fe/H] = -2.00 [alpha/Fe] = 0.00 BC value = F606W
 -3.1872 -2.6593 -2.2438 -1.9538 -1.8089 -1.7518 -1.7712 -1.6315 -1.4990 -1.3680
 -1.2346 -1.1137 -0.9775 -0.8485 -0.7305 -0.4859 -0.2934 -0.1512 -0.0479
 -2.9734 -2.5819 -2.2959 -2.0546 -1.8470 -1.6751 -1.5335 -1.4135 -1.3051 -1.2005
 -1.0931 -0.9790 -0.8607 -0.7472 -0.6429 -0.4253 -0.2592 -0.1364 -0.0493  0.0141
 -2.7065 -2.2890 -1.9740 -1.7473 -1.5977 -1.4862 -1.3767 -1.2684 -1.1679 -1.0750
 -0.9850 -0.8912 -0.7887 -0.6849 -0.5882 -0.3885 -0.2401 -0.1318 -0.0548  0.0011
  0.0432
 -2.5678 -2.1658 -1.8520 -1.6110 -1.4299 -1.2982 -1.2108 -1.1483 -1.0778 -0.9930
 -0.9061 -0.8225 -0.7360 -0.6433 -0.5544 -0.3656 -0.2284 -0.1305 -0.0618 -0.0116
  0.0272  0.0578
 -2.4709 -2.0969 -1.7993 -1.5631 -1.3753 -1.2279 -1.1141 -1.0280 -0.9658 -0.9127
 -0.8472 -0.7717 -0.6936 -0.6120 -0.5296 -0.3514 -0.2211 -0.1301 -0.0682 -0.0236
  0.0112  0.0394  0.0624  0.0812
 -2.3757 -2.0368 -1.7629 -1.5406 -1.3571 -1.2047 -1.0796 -0.9785 -0.8966 -0.8294
 -0.7728 -0.7156 -0.6526 -0.5829 -0.5094 -0.3415 -0.2156 -0.1284 -0.0715 -0.0329
 -0.0030  0.0216  0.0422  0.0594  0.0739  0.0855  0.0931  0.0948  0.0865  0.0717
 -2.2704 -1.9674 -1.7209 -1.5173 -1.3449 -1.1962 -1.0673 -0.9575 -0.8655 -0.7878
 -0.7202 -0.6594 -0.6034 -0.5464 -0.4844 -0.3319 -0.2100 -0.1246 -0.0705 -0.0371
 -0.0133  0.0064  0.0232  0.0377  0.0503  0.0612  0.0694  0.0742  0.0728  0.0603
  0.0410
 -2.1564 -1.8873 -1.6676 -1.4839 -1.3259 -1.1861 -1.0605 -0.9478 -0.8491 -0.7645
 -0.6911 -0.6256 -0.5660 -0.5099 -0.4550 -0.3191 -0.2036 -0.1191 -0.0655 -0.0352
 -0.0172 -0.0037  0.0079  0.0182  0.0276  0.0361  0.0432  0.0485  0.0510  0.0458
  0.0290
 -2.0364 -1.7977 -1.6012 -1.4365 -1.2938 -1.1655 -1.0473 -0.9377 -0.8374 -0.7480
 -0.6700 -0.6016 -0.5398 -0.4828 -0.4287 -0.3024 -0.1944 -0.1120 -0.0578 -0.0280
 -0.0139 -0.0066 -0.0014  0.0033  0.0079  0.0126  0.0170  0.0207  0.0228  0.0217
  0.0138
 -1.9224 -1.7106 -1.5328 -1.3832 -1.2536 -1.1366 -1.0275 -0.9242 -0.8268 -0.7364
 -0.6549 -0.5830 -0.5199 -0.4630 -0.4099 -0.2881 -0.1852 -0.1055 -0.0505 -0.0191
 -0.0056 -0.0022 -0.0030 -0.0048 -0.0062 -0.0068 -0.0069 -0.0065 -0.0064 -0.0075
 -0.0094
 -1.8178 -1.6278 -1.4648 -1.3265 -1.2065 -1.0990 -0.9986 -0.9028 -0.8109 -0.7233
 -0.6414 -0.5669 -0.5012 -0.4437 -0.3918 -0.2752 -0.1758 -0.0984 -0.0436 -0.0103
  0.0046  0.0072  0.0027 -0.0049 -0.0128 -0.0198 -0.0256 -0.0302 -0.0339 -0.0375
 -0.0419
 -1.7225 -1.5520 -1.4024 -1.2717 -1.1579 -1.0565 -0.9630 -0.8741 -0.7884 -0.7056
 -0.6265 -0.5522 -0.4833 -0.4236 -0.3744 -0.2637 -0.1662 -0.0907 -0.0371
 [Fe/H] = -1.50 [alpha/Fe] = 0.00 BC value = F606W
 -4.3725 -3.8586 -3.4046 -3.0074 -2.6621 -2.3539 -2.0681 -1.7990 -1.5628 -1.3628
 -1.1905 -1.0380 -0.9002 -0.7780 -0.6691 -0.4433 -0.2687 -0.1351 -0.0366
 -4.0193 -3.5102 -3.0544 -2.6595 -2.3251 -2.0429 -1.7984 -1.5787 -1.3872 -1.2226
 -1.0778 -0.9452 -0.8210 -0.7076 -0.6057 -0.3972 -0.2411 -0.1237 -0.0377  0.0246
 -3.5318 -3.0677 -2.7008 -2.3812 -2.0921 -1.8392 -1.6206 -1.4302 -1.2652 -1.1231
 -0.9981 -0.8826 -0.7710 -0.6650 -0.5682 -0.3704 -0.2254 -0.1188 -0.0417  0.0143
  0.0563
 -3.2454 -2.7377 -2.3383 -2.0321 -1.8050 -1.6360 -1.4803 -1.3258 -1.1802 -1.0508
 -0.9373 -0.8352 -0.7368 -0.6391 -0.5470 -0.3565 -0.2179 -0.1180 -0.0472  0.0035
  0.0419  0.0721
 -3.1101 -2.5923 -2.1800 -1.8598 -1.6120 -1.4248 -1.2879 -1.1853 -1.0975 -0.9990
 -0.8954 -0.7982 -0.7086 -0.6208 -0.5343 -0.3497 -0.2148 -0.1190 -0.0525 -0.0064
  0.0279  0.0553  0.0777  0.0956
 -3.0401 -2.5292 -2.1183 -1.7963 -1.5449 -1.3473 -1.1918 -1.0696 -0.9761 -0.9072
 -0.8427 -0.7672 -0.6855 -0.6041 -0.5241 -0.3460 -0.2132 -0.1196 -0.0562 -0.0141
  0.0157  0.0393  0.0590  0.0753  0.0887  0.0997  0.1061  0.1052  0.0963  0.0821
 -2.9802 -2.4918 -2.0928 -1.7765 -1.5264 -1.3262 -1.1642 -1.0322 -0.9246 -0.8367
 -0.7660 -0.7073 -0.6483 -0.5827 -0.5119 -0.3427 -0.2115 -0.1187 -0.0568 -0.0179
  0.0071  0.0259  0.0417  0.0551  0.0666  0.0760  0.0827  0.0859  0.0832  0.0702
  0.0508
 -2.9038 -2.4489 -2.0722 -1.7684 -1.5250 -1.3271 -1.1637 -1.0261 -0.9101 -0.8124
 -0.7295 -0.6586 -0.5981 -0.5433 -0.4866 -0.3368 -0.2087 -0.1161 -0.0544 -0.0171
  0.0039  0.0172  0.0278  0.0370  0.0451  0.0523  0.0578  0.0615  0.0624  0.0560
  0.0387
 -2.8007 -2.3864 -2.0387 -1.7535 -1.5213 -1.3300 -1.1691 -1.0308 -0.9103 -0.8057
 -0.7152 -0.6368 -0.5682 -0.5079 -0.4534 -0.3222 -0.2027 -0.1109 -0.0488 -0.0117
  0.0068  0.0150  0.0196  0.0232  0.0266  0.0300  0.0329  0.0350  0.0355  0.0318
  0.0238
 -2.6823 -2.3159 -2.0000 -1.7355 -1.5160 -1.3326 -1.1762 -1.0398 -0.9188 -0.8107
 -0.7145 -0.6300 -0.5559 -0.4906 -0.4323 -0.3056 -0.1947 -0.1056 -0.0427 -0.0043
  0.0141  0.0194  0.0185  0.0159  0.0134  0.0116  0.0101  0.0089  0.0075  0.0047
  0.0013
 -2.5541 -2.2328 -1.9510 -1.7094 -1.5047 -1.3303 -1.1792 -1.0458 -0.9261 -0.8176
 -0.7190 -0.6300 -0.5511 -0.4818 -0.4204 -0.2915 -0.1850 -0.0991 -0.0363  0.0037
  0.0237  0.0285  0.0243  0.0162  0.0074 -0.0006 -0.0078 -0.0137 -0.0190 -0.0241
 -0.0300
 -2.4318 -2.1457 -1.8948 -1.6761 -1.4876 -1.3234 -1.1784 -1.0485 -0.9306 -0.8228
 -0.7237 -0.6330 -0.5469 -0.4739 -0.4177 -0.2799 -0.1736 -0.0914 -0.0296
 [Fe/H] = -1.00 [alpha/Fe] = 0.00 BC value = F606W
 -5.2341 -4.7766 -4.3529 -3.9523 -3.5626 -3.1520 -2.6888 -2.1849 -1.7612 -1.4327
 -1.1869 -1.0002 -0.8505 -0.7262 -0.6191 -0.4039 -0.2412 -0.1157 -0.0200
 -4.9353 -4.4311 -3.9675 -3.5421 -3.1481 -2.7670 -2.3618 -1.9559 -1.6073 -1.3261
 -1.1059 -0.9335 -0.7939 -0.6759 -0.5735 -0.3686 -0.2179 -0.1050 -0.0201  0.0424
 -4.6712 -4.1703 -3.6963 -3.2579 -2.8594 -2.4973 -2.1478 -1.8067 -1.5077 -1.2591
 -1.0578 -0.8958 -0.7625 -0.6488 -0.5495 -0.3505 -0.2063 -0.1007 -0.0228  0.0343
  0.0764
 -4.2003 -3.7484 -3.3584 -2.9915 -2.6352 -2.2989 -1.9874 -1.6953 -1.4339 -1.2106
 -1.0252 -0.8726 -0.7451 -0.6353 -0.5385 -0.3433 -0.2022 -0.1006 -0.0271  0.0258
  0.0644  0.0939
 -3.8793 -3.3645 -2.9321 -2.5741 -2.2835 -2.0455 -1.8195 -1.5886 -1.3675 -1.1698
 -0.9993 -0.8552 -0.7337 -0.6283 -0.5342 -0.3420 -0.2021 -0.1024 -0.0318  0.0180
  0.0531  0.0797  0.1008  0.1174
 -3.7459 -3.1747 -2.6969 -2.3117 -2.0027 -1.7540 -1.5531 -1.3890 -1.2487 -1.1103
 -0.9710 -0.8400 -0.7240 -0.6228 -0.5322 -0.3431 -0.2037 -0.1046 -0.0357  0.0116
  0.0436  0.0666  0.0849  0.0996  0.1111  0.1192  0.1234  0.1209  0.1106  0.0962
 -3.7147 -3.1188 -2.6120 -2.2017 -1.8773 -1.6193 -1.4103 -1.2379 -1.0958 -0.9829
 -0.8919 -0.8038 -0.7104 -0.6167 -0.5296 -0.3448 -0.2055 -0.1061 -0.0378  0.0076
  0.0368  0.0560  0.0703  0.0820  0.0915  0.0987  0.1031  0.1038  0.0987  0.0847
  0.0655
 -3.7066 -3.1140 -2.5969 -2.1712 -1.8325 -1.5656 -1.3520 -1.1773 -1.0316 -0.9101
 -0.8095 -0.7285 -0.6606 -0.5928 -0.5210 -0.3455 -0.2068 -0.1065 -0.0378  0.0068
  0.0338  0.0493  0.0590  0.0664  0.0725  0.0774  0.0805  0.0816  0.0793  0.0714
  0.0535
 -3.6674 -3.1005 -2.5945 -2.1693 -1.8255 -1.5527 -1.3347 -1.1568 -1.0087 -0.8835
 -0.7768 -0.6861 -0.6097 -0.5457 -0.4880 -0.3404 -0.2055 -0.1045 -0.0349  0.0097
  0.0354  0.0477  0.0526  0.0548  0.0562  0.0573  0.0577  0.0573  0.0551  0.0490
  0.0390
 -3.5945 -3.0715 -2.5910 -2.1809 -1.8412 -1.5653 -1.3443 -1.1636 -1.0126 -0.8837
 -0.7721 -0.6755 -0.5918 -0.5195 -0.4574 -0.3254 -0.2028 -0.1026 -0.0315  0.0145
  0.0404  0.0510  0.0520  0.0488  0.0446  0.0407  0.0368  0.0332  0.0292  0.0238
  0.0158
 -3.4823 -3.0090 -2.5686 -2.1833 -1.8559 -1.5858 -1.3647 -1.1821 -1.0288 -0.8971
 -0.7818 -0.6801 -0.5905 -0.5123 -0.4441 -0.3077 -0.1950 -0.0989 -0.0271  0.0206
  0.0478  0.0584  0.0571  0.0494  0.0395  0.0297  0.0205  0.0123  0.0046 -0.0031
 -0.0115
 -3.3451 -2.9203 -2.5253 -2.1725 -1.8670 -1.6078 -1.3900 -1.2067 -1.0512 -0.9171
 -0.7991 -0.6939 -0.5997 -0.5161 -0.4481 -0.2873 -0.1821 -0.0934 -0.0217
 [Fe/H] = -0.75 [alpha/Fe] = 0.00 BC value = F606W
 -5.5435 -5.1301 -4.7474 -4.3840 -4.0307 -3.6245 -3.1001 -2.4656 -1.9179 -1.5031
 -1.2070 -0.9955 -0.8360 -0.7073 -0.5984 -0.3854 -0.2264 -0.1047 -0.0097
 -5.2504 -4.7890 -4.3653 -3.9736 -3.6023 -3.2167 -2.7471 -2.2320 -1.7763 -1.4145
 -1.1422 -0.9413 -0.7883 -0.6651 -0.5607 -0.3553 -0.2056 -0.0940 -0.0101  0.0530
 -5.0446 -4.5559 -4.1006 -3.6789 -3.2903 -2.9180 -2.5131 -2.0820 -1.6911 -1.3668
 -1.1115 -0.9162 -0.7656 -0.6445 -0.5422 -0.3409 -0.1961 -0.0906 -0.0124  0.0457
  0.0883
 -4.7168 -4.2868 -3.8632 -3.4517 -3.0595 -2.6916 -2.3345 -1.9678 -1.6275 -1.3354
 -1.0962 -0.9065 -0.7572 -0.6368 -0.5355 -0.3364 -0.1934 -0.0908 -0.0164  0.0381
  0.0775  0.1071
 -4.3790 -3.8723 -3.4250 -3.0974 -2.7939 -2.4873 -2.1740 -1.8632 -1.5688 -1.3072
 -1.0853 -0.9029 -0.7556 -0.6358 -0.5350 -0.3373 -0.1946 -0.0930 -0.0209  0.0308
  0.0675  0.0943  0.1151  0.1311
 -4.1195 -3.5167 -3.0657 -2.6967 -2.3917 -2.1336 -1.9093 -1.6952 -1.4777 -1.2642
 -1.0689 -0.8992 -0.7562 -0.6374 -0.5373 -0.3406 -0.1975 -0.0958 -0.0248  0.0249
  0.0590  0.0828  0.1007  0.1148  0.1254  0.1329  0.1356  0.1314  0.1202  0.1054
 -3.9945 -3.4099 -2.9066 -2.4917 -2.1568 -1.8828 -1.6520 -1.4523 -1.2820 -1.1393
 -1.0090 -0.8789 -0.7529 -0.6391 -0.5401 -0.3445 -0.2010 -0.0983 -0.0274  0.0209
  0.0529  0.0736  0.0879  0.0989  0.1074  0.1135  0.1164  0.1158  0.1092  0.0944
  0.0752
 -4.0103 -3.4054 -2.8679 -2.4173 -2.0529 -1.7620 -1.5254 -1.3270 -1.1572 -1.0128
 -0.8947 -0.7998 -0.7146 -0.6279 -0.5399 -0.3479 -0.2041 -0.1001 -0.0283  0.0195
  0.0498  0.0677  0.0780  0.0849  0.0900  0.0937  0.0956  0.0950  0.0912  0.0818
  0.0634
 -4.0183 -3.4206 -2.8758 -2.4062 -2.0212 -1.7138 -1.4683 -1.2680 -1.1003 -0.9575
 -0.8355 -0.7331 -0.6492 -0.5793 -0.5139 -0.3476 -0.2050 -0.0998 -0.0267  0.0214
  0.0507  0.0661  0.0725  0.0746  0.0751  0.0750  0.0741  0.0721  0.0684  0.0616
  0.0494
 -3.9902 -3.4286 -2.8965 -2.4278 -2.0343 -1.7152 -1.4608 -1.2544 -1.0847 -0.9413
 -0.8180 -0.7118 -0.6205 -0.5432 -0.4778 -0.3373 -0.2056 -0.0999 -0.0248  0.0247
  0.0543  0.0685  0.0719  0.0693  0.0646  0.0596  0.0546  0.0495  0.0439  0.0369
  0.0274
 -3.9147 -3.3938 -2.8986 -2.4473 -2.0601 -1.7390 -1.4784 -1.2664 -1.0925 -0.9463
 -0.8206 -0.7111 -0.6153 -0.5321 -0.4600 -0.3186 -0.2004 -0.0986 -0.0221  0.0294
  0.0602  0.0745  0.0762  0.0699  0.0601  0.0496  0.0394  0.0299  0.0208  0.0115
  0.0014
 -3.8059 -3.3281 -2.8718 -2.4519 -2.0837 -1.7702 -1.5094 -1.2939 -1.1154 -0.9654
 -0.8364 -0.7235 -0.6236 -0.5354 -0.4605 -0.2915 -0.1894 -0.0959 -0.0186
 [Fe/H] = -0.50 [alpha/Fe] = 0.00 BC value = F606W
 -5.7492 -5.3762 -5.0351 -4.7184 -4.4289 -4.0655 -3.5187 -2.7804 -2.1071 -1.5982
 -1.2476 -1.0047 -0.8295 -0.6941 -0.5830 -0.3684 -0.2115 -0.0923  0.0006
 -5.4633 -5.0451 -4.6666 -4.3230 -4.0014 -3.6506 -3.1586 -2.5511 -1.9819 -1.5281
 -1.1967 -0.9616 -0.7904 -0.6587 -0.5507 -0.3428 -0.1930 -0.0826  0.0010  0.0646
 -5.2814 -4.8268 -4.4093 -4.0299 -3.6824 -3.3376 -2.9120 -2.4030 -1.9138 -1.5016
 -1.1837 -0.9491 -0.7765 -0.6443 -0.5370 -0.3315 -0.1851 -0.0792 -0.0009  0.0581
  0.1017
 -5.0914 -4.6422 -4.2140 -3.8126 -3.4396 -3.0881 -2.7171 -2.2871 -1.8629 -1.4901
 -1.1872 -0.9537 -0.7774 -0.6427 -0.5344 -0.3293 -0.1837 -0.0797 -0.0045  0.0512
  0.0920  0.1220
 -4.6600 -4.2741 -3.9246 -3.5815 -3.2351 -2.8884 -2.5450 -2.1798 -1.8126 -1.4781
 -1.1943 -0.9655 -0.7869 -0.6484 -0.5381 -0.3322 -0.1861 -0.0823 -0.0087  0.0446
  0.0831  0.1107  0.1313  0.1469
 -4.3235 -3.8529 -3.4639 -3.1428 -2.8664 -2.6090 -2.3413 -2.0475 -1.7432 -1.4532
 -1.1951 -0.9771 -0.7995 -0.6583 -0.5453 -0.3375 -0.1904 -0.0857 -0.0126  0.0390
  0.0754  0.1006  0.1187  0.1323  0.1421  0.1481  0.1492  0.1439  0.1317  0.1163
 -4.2034 -3.6631 -3.2006 -2.8184 -2.5047 -2.2379 -1.9995 -1.7774 -1.5665 -1.3628
 -1.1632 -0.9752 -0.8095 -0.6694 -0.5543 -0.3436 -0.1954 -0.0893 -0.0157  0.0351
  0.0697  0.0926  0.1076  0.1182  0.1259  0.1307  0.1324  0.1300  0.1217  0.1060
  0.0865
 -4.2135 -3.6304 -3.1124 -2.6739 -2.3153 -2.0218 -1.7738 -1.5542 -1.3554 -1.1817
 -1.0364 -0.9106 -0.7905 -0.6724 -0.5628 -0.3498 -0.2003 -0.0924 -0.0174  0.0333
  0.0666  0.0873  0.0991  0.1059  0.1103  0.1127  0.1131  0.1110  0.1057  0.0944
  0.0751
 -4.2609 -3.6631 -3.1159 -2.6379 -2.2399 -1.9169 -1.6542 -1.4341 -1.2435 -1.0760
 -0.9312 -0.8112 -0.7139 -0.6300 -0.5486 -0.3538 -0.2031 -0.0938 -0.0171  0.0342
  0.0667  0.0855  0.0942  0.0970  0.0970  0.0959  0.0935  0.0899  0.0845  0.0758
  0.0619
 -4.2841 -3.7104 -3.1587 -2.6639 -2.2399 -1.8918 -1.6111 -1.3830 -1.1933 -1.0311
 -0.8904 -0.7688 -0.6660 -0.5805 -0.5088 -0.3511 -0.2067 -0.0958 -0.0169  0.0361
  0.0691  0.0868  0.0933  0.0923  0.0877  0.0820  0.0757  0.0691  0.0618  0.0530
  0.0416
 -4.2576 -3.7155 -3.1931 -2.7010 -2.2710 -1.9094 -1.6137 -1.3748 -1.1799 -1.0170
 -0.8777 -0.7567 -0.6515 -0.5608 -0.4833 -0.3330 -0.2057 -0.0968 -0.0159  0.0393
  0.0735  0.0913  0.0965  0.0926  0.0837  0.0730  0.0619  0.0510  0.0403  0.0293
  0.0173
 -4.1891 -3.6813 -3.1892 -2.7269 -2.3070 -1.9459 -1.6439 -1.3964 -1.1937 -1.0260
 -0.8842 -0.7618 -0.6545 -0.5603 -0.4721 -0.2995 -0.2001 -0.0968 -0.0141
 [Fe/H] = -0.25 [alpha/Fe] = 0.00 BC value = F606W
 -5.8723 -5.5345 -5.2328 -4.9643 -4.7453 -4.4416 -3.9051 -3.1070 -2.3341 -1.7341
 -1.3191 -1.0370 -0.8393 -0.6923 -0.5751 -0.3561 -0.1990 -0.0810  0.0103
 -5.5923 -5.2126 -4.8775 -4.5850 -4.3218 -4.0286 -3.5567 -2.8942 -2.2258 -1.6780
 -1.2812 -1.0040 -0.8080 -0.6630 -0.5482 -0.3346 -0.1831 -0.0722  0.0110  0.0752
 -5.4213 -5.0025 -4.6266 -4.2956 -4.0039 -3.7127 -3.3068 -2.7531 -2.1748 -1.6711
 -1.2843 -1.0040 -0.8029 -0.6547 -0.5391 -0.3262 -0.1768 -0.0695  0.0092  0.0689
  0.1139
 -5.2907 -4.8534 -4.4486 -4.0818 -3.7532 -3.4488 -3.1005 -2.6361 -2.1379 -1.6800
 -1.3065 -1.0229 -0.8142 -0.6598 -0.5409 -0.3261 -0.1767 -0.0705  0.0057  0.0625
  0.1048  0.1359
 -5.0247 -4.6416 -4.2662 -3.9044 -3.5601 -3.2343 -2.9113 -2.5237 -2.0954 -1.6854
 -1.3325 -1.0507 -0.8352 -0.6734 -0.5494 -0.3310 -0.1803 -0.0736  0.0016  0.0562
  0.0964  0.1255  0.1468  0.1630
 -4.5787 -4.1880 -3.8679 -3.5895 -3.3192 -3.0350 -2.7298 -2.4003 -2.0370 -1.6764
 -1.3512 -1.0785 -0.8609 -0.6925 -0.5626 -0.3384 -0.1860 -0.0779 -0.0026  0.0508
  0.0892  0.1163  0.1354  0.1492  0.1590  0.1644  0.1647  0.1581  0.1453  0.1293
 -4.3624 -3.8833 -3.4842 -3.1616 -2.8952 -2.6604 -2.4345 -2.1897 -1.9159 -1.6275
 -1.3479 -1.0975 -0.8856 -0.7143 -0.5788 -0.3468 -0.1926 -0.0826 -0.0062  0.0466
  0.0835  0.1088  0.1255  0.1367  0.1443  0.1487  0.1497  0.1460  0.1363  0.1200
  0.1000
 -4.3303 -3.7906 -3.3190 -2.9248 -2.6027 -2.3343 -2.0971 -1.8719 -1.6513 -1.4441
 -1.2511 -1.0670 -0.8914 -0.7325 -0.5967 -0.3561 -0.1992 -0.0873 -0.0090  0.0442
  0.0800  0.1035  0.1178  0.1258  0.1304  0.1324  0.1319  0.1289  0.1220  0.1093
  0.0893
 -4.3855 -3.8159 -3.2952 -2.8424 -2.4641 -2.1532 -1.8935 -1.6653 -1.4546 -1.2594
 -1.0871 -0.9425 -0.8197 -0.7076 -0.5985 -0.3641 -0.2039 -0.0902 -0.0101  0.0442
  0.0795  0.1013  0.1131  0.1178  0.1186  0.1173  0.1142  0.1095  0.1027  0.0926
  0.0771
 -4.4597 -3.8895 -3.3491 -2.8601 -2.4372 -2.0860 -1.7980 -1.5582 -1.3519 -1.1682
 -1.0042 -0.8612 -0.7416 -0.6431 -0.5591 -0.3701 -0.2100 -0.0940 -0.0115  0.0448
  0.0807  0.1016  0.1115  0.1134  0.1104  0.1049  0.0982  0.0906  0.0819  0.0716
  0.0585
 -4.4873 -3.9422 -3.4119 -2.9120 -2.4671 -2.0867 -1.7724 -1.5157 -1.3030 -1.1228
 -0.9658 -0.8284 -0.7087 -0.6069 -0.5213 -0.3551 -0.2137 -0.0970 -0.0122  0.0464
  0.0838  0.1048  0.1136  0.1132  0.1067  0.0970  0.0858  0.0742  0.0622  0.0497
  0.0361
 -4.4669 -3.9499 -3.4445 -2.9620 -2.5149 -2.1235 -1.7924 -1.5192 -1.2956 -1.1105
 -0.9541 -0.8190 -0.7009 -0.5978 -0.4851 -0.3191 -0.2150 -0.0992 -0.0122
 [Fe/H] =  0.00 [alpha/Fe] = 0.00 BC value = F606W
 -5.9295 -5.6237 -5.3590 -5.1365 -4.9371 -4.6834 -4.1811 -3.3595 -2.5457 -1.8721
 -1.3981 -1.0766 -0.8542 -0.6915 -0.5669 -0.3411 -0.1833 -0.0658  0.0246
 -5.6550 -5.3101 -5.0158 -4.7730 -4.5644 -4.3236 -3.8739 -3.1828 -2.4543 -1.8296
 -1.3717 -1.0526 -0.8296 -0.6680 -0.5442 -0.3226 -0.1690 -0.0571  0.0263  0.0908
 -5.4891 -5.1031 -4.7669 -4.4840 -4.2480 -4.0122 -3.6370 -3.0628 -2.4240 -1.8420
 -1.3905 -1.0647 -0.8332 -0.6659 -0.5392 -0.3162 -0.1635 -0.0543  0.0253  0.0855
  0.1315
 -5.3847 -4.9694 -4.5945 -4.2672 -3.9893 -3.7409 -3.4299 -2.9575 -2.4062 -1.8728
 -1.4313 -1.0980 -0.8550 -0.6781 -0.5456 -0.3179 -0.1641 -0.0552  0.0226  0.0802
  0.1237  0.1559
 -5.1764 -4.8379 -4.4565 -4.1060 -3.7915 -3.5108 -3.2307 -2.8460 -2.3770 -1.8989
 -1.4774 -1.1418 -0.8883 -0.7005 -0.5599 -0.3245 -0.1684 -0.0584  0.0189  0.0750
  0.1166  0.1469  0.1685  0.1837
 -4.8497 -4.5195 -4.2135 -3.9142 -3.6184 -3.3269 -3.0403 -2.7193 -2.3257 -1.9064
 -1.5158 -1.1870 -0.9275 -0.7297 -0.5800 -0.3340 -0.1752 -0.0632  0.0150  0.0702
  0.1102  0.1390  0.1589  0.1725  0.1813  0.1858  0.1841  0.1752  0.1611  0.1436
 -4.5059 -4.0947 -3.7664 -3.5053 -3.2829 -3.0685 -2.8351 -2.5617 -2.2407 -1.8856
 -1.5363 -1.2250 -0.9671 -0.7629 -0.6046 -0.3453 -0.1832 -0.0688  0.0111  0.0663
  0.1052  0.1324  0.1504  0.1620  0.1690  0.1726  0.1718  0.1658  0.1537  0.1359
  0.1145
 -4.3983 -3.9097 -3.4966 -3.1626 -2.8957 -2.6726 -2.4689 -2.2610 -2.0268 -1.7695
 -1.5008 -1.2374 -0.9984 -0.7960 -0.6323 -0.3583 -0.1915 -0.0748  0.0073  0.0635
  0.1018  0.1275  0.1437  0.1528  0.1573  0.1585  0.1565  0.1513  0.1421  0.1268
  0.1053
 -4.4309 -3.8951 -3.4176 -3.0110 -2.6771 -2.4039 -2.1709 -1.9555 -1.7397 -1.5240
 -1.3209 -1.1357 -0.9637 -0.8017 -0.6526 -0.3713 -0.1984 -0.0794  0.0049  0.0626
  0.1008  0.1252  0.1395  0.1461  0.1476  0.1457  0.1414  0.1348  0.1256  0.1129
  0.0946
 -4.5301 -3.9748 -3.4608 -3.0007 -2.6070 -2.2798 -2.0083 -1.7754 -1.5636 -1.3621
 -1.1730 -1.0043 -0.8604 -0.7380 -0.6295 -0.3870 -0.2075 -0.0852  0.0017  0.0617
  0.1008  0.1248  0.1376  0.1421  0.1405  0.1353  0.1276  0.1184  0.1075  0.0943
  0.0789
 -4.6074 -4.0671 -3.5429 -3.0580 -2.6244 -2.2528 -1.9427 -1.6844 -1.4647 -1.2708
 -1.0948 -0.9358 -0.7964 -0.6779 -0.5785 -0.3816 -0.2165 -0.0906 -0.0011  0.0615
  0.1025  0.1268  0.1387  0.1414  0.1373  0.1285  0.1170  0.1041  0.0904  0.0755
  0.0592
 -4.6350 -4.1197 -3.6139 -3.1288 -2.6805 -2.2827 -1.9431 -1.6598 -1.4242 -1.2258
 -1.0546 -0.9037 -0.7701 -0.6534 -0.4996 -0.3551 -0.2254 -0.0956 -0.0035
 [Fe/H] =  0.25 [alpha/Fe] = 0.00 BC value = F606W
 -5.9384 -5.6678 -5.4443 -5.2404 -4.9985 -4.6643 -4.1940 -3.5527 -2.7669 -2.0473
 -1.5122 -1.1442 -0.8902 -0.7088 -0.5703 -0.3323 -0.1709 -0.0532  0.0368
 -5.6718 -5.3642 -5.1130 -4.9195 -4.7627 -4.5628 -4.1432 -3.4334 -2.6914 -2.0140
 -1.4943 -1.1279 -0.8722 -0.6893 -0.5523 -0.3170 -0.1589 -0.0448  0.0397  0.1044
 -5.5086 -5.1572 -4.8622 -4.6287 -4.4469 -4.2623 -3.9272 -3.3446 -2.6748 -2.0389
 -1.5265 -1.1511 -0.8847 -0.6934 -0.5515 -0.3126 -0.1545 -0.0423  0.0391  0.1003
  0.1481
 -5.4148 -5.0265 -4.6855 -4.4016 -4.1766 -3.9830 -3.7178 -3.2538 -2.6742 -2.0852
 -1.5833 -1.1981 -0.9172 -0.7135 -0.5631 -0.3160 -0.1558 -0.0433  0.0368  0.0957
  0.1404  0.1739
 -5.3336 -4.9315 -4.5638 -4.2388 -3.9661 -3.7366 -3.5056 -3.1452 -2.6581 -2.1295
 -1.6466 -1.2573 -0.9629 -0.7453 -0.5841 -0.3246 -0.1611 -0.0468  0.0333  0.0910
  0.1339  0.1658  0.1886  0.2040
 -5.1068 -4.7564 -4.4175 -4.0978 -3.8032 -3.5384 -3.2982 -3.0094 -2.6127 -2.1523
 -1.7025 -1.3196 -1.0159 -0.7854 -0.6123 -0.3368 -0.1690 -0.0522  0.0292  0.0866
  0.1281  0.1585  0.1799  0.1942  0.2030  0.2068  0.2043  0.1939  0.1789  0.1601
 -4.6648 -4.3327 -4.0557 -3.8204 -3.5914 -3.3574 -3.1139 -2.8535 -2.5314 -2.1429
 -1.7398 -1.3740 -1.0700 -0.8305 -0.6463 -0.3517 -0.1783 -0.0588  0.0248  0.0827
  0.1234  0.1523  0.1721  0.1849  0.1923  0.1954  0.1940  0.1871  0.1730  0.1541
  0.1315
 -4.4515 -4.0193 -3.6696 -3.3988 -3.1869 -3.0082 -2.8360 -2.6398 -2.3897 -2.0838
 -1.7445 -1.4117 -1.1183 -0.8762 -0.6838 -0.3693 -0.1884 -0.0661  0.0201  0.0794
  0.1199  0.1476  0.1659  0.1768  0.1823  0.1838  0.1814  0.1751  0.1642  0.1467
  0.1240
 -4.4299 -3.9355 -3.5070 -3.1562 -2.8774 -2.6549 -2.4650 -2.2844 -2.0898 -1.8668
 -1.6247 -1.3760 -1.1324 -0.9095 -0.7184 -0.3880 -0.1976 -0.0722  0.0165  0.0776
  0.1185  0.1453  0.1620  0.1709  0.1741  0.1731  0.1687  0.1612  0.1504  0.1357
  0.1150
 -4.5218 -3.9942 -3.5129 -3.0945 -2.7456 -2.4608 -2.2260 -2.0207 -1.8235 -1.6199
 -1.4154 -1.2198 -1.0411 -0.8778 -0.7269 -0.4122 -0.2099 -0.0798  0.0116  0.0754
  0.1177  0.1444  0.1600  0.1671  0.1680  0.1643  0.1570  0.1473  0.1351  0.1203
  0.1022
 -4.6346 -4.1042 -3.5994 -3.1393 -2.7359 -2.3940 -2.1093 -1.8699 -1.6597 -1.4639
 -1.2744 -1.0948 -0.9327 -0.7919 -0.6707 -0.4214 -0.2238 -0.0874  0.0070  0.0736
  0.1180  0.1455  0.1605  0.1662  0.1650  0.1585  0.1481  0.1351  0.1204  0.1039
  0.0853
 -4.7122 -4.1982 -3.7003 -3.2232 -2.7914 -2.4089 -2.0822 -1.8076 -1.5751 -1.3739
 -1.1926 -1.0263 -0.8747 -0.7401 -0.5498 -0.4156 -0.2393 -0.0950  0.0027
 [Fe/H] =  0.50 [alpha/Fe] = 0.00 BC value = F606W
 -5.8978 -6.0850 -6.0728 -5.8817 -5.5298 -5.0332 -4.4058 -3.6864 -2.9658 -2.2396
 -1.6510 -1.2342 -0.9457 -0.7395 -0.5869 -0.3288 -0.1624 -0.0422  0.0482
 -5.6438 -5.3812 -5.1775 -5.0349 -4.9462 -4.7627 -4.3279 -3.6151 -2.8999 -2.2080
 -1.6385 -1.2252 -0.9336 -0.7253 -0.5716 -0.3165 -0.1519 -0.0341  0.0547  0.1217
 -5.4845 -5.1695 -4.9242 -4.7421 -4.6113 -4.4699 -4.1630 -3.5734 -2.8970 -2.2398
 -1.6813 -1.2586 -0.9546 -0.7359 -0.5751 -0.3140 -0.1482 -0.0317  0.0522  0.1149
  0.1639
 -5.3956 -5.0406 -4.7393 -4.5026 -4.3297 -4.1852 -3.9571 -3.5071 -2.9099 -2.2964
 -1.7485 -1.3177 -0.9976 -0.7642 -0.5925 -0.3192 -0.1503 -0.0330  0.0502  0.1110
  0.1570  0.1918
 -5.3426 -4.9599 -4.6174 -4.3274 -4.1025 -3.9231 -3.7357 -3.4052 -2.9097 -2.3515
 -1.8253 -1.3904 -1.0554 -0.8059 -0.6208 -0.3301 -0.1564 -0.0369  0.0469  0.1068
  0.1512  0.1845  0.2086  0.2248
 -5.2335 -4.8623 -4.5154 -4.2010 -3.9283 -3.7036 -3.5124 -3.2594 -2.8724 -2.3883
 -1.8972 -1.4665 -1.1219 -0.8573 -0.6580 -0.3456 -0.1652 -0.0428  0.0426  0.1026
  0.1459  0.1778  0.2007  0.2160  0.2252  0.2289  0.2256  0.2148  0.1985  0.1782
 -4.8771 -4.5285 -4.2977 -4.0311 -3.7746 -3.5332 -3.3117 -3.0895 -2.7888 -2.3899
 -1.9497 -1.5373 -1.1896 -0.9142 -0.7021 -0.3651 -0.1761 -0.0502  0.0377  0.0986
  0.1414  0.1720  0.1936  0.2077  0.2160  0.2194  0.2176  0.2097  0.1941  0.1743
  0.1503
 -4.5151 -4.1476 -3.8632 -3.6455 -3.4654 -3.2954 -3.1147 -2.9111 -2.6638 -2.3450
 -1.9689 -1.5899 -1.2516 -0.9724 -0.7502 -0.3885 -0.1882 -0.0586  0.0322  0.0950
  0.1379  0.1676  0.1878  0.2005  0.2073  0.2095  0.2073  0.2004  0.1881  0.1687
  0.1450
 -4.4130 -3.9652 -3.5924 -3.2992 -3.0760 -2.9022 -2.7558 -2.6131 -2.4408 -2.2091
 -1.9208 -1.6018 -1.2924 -1.0205 -0.7952 -0.4136 -0.2001 -0.0660  0.0274  0.0925
  0.1363  0.1654  0.1842  0.1952  0.2003  0.2006  0.1968  0.1891  0.1773  0.1607
  0.1378
 -4.4711 -3.9753 -3.5345 -3.1638 -2.8651 -2.6297 -2.4402 -2.2752 -2.1133 -1.9327
 -1.7242 -1.4972 -1.2653 -1.0411 -0.8351 -0.4457 -0.2163 -0.0754  0.0212  0.0891
  0.1348  0.1642  0.1822  0.1918  0.1950  0.1932  0.1871  0.1776  0.1648  0.1485
  0.1282
 -4.5968 -4.0806 -3.6016 -3.1738 -2.8093 -2.5080 -2.2623 -2.0569 -1.8736 -1.6939
 -1.5068 -1.3161 -1.1309 -0.9594 -0.8028 -0.4725 -0.2353 -0.0855  0.0149  0.0857
  0.1339  0.1645  0.1823  0.1907  0.1922  0.1883  0.1796  0.1676  0.1526  0.1350
  0.1146
 -4.7085 -4.2035 -3.7134 -3.2593 -2.8504 -2.4967 -2.1981 -1.9483 -1.7355 -1.5456
 -1.3660 -1.1912 -1.0236 -0.8699 -0.6983 -0.4940 -0.2571 -0.0963  0.0085
 [Fe/H] =  0.75 [alpha/Fe] = 0.00 BC value = F606W
 -5.8095 -5.8383 -5.7401 -5.5282 -5.2143 -4.8085 -4.3199 -3.7565 -3.1213 -2.4320
 -1.8108 -1.3464 -1.0198 -0.7878 -0.6155 -0.3318 -0.1575 -0.0339  0.0588
 -5.5710 -5.3587 -5.2140 -5.1264 -5.0501 -4.8551 -4.4147 -3.7270 -3.0689 -2.4017
 -1.8037 -1.3447 -1.0148 -0.7780 -0.6043 -0.3232 -0.1486 -0.0264  0.0632  0.1309
 -5.4161 -5.1217 -4.9575 -4.8306 -4.7492 -4.6446 -4.3519 -3.7377 -3.0780 -2.4342
 -1.8508 -1.3871 -1.0444 -0.7955 -0.6127 -0.3227 -0.1463 -0.0242  0.0633  0.1281
  0.1776
 -5.3295 -5.0158 -4.7618 -4.5779 -4.4577 -4.3566 -4.1632 -3.7201 -3.1075 -2.4947
 -1.9247 -1.4561 -1.0975 -0.8323 -0.6364 -0.3299 -0.1490 -0.0257  0.0615  0.1248
  0.1727  0.2088
 -5.2897 -4.9380 -4.6322 -4.3860 -4.2123 -4.0815 -3.9326 -3.6282 -3.1249 -2.5552
 -2.0092 -1.5391 -1.1668 -0.8840 -0.6726 -0.3435 -0.1558 -0.0298  0.0583  0.1211
  0.1675  0.2024  0.2279  0.2452
 -5.2434 -4.8801 -4.5472 -4.2558 -4.0183 -3.8403 -3.6944 -3.4743 -3.1013 -2.6040
 -2.0889 -1.6262 -1.2451 -0.9465 -0.7194 -0.3630 -0.1657 -0.0361  0.0540  0.1173
  0.1628  0.1965  0.2209  0.2374  0.2473  0.2510  0.2471  0.2354  0.2193  0.1978
 -5.0358 -4.7218 -4.4215 -4.1365 -3.8777 -3.6546 -3.4722 -3.2890 -3.0147 -2.6156
 -2.1528 -1.7070 -1.3236 -1.0151 -0.7737 -0.3882 -0.1781 -0.0441  0.0487  0.1133
  0.1586  0.1912  0.2145  0.2301  0.2393  0.2431  0.2413  0.2327  0.2165  0.1961
  0.1706
 -4.6030 -4.3175 -4.0762 -3.8706 -3.6782 -3.4818 -3.2880 -3.1001 -2.8796 -2.5736
 -2.1821 -1.7713 -1.3990 -1.0847 -0.8324 -0.4186 -0.1930 -0.0535  0.0425  0.1093
  0.1552  0.1871  0.2091  0.2236  0.2318  0.2348  0.2330  0.2261  0.2129  0.1924
  0.1677
 -4.3969 -4.0057 -3.6951 -3.4573 -3.2818 -3.1439 -3.0176 -2.8802 -2.7058 -2.4674
 -2.1559 -1.7992 -1.4503 -1.1428 -0.8871 -0.4509 -0.2084 -0.0623  0.0369  0.1061
  0.1532  0.1849  0.2059  0.2189  0.2257  0.2274  0.2245  0.2172  0.2050  0.1872
  0.1626
 -4.3966 -3.9417 -3.5492 -3.2295 -2.9828 -2.7958 -2.6500 -2.5267 -2.4045 -2.2521
 -2.0397 -1.7710 -1.4763 -1.1929 -0.9428 -0.4908 -0.2293 -0.0737  0.0294  0.1017
  0.1510  0.1834  0.2039  0.2157  0.2210  0.2211  0.2166  0.2079  0.1952  0.1779
  0.1562
 -4.5070 -4.0199 -3.5733 -3.1850 -2.8638 -2.6072 -2.4043 -2.2388 -2.0924 -1.9463
 -1.7826 -1.5914 -1.3812 -1.1658 -0.9586 -0.5307 -0.2539 -0.0866  0.0216  0.0970
  0.1491  0.1830  0.2036  0.2147  0.2186  0.2169  0.2104  0.1998  0.1855  0.1674
  0.1455
 -4.6446 -4.1516 -3.6818 -3.2524 -2.8744 -2.5552 -2.2924 -2.0765 -1.8938 -1.7290
 -1.5668 -1.3974 -1.2243 -1.0522 -0.9345 -0.5706 -0.2822 -0.1010  0.0135
 [Fe/H] =  1.00 [alpha/Fe] = 0.00 BC value = F606W
 -5.6878 -5.7078 -5.6146 -5.4199 -5.1341 -4.7664 -4.3248 -3.8165 -3.2457 -2.6159
 -1.9837 -1.4775 -1.1122 -0.8505 -0.6580 -0.3452 -0.1561 -0.0285  0.0686
 -5.4595 -5.7776 -5.8734 -5.7697 -5.4867 -5.0420 -4.4573 -3.8049 -3.2048 -2.5855
 -1.9801 -1.4840 -1.1157 -0.8482 -0.6516 -0.3394 -0.1508 -0.0219  0.0708  0.1411
 -5.3036 -5.3728 -4.9654 -4.8983 -4.8636 -4.7916 -4.4676 -3.8405 -3.2214 -2.6121
 -2.0294 -1.5344 -1.1544 -0.8736 -0.6662 -0.3409 -0.1503 -0.0211  0.0708  0.1388
  0.1902
 -5.2148 -4.9513 -4.7540 -4.6298 -4.5631 -4.5015 -4.3356 -3.8826 -3.2691 -2.6715
 -2.1057 -1.6115 -1.2170 -0.9193 -0.6970 -0.3507 -0.1539 -0.0228  0.0691  0.1359
  0.1858  0.2239
 -5.1808 -4.8694 -4.6100 -4.4172 -4.2989 -4.2154 -4.1004 -3.8176 -3.3082 -2.7365
 -2.1895 -1.6999 -1.2962 -0.9808 -0.7417 -0.3677 -0.1615 -0.0272  0.0661  0.1326
  0.1815  0.2183  0.2455  0.2641
 -5.1666 -4.8288 -4.5260 -4.2727 -4.0821 -3.9547 -3.8507 -3.6599 -3.2985 -2.7940
 -2.2731 -1.7931 -1.3836 -1.0538 -0.7981 -0.3921 -0.1726 -0.0338  0.0618  0.1291
  0.1774  0.2131  0.2392  0.2574  0.2686  0.2721  0.2676  0.2568  0.2406  0.2182
 -5.0763 -4.7515 -4.4496 -4.1723 -3.9340 -3.7457 -3.6080 -3.4616 -3.2112 -2.8144
 -2.3419 -1.8808 -1.4709 -1.1329 -0.8627 -0.4237 -0.1871 -0.0423  0.0564  0.1252
  0.1736  0.2086  0.2337  0.2510  0.2619  0.2665  0.2642  0.2550  0.2393  0.2186
  0.1920
 -4.7142 -4.4745 -4.2396 -4.0102 -3.7909 -3.5867 -3.4071 -3.2544 -3.0634 -2.7754
 -2.3794 -1.9504 -1.5531 -1.2120 -0.9313 -0.4621 -0.2052 -0.0527  0.0497  0.1210
  0.1703  0.2048  0.2290  0.2453  0.2549  0.2589  0.2579  0.2510  0.2373  0.2167
  0.1915
 -4.3881 -4.0621 -3.8154 -3.6293 -3.4829 -3.3474 -3.2055 -3.0548 -2.8858 -2.6642
 -2.3575 -1.9858 -1.6126 -1.2778 -0.9949 -0.5022 -0.2251 -0.0628  0.0435  0.1175
  0.1683  0.2028  0.2262  0.2413  0.2498  0.2528  0.2509  0.2443  0.2323  0.2139
  0.1885
 -4.3102 -3.9074 -3.5685 -3.3039 -3.1080 -2.9643 -2.8549 -2.7599 -2.6555 -2.5067
 -2.2809 -1.9842 -1.6551 -1.3392 -1.0597 -0.5503 -0.2516 -0.0767  0.0350  0.1122
  0.1656  0.2011  0.2242  0.2384  0.2458  0.2476  0.2445  0.2370  0.2249  0.2074
  0.1849
 -4.3839 -3.9348 -3.5303 -3.1882 -2.9140 -2.7025 -2.5416 -2.4153 -2.3075 -2.2002
 -2.0671 -1.8762 -1.6300 -1.3617 -1.1042 -0.5989 -0.2824 -0.0929  0.0256  0.1066
  0.1628  0.2002  0.2238  0.2374  0.2436  0.2441  0.2395  0.2306  0.2174  0.1998
  0.1777
 -4.5251 -4.0572 -3.6172 -3.2195 -2.8783 -2.5982 -2.3735 -2.1941 -2.0461 -1.9137
 -1.7826 -1.6377 -1.4676 -1.2763 -1.1284 -0.6480 -0.3175 -0.1114  0.0153
