 [Fe/H] = -2.50 [alpha/Fe] = 0.00 BC value = F475W
 -4.2503 -3.8639 -3.7365 -3.8172 -4.0241 -4.2009 -3.9534 -3.7759 -3.6010 -3.4133
 -3.2072 -3.0045 -2.7935 -2.5756 -2.3683 -1.8713 -1.4209 -1.0830 -0.7929
 -4.6338 -4.2945 -4.0406 -3.8636 -3.7405 -3.6221 -3.4890 -3.3453 -3.1949 -3.0373
 -2.8599 -2.6593 -2.4480 -2.2435 -2.0521 -1.6207 -1.2595 -0.9732 -0.7591 -0.5950
 -4.4053 -4.0792 -3.8056 -3.5783 -3.3951 -3.2564 -3.1513 -3.0392 -2.9001 -2.7409
 -2.5784 -2.4069 -2.2201 -2.0351 -1.8635 -1.4903 -1.1777 -0.9266 -0.7364 -0.5894
 -0.4702
 -4.2180 -3.9178 -3.6539 -3.4209 -3.2159 -3.0382 -2.8869 -2.7606 -2.6466 -2.5163
 -2.3633 -2.2072 -2.0448 -1.8783 -1.7218 -1.3881 -1.1160 -0.8951 -0.7248 -0.5919
 -0.4830 -0.3895
 -4.0294 -3.7652 -3.5247 -3.3034 -3.0995 -2.9129 -2.7438 -2.5920 -2.4552 -2.3293
 -2.2014 -2.0624 -1.9178 -1.7673 -1.6223 -1.3152 -1.0715 -0.8742 -0.7203 -0.5993
 -0.4995 -0.4131 -0.3356 -0.2643
 -3.8309 -3.6055 -3.3958 -3.1963 -3.0054 -2.8241 -2.6533 -2.4941 -2.3471 -2.2103
 -2.0808 -1.9541 -1.8271 -1.6944 -1.5611 -1.2682 -1.0417 -0.8607 -0.7190 -0.6081
 -0.5168 -0.4374 -0.3659 -0.2999 -0.2355 -0.1747 -0.1207 -0.0758 -0.0419 -0.0200
 -3.6328 -3.4384 -3.2598 -3.0865 -2.9158 -2.7480 -2.5848 -2.4280 -2.2794 -2.1397
 -2.0079 -1.8821 -1.7608 -1.6408 -1.5213 -1.2450 -1.0250 -0.8530 -0.7186 -0.6151
 -0.5316 -0.4597 -0.3948 -0.3345 -0.2775 -0.2228 -0.1717 -0.1258 -0.0865 -0.0564
 -0.0425
 -3.4383 -3.2722 -3.1186 -2.9697 -2.8219 -2.6728 -2.5227 -2.3746 -2.2308 -2.0923
 -1.9611 -1.8366 -1.7178 -1.6029 -1.4913 -1.2340 -1.0195 -0.8508 -0.7194 -0.6193
 -0.5416 -0.4769 -0.4193 -0.3657 -0.3147 -0.2657 -0.2174 -0.1722 -0.1329 -0.1017
 -0.0801
 -3.2549 -3.1115 -2.9754 -2.8460 -2.7185 -2.5887 -2.4557 -2.3205 -2.1856 -2.0531
 -1.9248 -1.8024 -1.6859 -1.5744 -1.4670 -1.2230 -1.0168 -0.8510 -0.7206 -0.6208
 -0.5456 -0.4866 -0.4363 -0.3903 -0.3465 -0.3038 -0.2624 -0.2238 -0.1881 -0.1551
 -0.1246
 -3.0825 -2.9563 -2.8386 -2.7223 -2.6097 -2.4974 -2.3820 -2.2626 -2.1405 -2.0176
 -1.8959 -1.7773 -1.6635 -1.5550 -1.4511 -1.2154 -1.0165 -0.8536 -0.7243 -0.6237
 -0.5480 -0.4913 -0.4464 -0.4078 -0.3718 -0.3366 -0.3020 -0.2680 -0.2386 -0.2068
 -0.1745
 -2.9212 -2.8066 -2.7082 -2.5986 -2.4960 -2.3957 -2.2954 -2.1921 -2.0850 -1.9749
 -1.8632 -1.7519 -1.6428 -1.5375 -1.4367 -1.2080 -1.0145 -0.8549 -0.7269 -0.6263
 -0.5498 -0.4927 -0.4502 -0.4168 -0.3880 -0.3608 -0.3341 -0.3072 -0.2803 -0.2540
 -0.2293
 -2.7709 -2.6624 -2.5842 -2.4744 -2.3774 -2.2850 -2.1952 -2.1053 -2.0130 -1.9175
 -1.8190 -1.7184 -1.6175 -1.5179 -1.4238 -1.2008 -1.0108 -0.8549 -0.7284
 [Fe/H] = -2.00 [alpha/Fe] = 0.00 BC value = F475W
 -4.9251 -4.4870 -4.2004 -4.0377 -3.9607 -3.9040 -3.7243 -3.5727 -3.4071 -3.2217
 -3.0153 -2.8010 -2.5847 -2.3777 -2.1863 -1.7553 -1.3748 -1.0649 -0.8004
 -4.6579 -4.3116 -4.0638 -3.8514 -3.6618 -3.4961 -3.3478 -3.2062 -3.0599 -2.9006
 -2.7228 -2.5263 -2.3224 -2.1286 -1.9511 -1.5695 -1.2468 -0.9758 -0.7621 -0.5937
 -4.4023 -4.0202 -3.7249 -3.5038 -3.3502 -3.2252 -3.0889 -2.9424 -2.7949 -2.6476
 -2.4925 -2.3229 -2.1384 -1.9567 -1.7905 -1.4434 -1.1624 -0.9272 -0.7379 -0.5890
 -0.4681
 -4.2669 -3.8920 -3.5873 -3.3398 -3.1400 -2.9800 -2.8579 -2.7531 -2.6262 -2.4758
 -2.3228 -2.1698 -2.0075 -1.8388 -1.6821 -1.3549 -1.1017 -0.8941 -0.7250 -0.5900
 -0.4793 -0.3847
 -4.1658 -3.8128 -3.5170 -3.2671 -3.0542 -2.8723 -2.7159 -2.5805 -2.4652 -2.3521
 -2.2152 -2.0662 -1.9155 -1.7611 -1.6107 -1.2972 -1.0606 -0.8722 -0.7192 -0.5960
 -0.4943 -0.4067 -0.3288 -0.2581
 -4.0641 -3.7421 -3.4652 -3.2241 -3.0115 -2.8223 -2.6532 -2.5014 -2.3629 -2.2359
 -2.1171 -1.9923 -1.8568 -1.7127 -1.5693 -1.2631 -1.0349 -0.8582 -0.7169 -0.6034
 -0.5101 -0.4296 -0.3577 -0.2917 -0.2304 -0.1735 -0.1215 -0.0745 -0.0355 -0.0128
 -3.9513 -3.6631 -3.4115 -3.1864 -2.9818 -2.7942 -2.6216 -2.4629 -2.3159 -2.1783
 -2.0484 -1.9248 -1.8050 -1.6797 -1.5485 -1.2472 -1.0208 -0.8497 -0.7156 -0.6095
 -0.5237 -0.4506 -0.3853 -0.3250 -0.2683 -0.2149 -0.1653 -0.1198 -0.0797 -0.0496
 -0.0361
 -3.8314 -3.5738 -3.3480 -3.1428 -2.9515 -2.7715 -2.6018 -2.4418 -2.2916 -2.1502
 -2.0157 -1.8877 -1.7662 -1.6480 -1.5302 -1.2467 -1.0167 -0.8460 -0.7150 -0.6130
 -0.5330 -0.4670 -0.4088 -0.3552 -0.3044 -0.2559 -0.2099 -0.1668 -0.1270 -0.0947
 -0.0734
 -3.7098 -3.4760 -3.2714 -3.0858 -2.9110 -2.7429 -2.5804 -2.4240 -2.2746 -2.1324
 -1.9970 -1.8679 -1.7445 -1.6261 -1.5118 -1.2455 -1.0194 -0.8455 -0.7144 -0.6136
 -0.5366 -0.4761 -0.4251 -0.3790 -0.3353 -0.2931 -0.2523 -0.2132 -0.1765 -0.1437
 -0.1177
 -3.6015 -3.3839 -3.1932 -3.0217 -2.8618 -2.7075 -2.5560 -2.4072 -2.2622 -2.1223
 -1.9879 -1.8595 -1.7364 -1.6182 -1.5049 -1.2460 -1.0262 -0.8508 -0.7173 -0.6156
 -0.5385 -0.4805 -0.4349 -0.3959 -0.3600 -0.3252 -0.2912 -0.2579 -0.2256 -0.1954
 -0.1671
 -3.5046 -3.2982 -3.1144 -2.9512 -2.8013 -2.6593 -2.5201 -2.3819 -2.2450 -2.1105
 -1.9795 -1.8533 -1.7317 -1.6149 -1.5027 -1.2470 -1.0313 -0.8566 -0.7210 -0.6177
 -0.5395 -0.4815 -0.4384 -0.4047 -0.3759 -0.3490 -0.3228 -0.2966 -0.2706 -0.2452
 -0.2213
 -3.4171 -3.2178 -3.0390 -2.8786 -2.7333 -2.5987 -2.4698 -2.3428 -2.2165 -2.0907
 -1.9661 -1.8444 -1.7258 -1.6106 -1.5052 -1.2485 -1.0347 -0.8629 -0.7255
 [Fe/H] = -1.50 [alpha/Fe] = 0.00 BC value = F475W
 -5.6025 -5.1641 -4.8008 -4.4978 -4.2394 -4.0062 -3.7803 -3.5515 -3.3253 -3.1007
 -2.8735 -2.6459 -2.4263 -2.2266 -2.0464 -1.6615 -1.3339 -1.0513 -0.8081
 -5.1922 -4.7477 -4.3749 -4.0691 -3.8170 -3.6009 -3.4031 -3.2100 -3.0199 -2.8293
 -2.6325 -2.4278 -2.2233 -2.0331 -1.8621 -1.5075 -1.2203 -0.9743 -0.7667 -0.5987
 -4.7478 -4.3344 -4.0226 -3.7579 -3.5205 -3.3133 -3.1289 -2.9564 -2.7893 -2.6237
 -2.4538 -2.2739 -2.0858 -1.9039 -1.7386 -1.4013 -1.1401 -0.9234 -0.7404 -0.5896
 -0.4660
 -4.5348 -4.0828 -3.7284 -3.4569 -3.2547 -3.1006 -2.9486 -2.7882 -2.6289 -2.4738
 -2.3203 -2.1628 -1.9947 -1.8227 -1.6619 -1.3332 -1.0869 -0.8896 -0.7252 -0.5883
 -0.4749 -0.3784
 -4.4499 -3.9923 -3.6248 -3.3314 -3.0962 -2.9107 -2.7665 -2.6462 -2.5282 -2.3864
 -2.2344 -2.0838 -1.9322 -1.7739 -1.6181 -1.2932 -1.0539 -0.8684 -0.7173 -0.5919
 -0.4874 -0.3981 -0.3192 -0.2483
 -4.4146 -3.9637 -3.5957 -3.2959 -3.0499 -2.8461 -2.6750 -2.5286 -2.4029 -2.2940
 -2.1776 -2.0399 -1.8928 -1.7443 -1.5960 -1.2730 -1.0350 -0.8556 -0.7135 -0.5972
 -0.5008 -0.4186 -0.3459 -0.2798 -0.2189 -0.1628 -0.1116 -0.0653 -0.0266 -0.0048
 -4.3883 -3.9549 -3.5945 -3.2959 -3.0458 -2.8331 -2.6498 -2.4894 -2.3464 -2.2161
 -2.0975 -1.9855 -1.8644 -1.7289 -1.5872 -1.2668 -1.0261 -0.8484 -0.7113 -0.6018
 -0.5127 -0.4375 -0.3714 -0.3111 -0.2549 -0.2023 -0.1537 -0.1094 -0.0699 -0.0399
 -0.0265
 -4.3500 -3.9426 -3.5982 -3.3071 -3.0584 -2.8426 -2.6528 -2.4832 -2.3302 -2.1898
 -2.0585 -1.9351 -1.8199 -1.7050 -1.5816 -1.2712 -1.0252 -0.8454 -0.7100 -0.6045
 -0.5208 -0.4523 -0.3931 -0.3395 -0.2892 -0.2415 -0.1968 -0.1548 -0.1161 -0.0846
 -0.0633
 -4.2899 -3.9131 -3.5902 -3.3125 -3.0708 -2.8568 -2.6648 -2.4904 -2.3308 -2.1836
 -2.0460 -1.9159 -1.7928 -1.6761 -1.5625 -1.2787 -1.0295 -0.8445 -0.7082 -0.6043
 -0.5239 -0.4606 -0.4083 -0.3619 -0.3186 -0.2771 -0.2375 -0.1997 -0.1643 -0.1335
 -0.1075
 -4.2245 -3.8784 -3.5764 -3.3134 -3.0817 -2.8733 -2.6828 -2.5071 -2.3442 -2.1926
 -2.0507 -1.9169 -1.7898 -1.6687 -1.5531 -1.2846 -1.0436 -0.8511 -0.7103 -0.6052
 -0.5254 -0.4648 -0.4175 -0.3780 -0.3422 -0.3080 -0.2751 -0.2429 -0.2120 -0.1832
 -0.1563
 -4.1590 -3.8369 -3.5530 -3.3038 -3.0825 -2.8820 -2.6967 -2.5231 -2.3599 -2.2065
 -2.0622 -1.9262 -1.7970 -1.6735 -1.5559 -1.2880 -1.0558 -0.8624 -0.7152 -0.6069
 -0.5260 -0.4656 -0.4208 -0.3863 -0.3574 -0.3310 -0.3056 -0.2805 -0.2557 -0.2316
 -0.2091
 -4.0995 -3.7954 -3.5255 -3.2863 -3.0731 -2.8796 -2.7008 -2.5323 -2.3723 -2.2199
 -2.0753 -1.9382 -1.8057 -1.6814 -1.5709 -1.2889 -1.0661 -0.8784 -0.7229
 [Fe/H] = -1.00 [alpha/Fe] = 0.00 BC value = F475W
 -6.2824 -5.8952 -5.5378 -5.1975 -4.8603 -4.5073 -4.1214 -3.7123 -3.3556 -3.0503
 -2.7818 -2.5392 -2.3183 -2.1223 -1.9485 -1.5900 -1.2982 -1.0421 -0.8161
 -5.8712 -5.4397 -5.0510 -4.6984 -4.3720 -4.0557 -3.7260 -3.3962 -3.1004 -2.8379
 -2.5982 -2.3737 -2.1648 -1.9750 -1.8057 -1.4616 -1.1939 -0.9685 -0.7722 -0.6044
 -5.5557 -5.1065 -4.6989 -4.3356 -4.0133 -3.7224 -3.4420 -3.1661 -2.9132 -2.6838
 -2.4706 -2.2659 -2.0684 -1.8839 -1.7173 -1.3793 -1.1249 -0.9187 -0.7429 -0.5919
 -0.4647
 -5.1594 -4.7281 -4.3714 -4.0492 -3.7487 -3.4758 -3.2268 -2.9901 -2.7694 -2.5663
 -2.3763 -2.1923 -2.0096 -1.8321 -1.6677 -1.3307 -1.0817 -0.8868 -0.7249 -0.5870
 -0.4700 -0.3705
 -4.9411 -4.4515 -4.0462 -3.7169 -3.4565 -3.2499 -3.0565 -2.8581 -2.6626 -2.4780
 -2.3042 -2.1375 -1.9716 -1.8047 -1.6438 -1.3056 -1.0567 -0.8674 -0.7147 -0.5868
 -0.4787 -0.3864 -0.3060 -0.2345
 -4.8727 -4.3402 -3.9015 -3.5472 -3.2629 -3.0341 -2.8487 -2.6962 -2.5617 -2.4162
 -2.2580 -2.0993 -1.9446 -1.7902 -1.6358 -1.2967 -1.0442 -0.8566 -0.7093 -0.5889
 -0.4884 -0.4032 -0.3289 -0.2626 -0.2021 -0.1469 -0.0968 -0.0518 -0.0142  0.0074
 -4.8868 -4.3324 -3.8727 -3.4990 -3.1973 -2.9518 -2.7494 -2.5792 -2.4340 -2.3102
 -2.1971 -2.0718 -1.9298 -1.7827 -1.6363 -1.2990 -1.0410 -0.8514 -0.7067 -0.5915
 -0.4973 -0.4186 -0.3509 -0.2903 -0.2348 -0.1834 -0.1364 -0.0938 -0.0558 -0.0262
 -0.0127
 -4.9331 -4.3720 -3.9001 -3.5126 -3.1968 -2.9382 -2.7234 -2.5417 -2.3843 -2.2452
 -2.1201 -2.0069 -1.8968 -1.7744 -1.6401 -1.3097 -1.0451 -0.8507 -0.7058 -0.5934
 -0.5039 -0.4311 -0.3697 -0.3157 -0.2661 -0.2197 -0.1766 -0.1368 -0.1009 -0.0699
 -0.0486
 -4.9651 -4.4167 -3.9458 -3.5529 -3.2283 -2.9597 -2.7340 -2.5411 -2.3733 -2.2245
 -2.0893 -1.9645 -1.8483 -1.7384 -1.6264 -1.3229 -1.0532 -0.8522 -0.7047 -0.5931
 -0.5065 -0.4383 -0.3829 -0.3357 -0.2928 -0.2526 -0.2147 -0.1790 -0.1460 -0.1172
 -0.0925
 -4.9744 -4.4575 -3.9993 -3.6106 -3.2827 -3.0065 -2.7722 -2.5697 -2.3920 -2.2334
 -2.0897 -1.9572 -1.8333 -1.7165 -1.6055 -1.3345 -1.0716 -0.8614 -0.7082 -0.5946
 -0.5086 -0.4426 -0.3916 -0.3504 -0.3146 -0.2814 -0.2501 -0.2198 -0.1912 -0.1648
 -0.1414
 -4.9519 -4.4739 -4.0414 -3.6652 -3.3407 -3.0628 -2.8230 -2.6131 -2.4271 -2.2600
 -2.1081 -1.9685 -1.8385 -1.7164 -1.6006 -1.3360 -1.0912 -0.8771 -0.7152 -0.5973
 -0.5096 -0.4441 -0.3953 -0.3585 -0.3290 -0.3030 -0.2789 -0.2555 -0.2327 -0.2109
 -0.1908
 -4.9096 -4.4691 -4.0676 -3.7094 -3.3945 -3.1193 -2.8777 -2.6634 -2.4713 -2.2974
 -2.1386 -1.9926 -1.8570 -1.7302 -1.6117 -1.3274 -1.1120 -0.8993 -0.7257
 [Fe/H] = -0.75 [alpha/Fe] = 0.00 BC value = F475W
 -6.6233 -6.2810 -5.9575 -5.6372 -5.2990 -4.9075 -4.4296 -3.8840 -3.4205 -3.0538
 -2.7563 -2.5040 -2.2832 -2.0877 -1.9153 -1.5626 -1.2823 -1.0392 -0.8202
 -6.1965 -5.8118 -5.4557 -5.1184 -4.7849 -4.4295 -4.0156 -3.5775 -3.1919 -2.8717
 -2.6006 -2.3635 -2.1511 -1.9610 -1.7917 -1.4488 -1.1857 -0.9658 -0.7758 -0.6093
 -5.8894 -5.4689 -5.0818 -4.7240 -4.3903 -4.0652 -3.7185 -3.3576 -3.0290 -2.7450
 -2.4976 -2.2756 -2.0720 -1.8859 -1.7182 -1.3776 -1.1231 -0.9190 -0.7454 -0.5949
 -0.4659
 -5.5765 -5.1739 -4.7892 -4.4273 -4.0920 -3.7828 -3.4853 -3.1835 -2.9006 -2.6485
 -2.4239 -2.2188 -2.0262 -1.8455 -1.6793 -1.3373 -1.0846 -0.8886 -0.7265 -0.5880
 -0.4692 -0.3675
 -5.3175 -4.8413 -4.4132 -4.1017 -3.8246 -3.5562 -3.2942 -3.0383 -2.7935 -2.5691
 -2.3655 -2.1776 -1.9987 -1.8261 -1.6627 -1.3182 -1.0630 -0.8704 -0.7155 -0.5859
 -0.4757 -0.3813 -0.2994 -0.2270
 -5.1541 -4.5933 -4.1567 -3.7999 -3.5081 -3.2685 -3.0703 -2.8875 -2.6978 -2.5044
 -2.3189 -2.1449 -1.9794 -1.8178 -1.6598 -1.3138 -1.0534 -0.8604 -0.7097 -0.5865
 -0.4835 -0.3959 -0.3200 -0.2528 -0.1923 -0.1373 -0.0876 -0.0431 -0.0061  0.0151
 -5.1088 -4.5435 -4.0673 -3.6755 -3.3569 -3.0964 -2.8803 -2.6977 -2.5433 -2.4084
 -2.2714 -2.1213 -1.9661 -1.8139 -1.6641 -1.3197 -1.0529 -0.8564 -0.7071 -0.5881
 -0.4908 -0.4094 -0.3398 -0.2784 -0.2228 -0.1719 -0.1256 -0.0838 -0.0464 -0.0174
 -0.0038
 -5.1751 -4.5805 -4.0739 -3.6550 -3.3132 -3.0349 -2.8057 -2.6130 -2.4474 -2.3032
 -2.1771 -2.0629 -1.9441 -1.8109 -1.6704 -1.3331 -1.0596 -0.8572 -0.7067 -0.5898
 -0.4966 -0.4204 -0.3569 -0.3018 -0.2520 -0.2061 -0.1638 -0.1251 -0.0902 -0.0601
 -0.0389
 -5.2571 -4.6518 -4.1286 -3.6896 -3.3288 -3.0338 -2.7906 -2.5867 -2.4124 -2.2600
 -2.1238 -2.0003 -1.8870 -1.7782 -1.6629 -1.3488 -1.0705 -0.8608 -0.7066 -0.5899
 -0.4991 -0.4271 -0.3690 -0.3202 -0.2770 -0.2372 -0.2002 -0.1655 -0.1337 -0.1055
 -0.0824
 -5.3226 -4.7369 -4.2108 -3.7628 -3.3880 -3.0781 -2.8210 -2.6044 -2.4188 -2.2567
 -2.1123 -1.9809 -1.8592 -1.7454 -1.6374 -1.3636 -1.0908 -0.8724 -0.7116 -0.5923
 -0.5016 -0.4317 -0.3774 -0.3342 -0.2976 -0.2646 -0.2339 -0.2047 -0.1773 -0.1522
 -0.1302
 -5.3455 -4.7934 -4.2905 -3.8455 -3.4664 -3.1466 -2.8777 -2.6491 -2.4521 -2.2793
 -2.1253 -1.9858 -1.8574 -1.7376 -1.6245 -1.3646 -1.1135 -0.8900 -0.7206 -0.5962
 -0.5035 -0.4339 -0.3816 -0.3423 -0.3114 -0.2851 -0.2614 -0.2389 -0.2172 -0.1968
 -0.1781
 -5.3333 -4.8226 -4.3490 -3.9218 -3.5484 -3.2260 -2.9496 -2.7114 -2.5039 -2.3208
 -2.1571 -2.0089 -1.8732 -1.7475 -1.6242 -1.3518 -1.1386 -0.9136 -0.7336
 [Fe/H] = -0.50 [alpha/Fe] = 0.00 BC value = F475W
 -6.9243 -6.6270 -6.3450 -6.0621 -5.7571 -5.3623 -4.8101 -4.1177 -3.5223 -3.0795
 -2.7495 -2.4845 -2.2605 -2.0653 -1.8935 -1.5437 -1.2708 -1.0369 -0.8262
 -6.4863 -6.1512 -5.8394 -5.5396 -5.2298 -4.8664 -4.3856 -3.8243 -3.3226 -2.9272
 -2.6180 -2.3654 -2.1484 -1.9573 -1.7876 -1.4438 -1.1825 -0.9677 -0.7805 -0.6152
 -6.1649 -5.7930 -5.4474 -5.1237 -4.8088 -4.4752 -4.0740 -3.6142 -3.1860 -2.8284
 -2.5379 -2.2951 -2.0840 -1.8957 -1.7269 -1.3828 -1.1261 -0.9223 -0.7495 -0.5990
 -0.4685
 -5.9128 -5.5197 -5.1491 -4.8017 -4.4744 -4.1568 -3.8197 -3.4418 -3.0757 -2.7554
 -2.4847 -2.2535 -2.0492 -1.8645 -1.6965 -1.3495 -1.0919 -0.8935 -0.7300 -0.5902
 -0.4695 -0.3656
 -5.5697 -5.1887 -4.8521 -4.5284 -4.2096 -3.9001 -3.6000 -3.2871 -2.9756 -2.6917
 -2.4433 -2.2260 -2.0310 -1.8516 -1.6857 -1.3353 -1.0734 -0.8763 -0.7186 -0.5864
 -0.4738 -0.3770 -0.2931 -0.2195
 -5.3488 -4.8739 -4.4785 -4.1507 -3.8738 -3.6277 -3.3871 -3.1355 -2.8769 -2.6297
 -2.4049 -2.2034 -2.0199 -1.8486 -1.6866 -1.3345 -1.0663 -0.8671 -0.7124 -0.5857
 -0.4796 -0.3893 -0.3113 -0.2427 -0.1816 -0.1271 -0.0777 -0.0329  0.0032  0.0239
 -5.2956 -4.7559 -4.2963 -3.9136 -3.5972 -3.3320 -3.1061 -2.9092 -2.7281 -2.5482
 -2.3635 -2.1819 -2.0106 -1.8490 -1.6937 -1.3431 -1.0681 -0.8642 -0.7098 -0.5866
 -0.4855 -0.4008 -0.3287 -0.2658 -0.2097 -0.1589 -0.1133 -0.0721 -0.0354 -0.0072
  0.0062
 -5.3514 -4.7636 -4.2562 -3.8301 -3.4791 -3.1901 -2.9486 -2.7419 -2.5615 -2.4049
 -2.2680 -2.1367 -1.9967 -1.8494 -1.7028 -1.3587 -1.0774 -0.8668 -0.7099 -0.5881
 -0.4905 -0.4106 -0.3439 -0.2869 -0.2364 -0.1907 -0.1491 -0.1114 -0.0771 -0.0485
 -0.0279
 -5.4649 -4.8418 -4.2988 -3.8381 -3.4563 -3.1431 -2.8850 -2.6688 -2.4837 -2.3220
 -2.1794 -2.0533 -1.9387 -1.8247 -1.7012 -1.3765 -1.0908 -0.8726 -0.7110 -0.5887
 -0.4930 -0.4167 -0.3549 -0.3037 -0.2594 -0.2196 -0.1832 -0.1497 -0.1191 -0.0923
 -0.0704
 -5.5876 -4.9634 -4.3978 -3.9119 -3.5037 -3.1669 -2.8898 -2.6594 -2.4644 -2.2962
 -2.1479 -2.0148 -1.8935 -1.7817 -1.6751 -1.3949 -1.1135 -0.8867 -0.7180 -0.5922
 -0.4962 -0.4216 -0.3633 -0.3169 -0.2786 -0.2452 -0.2149 -0.1867 -0.1606 -0.1371
 -0.1166
 -5.6717 -5.0678 -4.5129 -4.0147 -3.5904 -3.2346 -2.9388 -2.6923 -2.4841 -2.3051
 -2.1482 -2.0081 -1.8806 -1.7627 -1.6522 -1.3963 -1.1388 -0.9067 -0.7293 -0.5978
 -0.4993 -0.4247 -0.3680 -0.3251 -0.2919 -0.2646 -0.2410 -0.2192 -0.1987 -0.1797
 -0.1627
 -5.7083 -5.1385 -4.6062 -4.1229 -3.6944 -3.3281 -3.0180 -2.7564 -2.5338 -2.3421
 -2.1741 -2.0247 -1.8895 -1.7656 -1.6325 -1.3807 -1.1667 -0.9326 -0.7449
 [Fe/H] = -0.25 [alpha/Fe] = 0.00 BC value = F475W
 -7.1786 -6.9215 -6.6811 -6.4418 -6.1886 -5.8174 -5.2208 -4.4032 -3.6700 -3.1396
 -2.7644 -2.4800 -2.2486 -2.0514 -1.8784 -1.5296 -1.2613 -1.0349 -0.8320
 -6.7335 -6.4429 -6.1766 -5.9226 -5.6540 -5.3135 -4.8034 -4.1317 -3.4990 -3.0122
 -2.6549 -2.3799 -2.1540 -1.9599 -1.7888 -1.4427 -1.1817 -0.9697 -0.7859 -0.6221
 -6.3964 -6.0714 -5.7724 -5.4944 -5.2197 -4.9076 -4.4837 -3.9344 -3.3894 -2.9402
 -2.5953 -2.3254 -2.1026 -1.9101 -1.7393 -1.3910 -1.1313 -0.9273 -0.7551 -0.6048
 -0.4733
 -6.1427 -5.7884 -5.4571 -5.1494 -4.8577 -4.5607 -4.2097 -3.7634 -3.2998 -2.8920
 -2.5623 -2.2979 -2.0779 -1.8869 -1.7163 -1.3640 -1.1012 -0.9004 -0.7357 -0.5947
 -0.4725 -0.3664
 -5.8880 -5.5381 -5.2008 -4.8776 -4.5679 -4.2679 -3.9600 -3.5995 -3.2101 -2.8479
 -2.5396 -2.2842 -2.0686 -1.8800 -1.7104 -1.3543 -1.0858 -0.8844 -0.7242 -0.5898
 -0.4749 -0.3758 -0.2894 -0.2132
 -5.5701 -5.1722 -4.8450 -4.5627 -4.2927 -4.0162 -3.7324 -3.4340 -3.1116 -2.7971
 -2.5160 -2.2745 -2.0663 -1.8822 -1.7149 -1.3569 -1.0814 -0.8763 -0.7180 -0.5883
 -0.4792 -0.3861 -0.3054 -0.2348 -0.1720 -0.1164 -0.0669 -0.0217  0.0142  0.0346
 -5.4474 -4.9589 -4.5464 -4.2048 -3.9182 -3.6699 -3.4450 -3.2220 -2.9808 -2.7278
 -2.4835 -2.2620 -2.0650 -1.8881 -1.7251 -1.3680 -1.0859 -0.8748 -0.7157 -0.5889
 -0.4841 -0.3961 -0.3210 -0.2555 -0.1978 -0.1462 -0.1005 -0.0594 -0.0227  0.0051
  0.0181
 -5.4661 -4.9148 -4.4370 -4.0331 -3.6968 -3.4141 -3.1708 -2.9549 -2.7579 -2.5768
 -2.4041 -2.2310 -2.0583 -1.8931 -1.7375 -1.3858 -1.0980 -0.8795 -0.7167 -0.5906
 -0.4888 -0.4049 -0.3346 -0.2747 -0.2223 -0.1757 -0.1341 -0.0968 -0.0634 -0.0347
 -0.0146
 -5.5745 -4.9749 -4.4460 -3.9926 -3.6123 -3.2963 -3.0322 -2.8060 -2.6067 -2.4292
 -2.2730 -2.1361 -2.0089 -1.8789 -1.7421 -1.4052 -1.1138 -0.8877 -0.7193 -0.5917
 -0.4913 -0.4106 -0.3447 -0.2900 -0.2433 -0.2023 -0.1658 -0.1327 -0.1030 -0.0770
 -0.0559
 -5.7399 -5.1096 -4.5421 -4.0482 -3.6290 -3.2803 -2.9915 -2.7502 -2.5447 -2.3657
 -2.2077 -2.0677 -1.9430 -1.8297 -1.7199 -1.4270 -1.1386 -0.9047 -0.7284 -0.5965
 -0.4953 -0.4160 -0.3531 -0.3026 -0.2612 -0.2261 -0.1953 -0.1675 -0.1422 -0.1198
 -0.1006
 -5.8868 -5.2596 -4.6790 -4.1578 -3.7091 -3.3308 -3.0166 -2.7558 -2.5368 -2.3499
 -2.1870 -2.0429 -1.9133 -1.7955 -1.6867 -1.4310 -1.1666 -0.9272 -0.7423 -0.6039
 -0.4997 -0.4200 -0.3586 -0.3111 -0.2742 -0.2445 -0.2198 -0.1980 -0.1782 -0.1603
 -0.1444
 -5.9847 -5.3807 -4.8114 -4.2904 -3.8250 -3.4262 -3.0896 -2.8082 -2.5722 -2.3718
 -2.1989 -2.0470 -1.9114 -1.7882 -1.6425 -1.4172 -1.1978 -0.9552 -0.7610
 [Fe/H] =  0.00 [alpha/Fe] = 0.00 BC value = F475W
 -7.3876 -7.1629 -6.9588 -6.7608 -6.5306 -6.1757 -5.5582 -4.6626 -3.8354 -3.2213
 -2.8019 -2.4980 -2.2593 -2.0585 -1.8857 -1.5352 -1.2668 -1.0429 -0.8431
 -6.9409 -6.6867 -6.4607 -6.2509 -6.0238 -5.7115 -5.1859 -4.4335 -3.6918 -3.1165
 -2.7104 -2.4127 -2.1779 -1.9807 -1.8085 -1.4596 -1.1953 -0.9817 -0.7976 -0.6328
 -6.5921 -6.3052 -6.0482 -5.8152 -5.5844 -5.3050 -4.8789 -4.2633 -3.6125 -3.0698
 -2.6687 -2.3708 -2.1360 -1.9391 -1.7669 -1.4148 -1.1497 -0.9418 -0.7671 -0.6143
 -0.4800
 -6.3236 -6.0068 -5.7158 -5.4516 -5.2041 -4.9427 -4.5992 -4.1060 -3.5491 -3.0474
 -2.6540 -2.3548 -2.1184 -1.9209 -1.7481 -1.3919 -1.1226 -0.9161 -0.7475 -0.6026
 -0.4768 -0.3675
 -6.0625 -5.7678 -5.4534 -5.1604 -4.8879 -4.6213 -4.3285 -3.9395 -3.4758 -3.0265
 -2.6500 -2.3527 -2.1154 -1.9173 -1.7442 -1.3842 -1.1087 -0.9005 -0.7353 -0.5962
 -0.4770 -0.3742 -0.2850 -0.2070
 -5.7966 -5.4771 -5.1871 -4.9052 -4.6269 -4.3509 -4.0729 -3.7586 -3.3816 -2.9922
 -2.6439 -2.3556 -2.1200 -1.9224 -1.7497 -1.3873 -1.1053 -0.8926 -0.7284 -0.5934
 -0.4793 -0.3819 -0.2980 -0.2249 -0.1608 -0.1047 -0.0543 -0.0091  0.0255  0.0451
 -5.5744 -5.1533 -4.8096 -4.5297 -4.2891 -4.0604 -3.8214 -3.5596 -3.2605 -2.9363
 -2.6266 -2.3555 -2.1267 -1.9319 -1.7607 -1.3987 -1.1106 -0.8914 -0.7255 -0.5929
 -0.4827 -0.3898 -0.3109 -0.2426 -0.1831 -0.1312 -0.0854 -0.0444 -0.0082  0.0181
  0.0300
 -5.5348 -5.0349 -4.6066 -4.2496 -3.9536 -3.7010 -3.4760 -3.2653 -3.0488 -2.8164
 -2.5756 -2.3423 -2.1298 -1.9421 -1.7748 -1.4160 -1.1233 -0.8967 -0.7264 -0.5940
 -0.4863 -0.3971 -0.3225 -0.2591 -0.2045 -0.1570 -0.1153 -0.0787 -0.0466 -0.0190
 -0.0003
 -5.6122 -5.0539 -4.5627 -4.1414 -3.7870 -3.4899 -3.2358 -3.0105 -2.8025 -2.6074
 -2.4272 -2.2601 -2.0987 -1.9392 -1.7846 -1.4353 -1.1402 -0.9063 -0.7297 -0.5951
 -0.4886 -0.4020 -0.3311 -0.2724 -0.2229 -0.1806 -0.1438 -0.1115 -0.0833 -0.0589
 -0.0394
 -5.7845 -5.1762 -4.6343 -4.1603 -3.7554 -3.4149 -3.1294 -2.8862 -2.6731 -2.4812
 -2.3077 -2.1539 -2.0182 -1.8941 -1.7724 -1.4593 -1.1661 -0.9253 -0.7406 -0.6010
 -0.4931 -0.4075 -0.3391 -0.2841 -0.2392 -0.2020 -0.1706 -0.1433 -0.1194 -0.0989
 -0.0816
 -5.9806 -5.3534 -4.7734 -4.2595 -3.8123 -3.4324 -3.1141 -2.8474 -2.6213 -2.4258
 -2.2532 -2.0998 -1.9635 -1.8419 -1.7312 -1.4679 -1.1957 -0.9503 -0.7571 -0.6103
 -0.4988 -0.4125 -0.3452 -0.2927 -0.2516 -0.2191 -0.1931 -0.1713 -0.1525 -0.1364
 -0.1226
 -6.1418 -5.5246 -4.9405 -4.4042 -3.9274 -3.5152 -3.1664 -2.8740 -2.6286 -2.4206
 -2.2413 -2.0843 -1.9448 -1.8197 -1.6610 -1.4611 -1.2290 -0.9813 -0.7792
 [Fe/H] =  0.25 [alpha/Fe] = 0.00 BC value = F475W
 -7.5545 -7.3603 -7.1918 -6.9711 -6.6539 -6.2134 -5.6282 -4.8820 -4.0325 -3.3432
 -2.8683 -2.5353 -2.2827 -2.0773 -1.8995 -1.5457 -1.2756 -1.0539 -0.8585
 -7.1124 -6.8913 -6.7033 -6.5343 -6.3469 -6.0577 -5.5272 -4.7193 -3.9140 -3.2564
 -2.7912 -2.4620 -2.2124 -2.0088 -1.8338 -1.4808 -1.2128 -0.9971 -0.8124 -0.6474
 -6.7567 -6.5029 -6.2844 -6.0938 -5.9051 -5.6597 -5.2455 -4.5875 -3.8590 -3.2301
 -2.7654 -2.4310 -2.1786 -1.9739 -1.7983 -1.4419 -1.1718 -0.9600 -0.7830 -0.6278
 -0.4921
 -6.4739 -6.1893 -5.9355 -5.7134 -5.5102 -5.2875 -4.9661 -4.4495 -3.8214 -3.2303
 -2.7679 -2.4260 -2.1677 -1.9601 -1.7830 -1.4223 -1.1473 -0.9357 -0.7635 -0.6154
 -0.4860 -0.3730
 -6.2476 -5.9399 -5.6562 -5.3998 -5.1703 -4.9449 -4.6805 -4.2868 -3.7670 -3.2332
 -2.7822 -2.4361 -2.1714 -1.9599 -1.7810 -1.4162 -1.1350 -0.9206 -0.7510 -0.6079
 -0.4845 -0.3775 -0.2848 -0.2039
 -6.0169 -5.7096 -5.4186 -5.1452 -4.8887 -4.6456 -4.3992 -4.0922 -3.6798 -3.2180
 -2.7947 -2.4526 -2.1837 -1.9685 -1.7877 -1.4199 -1.1326 -0.9130 -0.7435 -0.6040
 -0.4852 -0.3833 -0.2955 -0.2192 -0.1526 -0.0940 -0.0424  0.0038  0.0376  0.0569
 -5.7012 -5.3659 -5.0873 -4.8516 -4.6222 -4.3870 -4.1426 -3.8788 -3.5551 -3.1732
 -2.7941 -2.4663 -2.1993 -1.9825 -1.8004 -1.4312 -1.1386 -0.9123 -0.7402 -0.6025
 -0.4872 -0.3895 -0.3062 -0.2345 -0.1722 -0.1179 -0.0706 -0.0293  0.0073  0.0325
  0.0438
 -5.5819 -5.1398 -4.7731 -4.4780 -4.2375 -4.0304 -3.8340 -3.6246 -3.3788 -3.0849
 -2.7682 -2.4696 -2.2128 -1.9981 -1.8164 -1.4480 -1.1519 -0.9185 -0.7412 -0.6031
 -0.4901 -0.3955 -0.3161 -0.2488 -0.1911 -0.1411 -0.0980 -0.0609 -0.0289 -0.0015
  0.0160
 -5.6092 -5.0998 -4.6565 -4.2826 -3.9729 -3.7145 -3.4900 -3.2858 -3.0850 -2.8736
 -2.6498 -2.4238 -2.2060 -2.0071 -1.8307 -1.4667 -1.1694 -0.9293 -0.7451 -0.6042
 -0.4919 -0.3997 -0.3236 -0.2604 -0.2071 -0.1619 -0.1235 -0.0906 -0.0626 -0.0392
 -0.0204
 -5.7550 -5.1894 -4.6863 -4.2493 -3.8771 -3.5642 -3.2997 -3.0692 -2.8593 -2.6598
 -2.4706 -2.2942 -2.1322 -1.9800 -1.8332 -1.4913 -1.1955 -0.9499 -0.7576 -0.6108
 -0.4968 -0.4054 -0.3313 -0.2712 -0.2220 -0.1813 -0.1476 -0.1194 -0.0957 -0.0759
 -0.0603
 -5.9688 -5.3629 -4.8107 -4.3220 -3.8974 -3.5352 -3.2292 -2.9695 -2.7447 -2.5440
 -2.3603 -2.1931 -2.0439 -1.9116 -1.7914 -1.5064 -1.2255 -0.9765 -0.7764 -0.6221
 -0.5038 -0.4113 -0.3380 -0.2800 -0.2339 -0.1972 -0.1683 -0.1450 -0.1260 -0.1105
 -0.0984
 -6.1831 -5.5668 -4.9912 -4.4624 -3.9978 -3.5933 -3.2484 -2.9570 -2.7099 -2.4979
 -2.3119 -2.1466 -1.9990 -1.8675 -1.7053 -1.5120 -1.2594 -1.0091 -0.8015
 [Fe/H] =  0.50 [alpha/Fe] = 0.00 BC value = F475W
 -7.6708 -7.8726 -7.8461 -7.6150 -7.2000 -6.6194 -5.8893 -5.0533 -4.2345 -3.4979
 -2.9636 -2.5948 -2.3244 -2.1093 -1.9288 -1.5671 -1.2943 -1.0712 -0.8773
 -7.2417 -7.0598 -6.9072 -6.7776 -6.6289 -6.3357 -5.7756 -4.9447 -4.1334 -3.4220
 -2.8974 -2.5314 -2.2622 -2.0492 -1.8698 -1.5111 -1.2386 -1.0191 -0.8290 -0.6614
 -6.8868 -6.6664 -6.4855 -6.3353 -6.1844 -5.9681 -5.5585 -4.8668 -4.0999 -3.4111
 -2.8853 -2.5099 -2.2349 -2.0191 -1.8385 -1.4769 -1.2016 -0.9847 -0.8046 -0.6467
 -0.5074
 -6.5958 -6.3409 -6.1229 -5.9408 -5.7779 -5.5900 -5.2879 -4.7589 -4.0830 -3.4297
 -2.9015 -2.5148 -2.2299 -2.0086 -1.8253 -1.4593 -1.1792 -0.9619 -0.7856 -0.6338
 -0.5002 -0.3828
 -6.3586 -6.0773 -5.8243 -5.6049 -5.4172 -5.2308 -4.9948 -4.6076 -4.0499 -3.4509
 -2.9323 -2.5360 -2.2400 -2.0113 -1.8243 -1.4538 -1.1678 -0.9473 -0.7727 -0.6254
 -0.4973 -0.3855 -0.2885 -0.2040
 -6.1499 -5.8540 -5.5807 -5.3317 -5.1085 -4.9051 -4.6943 -4.4044 -3.9742 -3.4552
 -2.9637 -2.5649 -2.2600 -2.0235 -1.8319 -1.4571 -1.1656 -0.9397 -0.7645 -0.6204
 -0.4965 -0.3894 -0.2971 -0.2171 -0.1474 -0.0862 -0.0320  0.0148  0.0494  0.0689
 -5.8613 -5.5401 -5.3281 -5.0857 -4.8531 -4.6302 -4.4123 -4.1718 -3.8463 -3.4239
 -2.9811 -2.5939 -2.2846 -2.0419 -1.8460 -1.4673 -1.1716 -0.9391 -0.7605 -0.6178
 -0.4973 -0.3941 -0.3058 -0.2301 -0.1645 -0.1074 -0.0580 -0.0147  0.0230  0.0472
  0.0583
 -5.6256 -5.2499 -4.9533 -4.7222 -4.5284 -4.3444 -4.1489 -3.9321 -3.6742 -3.3456
 -2.9700 -2.6116 -2.3083 -2.0637 -1.8643 -1.4829 -1.1846 -0.9457 -0.7614 -0.6174
 -0.4991 -0.3989 -0.3142 -0.2424 -0.1810 -0.1279 -0.0825 -0.0438 -0.0107  0.0171
  0.0334
 -5.5883 -5.1299 -4.7408 -4.4228 -4.1680 -3.9593 -3.7787 -3.6066 -3.4177 -3.1832
 -2.8997 -2.5982 -2.3189 -2.0806 -1.8819 -1.5002 -1.2014 -0.9570 -0.7657 -0.6183
 -0.5003 -0.4023 -0.3206 -0.2524 -0.1949 -0.1461 -0.1050 -0.0704 -0.0416 -0.0182
  0.0002
 -5.6888 -5.1694 -4.7120 -4.3200 -3.9921 -3.7208 -3.4925 -3.2911 -3.1027 -2.9131
 -2.7098 -2.4960 -2.2836 -2.0827 -1.8993 -1.5242 -1.2266 -0.9782 -0.7793 -0.6255
 -0.5052 -0.4079 -0.3280 -0.2624 -0.2084 -0.1635 -0.1266 -0.0962 -0.0715 -0.0520
 -0.0371
 -5.8904 -5.3160 -4.8026 -4.3510 -3.9620 -3.6318 -3.3535 -3.1157 -2.9052 -2.7100
 -2.5219 -2.3412 -2.1716 -2.0159 -1.8718 -1.5456 -1.2557 -1.0055 -0.7998 -0.6383
 -0.5132 -0.4145 -0.3351 -0.2712 -0.2198 -0.1784 -0.1455 -0.1194 -0.0990 -0.0834
 -0.0721
 -6.1309 -5.5303 -4.9725 -4.4737 -4.0335 -3.6530 -3.3279 -3.0516 -2.8146 -2.6066
 -2.4184 -2.2448 -2.0857 -1.9429 -1.7994 -1.5644 -1.2887 -1.0389 -0.8272
 [Fe/H] =  0.75 [alpha/Fe] = 0.00 BC value = F475W
 -7.7308 -7.7398 -7.6008 -7.3292 -6.9386 -6.4410 -5.8468 -5.1655 -4.4147 -3.6726
 -3.0869 -2.6774 -2.3841 -2.1583 -1.9708 -1.5991 -1.3218 -1.0952 -0.8995
 -7.3202 -7.1774 -7.0726 -6.9836 -6.8205 -6.4875 -5.9056 -5.0990 -4.3313 -3.6058
 -3.0307 -2.6224 -2.3288 -2.1030 -1.9175 -1.5516 -1.2727 -1.0486 -0.8588 -0.6903
 -6.9718 -6.7705 -6.6511 -6.5420 -6.4262 -6.2336 -5.8144 -5.0770 -4.3136 -3.6044
 -3.0279 -2.6092 -2.3067 -2.0763 -1.8885 -1.5206 -1.2399 -1.0173 -0.8328 -0.6717
 -0.5272
 -6.6802 -6.4577 -6.2780 -6.1369 -6.0120 -5.8543 -5.5700 -5.0245 -4.3166 -3.6345
 -3.0559 -2.6233 -2.3071 -2.0683 -1.8762 -1.5035 -1.2189 -0.9958 -0.8145 -0.6588
 -0.5205 -0.3981
 -6.4372 -6.1828 -5.9628 -5.7812 -5.6333 -5.4822 -5.2713 -4.8902 -4.3044 -3.6675
 -3.0998 -2.6547 -2.3238 -2.0738 -1.8756 -1.4971 -1.2076 -0.9815 -0.8015 -0.6498
 -0.5167 -0.3994 -0.2971 -0.2084
 -6.2285 -5.9543 -5.7049 -5.4855 -5.2983 -5.1336 -4.9555 -4.6838 -4.2458 -3.6882
 -3.1443 -2.6953 -2.3515 -2.0898 -1.8842 -1.4989 -1.2046 -0.9735 -0.7925 -0.6436
 -0.5147 -0.4019 -0.3040 -0.2195 -0.1459 -0.0813 -0.0237  0.0261  0.0599  0.0804
 -6.0030 -5.7295 -5.4752 -5.2395 -5.0247 -4.8310 -4.6487 -4.4352 -4.1177 -3.6703
 -3.1770 -2.7361 -2.3844 -2.1132 -1.8999 -1.5074 -1.2095 -0.9723 -0.7877 -0.6398
 -0.5141 -0.4051 -0.3111 -0.2305 -0.1610 -0.1006 -0.0482 -0.0017  0.0374  0.0614
  0.0729
 -5.6839 -5.3941 -5.1529 -4.9510 -4.7631 -4.5704 -4.3774 -4.1781 -3.9335 -3.5958
 -3.1789 -2.7673 -2.4194 -2.1412 -1.9209 -1.5214 -1.2213 -0.9785 -0.7880 -0.6383
 -0.5147 -0.4088 -0.3182 -0.2411 -0.1753 -0.1188 -0.0703 -0.0289  0.0066  0.0355
  0.0509
 -5.5658 -5.1623 -4.8342 -4.5750 -4.3758 -4.2146 -4.0657 -3.9047 -3.7095 -3.4540
 -3.1274 -2.7694 -2.4397 -2.1646 -1.9419 -1.5370 -1.2365 -0.9896 -0.7923 -0.6384
 -0.5149 -0.4111 -0.3234 -0.2496 -0.1875 -0.1347 -0.0901 -0.0527 -0.0220  0.0029
  0.0219
 -5.6098 -5.1385 -4.7296 -4.3863 -4.1080 -3.8847 -3.7006 -3.5402 -3.3862 -3.2129
 -2.9915 -2.7231 -2.4426 -2.1862 -1.9675 -1.5600 -1.2597 -1.0104 -0.8063 -0.6458
 -0.5194 -0.4162 -0.3303 -0.2589 -0.1997 -0.1504 -0.1095 -0.0759 -0.0489 -0.0281
 -0.0130
 -5.7704 -5.2431 -4.7731 -4.3638 -4.0154 -3.7248 -3.4836 -3.2787 -3.0957 -2.9217
 -2.7441 -2.5525 -2.3515 -2.1534 -1.9684 -1.5844 -1.2869 -1.0372 -0.8277 -0.6595
 -0.5278 -0.4230 -0.3375 -0.2675 -0.2105 -0.1641 -0.1267 -0.0968 -0.0736 -0.0567
 -0.0456
 -6.0120 -5.4387 -4.9171 -4.4540 -4.0483 -3.7000 -3.4041 -3.1535 -2.9372 -2.7439
 -2.5629 -2.3875 -2.2187 -2.0586 -1.9446 -1.6102 -1.3181 -1.0700 -0.8565
 [Fe/H] =  1.00 [alpha/Fe] = 0.00 BC value = F475W
 -7.7426 -7.7300 -7.5834 -7.3168 -6.9426 -6.4717 -5.9134 -5.2764 -4.5741 -3.8568
 -3.2329 -2.7812 -2.4614 -2.2206 -2.0259 -1.6447 -1.3576 -1.1257 -0.9251
 -7.3474 -7.8013 -7.9402 -7.7964 -7.3985 -6.7713 -5.9829 -5.2217 -4.5058 -3.7970
 -3.1851 -2.7346 -2.4124 -2.1707 -1.9767 -1.6027 -1.3153 -1.0846 -0.8912 -0.7200
 -7.0045 -7.2049 -6.7794 -6.7137 -6.6310 -6.4586 -5.9774 -5.2190 -4.4967 -3.7980
 -3.1908 -2.7294 -2.3955 -2.1466 -1.9493 -1.5731 -1.2865 -1.0574 -0.8676 -0.7023
 -0.5542
 -6.7139 -6.5313 -6.3966 -6.2999 -6.2126 -6.0819 -5.8090 -5.2320 -4.5165 -3.8327
 -3.2280 -2.7525 -2.4014 -2.1409 -1.9370 -1.5553 -1.2664 -1.0374 -0.8504 -0.6898
 -0.5476 -0.4198
 -6.4716 -6.2486 -6.0665 -5.9270 -5.8194 -5.7008 -5.5109 -5.1338 -4.5259 -3.8733
 -3.2782 -2.7922 -2.4249 -2.1497 -1.9368 -1.5469 -1.2543 -1.0232 -0.8375 -0.6811
 -0.5431 -0.4201 -0.3118 -0.2173
 -6.2647 -6.0147 -5.7940 -5.6096 -5.4613 -5.3338 -5.1845 -4.9286 -4.4848 -3.9043
 -3.3316 -2.8424 -2.4601 -2.1701 -1.9467 -1.5463 -1.2498 -1.0145 -0.8279 -0.6740
 -0.5402 -0.4215 -0.3175 -0.2273 -0.1495 -0.0805 -0.0185  0.0325  0.0679  0.0904
 -6.0658 -5.8034 -5.5650 -5.3501 -5.1633 -5.0039 -4.8562 -4.6680 -4.3601 -3.8971
 -3.3730 -2.8934 -2.5013 -2.1992 -1.9647 -1.5525 -1.2526 -1.0122 -0.8221 -0.6688
 -0.5383 -0.4234 -0.3233 -0.2369 -0.1629 -0.0988 -0.0421  0.0084  0.0489  0.0739
  0.0866
 -5.7676 -5.5356 -5.3156 -5.1071 -4.9111 -4.7287 -4.5595 -4.3899 -4.1647 -3.8279
 -3.3854 -2.9333 -2.5441 -2.2334 -1.9891 -1.5647 -1.2620 -1.0174 -0.8215 -0.6662
 -0.5375 -0.4260 -0.3291 -0.2461 -0.1753 -0.1146 -0.0627 -0.0176  0.0217  0.0519
  0.0674
 -5.5465 -5.2044 -4.9419 -4.7423 -4.5856 -4.4404 -4.2872 -4.1217 -3.9320 -3.6809
 -3.3396 -2.9449 -2.5733 -2.2627 -2.0138 -1.5789 -1.2748 -1.0271 -0.8253 -0.6654
 -0.5364 -0.4272 -0.3333 -0.2534 -0.1858 -0.1286 -0.0801 -0.0394 -0.0054  0.0225
  0.0427
 -5.5270 -5.1055 -4.7470 -4.4566 -4.2309 -4.0562 -3.9170 -3.7935 -3.6602 -3.4848
 -3.2370 -2.9230 -2.5922 -2.2940 -2.0447 -1.6010 -1.2951 -1.0465 -0.8390 -0.6725
 -0.5402 -0.4315 -0.3395 -0.2619 -0.1969 -0.1427 -0.0975 -0.0601 -0.0299 -0.0065
  0.0105
 -5.6378 -5.1578 -4.7331 -4.3682 -4.0641 -3.8170 -3.6175 -3.4517 -3.3061 -3.1656
 -3.0072 -2.8027 -2.5543 -2.2980 -2.0651 -1.6262 -1.3196 -1.0714 -0.8601 -0.6865
 -0.5485 -0.4378 -0.3464 -0.2701 -0.2071 -0.1554 -0.1133 -0.0791 -0.0523 -0.0325
 -0.0193
 -5.8519 -5.3189 -4.8396 -4.4156 -4.0484 -3.7366 -3.4759 -3.2578 -3.0711 -2.9028
 -2.7423 -2.5790 -2.4034 -2.2180 -2.0750 -1.6545 -1.3483 -1.1018 -0.8886
