 [Fe/H] = -2.50 [alpha/Fe] = 0.00 BC value = F606W
 -1.7224 -1.2131 -0.9035 -0.8297 -1.0489 -1.3977 -1.8450 -1.7267 -1.6125 -1.4891
 -1.3585 -1.2636 -1.1175 -0.9722 -0.8360 -0.5589 -0.3370 -0.1797 -0.0681
 -2.5347 -2.2095 -1.9751 -1.8224 -1.7252 -1.6384 -1.5475 -1.4566 -1.3678 -1.2789
 -1.1798 -1.0659 -0.9428 -0.8224 -0.7105 -0.4722 -0.2904 -0.1600 -0.0694 -0.0050
 -2.3597 -2.0561 -1.8167 -1.6323 -1.4974 -1.4079 -1.3501 -1.2907 -1.2145 -1.1263
 -1.0381 -0.9460 -0.8423 -0.7356 -0.6356 -0.4261 -0.2685 -0.1554 -0.0756 -0.0176
  0.0261
 -2.2255 -1.9547 -1.7315 -1.5473 -1.3978 -1.2812 -1.1932 -1.1284 -1.0749 -1.0113
 -0.9321 -0.8506 -0.7644 -0.6720 -0.5820 -0.3925 -0.2528 -0.1539 -0.0837 -0.0314
  0.0090  0.0411
 -2.0915 -1.8586 -1.6612 -1.4902 -1.3417 -1.2161 -1.1136 -1.0309 -0.9621 -0.9018
 -0.8406 -0.7719 -0.7001 -0.6216 -0.5423 -0.3687 -0.2407 -0.1525 -0.0911 -0.0448
 -0.0082  0.0215  0.0461  0.0680
 -1.9492 -1.7527 -1.5842 -1.4337 -1.2966 -1.1728 -1.0645 -0.9733 -0.8966 -0.8288
 -0.7656 -0.7035 -0.6423 -0.5769 -0.5085 -0.3509 -0.2306 -0.1488 -0.0950 -0.0556
 -0.0238  0.0025  0.0247  0.0436  0.0605  0.0741  0.0826  0.0846  0.0792  0.0658
 -1.8053 -1.6371 -1.4952 -1.3672 -1.2470 -1.1330 -1.0270 -0.9323 -0.8508 -0.7802
 -0.7158 -0.6543 -0.5950 -0.5367 -0.4771 -0.3357 -0.2217 -0.1427 -0.0935 -0.0607
 -0.0353 -0.0138  0.0047  0.0208  0.0352  0.0495  0.0611  0.0669  0.0647  0.0533
  0.0348
 -1.6623 -1.5182 -1.3971 -1.2886 -1.1864 -1.0869 -0.9895 -0.8974 -0.8143 -0.7412
 -0.6767 -0.6172 -0.5601 -0.5048 -0.4498 -0.3208 -0.2139 -0.1358 -0.0874 -0.0590
 -0.0400 -0.0247 -0.0115  0.0004  0.0113  0.0215  0.0323  0.0408  0.0436  0.0380
  0.0224
 -1.5236 -1.4017 -1.2945 -1.2006 -1.1136 -1.0284 -0.9433 -0.8591 -0.7788 -0.7053
 -0.6402 -0.5820 -0.5281 -0.4764 -0.4253 -0.3049 -0.2044 -0.1287 -0.0792 -0.0516
 -0.0370 -0.0282 -0.0215 -0.0153 -0.0092 -0.0029  0.0031  0.0071  0.0088  0.0086
  0.0065
 -1.3892 -1.2876 -1.1963 -1.1111 -1.0343 -0.9613 -0.8886 -0.8150 -0.7420 -0.6717
 -0.6069 -0.5491 -0.4972 -0.4491 -0.4026 -0.2910 -0.1955 -0.1221 -0.0719 -0.0426
 -0.0288 -0.0241 -0.0234 -0.0239 -0.0239 -0.0231 -0.0216 -0.0197 -0.0227 -0.0216
 -0.0176
 -1.2591 -1.1759 -1.1025 -1.0256 -0.9534 -0.8877 -0.8247 -0.7617 -0.6980 -0.6346
 -0.5733 -0.5165 -0.4655 -0.4198 -0.3773 -0.2766 -0.1859 -0.1148 -0.0648 -0.0340
 -0.0190 -0.0150 -0.0180 -0.0242 -0.0308 -0.0365 -0.0409 -0.0440 -0.0462 -0.0482
 -0.0512
 -1.1334 -1.0666 -1.0131 -0.9449 -0.8759 -0.8135 -0.7559 -0.7006 -0.6457 -0.5906
 -0.5358 -0.4830 -0.4336 -0.3892 -0.3494 -0.2617 -0.1756 -0.1068 -0.0579
 [Fe/H] = -2.00 [alpha/Fe] = 0.00 BC value = F606W
 -3.2399 -2.7050 -2.2864 -1.9965 -1.8531 -1.7974 -1.8146 -1.6734 -1.5394 -1.4065
 -1.2713 -1.1480 -1.0100 -0.8795 -0.7598 -0.5108 -0.3141 -0.1677 -0.0618
 -3.0206 -2.6269 -2.3396 -2.0971 -1.8886 -1.7157 -1.5730 -1.4517 -1.3418 -1.2356
 -1.1265 -1.0103 -0.8900 -0.7746 -0.6686 -0.4473 -0.2778 -0.1519 -0.0622  0.0033
 -2.7499 -2.3306 -2.0143 -1.7867 -1.6363 -1.5239 -1.4133 -1.3038 -1.2018 -1.1075
 -1.0159 -0.9203 -0.8158 -0.7101 -0.6118 -0.4086 -0.2574 -0.1465 -0.0672 -0.0094
  0.0343
 -2.6090 -2.2052 -1.8902 -1.6483 -1.4664 -1.3339 -1.2456 -1.1820 -1.1101 -1.0238
 -0.9353 -0.8501 -0.7618 -0.6673 -0.5767 -0.3845 -0.2448 -0.1446 -0.0739 -0.0219
  0.0184  0.0504
 -2.5104 -2.1347 -1.8359 -1.5987 -1.4103 -1.2622 -1.1476 -1.0605 -0.9972 -0.9428
 -0.8757 -0.7986 -0.7188 -0.6355 -0.5513 -0.3697 -0.2369 -0.1438 -0.0801 -0.0338
  0.0024  0.0319  0.0561  0.0761
 -2.4141 -2.0734 -1.7981 -1.5748 -1.3906 -1.2377 -1.1120 -1.0102 -0.9273 -0.8589
 -0.8010 -0.7423 -0.6777 -0.6063 -0.5311 -0.3596 -0.2311 -0.1419 -0.0833 -0.0431
 -0.0119  0.0140  0.0357  0.0540  0.0695  0.0821  0.0907  0.0932  0.0857  0.0716
 -2.3084 -2.0035 -1.7554 -1.5505 -1.3773 -1.2279 -1.0987 -0.9883 -0.8956 -0.8169
 -0.7481 -0.6860 -0.6286 -0.5700 -0.5065 -0.3502 -0.2255 -0.1380 -0.0822 -0.0474
 -0.0222 -0.0013  0.0165  0.0321  0.0457  0.0574  0.0666  0.0722  0.0716  0.0597
  0.0410
 -2.1946 -1.9234 -1.7018 -1.5165 -1.3573 -1.2168 -1.0908 -0.9777 -0.8786 -0.7933
 -0.7189 -0.6522 -0.5913 -0.5338 -0.4774 -0.3379 -0.2193 -0.1326 -0.0773 -0.0455
 -0.0262 -0.0115  0.0011  0.0123  0.0226  0.0321  0.0400  0.0460  0.0492  0.0447
  0.0286
 -2.0755 -1.8344 -1.6357 -1.4691 -1.3249 -1.1956 -1.0767 -0.9667 -0.8661 -0.7762
 -0.6975 -0.6282 -0.5652 -0.5069 -0.4514 -0.3216 -0.2106 -0.1258 -0.0697 -0.0384
 -0.0230 -0.0145 -0.0083 -0.0027  0.0028  0.0083  0.0135  0.0179  0.0207  0.0202
  0.0130
 -1.9630 -1.7486 -1.5684 -1.4165 -1.2849 -1.1665 -1.0564 -0.9525 -0.8547 -0.7640
 -0.6820 -0.6095 -0.5454 -0.4873 -0.4329 -0.3078 -0.2019 -0.1197 -0.0627 -0.0297
 -0.0148 -0.0102 -0.0100 -0.0109 -0.0115 -0.0114 -0.0107 -0.0097 -0.0089 -0.0094
 -0.0107
 -1.8602 -1.6674 -1.5017 -1.3608 -1.2387 -1.1292 -1.0274 -0.9306 -0.8381 -0.7501
 -0.6679 -0.5930 -0.5267 -0.4683 -0.4152 -0.2954 -0.1929 -0.1130 -0.0561 -0.0211
 -0.0048 -0.0010 -0.0044 -0.0111 -0.0182 -0.0244 -0.0296 -0.0336 -0.0367 -0.0398
 -0.0437
 -1.7670 -1.5936 -1.4410 -1.3075 -1.1912 -1.0877 -0.9924 -0.9020 -0.8152 -0.7318
 -0.6523 -0.5777 -0.5082 -0.4481 -0.3983 -0.2844 -0.1836 -0.1057 -0.0499
 [Fe/H] = -1.50 [alpha/Fe] = 0.00 BC value = F606W
 -4.4314 -3.9125 -3.4547 -3.0547 -2.7072 -2.3972 -2.1099 -1.8393 -1.6014 -1.3995
 -1.2252 -1.0706 -0.9307 -0.8066 -0.6960 -0.4665 -0.2886 -0.1520 -0.0505
 -4.0704 -3.5568 -3.0981 -2.7013 -2.3656 -2.0821 -1.8364 -1.6155 -1.4225 -1.2564
 -1.1098 -0.9752 -0.8491 -0.7337 -0.6301 -0.4182 -0.2593 -0.1392 -0.0508  0.0136
 -3.5763 -3.1089 -2.7401 -2.4191 -2.1290 -1.8753 -1.6558 -1.4643 -1.2982 -1.1548
 -1.0282 -0.9111 -0.7975 -0.6897 -0.5911 -0.3900 -0.2424 -0.1336 -0.0543  0.0036
  0.0472
 -3.2867 -2.7762 -2.3751 -2.0678 -1.8400 -1.6703 -1.5138 -1.3583 -1.2116 -1.0810
 -0.9662 -0.8626 -0.7625 -0.6630 -0.5692 -0.3752 -0.2341 -0.1322 -0.0594 -0.0070
  0.0329  0.0645
 -3.1497 -2.6294 -2.2157 -1.8944 -1.6458 -1.4580 -1.3204 -1.2170 -1.1283 -1.0285
 -0.9236 -0.8251 -0.7340 -0.6445 -0.5563 -0.3681 -0.2305 -0.1328 -0.0646 -0.0168
  0.0189  0.0476  0.0712  0.0903
 -3.0786 -2.5654 -2.1530 -1.8300 -1.5778 -1.3796 -1.2235 -1.1007 -1.0064 -0.9365
 -0.8708 -0.7940 -0.7108 -0.6279 -0.5463 -0.3644 -0.2288 -0.1332 -0.0681 -0.0245
  0.0067  0.0316  0.0523  0.0697  0.0842  0.0963  0.1035  0.1035  0.0954  0.0819
 -3.0183 -2.5275 -2.1269 -1.8095 -1.5585 -1.3577 -1.1951 -1.0626 -0.9544 -0.8657
 -0.7940 -0.7342 -0.6739 -0.6068 -0.5344 -0.3615 -0.2272 -0.1323 -0.0687 -0.0283
 -0.0019  0.0180  0.0349  0.0493  0.0618  0.0721  0.0797  0.0838  0.0818  0.0695
  0.0508
 -2.9421 -2.4849 -2.1063 -1.8010 -1.5565 -1.3578 -1.1938 -1.0557 -0.9392 -0.8410
 -0.7573 -0.6855 -0.6239 -0.5678 -0.5097 -0.3561 -0.2248 -0.1298 -0.0663 -0.0275
 -0.0052  0.0093  0.0209  0.0310  0.0401  0.0481  0.0545  0.0590  0.0606  0.0549
  0.0382
 -2.8400 -2.4233 -2.0735 -1.7864 -1.5526 -1.3602 -1.1985 -1.0596 -0.9388 -0.8337
 -0.7427 -0.6635 -0.5939 -0.5325 -0.4768 -0.3421 -0.2193 -0.1248 -0.0609 -0.0222
 -0.0024  0.0070  0.0126  0.0171  0.0214  0.0256  0.0292  0.0321  0.0333  0.0303
  0.0229
 -2.7234 -2.3545 -2.0362 -1.7694 -1.5478 -1.3628 -1.2052 -1.0681 -0.9465 -0.8380
 -0.7415 -0.6565 -0.5816 -0.5153 -0.4559 -0.3261 -0.2120 -0.1200 -0.0551 -0.0151
  0.0048  0.0112  0.0114  0.0097  0.0080  0.0070  0.0062  0.0057  0.0049  0.0028
  0.0000
 -2.5978 -2.2737 -1.9892 -1.7450 -1.5379 -1.3613 -1.2085 -1.0739 -0.9534 -0.8444
 -0.7454 -0.6561 -0.5766 -0.5065 -0.4442 -0.3123 -0.2029 -0.1142 -0.0491 -0.0073
  0.0141  0.0201  0.0170  0.0099  0.0019 -0.0054 -0.0119 -0.0172 -0.0218 -0.0264
 -0.0318
 -2.4785 -2.1894 -1.9355 -1.7139 -1.5226 -1.3559 -1.2087 -1.0770 -0.9578 -0.8492
 -0.7496 -0.6585 -0.5719 -0.4986 -0.4417 -0.3007 -0.1920 -0.1074 -0.0429
 [Fe/H] = -1.00 [alpha/Fe] = 0.00 BC value = F606W
 -5.2969 -4.8356 -4.4083 -4.0042 -3.6111 -3.1971 -2.7309 -2.2244 -1.7985 -1.4681
 -1.2202 -1.0315 -0.8797 -0.7534 -0.6446 -0.4259 -0.2604 -0.1324 -0.0341
 -4.9928 -4.4843 -4.0169 -3.5881 -3.1912 -2.8075 -2.4000 -1.9922 -1.6419 -1.3591
 -1.1372 -0.9629 -0.8213 -0.7014 -0.5973 -0.3888 -0.2356 -0.1205 -0.0335  0.0311
 -4.7240 -4.2185 -3.7407 -3.2993 -2.8985 -2.5345 -2.1832 -1.8408 -1.5404 -1.2904
 -1.0877 -0.9241 -0.7889 -0.6734 -0.5723 -0.3698 -0.2231 -0.1155 -0.0356  0.0233
  0.0670
 -4.2482 -3.7919 -3.3987 -3.0293 -2.6711 -2.3334 -2.0207 -1.7276 -1.4651 -1.2408
 -1.0541 -0.9002 -0.7711 -0.6595 -0.5610 -0.3621 -0.2184 -0.1148 -0.0396  0.0150
  0.0551  0.0861
 -3.9241 -3.4054 -2.9700 -2.6097 -2.3174 -2.0783 -1.8515 -1.6197 -1.3977 -1.1990
 -1.0274 -0.8823 -0.7594 -0.6525 -0.5567 -0.3607 -0.2180 -0.1163 -0.0440  0.0073
  0.0439  0.0718  0.0942  0.1119
 -3.7889 -3.2134 -2.7329 -2.3459 -2.0356 -1.7860 -1.5842 -1.4195 -1.2785 -1.1392
 -0.9988 -0.8667 -0.7496 -0.6471 -0.5550 -0.3621 -0.2196 -0.1184 -0.0478  0.0010
  0.0344  0.0587  0.0781  0.0939  0.1065  0.1156  0.1207  0.1190  0.1095  0.0959
 -3.7567 -3.1566 -2.6472 -2.2352 -1.9096 -1.6507 -1.4409 -1.2679 -1.1252 -1.0116
 -0.9198 -0.8307 -0.7360 -0.6412 -0.5527 -0.3642 -0.2217 -0.1200 -0.0499 -0.0030
  0.0276  0.0480  0.0634  0.0761  0.0866  0.0947  0.1000  0.1015  0.0972  0.0839
  0.0654
 -3.7483 -3.1514 -2.6317 -2.2042 -1.8643 -1.5964 -1.3820 -1.2067 -1.0605 -0.9385
 -0.8371 -0.7554 -0.6865 -0.6176 -0.5445 -0.3655 -0.2235 -0.1206 -0.0500 -0.0039
  0.0245  0.0411  0.0520  0.0603  0.0673  0.0731  0.0771  0.0789  0.0775  0.0702
  0.0528
 -3.7095 -3.1384 -2.6296 -2.2024 -1.8571 -1.5831 -1.3642 -1.1856 -1.0370 -0.9113
 -0.8041 -0.7128 -0.6356 -0.5707 -0.5119 -0.3610 -0.2228 -0.1189 -0.0473 -0.0010
  0.0260  0.0395  0.0454  0.0486  0.0509  0.0528  0.0540  0.0543  0.0528  0.0474
  0.0380
 -3.6379 -3.1107 -2.6272 -2.2148 -1.8733 -1.5958 -1.3736 -1.1920 -1.0404 -0.9109
 -0.7990 -0.7019 -0.6175 -0.5445 -0.4814 -0.3467 -0.2209 -0.1177 -0.0442  0.0035
  0.0308  0.0427  0.0447  0.0424  0.0391  0.0359  0.0328  0.0299  0.0265  0.0217
  0.0144
 -3.5278 -3.0504 -2.6069 -2.2190 -1.8893 -1.6172 -1.3944 -1.2104 -1.0563 -0.9239
 -0.8081 -0.7060 -0.6160 -0.5372 -0.4682 -0.3293 -0.2138 -0.1148 -0.0404  0.0093
  0.0379  0.0498  0.0497  0.0429  0.0339  0.0248  0.0163  0.0088  0.0017 -0.0055
 -0.0134
 -3.3934 -2.9646 -2.5664 -2.2107 -1.9026 -1.6409 -1.4208 -1.2357 -1.0789 -0.9437
 -0.8250 -0.7193 -0.6247 -0.5407 -0.4723 -0.3088 -0.2015 -0.1102 -0.0359
 [Fe/H] = -0.75 [alpha/Fe] = 0.00 BC value = F606W
 -5.6074 -5.1905 -4.8046 -4.4382 -4.0817 -3.6720 -3.1438 -2.5055 -1.9550 -1.5380
 -1.2399 -1.0263 -0.8648 -0.7342 -0.6235 -0.4070 -0.2453 -0.1212 -0.0240
 -5.3102 -4.8450 -4.4177 -4.0227 -3.6484 -3.2596 -2.7867 -2.2688 -1.8110 -1.4474
 -1.1733 -0.9705 -0.8156 -0.6905 -0.5844 -0.3754 -0.2232 -0.1094 -0.0235  0.0415
 -5.1009 -4.6079 -4.1488 -3.7238 -3.3323 -2.9573 -2.5499 -2.1166 -1.7240 -1.3982
 -1.1414 -0.9445 -0.7922 -0.6693 -0.5652 -0.3602 -0.2128 -0.1053 -0.0253  0.0345
  0.0789
 -4.7693 -4.3351 -3.9077 -3.4930 -3.0981 -2.7280 -2.3691 -2.0008 -1.6590 -1.3657
 -1.1252 -0.9342 -0.7833 -0.6613 -0.5583 -0.3553 -0.2096 -0.1051 -0.0289  0.0271
  0.0681  0.0991
 -4.4282 -3.9170 -3.4656 -3.1354 -2.8297 -2.5214 -2.2067 -1.8947 -1.5991 -1.3366
 -1.1137 -0.9302 -0.7816 -0.6603 -0.5579 -0.3563 -0.2107 -0.1071 -0.0332  0.0200
  0.0581  0.0863  0.1083  0.1255
 -4.1661 -3.5584 -3.1039 -2.7324 -2.4255 -2.1660 -1.9408 -1.7258 -1.5074 -1.2929
 -1.0966 -0.9260 -0.7819 -0.6620 -0.5605 -0.3599 -0.2137 -0.1098 -0.0370  0.0141
  0.0496  0.0747  0.0938  0.1090  0.1207  0.1292  0.1328  0.1294  0.1190  0.1050
 -4.0395 -3.4501 -2.9435 -2.5262 -2.1896 -1.9144 -1.6827 -1.4821 -1.3112 -1.1679
 -1.0367 -0.9057 -0.7786 -0.6637 -0.5635 -0.3643 -0.2175 -0.1124 -0.0396  0.0102
  0.0435  0.0654  0.0809  0.0929  0.1024  0.1094  0.1132  0.1134  0.1076  0.0935
  0.0750
 -4.0547 -3.4450 -2.9040 -2.4511 -2.0852 -1.7930 -1.5555 -1.3564 -1.1859 -1.0410
 -0.9222 -0.8266 -0.7406 -0.6527 -0.5635 -0.3683 -0.2212 -0.1144 -0.0407  0.0088
  0.0404  0.0595  0.0709  0.0787  0.0848  0.0893  0.0920  0.0923  0.0893  0.0805
  0.0627
 -4.0629 -3.4601 -2.9118 -2.4398 -2.0531 -1.7444 -1.4979 -1.2968 -1.1286 -0.9852
 -0.8627 -0.7597 -0.6751 -0.6043 -0.5379 -0.3686 -0.2227 -0.1146 -0.0393  0.0105
  0.0411  0.0578  0.0653  0.0683  0.0697  0.0705  0.0703  0.0691  0.0660  0.0599
  0.0483
 -4.0358 -3.4691 -2.9332 -2.4619 -2.0664 -1.7458 -1.4902 -1.2829 -1.1124 -0.9684
 -0.8448 -0.7380 -0.6462 -0.5682 -0.5020 -0.3589 -0.2242 -0.1153 -0.0379  0.0135
  0.0446  0.0600  0.0645  0.0629  0.0590  0.0548  0.0505  0.0462  0.0412  0.0348
  0.0259
 -3.9620 -3.4360 -2.9370 -2.4828 -2.0933 -1.7703 -1.5081 -1.2948 -1.1200 -0.9731
 -0.8468 -0.7369 -0.6407 -0.5569 -0.4842 -0.3405 -0.2196 -0.1149 -0.0358  0.0178
  0.0502  0.0657  0.0686  0.0633  0.0544  0.0446  0.0351  0.0263  0.0178  0.0091
 -0.0005
 -3.8555 -3.3729 -2.9127 -2.4897 -2.1189 -1.8031 -1.5401 -1.3229 -1.1431 -0.9920
 -0.8624 -0.7489 -0.6486 -0.5599 -0.4845 -0.3134 -0.2089 -0.1134 -0.0330
 [Fe/H] = -0.50 [alpha/Fe] = 0.00 BC value = F606W
 -5.8143 -5.4379 -5.0936 -4.7741 -4.4821 -4.1157 -3.5648 -2.8214 -2.1443 -1.6328
 -1.2802 -1.0353 -0.8581 -0.7207 -0.6079 -0.3896 -0.2301 -0.1087 -0.0137
 -5.5249 -5.1031 -4.7212 -4.3747 -4.0503 -3.6965 -3.2005 -2.5890 -2.0169 -1.5610
 -1.2277 -0.9908 -0.8177 -0.6842 -0.5744 -0.3628 -0.2104 -0.0980 -0.0125  0.0529
 -5.3401 -4.8816 -4.4606 -4.0780 -3.7277 -3.3799 -2.9511 -2.4389 -1.9473 -1.5332
 -1.2137 -0.9775 -0.8032 -0.6693 -0.5602 -0.3509 -0.2019 -0.0940 -0.0139  0.0467
  0.0920
 -5.1475 -4.6941 -4.2622 -3.8575 -3.4817 -3.1275 -2.7539 -2.3213 -1.8951 -1.5207
 -1.2164 -0.9815 -0.8038 -0.6675 -0.5575 -0.3485 -0.2001 -0.0941 -0.0172  0.0401
  0.0824  0.1138
 -4.7125 -4.3226 -3.9696 -3.6234 -3.2742 -2.9252 -2.5796 -2.2125 -1.8437 -1.5079
 -1.2229 -0.9929 -0.8131 -0.6732 -0.5614 -0.3516 -0.2024 -0.0965 -0.0212  0.0337
  0.0735  0.1025  0.1244  0.1411
 -4.3731 -3.8979 -3.5053 -3.1814 -2.9026 -2.6433 -2.3740 -2.0789 -1.7733 -1.4821
 -1.2231 -1.0041 -0.8255 -0.6832 -0.5688 -0.3573 -0.2069 -0.0999 -0.0250  0.0281
  0.0659  0.0924  0.1117  0.1264  0.1372  0.1442  0.1462  0.1418  0.1305  0.1158
 -4.2514 -3.7063 -3.2400 -2.8550 -2.5390 -2.2704 -2.0307 -1.8077 -1.5958 -1.3913
 -1.1907 -1.0019 -0.8353 -0.6942 -0.5780 -0.3639 -0.2123 -0.1035 -0.0280  0.0242
  0.0602  0.0843  0.1005  0.1121  0.1207  0.1265  0.1292  0.1276  0.1200  0.1051
  0.0862
 -4.2605 -3.6725 -3.1506 -2.7093 -2.3486 -2.0535 -1.8042 -1.5836 -1.3841 -1.2098
 -1.0638 -0.9373 -0.8163 -0.6972 -0.5867 -0.3706 -0.2177 -0.1071 -0.0299  0.0224
  0.0570  0.0789  0.0918  0.0997  0.1050  0.1083  0.1095  0.1082  0.1036  0.0930
  0.0744
 -4.3078 -3.7048 -3.1535 -2.6726 -2.2725 -1.9480 -1.6841 -1.4631 -1.2718 -1.1036
 -0.9583 -0.8377 -0.7398 -0.6550 -0.5727 -0.3751 -0.2213 -0.1090 -0.0299  0.0231
  0.0570  0.0770  0.0868  0.0906  0.0915  0.0912  0.0896  0.0868  0.0820  0.0741
  0.0608
 -4.3317 -3.7526 -3.1965 -2.6986 -2.2725 -1.9227 -1.6407 -1.4116 -1.2211 -1.0583
 -0.9170 -0.7950 -0.6916 -0.6055 -0.5331 -0.3730 -0.2257 -0.1117 -0.0303  0.0247
  0.0591  0.0782  0.0857  0.0857  0.0820  0.0771  0.0716  0.0657  0.0590  0.0508
  0.0400
 -4.3066 -3.7590 -3.2322 -2.7367 -2.3042 -1.9407 -1.6435 -1.4033 -1.2075 -1.0438
 -0.9039 -0.7824 -0.6768 -0.5856 -0.5075 -0.3552 -0.2254 -0.1136 -0.0300  0.0273
  0.0633  0.0824  0.0887  0.0859  0.0779  0.0680  0.0575  0.0473  0.0372  0.0268
  0.0153
 -4.2401 -3.7269 -3.2304 -2.7645 -2.3418 -1.9784 -1.6745 -1.4254 -1.2214 -1.0526
 -0.9101 -0.7871 -0.6794 -0.5848 -0.4959 -0.3217 -0.2204 -0.1147 -0.0290
 [Fe/H] = -0.25 [alpha/Fe] = 0.00 BC value = F606W
 -5.9384 -5.5973 -5.2926 -5.0214 -4.8003 -4.4941 -3.9535 -3.1497 -2.3719 -1.7688
 -1.3515 -1.0674 -0.8677 -0.7189 -0.5999 -0.3771 -0.2175 -0.0973 -0.0040
 -5.6552 -5.2720 -4.9338 -4.6385 -4.3728 -4.0771 -3.6014 -2.9340 -2.2616 -1.7111
 -1.3123 -1.0333 -0.8355 -0.6886 -0.5721 -0.3546 -0.2005 -0.0876 -0.0026  0.0634
 -5.4818 -5.0593 -4.6801 -4.3462 -4.0519 -3.7581 -3.3487 -2.7910 -2.2093 -1.7032
 -1.3145 -1.0326 -0.8299 -0.6800 -0.5626 -0.3458 -0.1936 -0.0844 -0.0039  0.0574
  0.1039
 -5.3490 -4.9079 -4.4995 -4.1297 -3.7984 -3.4914 -3.1401 -2.6724 -2.1713 -1.7112
 -1.3360 -1.0510 -0.8409 -0.6849 -0.5644 -0.3457 -0.1932 -0.0850 -0.0071  0.0512
  0.0950  0.1275
 -5.0804 -4.6936 -4.3147 -3.9497 -3.6027 -3.2742 -2.9487 -2.5585 -2.1277 -1.7159
 -1.3615 -1.0784 -0.8617 -0.6985 -0.5732 -0.3508 -0.1969 -0.0880 -0.0111  0.0450
  0.0867  0.1171  0.1397  0.1570
 -4.6309 -4.2364 -3.9130 -3.6319 -3.3591 -3.0725 -2.7651 -2.4334 -2.0683 -1.7060
 -1.3796 -1.1058 -0.8872 -0.7176 -0.5865 -0.3586 -0.2028 -0.0923 -0.0152  0.0397
  0.0794  0.1079  0.1282  0.1431  0.1539  0.1603  0.1616  0.1559  0.1440  0.1287
 -4.4126 -3.9291 -3.5265 -3.2009 -2.9320 -2.6952 -2.4675 -2.2212 -1.9461 -1.6564
 -1.3758 -1.1244 -0.9116 -0.7394 -0.6028 -0.3676 -0.2099 -0.0972 -0.0188  0.0355
  0.0738  0.1003  0.1181  0.1304  0.1390  0.1444  0.1463  0.1435  0.1346  0.1189
  0.0996
 -4.3794 -3.8350 -3.3596 -2.9623 -2.6378 -2.3673 -2.1285 -1.9020 -1.6804 -1.4723
 -1.2786 -1.0936 -0.9171 -0.7574 -0.6208 -0.3774 -0.2172 -0.1023 -0.0219  0.0330
  0.0702  0.0949  0.1103  0.1194  0.1249  0.1279  0.1282  0.1261  0.1199  0.1078
  0.0884
 -4.4341 -3.8595 -3.3347 -2.8788 -2.4981 -2.1853 -1.9241 -1.6946 -1.4829 -1.2870
 -1.1141 -0.9689 -0.8454 -0.7326 -0.6226 -0.3859 -0.2226 -0.1059 -0.0233  0.0327
  0.0695  0.0926  0.1055  0.1113  0.1130  0.1125  0.1103  0.1063  0.1002  0.0908
  0.0758
 -4.5087 -3.9332 -3.3884 -2.8961 -2.4707 -2.1176 -1.8280 -1.5871 -1.3798 -1.1954
 -1.0307 -0.8873 -0.7671 -0.6680 -0.5834 -0.3922 -0.2294 -0.1105 -0.0253  0.0329
  0.0705  0.0927  0.1037  0.1066  0.1046  0.1000  0.0939  0.0870  0.0791  0.0693
  0.0568
 -4.5372 -3.9868 -3.4519 -2.9483 -2.5007 -2.1182 -1.8023 -1.5443 -1.3306 -1.1495
 -0.9919 -0.8540 -0.7339 -0.6315 -0.5454 -0.3775 -0.2338 -0.1144 -0.0268  0.0340
  0.0732  0.0956  0.1056  0.1063  0.1007  0.0918  0.0814  0.0704  0.0591  0.0472
  0.0341
 -4.5184 -3.9962 -3.4861 -2.9997 -2.5496 -2.1557 -1.8228 -1.5481 -1.3232 -1.1371
 -0.9799 -0.8442 -0.7256 -0.6221 -0.5086 -0.3418 -0.2358 -0.1176 -0.0278
 [Fe/H] =  0.00 [alpha/Fe] = 0.00 BC value = F606W
 -5.9960 -5.6870 -5.4196 -5.1947 -4.9932 -4.7372 -4.2310 -3.4036 -2.5841 -1.9069
 -1.4305 -1.1069 -0.8827 -0.7181 -0.5918 -0.3622 -0.2016 -0.0820  0.0103
 -5.7185 -5.3704 -5.0731 -4.8279 -4.6172 -4.3740 -3.9206 -3.2245 -2.4910 -1.8630
 -1.4029 -1.0819 -0.8572 -0.6939 -0.5683 -0.3429 -0.1864 -0.0725  0.0126  0.0789
 -5.5505 -5.1611 -4.8217 -4.5362 -4.2980 -4.0598 -3.6814 -3.1028 -2.4596 -1.8745
 -1.4209 -1.0934 -0.8604 -0.6914 -0.5630 -0.3361 -0.1804 -0.0692  0.0121  0.0739
  0.1214
 -5.4443 -5.0254 -4.6472 -4.3171 -4.0368 -3.7860 -3.4723 -2.9961 -2.4410 -1.9046
 -1.4611 -1.1263 -0.8819 -0.7036 -0.5695 -0.3379 -0.1808 -0.0698  0.0097  0.0688
  0.1138  0.1473
 -5.2338 -4.8920 -4.5073 -4.1538 -3.8368 -3.5536 -3.2709 -2.8832 -2.4109 -1.9302
 -1.5068 -1.1698 -0.9150 -0.7260 -0.5840 -0.3448 -0.1853 -0.0729  0.0062  0.0637
  0.1067  0.1384  0.1613  0.1777
 -4.9044 -4.5708 -4.2619 -3.9597 -3.6614 -3.3674 -3.0784 -2.7549 -2.3586 -1.9371
 -1.5447 -1.2146 -0.9541 -0.7552 -0.6043 -0.3547 -0.1924 -0.0778  0.0023  0.0590
  0.1004  0.1304  0.1515  0.1663  0.1762  0.1817  0.1810  0.1729  0.1597  0.1429
 -4.5578 -4.1427 -3.8113 -3.5476 -3.3230 -3.1064 -2.8710 -2.5955 -2.2724 -1.9155
 -1.5646 -1.2522 -0.9934 -0.7882 -0.6289 -0.3666 -0.2009 -0.0837 -0.0017  0.0551
  0.0953  0.1237  0.1429  0.1556  0.1636  0.1682  0.1684  0.1632  0.1518  0.1347
  0.1140
 -4.4487 -3.9559 -3.5394 -3.2024 -2.9331 -2.7078 -2.5022 -2.2927 -2.0571 -1.7984
 -1.5285 -1.2642 -1.0242 -0.8211 -0.6566 -0.3800 -0.2099 -0.0901 -0.0058  0.0522
  0.0918  0.1188  0.1361  0.1463  0.1517  0.1538  0.1527  0.1483  0.1399  0.1253
  0.1044
 -4.4807 -3.9403 -3.4590 -3.0494 -2.7128 -2.4374 -2.2026 -1.9856 -1.7686 -1.5520
 -1.3480 -1.1620 -0.9894 -0.8266 -0.6768 -0.3934 -0.2175 -0.0955 -0.0086  0.0510
  0.0906  0.1164  0.1318  0.1394  0.1418  0.1409  0.1373  0.1315  0.1230  0.1110
  0.0933
 -4.5798 -4.0198 -3.5016 -3.0383 -2.6419 -2.3125 -2.0392 -1.8048 -1.5918 -1.3895
 -1.1997 -1.0303 -0.8858 -0.7629 -0.6537 -0.4094 -0.2274 -0.1021 -0.0125  0.0496
  0.0904  0.1157  0.1297  0.1352  0.1346  0.1302  0.1233  0.1148  0.1046  0.0921
  0.0772
 -4.6578 -4.1125 -3.5840 -3.0954 -2.6589 -2.2852 -1.9732 -1.7135 -1.4926 -1.2977
 -1.1210 -0.9614 -0.8215 -0.7024 -0.6026 -0.4041 -0.2371 -0.1085 -0.0162  0.0488
  0.0916  0.1174  0.1306  0.1343  0.1311  0.1232  0.1125  0.1003  0.0871  0.0729
  0.0571
 -4.6866 -4.1664 -3.6561 -3.1671 -2.7156 -2.3153 -1.9738 -1.6889 -1.4520 -1.2526
 -1.0805 -0.9289 -0.7948 -0.6776 -0.5235 -0.3775 -0.2466 -0.1147 -0.0197
 [Fe/H] =  0.25 [alpha/Fe] = 0.00 BC value = F606W
 -6.0049 -5.7313 -5.5054 -5.2993 -5.0551 -4.7180 -4.2441 -3.5979 -2.8065 -2.0826
 -1.5448 -1.1748 -0.9189 -0.7358 -0.5955 -0.3536 -0.1893 -0.0694  0.0224
 -5.7356 -5.4249 -5.1711 -4.9755 -4.8169 -4.6147 -4.1916 -3.4767 -2.7294 -2.0480
 -1.5258 -1.1575 -0.9001 -0.7155 -0.5768 -0.3376 -0.1765 -0.0603  0.0260  0.0923
 -5.5704 -5.2158 -4.9180 -4.6822 -4.4984 -4.3117 -3.9736 -3.3866 -2.7119 -2.0722
 -1.5573 -1.1801 -0.9122 -0.7193 -0.5758 -0.3329 -0.1717 -0.0573  0.0258  0.0886
  0.1379
 -5.4750 -5.0833 -4.7394 -4.4530 -4.2258 -4.0302 -3.7623 -3.2946 -2.7107 -2.1180
 -1.6136 -1.2267 -0.9444 -0.7393 -0.5874 -0.3365 -0.1729 -0.0581  0.0237  0.0842
  0.1303  0.1652
 -5.3923 -4.9868 -4.6159 -4.2882 -4.0132 -3.7815 -3.5482 -3.1848 -2.6939 -2.1619
 -1.6766 -1.2857 -0.9899 -0.7711 -0.6086 -0.3454 -0.1784 -0.0616  0.0204  0.0795
  0.1239  0.1571  0.1811  0.1978
 -5.1635 -4.8098 -4.4678 -4.1453 -3.8483 -3.5812 -3.3389 -3.0475 -2.6477 -2.1842
 -1.7320 -1.3476 -1.0427 -0.8111 -0.6369 -0.3580 -0.1866 -0.0671  0.0163  0.0751
  0.1181  0.1497  0.1723  0.1877  0.1977  0.2025  0.2011  0.1915  0.1774  0.1593
 -4.7182 -4.3829 -4.1032 -3.8655 -3.6343 -3.3982 -3.1525 -2.8899 -2.5653 -2.1742
 -1.7690 -1.4016 -1.0965 -0.8560 -0.6709 -0.3734 -0.1966 -0.0741  0.0117  0.0712
  0.1133  0.1435  0.1645  0.1783  0.1868  0.1909  0.1904  0.1843  0.1710  0.1529
  0.1310
 -4.5029 -4.0670 -3.7142 -3.4409 -3.2268 -3.0461 -2.8721 -2.6741 -2.4221 -2.1142
 -1.7731 -1.4388 -1.1444 -0.9015 -0.7083 -0.3914 -0.2074 -0.0819  0.0067  0.0678
  0.1097  0.1387  0.1581  0.1701  0.1766  0.1790  0.1775  0.1720  0.1619  0.1451
  0.1230
 -4.4803 -3.9819 -3.5500 -3.1962 -2.9151 -2.6903 -2.4985 -2.3162 -2.1202 -1.8958
 -1.6524 -1.4027 -1.1582 -0.9345 -0.7427 -0.4104 -0.2173 -0.0887  0.0026  0.0657
  0.1082  0.1363  0.1541  0.1640  0.1682  0.1681  0.1645  0.1578  0.1478  0.1337
  0.1136
 -4.5719 -4.0400 -3.5550 -3.1335 -2.7820 -2.4949 -2.2582 -2.0511 -1.8525 -1.6477
 -1.4423 -1.2459 -1.0665 -0.9025 -0.7510 -0.4347 -0.2303 -0.0972 -0.0031  0.0630
  0.1070  0.1351  0.1518  0.1601  0.1619  0.1590  0.1526  0.1436  0.1321  0.1179
  0.1004
 -4.6850 -4.1501 -3.6412 -3.1778 -2.7716 -2.4273 -2.1407 -1.8997 -1.6881 -1.4911
 -1.3008 -1.1204 -0.9577 -0.8164 -0.6946 -0.4441 -0.2447 -0.1059 -0.0086  0.0604
  0.1068  0.1358  0.1520  0.1589  0.1586  0.1530  0.1434  0.1312  0.1171  0.1012
  0.0832
 -4.7635 -4.2449 -3.7428 -3.2620 -2.8271 -2.4421 -2.1133 -1.8371 -1.6032 -1.4008
 -1.2186 -1.0515 -0.8993 -0.7642 -0.5735 -0.4386 -0.2605 -0.1148 -0.0139
 [Fe/H] =  0.50 [alpha/Fe] = 0.00 BC value = F606W
 -5.9640 -6.1514 -6.1381 -5.9448 -5.5898 -5.0891 -4.4569 -3.7322 -3.0066 -2.2757
 -1.6840 -1.2651 -0.9747 -0.7668 -0.6125 -0.3505 -0.1811 -0.0585  0.0337
 -5.7075 -5.4420 -5.2360 -5.0917 -5.0016 -4.8160 -4.3775 -3.6594 -2.9392 -2.2429
 -1.6704 -1.2552 -0.9619 -0.7520 -0.5966 -0.3376 -0.1699 -0.0498  0.0408  0.1095
 -5.5464 -5.2284 -4.9806 -4.7965 -4.6641 -4.5209 -4.2111 -3.6169 -2.9355 -2.2740
 -1.7126 -1.2880 -0.9825 -0.7622 -0.5999 -0.3349 -0.1658 -0.0470  0.0387  0.1029
  0.1534
 -5.4561 -5.0979 -4.7939 -4.5549 -4.3802 -4.2339 -4.0034 -3.5496 -2.9480 -2.3303
 -1.7794 -1.3467 -1.0252 -0.7904 -0.6173 -0.3402 -0.1679 -0.0481  0.0368  0.0991
  0.1466  0.1828
 -5.4018 -5.0158 -4.6704 -4.3780 -4.1510 -3.9698 -3.7803 -3.4468 -2.9473 -2.3851
 -1.8559 -1.4191 -1.0828 -0.8320 -0.6457 -0.3515 -0.1741 -0.0520  0.0336  0.0951
  0.1409  0.1756  0.2009  0.2183
 -5.2912 -4.9168 -4.5668 -4.2498 -3.9749 -3.7482 -3.5551 -3.2996 -2.9093 -2.4216
 -1.9276 -1.4949 -1.1490 -0.8832 -0.6829 -0.3673 -0.1834 -0.0581  0.0294  0.0909
  0.1356  0.1688  0.1929  0.2094  0.2197  0.2244  0.2222  0.2123  0.1968  0.1774
 -4.9320 -4.5804 -4.3472 -4.0781 -3.8194 -3.5759 -3.3524 -3.1281 -2.8248 -2.4228
 -1.9799 -1.5654 -1.2164 -0.9400 -0.7269 -0.3872 -0.1949 -0.0659  0.0243  0.0869
  0.1310  0.1630  0.1857  0.2009  0.2103  0.2147  0.2138  0.2068  0.1921  0.1730
  0.1496
 -4.5672 -4.1965 -3.9094 -3.6896 -3.5077 -3.3359 -3.1533 -2.9478 -2.6984 -2.3772
 -1.9986 -1.6177 -1.2780 -0.9979 -0.7749 -0.4110 -0.2077 -0.0750  0.0184  0.0831
  0.1275  0.1584  0.1798  0.1936  0.2014  0.2046  0.2032  0.1972  0.1857  0.1670
  0.1439
 -4.4637 -4.0123 -3.6365 -3.3408 -3.1154 -2.9398 -2.7917 -2.6473 -2.4734 -2.2399
 -1.9498 -1.6291 -1.3184 -1.0457 -0.8197 -0.4363 -0.2203 -0.0831  0.0131  0.0802
  0.1256  0.1561  0.1761  0.1882  0.1942  0.1954  0.1924  0.1856  0.1745  0.1586
  0.1363
 -4.5213 -4.0216 -3.5775 -3.2040 -2.9028 -2.6654 -2.4739 -2.3073 -2.1438 -1.9617
 -1.7519 -1.5238 -1.2909 -1.0659 -0.8593 -0.4684 -0.2371 -0.0935  0.0060  0.0762
  0.1237  0.1546  0.1738  0.1845  0.1886  0.1878  0.1825  0.1738  0.1616  0.1460
  0.1264
 -4.6470 -4.1267 -3.6440 -3.2132 -2.8461 -2.5426 -2.2948 -2.0877 -1.9028 -1.7218
 -1.5336 -1.3419 -1.1560 -0.9839 -0.8267 -0.4952 -0.2566 -0.1045 -0.0013  0.0720
  0.1222  0.1544  0.1735  0.1831  0.1856  0.1826  0.1748  0.1634  0.1491  0.1321
  0.1123
 -4.7593 -4.2500 -3.7560 -3.2986 -2.8868 -2.5307 -2.2300 -1.9785 -1.7642 -1.5730
 -1.3922 -1.2165 -1.0482 -0.8940 -0.7219 -0.5167 -0.2788 -0.1161 -0.0088
 [Fe/H] =  0.75 [alpha/Fe] = 0.00 BC value = F606W
 -5.8751 -5.9027 -5.8027 -5.5885 -5.2717 -4.8626 -4.3702 -3.8027 -3.1630 -2.4690
 -1.8444 -1.3778 -1.0494 -0.8157 -0.6417 -0.3541 -0.1767 -0.0505  0.0440
 -5.6343 -5.4194 -5.2727 -5.1837 -5.1061 -4.9091 -4.4649 -3.7719 -3.1092 -2.4375
 -1.8363 -1.3752 -1.0436 -0.8052 -0.6300 -0.3450 -0.1672 -0.0425  0.0490  0.1183
 -5.4779 -5.1803 -5.0142 -4.8856 -4.8029 -4.6968 -4.4013 -3.7821 -3.1177 -2.4694
 -1.8828 -1.4170 -1.0727 -0.8224 -0.6382 -0.3443 -0.1645 -0.0400  0.0494  0.1158
  0.1668
 -5.3900 -5.0732 -4.8168 -4.6310 -4.5092 -4.4066 -4.2110 -3.7641 -3.1468 -2.5297
 -1.9563 -1.4856 -1.1254 -0.8590 -0.6617 -0.3516 -0.1672 -0.0412  0.0478  0.1127
  0.1620  0.1995
 -5.3490 -4.9942 -4.6856 -4.4373 -4.2619 -4.1294 -3.9786 -3.6714 -3.1640 -2.5901
 -2.0407 -1.5683 -1.1944 -0.9104 -0.6979 -0.3655 -0.1742 -0.0454  0.0447  0.1091
  0.1569  0.1931  0.2200  0.2386
 -5.3015 -4.9351 -4.5993 -4.3055 -4.0660 -3.8862 -3.7387 -3.5163 -3.1400 -2.6388
 -2.1203 -1.6552 -1.2724 -0.9728 -0.7446 -0.3853 -0.1845 -0.0519  0.0404  0.1052
  0.1522  0.1872  0.2128  0.2305  0.2415  0.2463  0.2434  0.2327  0.2175  0.1967
 -5.0920 -4.7751 -4.4721 -4.1846 -3.9236 -3.6987 -3.5145 -3.3294 -3.0525 -2.6502
 -2.1840 -1.7357 -1.3508 -1.0411 -0.7988 -0.4108 -0.1975 -0.0604  0.0349  0.1012
  0.1480  0.1818  0.2063  0.2230  0.2334  0.2382  0.2374  0.2297  0.2143  0.1946
  0.1698
 -4.6559 -4.3676 -4.1240 -3.9166 -3.7223 -3.5240 -3.3285 -3.1387 -2.9162 -2.6075
 -2.2130 -1.7998 -1.4258 -1.1104 -0.8572 -0.4415 -0.2130 -0.0704  0.0283  0.0970
  0.1444  0.1776  0.2009  0.2164  0.2257  0.2297  0.2288  0.2227  0.2103  0.1905
  0.1664
 -4.4479 -4.0534 -3.7401 -3.5002 -3.3230 -3.1834 -3.0557 -2.9168 -2.7406 -2.5001
 -2.1863 -1.8274 -1.4768 -1.1682 -0.9117 -0.4739 -0.2290 -0.0800  0.0220  0.0935
  0.1422  0.1753  0.1974  0.2116  0.2194  0.2220  0.2200  0.2135  0.2021  0.1850
  0.1610
 -4.4467 -3.9883 -3.5928 -3.2706 -3.0218 -2.8329 -2.6854 -2.5606 -2.4369 -2.2831
 -2.0690 -1.7986 -1.5024 -1.2180 -0.9671 -0.5137 -0.2504 -0.0923  0.0137  0.0884
  0.1396  0.1735  0.1952  0.2081  0.2145  0.2155  0.2118  0.2039  0.1919  0.1753
  0.1542
 -4.5569 -4.0660 -3.6161 -3.2251 -2.9015 -2.6428 -2.4380 -2.2709 -2.1229 -1.9754
 -1.8104 -1.6180 -1.4066 -1.1904 -0.9825 -0.5534 -0.2754 -0.1060  0.0047  0.0828
  0.1370  0.1726  0.1946  0.2067  0.2117  0.2110  0.2053  0.1955  0.1819  0.1645
  0.1430
 -4.6948 -4.1978 -3.7244 -3.2920 -2.9114 -2.5900 -2.3252 -2.1075 -1.9233 -1.7571
 -1.5936 -1.4231 -1.2491 -1.0764 -0.9579 -0.5930 -0.3040 -0.1211 -0.0050
 [Fe/H] =  1.00 [alpha/Fe] = 0.00 BC value = F606W
 -5.7523 -5.7712 -5.6762 -5.4793 -5.1909 -4.8201 -4.3751 -3.8630 -3.2881 -2.6539
 -2.0181 -1.5095 -1.1424 -0.8791 -0.6851 -0.3684 -0.1760 -0.0458  0.0535
 -5.5221 -5.8413 -5.9367 -5.8314 -5.5456 -5.0971 -4.5077 -3.8503 -3.2459 -2.6223
 -2.0135 -1.5151 -1.1451 -0.8761 -0.6780 -0.3621 -0.1702 -0.0387  0.0561  0.1282
 -5.3648 -5.4334 -5.0222 -4.9537 -4.9180 -4.8446 -4.5177 -3.8856 -3.2619 -2.6484
 -2.0622 -1.5649 -1.1832 -0.9010 -0.6923 -0.3634 -0.1694 -0.0375  0.0564  0.1261
  0.1791
 -5.2749 -5.0087 -4.8092 -4.6833 -4.6154 -4.5524 -4.3846 -3.9277 -3.3094 -2.7076
 -2.1382 -1.6416 -1.2454 -0.9464 -0.7228 -0.3732 -0.1730 -0.0391  0.0549  0.1234
  0.1747  0.2142
 -5.2399 -4.9256 -4.6637 -4.4690 -4.3492 -4.2644 -4.1478 -3.8621 -3.3485 -2.7726
 -2.2218 -1.7296 -1.3242 -1.0076 -0.7674 -0.3904 -0.1807 -0.0434  0.0520  0.1201
  0.1704  0.2087  0.2372  0.2570
 -5.2247 -4.8839 -4.5784 -4.3229 -4.1305 -4.0017 -3.8962 -3.7033 -3.3386 -2.8301
 -2.3054 -1.8226 -1.4113 -1.0804 -0.8236 -0.4149 -0.1921 -0.0502  0.0477  0.1166
  0.1663  0.2034  0.2308  0.2502  0.2626  0.2672  0.2637  0.2538  0.2386  0.2170
 -5.1331 -4.8052 -4.5006 -4.2211 -3.9808 -3.7908 -3.6516 -3.5034 -3.2505 -2.8503
 -2.3742 -1.9102 -1.4983 -1.1592 -0.8880 -0.4467 -0.2072 -0.0592  0.0420  0.1127
  0.1626  0.1988  0.2252  0.2436  0.2556  0.2613  0.2600  0.2517  0.2369  0.2169
  0.1911
 -4.7681 -4.5259 -4.2887 -4.0572 -3.8360 -3.6300 -3.4488 -3.2945 -3.1015 -2.8109
 -2.4116 -1.9797 -1.5803 -1.2379 -0.9563 -0.4852 -0.2258 -0.0702  0.0350  0.1083
  0.1592  0.1949  0.2204  0.2378  0.2485  0.2535  0.2534  0.2474  0.2345  0.2147
  0.1901
 -4.4394 -4.1105 -3.8615 -3.6736 -3.5256 -3.3886 -3.2453 -3.0930 -2.9223 -2.6986
 -2.3893 -2.0149 -1.6396 -1.3034 -1.0196 -0.5254 -0.2462 -0.0811  0.0281  0.1043
  0.1569  0.1928  0.2174  0.2336  0.2431  0.2472  0.2461  0.2404  0.2292  0.2114
  0.1867
 -4.3602 -3.9542 -3.6126 -3.3458 -3.1480 -3.0027 -2.8920 -2.7957 -2.6900 -2.5396
 -2.3119 -2.0129 -1.6819 -1.3645 -1.0841 -0.5733 -0.2731 -0.0959  0.0186  0.0984
  0.1537  0.1908  0.2152  0.2305  0.2389  0.2417  0.2394  0.2327  0.2214  0.2047
  0.1828
 -4.4334 -3.9808 -3.5734 -3.2288 -2.9524 -2.7390 -2.5765 -2.4487 -2.3395 -2.2309
 -2.0964 -1.9040 -1.6563 -1.3867 -1.1283 -0.6217 -0.3041 -0.1129  0.0082  0.0917
  0.1502  0.1893  0.2143  0.2291  0.2364  0.2379  0.2341  0.2260  0.2136  0.1967
  0.1752
 -4.5746 -4.1030 -3.6598 -3.2594 -2.9158 -2.6336 -2.4071 -2.2261 -2.0766 -1.9427
 -1.8104 -1.6642 -1.4930 -1.3008 -1.1522 -0.6706 -0.3392 -0.1321 -0.0031
