 [Fe/H] = -2.50 [alpha/Fe] = 0.00 BC value = F438W
 -6.6002 -6.0900 -5.7969 -5.6749 -5.6613 -5.6564 -5.3945 -5.2126 -5.0195 -4.8047
 -4.5599 -4.2925 -4.0359 -3.7622 -3.4866 -2.7896 -2.1364 -1.6538 -1.2186
 -6.2105 -5.8160 -5.5162 -5.3017 -5.1488 -5.0043 -4.8444 -4.6708 -4.4872 -4.2923
 -4.0710 -3.8184 -3.5484 -3.2818 -3.0252 -2.4205 -1.8939 -1.4720 -1.1594 -0.9222
 -5.9473 -5.5557 -5.2188 -4.9324 -4.6971 -4.5158 -4.3770 -4.2349 -4.0630 -3.8663
 -3.6625 -3.4443 -3.2050 -2.9656 -2.7381 -2.2200 -1.7636 -1.3903 -1.1113 -0.8997
 -0.7298
 -5.7385 -5.3638 -5.0260 -4.7212 -4.4491 -4.2114 -4.0085 -3.8395 -3.6893 -3.5231
 -3.3311 -3.1331 -2.9261 -2.7139 -2.5114 -2.0586 -1.6654 -1.3348 -1.0828 -0.8914
 -0.7371 -0.6057
 -5.5358 -5.1906 -4.8696 -4.5691 -4.2895 -4.0331 -3.8018 -3.5959 -3.4130 -3.2476
 -3.0831 -2.9060 -2.7204 -2.5287 -2.3445 -1.9403 -1.5952 -1.3000 -1.0687 -0.8929
 -0.7515 -0.6304 -0.5224 -0.4244
 -5.3294 -5.0190 -4.7249 -4.4419 -4.1703 -3.9135 -3.6740 -3.4541 -3.2545 -3.0726
 -2.9042 -2.7422 -2.5792 -2.4093 -2.2392 -1.8608 -1.5492 -1.2809 -1.0647 -0.8999
 -0.7690 -0.6574 -0.5575 -0.4658 -0.3760 -0.2903 -0.2125 -0.1456 -0.0918 -0.0525
 -5.1315 -4.8482 -4.5830 -4.3245 -4.0708 -3.8242 -3.5881 -3.3656 -3.1594 -2.9703
 -2.7962 -2.6338 -2.4789 -2.3261 -2.1740 -1.8175 -1.5228 -1.2737 -1.0674 -0.9092
 -0.7862 -0.6832 -0.5916 -0.5071 -0.4278 -0.3533 -0.2835 -0.2182 -0.1572 -0.1043
 -0.0742
 -4.9461 -4.6887 -4.4464 -4.2111 -3.9797 -3.7504 -3.5247 -3.3072 -3.1016 -2.9091
 -2.7316 -2.5678 -2.4145 -2.2679 -2.1268 -1.7971 -1.5118 -1.2747 -1.0754 -0.9195
 -0.8008 -0.7049 -0.6215 -0.5450 -0.4730 -0.4044 -0.3382 -0.2759 -0.2193 -0.1700
 -0.1287
 -4.7802 -4.5435 -4.3172 -4.1005 -3.8889 -3.6784 -3.4687 -3.2618 -3.0613 -2.8703
 -2.6912 -2.5251 -2.3711 -2.2267 -2.0900 -1.7798 -1.5071 -1.2774 -1.0847 -0.9295
 -0.8115 -0.7200 -0.6438 -0.5756 -0.5118 -0.4507 -0.3920 -0.3369 -0.2854 -0.2373
 -0.1923
 -4.6338 -4.4126 -4.2030 -3.9992 -3.8024 -3.6094 -3.4170 -3.2248 -3.0347 -2.8493
 -2.6716 -2.5042 -2.3482 -2.2035 -2.0682 -1.7677 -1.5073 -1.2835 -1.0961 -0.9423
 -0.8230 -0.7322 -0.6604 -0.5995 -0.5441 -0.4914 -0.4406 -0.3914 -0.3465 -0.3011
 -0.2580
 -4.5069 -4.2960 -4.1038 -3.9000 -3.7150 -3.5345 -3.3577 -3.1815 -3.0055 -2.8307
 -2.6591 -2.4936 -2.3369 -2.1905 -2.0544 -1.7568 -1.5056 -1.2882 -1.1049 -0.9537
 -0.8340 -0.7422 -0.6716 -0.6153 -0.5670 -0.5228 -0.4807 -0.4396 -0.3995 -0.3607
 -0.3242
 -4.3996 -4.1937 -4.0196 -3.8004 -3.6213 -3.4499 -3.2846 -3.1226 -2.9616 -2.8011
 -2.6411 -2.4832 -2.3297 -2.1836 -2.0486 -1.7471 -1.5020 -1.2915 -1.1111
 [Fe/H] = -2.00 [alpha/Fe] = 0.00 BC value = F438W
 -6.3370 -5.9238 -5.6376 -5.4518 -5.3334 -5.2369 -5.0629 -4.9122 -4.7375 -4.5309
 -4.2896 -4.0244 -3.7594 -3.4994 -3.2496 -2.6545 -2.1026 -1.6495 -1.2498
 -5.9089 -5.5633 -5.3141 -5.0989 -4.9046 -4.7326 -4.5764 -4.4238 -4.2606 -4.0761
 -3.8633 -3.6224 -3.3687 -3.1229 -2.8916 -2.3683 -1.9014 -1.4977 -1.1789 -0.9305
 -5.6474 -5.2464 -4.9300 -4.6878 -4.5151 -4.3712 -4.2128 -4.0415 -3.8678 -3.6926
 -3.5048 -3.2961 -3.0674 -2.8401 -2.6281 -2.1628 -1.7620 -1.4127 -1.1292 -0.9102
 -0.7356
 -5.5172 -5.1104 -4.7710 -4.4871 -4.2509 -4.0562 -3.9024 -3.7663 -3.6032 -3.4151
 -3.2274 -3.0397 -2.8395 -2.6317 -2.4363 -2.0123 -1.6595 -1.3541 -1.0998 -0.9003
 -0.7408 -0.6064
 -5.4334 -5.0359 -4.6951 -4.3980 -4.1373 -3.9091 -3.7093 -3.5337 -3.3812 -3.2301
 -3.0513 -2.8624 -2.6750 -2.4856 -2.3026 -1.9091 -1.5889 -1.3159 -1.0851 -0.9008
 -0.7534 -0.6292 -0.5196 -0.4205
 -5.3658 -4.9856 -4.6526 -4.3550 -4.0858 -3.8415 -3.6206 -3.4212 -3.2393 -3.0726
 -2.9165 -2.7533 -2.5782 -2.3955 -2.2183 -1.8428 -1.5440 -1.2932 -1.0801 -0.9073
 -0.7697 -0.6545 -0.5529 -0.4604 -0.3747 -0.2952 -0.2215 -0.1513 -0.0863 -0.0443
 -5.3039 -4.9443 -4.6252 -4.3339 -4.0643 -3.8138 -3.5822 -3.3692 -3.1733 -2.9918
 -2.8224 -2.6629 -2.5084 -2.3472 -2.1806 -1.8058 -1.5183 -1.2817 -1.0811 -0.9164
 -0.7861 -0.6790 -0.5854 -0.5001 -0.4206 -0.3460 -0.2765 -0.2117 -0.1510 -0.0980
 -0.0684
 -5.2495 -4.9082 -4.6042 -4.3236 -4.0588 -3.8083 -3.5724 -3.3514 -3.1463 -2.9560
 -2.7782 -2.6120 -2.4560 -2.3054 -2.1560 -1.7988 -1.5078 -1.2785 -1.0861 -0.9264
 -0.8005 -0.6999 -0.6142 -0.5368 -0.4644 -0.3959 -0.3313 -0.2706 -0.2137 -0.1634
 -0.1222
 -5.2035 -4.8752 -4.5831 -4.3138 -4.0578 -3.8117 -3.5759 -3.3518 -3.1409 -2.9438
 -2.7600 -2.5884 -2.4277 -2.2760 -2.1313 -1.7968 -1.5089 -1.2794 -1.0919 -0.9353
 -0.8111 -0.7146 -0.6357 -0.5664 -0.5022 -0.4411 -0.3829 -0.3274 -0.2752 -0.2273
 -0.1857
 -5.1756 -4.8564 -4.5709 -4.3092 -4.0618 -3.8236 -3.5922 -3.3688 -3.1555 -2.9540
 -2.7649 -2.5881 -2.4228 -2.2679 -2.1222 -1.7968 -1.5180 -1.2874 -1.1012 -0.9468
 -0.8225 -0.7268 -0.6521 -0.5897 -0.5337 -0.4810 -0.4305 -0.3819 -0.3353 -0.2915
 -0.2511
 -5.1501 -4.8406 -4.5586 -4.3015 -4.0606 -3.8308 -3.6074 -3.3895 -3.1782 -2.9755
 -2.7829 -2.6015 -2.4315 -2.2725 -2.1239 -1.7973 -1.5251 -1.2967 -1.1100 -0.9572
 -0.8332 -0.7367 -0.6632 -0.6052 -0.5563 -0.5119 -0.4701 -0.4295 -0.3901 -0.3522
 -0.3165
 -5.1196 -4.8183 -4.5416 -4.2868 -4.0497 -3.8260 -3.6113 -3.4021 -3.1978 -2.9989
 -2.8068 -2.6235 -2.4517 -2.2876 -2.1364 -1.7983 -1.5302 -1.3073 -1.1183
 [Fe/H] = -1.50 [alpha/Fe] = 0.00 BC value = F438W
 -6.3042 -5.9806 -5.7178 -5.5005 -5.3130 -5.1377 -4.9586 -4.7654 -4.5573 -4.3299
 -4.0802 -3.8157 -3.5511 -3.3040 -3.0743 -2.5542 -2.0810 -1.6606 -1.2906
 -5.9019 -5.5443 -5.2477 -5.0072 -4.8093 -4.6361 -4.4707 -4.2997 -4.1183 -3.9213
 -3.7028 -3.4637 -3.2177 -2.9844 -2.7696 -2.2984 -1.8895 -1.5249 -1.2109 -0.9579
 -5.5246 -5.1597 -4.8850 -4.6505 -4.4391 -4.2545 -4.0886 -3.9282 -3.7645 -3.5919
 -3.4041 -3.1956 -2.9713 -2.7512 -2.5481 -2.1127 -1.7496 -1.4333 -1.1578 -0.9304
 -0.7476
 -5.3834 -4.9607 -4.6225 -4.3582 -4.1583 -4.0035 -3.8456 -3.6770 -3.5094 -3.3432
 -3.1733 -2.9928 -2.7946 -2.5893 -2.3957 -1.9851 -1.6529 -1.3703 -1.1248 -0.9179
 -0.7498 -0.6100
 -5.3608 -4.9183 -4.5537 -4.2550 -4.0094 -3.8108 -3.6518 -3.5129 -3.3701 -3.1989
 -3.0205 -2.8454 -2.6679 -2.4804 -2.2957 -1.9014 -1.5894 -1.3295 -1.1063 -0.9159
 -0.7596 -0.6297 -0.5170 -0.4163
 -5.3953 -4.9405 -4.5630 -4.2474 -3.9805 -3.7530 -3.5568 -3.3848 -3.2324 -3.0947
 -2.9435 -2.7681 -2.5874 -2.4092 -2.2334 -1.8496 -1.5497 -1.3048 -1.0973 -0.9201
 -0.7736 -0.6523 -0.5476 -0.4536 -0.3674 -0.2889 -0.2154 -0.1440 -0.0788 -0.0396
 -5.4639 -5.0000 -4.6117 -4.2845 -4.0030 -3.7564 -3.5385 -3.3441 -3.1682 -3.0057
 -2.8551 -2.7099 -2.5521 -2.3785 -2.2024 -1.8206 -1.5266 -1.2910 -1.0941 -0.9271
 -0.7886 -0.6748 -0.5777 -0.4909 -0.4110 -0.3365 -0.2675 -0.2033 -0.1426 -0.0892
 -0.0597
 -5.5488 -5.0817 -4.6865 -4.3493 -4.0557 -3.7951 -3.5608 -3.3483 -3.1549 -2.9768
 -2.8100 -2.6531 -2.5057 -2.3575 -2.1985 -1.8119 -1.5156 -1.2848 -1.0947 -0.9347
 -0.8021 -0.6946 -0.6047 -0.5255 -0.4527 -0.3843 -0.3205 -0.2605 -0.2042 -0.1542
 -0.1126
 -5.6292 -5.1669 -4.7712 -4.4285 -4.1259 -3.8537 -3.6059 -3.3790 -3.1705 -2.9785
 -2.7999 -2.6325 -2.4752 -2.3267 -2.1819 -1.8220 -1.5136 -1.2820 -1.0959 -0.9407
 -0.8122 -0.7089 -0.6253 -0.5537 -0.4887 -0.4277 -0.3700 -0.3155 -0.2643 -0.2178
 -0.1761
 -5.7137 -5.2609 -4.8675 -4.5225 -4.2145 -3.9337 -3.6748 -3.4354 -3.2141 -3.0093
 -2.8194 -2.6425 -2.4765 -2.3206 -2.1732 -1.8337 -1.5307 -1.2885 -1.1020 -0.9491
 -0.8227 -0.7212 -0.6414 -0.5761 -0.5190 -0.4661 -0.4161 -0.3683 -0.3228 -0.2802
 -0.2410
 -5.7895 -5.3475 -4.9593 -4.6160 -4.3063 -4.0215 -3.7560 -3.5074 -3.2753 -3.0593
 -2.8587 -2.6721 -2.4978 -2.3343 -2.1811 -1.8402 -1.5482 -1.3029 -1.1104 -0.9576
 -0.8322 -0.7311 -0.6526 -0.5914 -0.5409 -0.4960 -0.4545 -0.4146 -0.3761 -0.3394
 -0.3050
 -5.8474 -5.4199 -5.0389 -4.6989 -4.3904 -4.1049 -3.8378 -3.5855 -3.3470 -3.1225
 -2.9125 -2.7168 -2.5319 -2.3612 -2.2056 -1.8415 -1.5661 -1.3252 -1.1211
 [Fe/H] = -1.00 [alpha/Fe] = 0.00 BC value = F438W
 -6.5018 -6.2605 -6.0374 -5.8209 -5.6001 -5.3587 -5.0816 -4.7722 -4.4789 -4.2017
 -3.9317 -3.6665 -3.4111 -3.1759 -2.9607 -2.4887 -2.0715 -1.6871 -1.3410
 -6.0452 -5.7648 -5.5145 -5.2850 -5.0655 -4.8430 -4.6006 -4.3451 -4.0985 -3.8596
 -3.6197 -3.3758 -3.1358 -2.9107 -2.7047 -2.2617 -1.8859 -1.5531 -1.2555 -0.9981
 -5.7281 -5.4056 -5.1216 -4.8715 -4.6469 -4.4368 -4.2257 -4.0090 -3.7978 -3.5914
 -3.3823 -3.1646 -2.9414 -2.7261 -2.5274 -2.1048 -1.7575 -1.4590 -1.1960 -0.9654
 -0.7717
 -5.4680 -5.1149 -4.8297 -4.5765 -4.3431 -4.1326 -3.9378 -3.7473 -3.5617 -3.3803
 -3.1981 -3.0076 -2.8057 -2.6019 -2.4093 -2.0001 -1.6716 -1.3955 -1.1567 -0.9474
 -0.7690 -0.6199
 -5.3964 -4.9671 -4.6121 -4.3240 -4.0967 -3.9165 -3.7465 -3.5706 -3.3948 -3.2238
 -3.0562 -2.8865 -2.7076 -2.5190 -2.3331 -1.9320 -1.6154 -1.3544 -1.1323 -0.9396
 -0.7739 -0.6347 -0.5164 -0.4125
 -5.4404 -4.9659 -4.5668 -4.2374 -3.9702 -3.7534 -3.5758 -3.4277 -3.2937 -3.1410
 -2.9720 -2.8025 -2.6348 -2.4625 -2.2857 -1.8898 -1.5795 -1.3287 -1.1181 -0.9380
 -0.7833 -0.6529 -0.5423 -0.4453 -0.3579 -0.2780 -0.2043 -0.1336 -0.0692 -0.0297
 -5.5639 -5.0478 -4.6148 -4.2559 -3.9595 -3.7138 -3.5085 -3.3341 -3.1825 -3.0485
 -2.9186 -2.7681 -2.5986 -2.4272 -2.2580 -1.8665 -1.5578 -1.3131 -1.1107 -0.9399
 -0.7944 -0.6718 -0.5685 -0.4786 -0.3975 -0.3230 -0.2547 -0.1912 -0.1308 -0.0773
 -0.0475
 -5.7541 -5.1946 -4.7249 -4.3364 -4.0146 -3.7452 -3.5161 -3.3191 -3.1459 -2.9900
 -2.8460 -2.7109 -2.5740 -2.4192 -2.2519 -1.8587 -1.5471 -1.3048 -1.1078 -0.9435
 -0.8051 -0.6892 -0.5925 -0.5097 -0.4357 -0.3675 -0.3044 -0.2457 -0.1916 -0.1413
 -0.0989
 -5.9770 -5.3841 -4.8799 -4.4606 -4.1122 -3.8194 -3.5676 -3.3480 -3.1538 -2.9793
 -2.8191 -2.6691 -2.5271 -2.3898 -2.2470 -1.8649 -1.5436 -1.2997 -1.1058 -0.9460
 -0.8128 -0.7022 -0.6114 -0.5355 -0.4688 -0.4078 -0.3511 -0.2979 -0.2485 -0.2034
 -0.1624
 -6.2095 -5.6042 -5.0753 -4.6294 -4.2538 -3.9354 -3.6603 -3.4185 -3.2030 -3.0088
 -2.8318 -2.6681 -2.5146 -2.3693 -2.2301 -1.8856 -1.5580 -1.3044 -1.1098 -0.9520
 -0.8216 -0.7142 -0.6274 -0.5570 -0.4973 -0.4440 -0.3947 -0.3481 -0.3043 -0.2636
 -0.2264
 -6.4172 -5.8161 -5.2812 -4.8206 -4.4243 -4.0826 -3.7842 -3.5200 -3.2833 -3.0695
 -2.8748 -2.6960 -2.5302 -2.3752 -2.2289 -1.8944 -1.5852 -1.3190 -1.1174 -0.9591
 -0.8298 -0.7240 -0.6391 -0.5724 -0.5186 -0.4726 -0.4311 -0.3922 -0.3553 -0.3205
 -0.2880
 -6.5860 -5.9989 -5.4743 -5.0117 -4.6057 -4.2483 -3.9309 -3.6463 -3.3895 -3.1565
 -2.9441 -2.7496 -2.5704 -2.4043 -2.2434 -1.8913 -1.6252 -1.3435 -1.1286
 [Fe/H] = -0.75 [alpha/Fe] = 0.00 BC value = F438W
 -6.6870 -6.4841 -6.2870 -6.0830 -5.8589 -5.5893 -5.2500 -4.8496 -4.4818 -4.1636
 -3.8787 -3.6142 -3.3667 -3.1371 -2.9270 -2.4690 -2.0713 -1.7061 -1.3698
 -6.2021 -5.9679 -5.7485 -5.5338 -5.3120 -5.0658 -4.7708 -4.4435 -4.1352 -3.8580
 -3.6008 -3.3547 -3.1188 -2.8982 -2.6955 -2.2605 -1.8942 -1.5702 -1.2815 -1.0251
 -5.8484 -5.5752 -5.3270 -5.0958 -4.8733 -4.6469 -4.3970 -4.1259 -3.8641 -3.6218
 -3.3925 -3.1679 -2.9462 -2.7341 -2.5374 -2.1176 -1.7733 -1.4780 -1.2185 -0.9887
 -0.7904
 -5.6037 -5.3006 -5.0217 -4.7674 -4.5344 -4.3158 -4.0981 -3.8698 -3.6456 -3.4337
 -3.2309 -3.0297 -2.8257 -2.6237 -2.4323 -2.0222 -1.6922 -1.4153 -1.1764 -0.9669
 -0.7846 -0.6300
 -5.4817 -5.1051 -4.7587 -4.5040 -4.2837 -4.0733 -3.8699 -3.6690 -3.4713 -3.2825
 -3.1013 -2.9221 -2.7381 -2.5494 -2.3641 -1.9599 -1.6387 -1.3742 -1.1495 -0.9553
 -0.7864 -0.6419 -0.5191 -0.4123
 -5.4791 -5.0220 -4.6383 -4.3207 -4.0609 -3.8500 -3.6787 -3.5219 -3.3544 -3.1786
 -3.0057 -2.8378 -2.6704 -2.4975 -2.3210 -1.9209 -1.6039 -1.3479 -1.1333 -0.9503
 -0.7927 -0.6573 -0.5422 -0.4424 -0.3534 -0.2729 -0.1983 -0.1272 -0.0632 -0.0238
 -5.5849 -5.0806 -4.6505 -4.2900 -3.9919 -3.7463 -3.5432 -3.3733 -3.2293 -3.0983
 -2.9555 -2.7933 -2.6257 -2.4605 -2.2944 -1.8993 -1.5825 -1.3315 -1.1243 -0.9496
 -0.8009 -0.6737 -0.5658 -0.4729 -0.3904 -0.3154 -0.2470 -0.1837 -0.1230 -0.0700
 -0.0399
 -5.7852 -5.2236 -4.7464 -4.3481 -4.0176 -3.7437 -3.5154 -3.3228 -3.1570 -3.0104
 -2.8774 -2.7491 -2.6079 -2.4479 -2.2824 -1.8922 -1.5720 -1.3224 -1.1202 -0.9514
 -0.8095 -0.6892 -0.5880 -0.5019 -0.4262 -0.3575 -0.2945 -0.2365 -0.1828 -0.1328
 -0.0902
 -6.0548 -5.4361 -4.9088 -4.4682 -4.1040 -3.8020 -3.5484 -3.3323 -3.1457 -2.9809
 -2.8313 -2.6918 -2.5589 -2.4259 -2.2813 -1.8957 -1.5690 -1.3170 -1.1172 -0.9527
 -0.8156 -0.7010 -0.6056 -0.5260 -0.4574 -0.3958 -0.3392 -0.2867 -0.2380 -0.1935
 -0.1533
 -6.3623 -5.7105 -5.1363 -4.6536 -4.2512 -3.9169 -3.6355 -3.3945 -3.1844 -2.9987
 -2.8317 -2.6781 -2.5338 -2.3963 -2.2629 -1.9167 -1.5815 -1.3217 -1.1207 -0.9580
 -0.8236 -0.7125 -0.6212 -0.5468 -0.4847 -0.4304 -0.3811 -0.3351 -0.2921 -0.2525
 -0.2162
 -6.6525 -5.9892 -5.3971 -4.8809 -4.4450 -4.0775 -3.7659 -3.4977 -3.2630 -3.0547
 -2.8675 -2.6973 -2.5402 -2.3929 -2.2531 -1.9268 -1.6098 -1.3355 -1.1284 -0.9648
 -0.8314 -0.7220 -0.6332 -0.5624 -0.5056 -0.4581 -0.4162 -0.3777 -0.3415 -0.3077
 -0.2765
 -6.9017 -6.2459 -5.6510 -5.1232 -4.6662 -4.2723 -3.9326 -3.6368 -3.3764 -3.1447
 -2.9364 -2.7476 -2.5749 -2.4154 -2.2519 -1.9260 -1.6539 -1.3584 -1.1403
 [Fe/H] = -0.50 [alpha/Fe] = 0.00 BC value = F438W
 -6.9032 -6.7341 -6.5646 -6.3802 -6.1665 -5.8814 -5.4834 -4.9816 -4.5208 -4.1500
 -3.8484 -3.5835 -3.3419 -3.1189 -2.9135 -2.4647 -2.0798 -1.7285 -1.4038
 -6.3949 -6.2014 -6.0147 -5.8231 -5.6108 -5.3521 -5.0102 -4.5996 -4.2095 -3.8798
 -3.6003 -3.3510 -3.1196 -2.9042 -2.7049 -2.2745 -1.9132 -1.5955 -1.3110 -1.0563
 -6.0016 -5.7773 -5.5672 -5.3631 -5.1534 -4.9202 -4.6351 -4.2990 -3.9683 -3.6747
 -3.4179 -3.1845 -2.9647 -2.7566 -2.5625 -2.1442 -1.7998 -1.5044 -1.2455 -1.0159
 -0.8143
 -5.7351 -5.4686 -5.2258 -4.9999 -4.7830 -4.5643 -4.3244 -4.0487 -3.7689 -3.5103
 -3.2772 -3.0618 -2.8553 -2.6560 -2.4668 -2.0562 -1.7230 -1.4427 -1.2011 -0.9900
 -0.8046 -0.6446
 -5.5474 -5.2377 -4.9753 -4.7327 -4.5019 -4.2820 -4.0659 -3.8356 -3.5982 -3.3717
 -3.1624 -2.9660 -2.7752 -2.5867 -2.4034 -1.9976 -1.6712 -1.4015 -1.1721 -0.9745
 -0.8025 -0.6531 -0.5251 -0.4144
 -5.5124 -5.1048 -4.7624 -4.4800 -4.2473 -4.0479 -3.8583 -3.6623 -3.4573 -3.2561
 -3.0662 -2.8870 -2.7124 -2.5372 -2.3618 -1.9603 -1.6366 -1.3743 -1.1541 -0.9665
 -0.8052 -0.6653 -0.5450 -0.4412 -0.3498 -0.2686 -0.1930 -0.1200 -0.0565 -0.0174
 -5.5945 -5.1222 -4.7150 -4.3708 -4.0845 -3.8464 -3.6479 -3.4806 -3.3282 -3.1700
 -3.0001 -2.8289 -2.6629 -2.4997 -2.3347 -1.9392 -1.6149 -1.3568 -1.1435 -0.9634
 -0.8104 -0.6788 -0.5658 -0.4687 -0.3837 -0.3076 -0.2392 -0.1753 -0.1141 -0.0616
 -0.0316
 -5.7738 -5.2386 -4.7768 -4.3848 -4.0568 -3.7840 -3.5565 -3.3649 -3.2008 -3.0578
 -2.9269 -2.7914 -2.6392 -2.4781 -2.3182 -1.9317 -1.6042 -1.3468 -1.1380 -0.9635
 -0.8166 -0.6919 -0.5856 -0.4951 -0.4167 -0.3468 -0.2837 -0.2259 -0.1717 -0.1227
 -0.0804
 -6.0518 -5.4435 -4.9222 -4.4813 -4.1131 -3.8070 -3.5519 -3.3377 -3.1552 -2.9963
 -2.8540 -2.7228 -2.5961 -2.4626 -2.3145 -1.9332 -1.6014 -1.3409 -1.1342 -0.9637
 -0.8213 -0.7020 -0.6016 -0.5173 -0.4456 -0.3826 -0.3258 -0.2737 -0.2258 -0.1821
 -0.1425
 -6.4116 -5.7449 -5.1581 -4.6618 -4.2472 -3.9037 -3.6180 -3.3773 -3.1719 -2.9937
 -2.8357 -2.6916 -2.5564 -2.4268 -2.2986 -1.9512 -1.6136 -1.3460 -1.1374 -0.9685
 -0.8287 -0.7126 -0.6165 -0.5373 -0.4716 -0.4153 -0.3655 -0.3198 -0.2777 -0.2391
 -0.2041
 -6.7834 -6.0840 -5.4584 -4.9089 -4.4472 -4.0617 -3.7404 -3.4696 -3.2377 -3.0360
 -2.8577 -2.6975 -2.5500 -2.4115 -2.2793 -1.9624 -1.6401 -1.3600 -1.1455 -0.9754
 -0.8363 -0.7219 -0.6285 -0.5529 -0.4920 -0.4419 -0.3991 -0.3606 -0.3251 -0.2923
 -0.2624
 -7.1172 -6.4117 -5.7683 -5.1957 -4.6957 -4.2721 -3.9138 -3.6097 -3.3482 -3.1204
 -2.9188 -2.7384 -2.5748 -2.4242 -2.2566 -1.9668 -1.6809 -1.3829 -1.1585
 [Fe/H] = -0.25 [alpha/Fe] = 0.00 BC value = F438W
 -7.1449 -7.0022 -6.8561 -6.6902 -6.4923 -6.2013 -5.7544 -5.1559 -4.5948 -4.1607
 -3.8301 -3.5585 -3.3195 -3.1018 -2.9002 -2.4599 -2.0849 -1.7467 -1.4343
 -6.6125 -6.4514 -6.2937 -6.1263 -5.9293 -5.6700 -5.2953 -4.8027 -4.3177 -3.9212
 -3.6096 -3.3507 -3.1206 -2.9094 -2.7134 -2.2871 -1.9302 -1.6176 -1.3383 -1.0870
 -6.1827 -5.9979 -5.8228 -5.6479 -5.4582 -5.2291 -4.9209 -4.5204 -4.1061 -3.7452
 -3.4504 -3.2025 -2.9811 -2.7763 -2.5850 -2.1684 -1.8242 -1.5294 -1.2712 -1.0430
 -0.8409
 -5.8661 -5.6476 -5.4458 -5.2537 -5.0609 -4.8517 -4.5986 -4.2758 -3.9274 -3.6052
 -3.3298 -3.0936 -2.8815 -2.6836 -2.4970 -2.0870 -1.7515 -1.4690 -1.2254 -1.0133
 -0.8269 -0.6633
 -5.6698 -5.4090 -5.1709 -4.9510 -4.7421 -4.5353 -4.3157 -4.0554 -3.7656 -3.4838
 -3.2316 -3.0097 -2.8082 -2.6185 -2.4371 -2.0319 -1.7014 -1.4279 -1.1950 -0.9947
 -0.8206 -0.6680 -0.5351 -0.4193
 -5.5561 -5.2147 -4.9370 -4.7054 -4.4931 -4.2843 -4.0762 -3.8568 -3.6157 -3.3724
 -3.1456 -2.9404 -2.7514 -2.5715 -2.3968 -1.9962 -1.6674 -1.4002 -1.1756 -0.9841
 -0.8197 -0.6766 -0.5517 -0.4433 -0.3480 -0.2638 -0.1872 -0.1121 -0.0487 -0.0095
 -5.5979 -5.1712 -4.8054 -4.4993 -4.2441 -4.0290 -3.8425 -3.6662 -3.4764 -3.2724
 -3.0702 -2.8809 -2.7045 -2.5359 -2.3698 -1.9757 -1.6461 -1.3820 -1.1638 -0.9792
 -0.8221 -0.6869 -0.5696 -0.4676 -0.3790 -0.3006 -0.2311 -0.1663 -0.1038 -0.0515
 -0.0216
 -5.7413 -5.2483 -4.8188 -4.4505 -4.1400 -3.8789 -3.6579 -3.4687 -3.3030 -3.1507
 -2.9985 -2.8372 -2.6713 -2.5093 -2.3518 -1.9685 -1.6361 -1.3716 -1.1574 -0.9780
 -0.8265 -0.6976 -0.5869 -0.4915 -0.4091 -0.3369 -0.2727 -0.2149 -0.1611 -0.1106
 -0.0686
 -5.9882 -5.4222 -4.9298 -4.5071 -4.1489 -3.8480 -3.5957 -3.3824 -3.1993 -3.0396
 -2.8977 -2.7669 -2.6364 -2.4947 -2.3430 -1.9691 -1.6341 -1.3660 -1.1530 -0.9772
 -0.8298 -0.7059 -0.6011 -0.5119 -0.4358 -0.3700 -0.3121 -0.2598 -0.2122 -0.1689
 -0.1294
 -6.3600 -5.7121 -5.1467 -4.6626 -4.2534 -3.9110 -3.6249 -3.3847 -3.1812 -3.0061
 -2.8521 -2.7133 -2.5843 -2.4601 -2.3332 -1.9835 -1.6470 -1.3721 -1.1564 -0.9817
 -0.8366 -0.7158 -0.6151 -0.5309 -0.4604 -0.4009 -0.3494 -0.3034 -0.2616 -0.2238
 -0.1897
 -6.7921 -6.0864 -5.4567 -4.9067 -4.4406 -4.0502 -3.7252 -3.4534 -3.2235 -3.0266
 -2.8551 -2.7026 -2.5632 -2.4325 -2.3074 -1.9972 -1.6718 -1.3874 -1.1652 -0.9887
 -0.8443 -0.7249 -0.6268 -0.5463 -0.4805 -0.4265 -0.3814 -0.3421 -0.3068 -0.2747
 -0.2456
 -7.2073 -6.4789 -5.8128 -5.2186 -4.6990 -4.2596 -3.8909 -3.5820 -3.3208 -3.0969
 -2.9022 -2.7304 -2.5759 -2.4341 -2.2656 -2.0102 -1.7085 -1.4119 -1.1794
 [Fe/H] =  0.00 [alpha/Fe] = 0.00 BC value = F438W
 -7.4125 -7.2895 -7.1597 -7.0059 -6.8005 -6.4922 -6.0058 -5.3395 -4.7116 -4.2228
 -3.8677 -3.5917 -3.3575 -3.1450 -2.9493 -2.5121 -2.1353 -1.7979 -1.4868
 -6.8588 -6.7217 -6.5859 -6.4368 -6.2512 -5.9907 -5.5876 -5.0275 -4.4642 -4.0077
 -3.6669 -3.4002 -3.1735 -2.9683 -2.7772 -2.3531 -1.9911 -1.6731 -1.3898 -1.1344
 -6.3950 -6.2397 -6.0920 -5.9416 -5.7704 -5.5488 -5.2255 -4.7707 -4.2800 -3.8543
 -3.5232 -3.2621 -3.0411 -2.8416 -2.6555 -2.2412 -1.8904 -1.5874 -1.3218 -1.0874
 -0.8797
 -6.0291 -5.8479 -5.6801 -5.5184 -5.3507 -5.1558 -4.8979 -4.5372 -4.1220 -3.7342
 -3.4155 -3.1596 -2.9434 -2.7491 -2.5676 -2.1614 -1.8193 -1.5275 -1.2746 -1.0543
 -0.8613 -0.6915
 -5.7679 -5.5576 -5.3587 -5.1742 -4.9959 -4.8097 -4.5945 -4.3121 -3.9704 -3.6281
 -3.3288 -3.0805 -2.8695 -2.6804 -2.5035 -2.1038 -1.7677 -1.4849 -1.2422 -1.0324
 -0.8507 -0.6916 -0.5525 -0.4311
 -5.6190 -5.3558 -5.1281 -4.9166 -4.7159 -4.5208 -4.3218 -4.0937 -3.8179 -3.5247
 -3.2521 -3.0160 -2.8120 -2.6288 -2.4570 -2.0633 -1.7304 -1.4543 -1.2200 -1.0187
 -0.8457 -0.6957 -0.5646 -0.4502 -0.3505 -0.2636 -0.1826 -0.1048 -0.0424 -0.0031
 -5.5925 -5.2231 -4.9175 -4.6687 -4.4605 -4.2713 -4.0833 -3.8871 -3.6645 -3.4195
 -3.1784 -2.9594 -2.7652 -2.5892 -2.4235 -2.0375 -1.7051 -1.4326 -1.2051 -1.0108
 -0.8447 -0.7021 -0.5784 -0.4706 -0.3771 -0.2965 -0.2246 -0.1571 -0.0931 -0.0422
 -0.0127
 -5.6913 -5.2476 -4.8622 -4.5351 -4.2610 -4.0290 -3.8291 -3.6521 -3.4810 -3.2975
 -3.1021 -2.9078 -2.7258 -2.5582 -2.3998 -2.0242 -1.6912 -1.4187 -1.1957 -1.0071
 -0.8464 -0.7095 -0.5922 -0.4909 -0.4034 -0.3277 -0.2614 -0.2025 -0.1487 -0.0976
 -0.0569
 -5.8890 -5.3758 -4.9259 -4.5366 -4.2045 -3.9238 -3.6850 -3.4791 -3.2981 -3.1351
 -2.9837 -2.8372 -2.6876 -2.5341 -2.3820 -2.0190 -1.6861 -1.4107 -1.1888 -1.0042
 -0.8478 -0.7155 -0.6037 -0.5083 -0.4269 -0.3573 -0.2972 -0.2442 -0.1969 -0.1541
 -0.1149
 -6.2254 -5.6232 -5.1013 -4.6498 -4.2634 -3.9358 -3.6593 -3.4251 -3.2242 -3.0492
 -2.8941 -2.7551 -2.6267 -2.5017 -2.3718 -2.0263 -1.6961 -1.4156 -1.1910 -1.0074
 -0.8535 -0.7242 -0.6161 -0.5255 -0.4495 -0.3856 -0.3315 -0.2846 -0.2430 -0.2060
 -0.1732
 -6.6814 -5.9937 -5.3859 -4.8638 -4.4169 -4.0387 -3.7209 -3.4536 -3.2276 -3.0343
 -2.8666 -2.7182 -2.5841 -2.4598 -2.3406 -2.0371 -1.7166 -1.4304 -1.1999 -1.0143
 -0.8611 -0.7333 -0.6275 -0.5403 -0.4686 -0.4098 -0.3614 -0.3207 -0.2852 -0.2541
 -0.2264
 -7.1737 -6.4365 -5.7662 -5.1731 -4.6605 -4.2256 -3.8603 -3.5542 -3.2966 -3.0777
 -2.8895 -2.7251 -2.5787 -2.4453 -2.2884 -2.0514 -1.7476 -1.4551 -1.2155
 [Fe/H] =  0.25 [alpha/Fe] = 0.00 BC value = F438W
 -7.6899 -7.5849 -7.4696 -7.2731 -6.9777 -6.5831 -6.0896 -5.4982 -4.8517 -4.3130
 -3.9228 -3.6331 -3.3975 -3.1905 -2.9973 -2.5650 -2.1860 -1.8498 -1.5429
 -7.1204 -7.0036 -6.8850 -6.7480 -6.5664 -6.2962 -5.8606 -5.2452 -4.6307 -4.1171
 -3.7376 -3.4545 -3.2254 -3.0241 -2.8379 -2.4186 -2.0530 -1.7301 -1.4431 -1.1855
 -6.6266 -6.4947 -6.3685 -6.2358 -6.0766 -5.8575 -5.5216 -5.0222 -4.4689 -3.9818
 -3.6075 -3.3252 -3.0989 -2.9020 -2.7206 -2.3117 -1.9570 -1.6471 -1.3754 -1.1354
 -0.9262
 -6.2166 -6.0644 -5.9232 -5.7857 -5.6376 -5.4544 -5.1953 -4.8052 -4.3317 -3.8788
 -3.5120 -3.2290 -3.0032 -2.8093 -2.6320 -2.2324 -1.8868 -1.5876 -1.3273 -1.0998
 -0.9008 -0.7254
 -5.9042 -5.7219 -5.5569 -5.4031 -5.2521 -5.0857 -4.8780 -4.5816 -4.1936 -3.7890
 -3.4367 -3.1555 -2.9296 -2.7376 -2.5637 -2.1719 -1.8335 -1.5435 -1.2928 -1.0750
 -0.8861 -0.7210 -0.5761 -0.4487
 -5.7150 -5.4862 -5.2833 -5.1008 -4.9302 -4.7616 -4.5786 -4.3485 -4.0433 -3.6970
 -3.3706 -3.0971 -2.8726 -2.6823 -2.5115 -2.1267 -1.7930 -1.5101 -1.2681 -1.0583
 -0.8773 -0.7206 -0.5837 -0.4635 -0.3582 -0.2651 -0.1802 -0.0985 -0.0364  0.0040
 -5.5975 -5.3024 -5.0622 -4.8647 -4.6796 -4.4972 -4.3140 -4.1182 -3.8792 -3.5948
 -3.3054 -3.0467 -2.8276 -2.6402 -2.4725 -2.0951 -1.7637 -1.4852 -1.2503 -1.0476
 -0.8731 -0.7230 -0.5932 -0.4798 -0.3808 -0.2943 -0.2181 -0.1488 -0.0821 -0.0321
 -0.0024
 -5.6424 -5.2490 -4.9164 -4.6433 -4.4195 -4.2303 -4.0586 -3.8869 -3.6989 -3.4765
 -3.2335 -2.9988 -2.7902 -2.6078 -2.4442 -2.0757 -1.7460 -1.4684 -1.2380 -1.0414
 -0.8722 -0.7275 -0.6036 -0.4965 -0.4036 -0.3229 -0.2531 -0.1917 -0.1361 -0.0833
 -0.0436
 -5.7901 -5.3280 -4.9234 -4.5758 -4.2826 -4.0355 -3.8230 -3.6374 -3.4666 -3.2977
 -3.1192 -2.9343 -2.7516 -2.5802 -2.4224 -2.0645 -1.7375 -1.4579 -1.2286 -1.0362
 -0.8716 -0.7313 -0.6124 -0.5110 -0.4239 -0.3492 -0.2853 -0.2299 -0.1814 -0.1382
 -0.0983
 -6.0667 -5.5253 -5.0517 -4.6401 -4.2859 -3.9846 -3.7284 -3.5078 -3.3141 -3.1399
 -2.9803 -2.8313 -2.6894 -2.5496 -2.4088 -2.0657 -1.7440 -1.4611 -1.2292 -1.0379
 -0.8762 -0.7389 -0.6235 -0.5264 -0.4444 -0.3749 -0.3166 -0.2670 -0.2243 -0.1872
 -0.1549
 -6.4896 -5.8525 -5.2952 -4.8131 -4.3976 -4.0425 -3.7409 -3.4847 -3.2655 -3.0751
 -2.9069 -2.7568 -2.6216 -2.4972 -2.3779 -2.0727 -1.7604 -1.4750 -1.2378 -1.0445
 -0.8835 -0.7478 -0.6345 -0.5405 -0.4625 -0.3977 -0.3445 -0.3005 -0.2635 -0.2320
 -0.2052
 -7.0124 -6.2965 -5.6583 -5.0949 -4.6118 -4.1971 -3.8454 -3.5480 -3.2965 -3.0823
 -2.8976 -2.7364 -2.5933 -2.4643 -2.3297 -2.0855 -1.7867 -1.4996 -1.2544
 [Fe/H] =  0.50 [alpha/Fe] = 0.00 BC value = F438W
 -7.9537 -8.0105 -7.9129 -7.6771 -7.3172 -6.8455 -6.2730 -5.6305 -5.0046 -4.4362
 -4.0085 -3.6995 -3.4595 -3.2540 -3.0669 -2.6372 -2.2559 -1.9143 -1.6055
 -7.3804 -7.2893 -7.1837 -7.0573 -6.8691 -6.5589 -6.0734 -5.4266 -4.8021 -4.2519
 -3.8338 -3.5297 -3.2942 -3.0948 -2.9135 -2.5009 -2.1316 -1.8006 -1.5054 -1.2421
 -6.8665 -6.7594 -6.6491 -6.5305 -6.3769 -6.1516 -5.7915 -5.2496 -4.6596 -4.1289
 -3.7137 -3.4064 -3.1706 -2.9738 -2.7969 -2.3964 -2.0388 -1.7204 -1.4406 -1.1935
 -0.9770
 -6.4208 -6.2929 -6.1740 -6.0552 -5.9201 -5.7416 -5.4749 -5.0579 -4.5393 -4.0387
 -3.6265 -3.3147 -3.0753 -2.8789 -2.7050 -2.3150 -1.9682 -1.6611 -1.3920 -1.1562
 -0.9493 -0.7671
 -6.0558 -5.9040 -5.7662 -5.6370 -5.5068 -5.3543 -5.1506 -4.8431 -4.4167 -3.9604
 -3.5599 -3.2451 -3.0011 -2.8031 -2.6309 -2.2496 -1.9119 -1.6151 -1.3556 -1.1288
 -0.9312 -0.7587 -0.6071 -0.4734
 -5.7979 -5.6066 -5.4391 -5.2879 -5.1453 -4.9997 -4.8307 -4.6009 -4.2728 -3.8798
 -3.5035 -3.1908 -2.9436 -2.7433 -2.5716 -2.1973 -1.8665 -1.5783 -1.3279 -1.1091
 -0.9188 -0.7540 -0.6104 -0.4842 -0.3728 -0.2737 -0.1821 -0.0986 -0.0326  0.0100
 -5.6387 -5.3816 -5.2086 -5.0253 -4.8567 -4.6969 -4.5353 -4.3492 -4.1019 -3.7838
 -3.4472 -3.1465 -2.8992 -2.6974 -2.5258 -2.1576 -1.8318 -1.5493 -1.3066 -1.0953
 -0.9114 -0.7527 -0.6156 -0.4962 -0.3914 -0.2992 -0.2179 -0.1432 -0.0727 -0.0229
  0.0078
 -5.5988 -5.2618 -4.9915 -4.7805 -4.6062 -4.4456 -4.2812 -4.1083 -3.9120 -3.6652
 -3.3810 -3.1045 -2.8642 -2.6636 -2.4923 -2.1299 -1.8083 -1.5284 -1.2909 -1.0859
 -0.9078 -0.7542 -0.6226 -0.5091 -0.4104 -0.3242 -0.2493 -0.1838 -0.1245 -0.0690
 -0.0301
 -5.6956 -5.2810 -4.9236 -4.6249 -4.3800 -4.1773 -4.0039 -3.8460 -3.6860 -3.5029
 -3.2850 -3.0510 -2.8298 -2.6356 -2.4669 -2.1109 -1.7940 -1.5139 -1.2783 -1.0781
 -0.9049 -0.7556 -0.6287 -0.5205 -0.4274 -0.3469 -0.2779 -0.2186 -0.1673 -0.1221
 -0.0805
 -5.9101 -5.4236 -4.9979 -4.6291 -4.3150 -4.0505 -3.8258 -3.6300 -3.4547 -3.2910
 -3.1256 -2.9532 -2.7788 -2.6101 -2.4519 -2.1052 -1.7945 -1.5137 -1.2764 -1.0777
 -0.9079 -0.7620 -0.6382 -0.5339 -0.4455 -0.3700 -0.3062 -0.2523 -0.2069 -0.1684
 -0.1354
 -6.2733 -5.6911 -5.1880 -4.7517 -4.3752 -4.0527 -3.7781 -3.5430 -3.3381 -3.1555
 -2.9888 -2.8344 -2.6900 -2.5541 -2.4233 -2.1073 -1.8051 -1.5248 -1.2835 -1.0830
 -0.9143 -0.7705 -0.6488 -0.5471 -0.4623 -0.3911 -0.3320 -0.2832 -0.2432 -0.2100
 -0.1829
 -6.7837 -6.1042 -5.5055 -4.9895 -4.5444 -4.1625 -3.8363 -3.5582 -3.3203 -3.1148
 -2.9342 -2.7734 -2.6290 -2.4989 -2.3811 -2.1172 -1.8258 -1.5472 -1.2996
 [Fe/H] =  0.75 [alpha/Fe] = 0.00 BC value = F438W
 -8.1803 -8.0502 -7.8328 -7.5373 -7.1720 -6.7439 -6.2595 -5.7242 -5.1482 -4.5799
 -4.1216 -3.7895 -3.5405 -3.3361 -3.1518 -2.7253 -2.3401 -1.9899 -1.6747
 -7.6149 -7.5445 -7.4646 -7.3515 -7.1125 -6.7261 -6.1934 -5.5580 -4.9632 -4.4042
 -3.9546 -3.6256 -3.3797 -3.1796 -3.0024 -2.5983 -2.2248 -1.8844 -1.5821 -1.3129
 -7.0929 -7.0180 -6.9205 -6.8164 -6.6663 -6.4272 -6.0238 -5.4288 -4.8348 -4.2879
 -3.8397 -3.5058 -3.2563 -3.0569 -2.8833 -2.4941 -2.1358 -1.8080 -1.5178 -1.2622
 -1.0350
 -6.6245 -6.5199 -6.4227 -6.3211 -6.1954 -6.0153 -5.7340 -5.2829 -4.7308 -4.2049
 -3.7582 -3.4171 -3.1603 -2.9582 -2.7859 -2.4079 -2.0635 -1.7491 -1.4696 -1.2243
 -1.0078 -0.8171
 -6.2200 -6.0943 -5.9804 -5.8720 -5.7574 -5.6127 -5.4069 -5.0840 -4.6242 -4.1338
 -3.6975 -3.3503 -3.0854 -2.8780 -2.7049 -2.3352 -2.0023 -1.7008 -1.4318 -1.1952
 -0.9877 -0.8058 -0.6462 -0.5060
 -5.8993 -5.7438 -5.6061 -5.4808 -5.3604 -5.2316 -5.0711 -4.8390 -4.4918 -4.0625
 -3.6463 -3.2990 -3.0272 -2.8137 -2.6383 -2.2740 -1.9504 -1.6595 -1.4010 -1.1728
 -0.9726 -0.7979 -0.6459 -0.5127 -0.3948 -0.2885 -0.1890 -0.0979 -0.0326  0.0136
 -5.7038 -5.4995 -5.3215 -5.1662 -5.0257 -4.8912 -4.7483 -4.5704 -4.3179 -3.9730
 -3.5963 -3.2575 -2.9823 -2.7640 -2.5855 -2.2245 -1.9081 -1.6249 -1.3755 -1.1555
 -0.9619 -0.7933 -0.6476 -0.5209 -0.4098 -0.3115 -0.2238 -0.1417 -0.0670 -0.0162
  0.0170
 -5.5731 -5.3119 -5.0995 -4.9270 -4.7717 -4.6164 -4.4642 -4.3060 -4.1132 -3.8533
 -3.5354 -3.2200 -2.9493 -2.7278 -2.5463 -2.1871 -1.8770 -1.5983 -1.3554 -1.1425
 -0.9551 -0.7917 -0.6512 -0.5302 -0.4251 -0.3329 -0.2522 -0.1809 -0.1156 -0.0565
 -0.0179
 -5.6139 -5.2453 -4.9398 -4.6937 -4.5014 -4.3460 -4.2053 -4.0584 -3.8938 -3.6956
 -3.4467 -3.1726 -2.9167 -2.6986 -2.5167 -2.1591 -1.8549 -1.5787 -1.3387 -1.1311
 -0.9493 -0.7906 -0.6545 -0.5384 -0.4387 -0.3522 -0.2772 -0.2125 -0.1568 -0.1073
 -0.0628
 -5.7734 -5.3355 -4.9536 -4.6276 -4.3569 -4.1345 -3.9484 -3.7874 -3.6397 -3.4878
 -3.3108 -3.1016 -2.8823 -2.6787 -2.5006 -2.1453 -1.8471 -1.5733 -1.3330 -1.1277
 -0.9499 -0.7950 -0.6622 -0.5497 -0.4542 -0.3725 -0.3026 -0.2432 -0.1932 -0.1511
 -0.1161
 -6.0605 -5.5428 -5.0913 -4.6989 -4.3609 -4.0742 -3.8323 -3.6253 -3.4429 -3.2772
 -3.1199 -2.9607 -2.7966 -2.6338 -2.4792 -2.1418 -1.8500 -1.5793 -1.3372 -1.1307
 -0.9545 -0.8023 -0.6718 -0.5617 -0.4694 -0.3916 -0.3262 -0.2715 -0.2264 -0.1902
 -0.1617
 -6.5129 -5.8909 -5.3516 -4.8862 -4.4832 -4.1364 -3.8394 -3.5859 -3.3675 -3.1757
 -3.0029 -2.8441 -2.6968 -2.5592 -2.4525 -2.1486 -1.8636 -1.5967 -1.3513
 [Fe/H] =  1.00 [alpha/Fe] = 0.00 BC value = F438W
 -8.3594 -8.1733 -7.9173 -7.5989 -7.2247 -6.8005 -6.3315 -5.8221 -5.2792 -4.7315
 -4.2525 -3.8964 -3.6354 -3.4281 -3.2469 -2.8277 -2.4359 -2.0754 -1.7504
 -7.8065 -8.1678 -8.2410 -8.0556 -7.6379 -7.0106 -6.2685 -5.6671 -5.1094 -4.5627
 -4.0917 -3.7382 -3.4783 -3.2747 -3.0998 -2.7061 -2.3284 -1.9789 -1.6658 -1.3891
 -7.2854 -7.5046 -7.1654 -7.0790 -6.9332 -6.6771 -6.1802 -5.5547 -4.9896 -4.4482
 -3.9808 -3.6211 -3.3549 -3.1495 -2.9775 -2.6004 -2.2436 -1.9065 -1.6047 -1.3396
 -1.1040
 -6.8054 -6.7265 -6.6536 -6.5712 -6.4549 -6.2701 -5.9653 -5.4643 -4.8988 -4.3679
 -3.9028 -3.5347 -3.2579 -3.0466 -2.8736 -2.5082 -2.1694 -1.8489 -1.5580 -1.3021
 -1.0766 -0.8761
 -6.3763 -6.2756 -6.1858 -6.0982 -5.9980 -5.8574 -5.6430 -5.2990 -4.8090 -4.3011
 -3.8436 -3.4695 -3.1825 -2.9624 -2.7857 -2.4266 -2.1026 -1.7983 -1.5197 -1.2726
 -1.0549 -0.8628 -0.6937 -0.5442
 -6.0127 -5.8864 -5.7747 -5.6726 -5.5712 -5.4547 -5.2970 -5.0574 -4.6902 -4.2356
 -3.7951 -3.4201 -3.1239 -2.8947 -2.7123 -2.3552 -2.0427 -1.7522 -1.4863 -1.2482
 -1.0378 -0.8526 -0.6906 -0.5492 -0.4248 -0.3100 -0.2010 -0.1077 -0.0381  0.0136
 -5.7497 -5.5829 -5.4380 -5.3117 -5.1959 -5.0811 -4.9510 -4.7771 -4.5179 -4.1516
 -3.7472 -3.3802 -3.0785 -2.8419 -2.6533 -2.2950 -1.9914 -1.7112 -1.4567 -1.2279
 -1.0245 -0.8453 -0.6898 -0.5545 -0.4372 -0.3328 -0.2361 -0.1450 -0.0676 -0.0136
  0.0236
 -5.5808 -5.3825 -5.2037 -5.0426 -4.8971 -4.7638 -4.6336 -4.4902 -4.3014 -4.0326
 -3.6898 -3.3435 -3.0446 -2.8029 -2.6086 -2.2472 -1.9505 -1.6778 -1.4314 -1.2112
 -1.0147 -0.8413 -0.6906 -0.5608 -0.4483 -0.3496 -0.2630 -0.1843 -0.1108 -0.0485
 -0.0083
 -5.5420 -5.2240 -4.9768 -4.7886 -4.6434 -4.5107 -4.3721 -4.2258 -4.0667 -3.8668
 -3.6018 -3.2985 -3.0128 -2.7716 -2.5747 -2.2098 -1.9188 -1.6511 -1.4097 -1.1958
 -1.0057 -0.8375 -0.6914 -0.5662 -0.4588 -0.3656 -0.2845 -0.2141 -0.1516 -0.0954
 -0.0477
 -5.6527 -5.2571 -4.9176 -4.6372 -4.4135 -4.2363 -4.0929 -3.9664 -3.8350 -3.6789
 -3.4826 -3.2402 -2.9850 -2.7531 -2.5562 -2.1878 -1.9011 -1.6385 -1.3991 -1.1884
 -1.0032 -0.8396 -0.6972 -0.5755 -0.4719 -0.3832 -0.3071 -0.2415 -0.1857 -0.1384
 -0.0987
 -5.8764 -5.4103 -5.0030 -4.6507 -4.3522 -4.1043 -3.8995 -3.7264 -3.5753 -3.4355
 -3.2913 -3.1234 -2.9273 -2.7258 -2.5410 -2.1776 -1.8946 -1.6368 -1.3984 -1.1879
 -1.0050 -0.8448 -0.7053 -0.5861 -0.4854 -0.4003 -0.3284 -0.2673 -0.2164 -0.1751
 -0.1421
 -6.2542 -5.6920 -5.2070 -4.7870 -4.4241 -4.1129 -3.8491 -3.6254 -3.4328 -3.2618
 -3.1049 -2.9557 -2.8056 -2.6523 -2.5291 -2.1792 -1.8993 -1.6460 -1.4076
