 [Fe/H] = -2.50 [alpha/Fe] = 0.00 BC value = F814W
  0.1472  0.1356  0.1125  0.0808  0.0591  0.0619  0.1881  0.2117  0.2392  0.2778
  0.3284  0.3877  0.4464  0.5099  0.5686  0.6787  0.7211  0.7210  0.7060
  0.1585  0.2319  0.2739  0.2877  0.2801  0.2751  0.2806  0.2927  0.3089  0.3297
  0.3614  0.4067  0.4608  0.5145  0.5624  0.6477  0.6892  0.6970  0.6865  0.6654
  0.2013  0.2609  0.3096  0.3459  0.3673  0.3706  0.3591  0.3517  0.3583  0.3774
  0.4004  0.4296  0.4703  0.5159  0.5583  0.6360  0.6718  0.6766  0.6647  0.6439
  0.6173
  0.2494  0.2960  0.3377  0.3739  0.4029  0.4231  0.4336  0.4337  0.4276  0.4280
  0.4404  0.4577  0.4834  0.5186  0.5549  0.6250  0.6579  0.6601  0.6466  0.6256
  0.5997  0.5701
  0.3179  0.3480  0.3773  0.4056  0.4319  0.4545  0.4721  0.4841  0.4910  0.4936
  0.4961  0.5032  0.5134  0.5324  0.5578  0.6184  0.6490  0.6492  0.6329  0.6104
  0.5843  0.5551  0.5233  0.4896
  0.4053  0.4190  0.4337  0.4502  0.4685  0.4868  0.5037  0.5182  0.5295  0.5386
  0.5461  0.5528  0.5579  0.5663  0.5793  0.6190  0.6462  0.6452  0.6253  0.5994
  0.5715  0.5416  0.5098  0.4760  0.4401  0.4016  0.3599  0.3146  0.2653  0.2120
  0.5040  0.5059  0.5069  0.5106  0.5178  0.5280  0.5396  0.5514  0.5623  0.5718
  0.5805  0.5890  0.5963  0.6027  0.6106  0.6326  0.6502  0.6482  0.6255  0.5948
  0.5629  0.5307  0.4976  0.4633  0.4280  0.3923  0.3544  0.3127  0.2655  0.2128
  0.1576
  0.6120  0.6026  0.5932  0.5859  0.5816  0.5814  0.5849  0.5907  0.5974  0.6045
  0.6114  0.6182  0.6251  0.6314  0.6383  0.6534  0.6617  0.6570  0.6331  0.5982
  0.5609  0.5243  0.4883  0.4523  0.4160  0.3793  0.3425  0.3039  0.2614  0.2136
  0.1595
  0.7211  0.7035  0.6870  0.6715  0.6579  0.6479  0.6419  0.6396  0.6398  0.6418
  0.6449  0.6485  0.6524  0.6565  0.6615  0.6735  0.6772  0.6691  0.6453  0.6082
  0.5661  0.5239  0.4832  0.4438  0.4052  0.3671  0.3288  0.2889  0.2473  0.2041
  0.1596
  0.8313  0.8086  0.7843  0.7628  0.7427  0.7248  0.7100  0.6989  0.6911  0.6862
  0.6835  0.6823  0.6822  0.6828  0.6842  0.6910  0.6923  0.6824  0.6591  0.6228
  0.5786  0.5319  0.4858  0.4416  0.3992  0.3584  0.3183  0.2787  0.2350  0.1942
  0.1552
  0.9425  0.9179  0.8851  0.8556  0.8317  0.8084  0.7869  0.7681  0.7523  0.7395
  0.7296  0.7220  0.7166  0.7127  0.7099  0.7075  0.7064  0.6953  0.6722  0.6375
  0.5940  0.5456  0.4956  0.4464  0.3992  0.3543  0.3111  0.2692  0.2283  0.1874
  0.1457
  1.0548  1.0314  0.9894  0.9489  0.9216  0.8945  0.8684  0.8440  0.8216  0.8014
  0.7839  0.7691  0.7570  0.7473  0.7386  0.7230  0.7195  0.7078  0.6846
 [Fe/H] = -2.00 [alpha/Fe] = 0.00 BC value = F814W
  0.1086  0.1433  0.1588  0.1597  0.1565  0.1581  0.2008  0.2132  0.2367  0.2730
  0.3218  0.3797  0.4400  0.4992  0.5531  0.6580  0.7128  0.7273  0.7153
  0.1705  0.2304  0.2541  0.2693  0.2806  0.2859  0.2878  0.2913  0.3013  0.3209
  0.3522  0.3960  0.4479  0.4997  0.5471  0.6379  0.6878  0.7013  0.6925  0.6725
  0.1837  0.2632  0.3189  0.3496  0.3521  0.3419  0.3384  0.3432  0.3522  0.3640
  0.3826  0.4111  0.4514  0.4966  0.5392  0.6219  0.6682  0.6810  0.6716  0.6514
  0.6250
  0.1910  0.2665  0.3267  0.3720  0.4020  0.4164  0.4127  0.3979  0.3905  0.3975
  0.4121  0.4312  0.4587  0.4953  0.5322  0.6086  0.6519  0.6644  0.6546  0.6341
  0.6082  0.5785
  0.2145  0.2791  0.3338  0.3795  0.4158  0.4422  0.4589  0.4661  0.4622  0.4528
  0.4513  0.4588  0.4748  0.5004  0.5316  0.5997  0.6404  0.6524  0.6418  0.6201
  0.5938  0.5643  0.5320  0.4970
  0.2605  0.3105  0.3549  0.3943  0.4288  0.4577  0.4805  0.4971  0.5083  0.5139
  0.5134  0.5117  0.5129  0.5221  0.5402  0.5968  0.6345  0.6461  0.6344  0.6103
  0.5820  0.5516  0.5192  0.4848  0.4484  0.4097  0.3679  0.3220  0.2701  0.2165
  0.3280  0.3631  0.3946  0.4241  0.4519  0.4777  0.5005  0.5195  0.5348  0.5471
  0.5566  0.5628  0.5645  0.5660  0.5721  0.6025  0.6346  0.6455  0.6333  0.6062
  0.5743  0.5414  0.5077  0.4728  0.4367  0.3992  0.3595  0.3172  0.2707  0.2175
  0.1621
  0.4120  0.4337  0.4529  0.4712  0.4897  0.5085  0.5270  0.5444  0.5596  0.5727
  0.5843  0.5944  0.6018  0.6070  0.6110  0.6248  0.6420  0.6504  0.6382  0.6089
  0.5726  0.5356  0.4990  0.4623  0.4254  0.3878  0.3491  0.3088  0.2661  0.2185
  0.1640
  0.5065  0.5178  0.5266  0.5349  0.5435  0.5534  0.5649  0.5772  0.5892  0.6004
  0.6106  0.6200  0.6284  0.6356  0.6416  0.6527  0.6592  0.6605  0.6476  0.6175
  0.5775  0.5354  0.4942  0.4543  0.4151  0.3762  0.3371  0.2974  0.2563  0.2127
  0.1643
  0.6036  0.6083  0.6097  0.6099  0.6101  0.6116  0.6149  0.6202  0.6267  0.6337
  0.6406  0.6470  0.6532  0.6592  0.6648  0.6760  0.6794  0.6747  0.6599  0.6305
  0.5893  0.5432  0.4971  0.4524  0.4096  0.3680  0.3271  0.2867  0.2460  0.2041
  0.1603
  0.6989  0.7001  0.6979  0.6925  0.6863  0.6807  0.6766  0.6745  0.6742  0.6754
  0.6774  0.6795  0.6820  0.6847  0.6877  0.6953  0.6976  0.6902  0.6731  0.6445
  0.6040  0.5566  0.5067  0.4573  0.4098  0.3642  0.3203  0.2776  0.2357  0.1939
  0.1514
  0.7886  0.7890  0.7853  0.7781  0.7683  0.7575  0.7475  0.7390  0.7320  0.7266
  0.7226  0.7195  0.7140  0.7137  0.7103  0.7106  0.7138  0.7070  0.6872
 [Fe/H] = -1.50 [alpha/Fe] = 0.00 BC value = F814W
 -0.0926 -0.0216  0.0281  0.0628  0.0887  0.1126  0.1404  0.1757  0.2172  0.2646
  0.3188  0.3779  0.4382  0.4937  0.5435  0.6427  0.7049  0.7310  0.7256
  0.0084  0.0876  0.1423  0.1773  0.1990  0.2141  0.2288  0.2480  0.2724  0.3031
  0.3417  0.3885  0.4401  0.4901  0.5355  0.6256  0.6821  0.7051  0.7013  0.6823
  0.0952  0.1798  0.2251  0.2538  0.2756  0.2896  0.2990  0.3093  0.3228  0.3411
  0.3659  0.3995  0.4417  0.4862  0.5278  0.6104  0.6625  0.6847  0.6814  0.6629
  0.6367
  0.1091  0.2132  0.2886  0.3360  0.3560  0.3541  0.3511  0.3554  0.3647  0.3775
  0.3941  0.4162  0.4469  0.4846  0.5222  0.5985  0.6468  0.6681  0.6654  0.6471
  0.6212  0.5911
  0.1092  0.2127  0.2945  0.3557  0.3987  0.4233  0.4301  0.4237  0.4122  0.4114
  0.4216  0.4380  0.4592  0.4878  0.5206  0.5907  0.6356  0.6558  0.6533  0.6347
  0.6083  0.5781  0.5451  0.5091
  0.1188  0.2148  0.2937  0.3570  0.4063  0.4425  0.4673  0.4821  0.4867  0.4800
  0.4713  0.4706  0.4805  0.4992  0.5246  0.5875  0.6292  0.6480  0.6453  0.6260
  0.5980  0.5667  0.5334  0.4980  0.4605  0.4209  0.3779  0.3301  0.2776  0.2242
  0.1482  0.2317  0.3026  0.3618  0.4108  0.4507  0.4818  0.5050  0.5214  0.5322
  0.5361  0.5328  0.5285  0.5301  0.5407  0.5893  0.6275  0.6450  0.6420  0.6217
  0.5915  0.5579  0.5231  0.4872  0.4500  0.4111  0.3701  0.3264  0.2786  0.2249
  0.1694
  0.2001  0.2687  0.3283  0.3795  0.4235  0.4615  0.4935  0.5200  0.5410  0.5574
  0.5704  0.5795  0.5828  0.5818  0.5819  0.6000  0.6306  0.6464  0.6432  0.6226
  0.5900  0.5530  0.5155  0.4778  0.4397  0.4009  0.3607  0.3189  0.2749  0.2263
  0.1712
  0.2717  0.3261  0.3733  0.4145  0.4508  0.4830  0.5118  0.5373  0.5591  0.5773
  0.5926  0.6054  0.6156  0.6220  0.6250  0.6299  0.6411  0.6523  0.6485  0.6279
  0.5938  0.5531  0.5116  0.4707  0.4304  0.3903  0.3498  0.3086  0.2660  0.2204
  0.1717
  0.3521  0.3958  0.4331  0.4649  0.4928  0.5177  0.5405  0.5618  0.5812  0.5984
  0.6133  0.6261  0.6373  0.6466  0.6537  0.6618  0.6633  0.6636  0.6575  0.6375
  0.6034  0.5604  0.5147  0.4695  0.4256  0.3829  0.3408  0.2989  0.2568  0.2135
  0.1683
  0.4333  0.4711  0.5022  0.5274  0.5481  0.5659  0.5820  0.5973  0.6119  0.6257
  0.6383  0.6491  0.6587  0.6672  0.6746  0.6865  0.6874  0.6812  0.6698  0.6493
  0.6162  0.5727  0.5241  0.4746  0.4263  0.3798  0.3347  0.2908  0.2475  0.2043
  0.1605
  0.5113  0.5457  0.5737  0.5959  0.6125  0.6249  0.6350  0.6443  0.6531  0.6618
  0.6702  0.6779  0.6842  0.6909  0.6877  0.7040  0.7134  0.7051  0.6854
 [Fe/H] = -1.00 [alpha/Fe] = 0.00 BC value = F814W
 -0.4563 -0.3590 -0.2794 -0.2098 -0.1443 -0.0746  0.0069  0.0992  0.1807  0.2526
  0.3194  0.3824  0.4411  0.4934  0.5397  0.6327  0.6974  0.7323  0.7370
 -0.3067 -0.2034 -0.1237 -0.0602 -0.0064  0.0451  0.1041  0.1678  0.2263  0.2809
  0.3349  0.3892  0.4418  0.4901  0.5331  0.6190  0.6776  0.7088  0.7132  0.6979
 -0.1987 -0.0907 -0.0077  0.0552  0.1036  0.1438  0.1844  0.2282  0.2700  0.3103
  0.3519  0.3964  0.4428  0.4874  0.5277  0.6078  0.6615  0.6900  0.6944  0.6801
  0.6546
 -0.0805  0.0255  0.0951  0.1475  0.1910  0.2256  0.2552  0.2851  0.3145  0.3436
  0.3740  0.4080  0.4463  0.4863  0.5240  0.5992  0.6490  0.6753  0.6796  0.6660
  0.6410  0.6102
 -0.0393  0.0927  0.1902  0.2567  0.2953  0.3117  0.3220  0.3372  0.3567  0.3781
  0.4010  0.4262  0.4553  0.4887  0.5229  0.5936  0.6400  0.6645  0.6682  0.6550
  0.6300  0.5992  0.5650  0.5276
 -0.0308  0.1042  0.2123  0.2951  0.3547  0.3940  0.4158  0.4225  0.4191  0.4197
  0.4304  0.4487  0.4709  0.4965  0.5256  0.5911  0.6345  0.6571  0.6602  0.6469
  0.6216  0.5900  0.5554  0.5184  0.4792  0.4372  0.3921  0.3426  0.2888  0.2353
 -0.0270  0.1060  0.2154  0.3029  0.3705  0.4209  0.4567  0.4807  0.4946  0.4979
  0.4930  0.4900  0.4963  0.5122  0.5339  0.5919  0.6323  0.6532  0.6556  0.6420
  0.6162  0.5832  0.5472  0.5096  0.4705  0.4296  0.3865  0.3405  0.2906  0.2361
  0.1809
 -0.0124  0.1127  0.2181  0.3047  0.3744  0.4293  0.4717  0.5036  0.5270  0.5434
  0.5536  0.5563  0.5534  0.5519  0.5570  0.5966  0.6335  0.6525  0.6544  0.6407
  0.6144  0.5797  0.5415  0.5022  0.4622  0.4212  0.3788  0.3348  0.2883  0.2381
  0.1824
  0.0226  0.1354  0.2324  0.3138  0.3809  0.4356  0.4803  0.5162  0.5444  0.5662
  0.5831  0.5957  0.6035  0.6059  0.6052  0.6129  0.6389  0.6556  0.6566  0.6428
  0.6162  0.5799  0.5389  0.4967  0.4546  0.4124  0.3696  0.3261  0.2812  0.2336
  0.1833
  0.0740  0.1732  0.2606  0.3340  0.3960  0.4477  0.4908  0.5269  0.5570  0.5816
  0.6015  0.6175  0.6302  0.6397  0.6455  0.6479  0.6523  0.6623  0.6623  0.6488
  0.6225  0.5856  0.5421  0.4965  0.4511  0.4065  0.3622  0.3182  0.2737  0.2282
  0.1807
  0.1348  0.2235  0.3022  0.3683  0.4240  0.4708  0.5102  0.5437  0.5725  0.5971
  0.6178  0.6350  0.6491  0.6606  0.6698  0.6806  0.6788  0.6756  0.6713  0.6576
  0.6320  0.5953  0.5504  0.5016  0.4525  0.4044  0.3574  0.3115  0.2661  0.2207
  0.1746
  0.1978  0.2781  0.3498  0.4115  0.4631  0.5054  0.5405  0.5702  0.5956  0.6178
  0.6371  0.6536  0.6674  0.6789  0.6781  0.7110  0.7184  0.6955  0.6836
 [Fe/H] = -0.75 [alpha/Fe] = 0.00 BC value = F814W
 -0.6991 -0.5924 -0.4995 -0.4120 -0.3227 -0.2213 -0.0983  0.0415  0.1572  0.2475
  0.3222  0.3870  0.4443  0.4952  0.5400  0.6297  0.6938  0.7320  0.7431
 -0.5197 -0.4069 -0.3153 -0.2367 -0.1637 -0.0869  0.0070  0.1089  0.1973  0.2702
  0.3340  0.3921  0.4452  0.4926  0.5346  0.6180  0.6764  0.7096  0.7191  0.7070
 -0.3914 -0.2702 -0.1747 -0.0981 -0.0339  0.0259  0.0933  0.1676  0.2352  0.2937
  0.3467  0.3974  0.4459  0.4906  0.5304  0.6089  0.6626  0.6932  0.7011  0.6898
  0.6655
 -0.2667 -0.1572 -0.0645  0.0114  0.0725  0.1234  0.1721  0.2253  0.2761  0.3217
  0.3642  0.4061  0.4486  0.4898  0.5276  0.6021  0.6519  0.6800  0.6869  0.6762
  0.6527  0.6219
 -0.1793 -0.0485  0.0682  0.1295  0.1720  0.2091  0.2451  0.2823  0.3197  0.3547
  0.3877  0.4207  0.4556  0.4918  0.5269  0.5976  0.6443  0.6701  0.6761  0.6655
  0.6424  0.6119  0.5773  0.5394
 -0.1325  0.0235  0.1389  0.2252  0.2861  0.3245  0.3436  0.3546  0.3692  0.3904
  0.4151  0.4412  0.4686  0.4982  0.5290  0.5956  0.6394  0.6633  0.6684  0.6576
  0.6347  0.6038  0.5689  0.5314  0.4912  0.4483  0.4019  0.3510  0.2964  0.2427
 -0.1149  0.0355  0.1584  0.2558  0.3301  0.3844  0.4222  0.4466  0.4584  0.4601
  0.4612  0.4702  0.4880  0.5106  0.5357  0.5962  0.6374  0.6594  0.6637  0.6527
  0.6296  0.5980  0.5620  0.5238  0.4837  0.4417  0.3972  0.3500  0.2989  0.2437
  0.1885
 -0.1111  0.0377  0.1619  0.2629  0.3433  0.4054  0.4520  0.4862  0.5106  0.5269
  0.5348  0.5351  0.5338  0.5383  0.5511  0.6000  0.6383  0.6584  0.6620  0.6509
  0.6275  0.5951  0.5574  0.5176  0.4766  0.4345  0.3909  0.3454  0.2976  0.2461
  0.1901
 -0.0958  0.0461  0.1666  0.2669  0.3484  0.4134  0.4647  0.5045  0.5349  0.5579
  0.5751  0.5869  0.5929  0.5936  0.5933  0.6105  0.6427  0.6607  0.6634  0.6520
  0.6284  0.5951  0.5555  0.5131  0.4701  0.4268  0.3827  0.3379  0.2916  0.2431
  0.1912
 -0.0647  0.0650  0.1791  0.2749  0.3544  0.4193  0.4717  0.5142  0.5483  0.5754
  0.5966  0.6133  0.6261  0.6350  0.6395  0.6412  0.6517  0.6661  0.6678  0.6566
  0.6333  0.5996  0.5584  0.5134  0.4675  0.4219  0.3765  0.3311  0.2853  0.2383
  0.1896
 -0.0197  0.0987  0.2032  0.2937  0.3690  0.4313  0.4825  0.5248  0.5597  0.5886
  0.6122  0.6312  0.6465  0.6586  0.6680  0.6772  0.6757  0.6763  0.6754  0.6639
  0.6411  0.6076  0.5656  0.5183  0.4693  0.4206  0.3726  0.3255  0.2788  0.2320
  0.1846
  0.0324  0.1395  0.2365  0.3221  0.3936  0.4527  0.5014  0.5418  0.5754  0.6036
  0.6275  0.6473  0.6635  0.6766  0.6788  0.7185  0.7147  0.6913  0.6862
 [Fe/H] = -0.50 [alpha/Fe] = 0.00 BC value = F814W
 -0.9672 -0.8600 -0.7607 -0.6593 -0.5460 -0.4076 -0.2323 -0.0303  0.1310  0.2444
  0.3268  0.3934  0.4500  0.4991  0.5421  0.6288  0.6913  0.7317  0.7476
 -0.7581 -0.6428 -0.5447 -0.4544 -0.3625 -0.2564 -0.1197  0.0335  0.1635  0.2609
  0.3356  0.3972  0.4507  0.4973  0.5382  0.6192  0.6767  0.7125  0.7251  0.7167
 -0.6041 -0.4771 -0.3741 -0.2874 -0.2085 -0.1268 -0.0265  0.0891  0.1935  0.2772
  0.3440  0.4008  0.4510  0.4958  0.5351  0.6121  0.6653  0.6975  0.7082  0.7001
  0.6777
 -0.4833 -0.3508 -0.2420 -0.1533 -0.0789 -0.0116  0.0605  0.1457  0.2280  0.2978
  0.3560  0.4066  0.4529  0.4951  0.5330  0.6068  0.6565  0.6859  0.6951  0.6871
  0.6656  0.6353
 -0.3222 -0.2049 -0.1157 -0.0391  0.0293  0.0894  0.1451  0.2061  0.2687  0.3250
  0.3737  0.4171  0.4579  0.4967  0.5324  0.6033  0.6501  0.6772  0.6852  0.6769
  0.6560  0.6263  0.5915  0.5530
 -0.2362 -0.0878  0.0254  0.1076  0.1638  0.2020  0.2347  0.2721  0.3153  0.3583
  0.3977  0.4335  0.4678  0.5016  0.5343  0.6018  0.6460  0.6710  0.6780  0.6694
  0.6488  0.6193  0.5844  0.5463  0.5052  0.4611  0.4133  0.3611  0.3055  0.2514
 -0.2095 -0.0488  0.0812  0.1831  0.2599  0.3159  0.3545  0.3789  0.3946  0.4099
  0.4305  0.4561  0.4836  0.5115  0.5397  0.6024  0.6443  0.6673  0.6734  0.6646
  0.6439  0.6143  0.5788  0.5401  0.4992  0.4560  0.4103  0.3615  0.3088  0.2527
  0.1974
 -0.2046 -0.0393  0.0978  0.2091  0.2967  0.3639  0.4143  0.4517  0.4785  0.4953
  0.5030  0.5068  0.5145  0.5298  0.5506  0.6055  0.6450  0.6662  0.6715  0.6625
  0.6416  0.6116  0.5752  0.5352  0.4934  0.4502  0.4051  0.3582  0.3088  0.2559
  0.1991
 -0.2025 -0.0370  0.1018  0.2167  0.3097  0.3832  0.4404  0.4841  0.5173  0.5423
  0.5605  0.5718  0.5767  0.5782  0.5819  0.6132  0.6489  0.6681  0.6723  0.6630
  0.6419  0.6113  0.5736  0.5317  0.4881  0.4438  0.3984  0.3521  0.3043  0.2542
  0.2009
 -0.1923 -0.0345  0.1033  0.2184  0.3133  0.3898  0.4506  0.4988  0.5365  0.5658
  0.5887  0.6063  0.6193  0.6276  0.6313  0.6361  0.6557  0.6727  0.6758  0.6665
  0.6455  0.6146  0.5760  0.5323  0.4864  0.4401  0.3935  0.3467  0.2993  0.2508
  0.2005
 -0.1680 -0.0194  0.1107  0.2243  0.3182  0.3952  0.4575  0.5076  0.5479  0.5803
  0.6062  0.6268  0.6431  0.6558  0.6653  0.6735  0.6744  0.6808  0.6823  0.6725
  0.6518  0.6211  0.5820  0.5368  0.4885  0.4396  0.3907  0.3424  0.2943  0.2459
  0.1968
 -0.1315  0.0052  0.1286  0.2366  0.3293  0.4052  0.4674  0.5179  0.5589  0.5925
  0.6201  0.6424  0.6604  0.6748  0.6839  0.7254  0.7050  0.6924  0.6918
 [Fe/H] = -0.25 [alpha/Fe] = 0.00 BC value = F814W
 -1.2350 -1.1406 -1.0478 -0.9434 -0.8114 -0.6346 -0.3984 -0.1209  0.0944  0.2347
  0.3275  0.3964  0.4525  0.5002  0.5420  0.6257  0.6869  0.7286  0.7489
 -1.0050 -0.8987 -0.8042 -0.7099 -0.6031 -0.4673 -0.2816 -0.0648  0.1182  0.2462
  0.3338  0.3993  0.4531  0.4990  0.5389  0.6178  0.6745  0.7118  0.7282  0.7243
 -0.8261 -0.7042 -0.6028 -0.5125 -0.4225 -0.3188 -0.1817 -0.0149  0.1384  0.2550
  0.3385  0.4016  0.4535  0.4980  0.5367  0.6123  0.6652  0.6988  0.7126  0.7079
  0.6884
 -0.6907 -0.5540 -0.4418 -0.3484 -0.2656 -0.1832 -0.0850  0.0396  0.1639  0.2669
  0.3450  0.4051  0.4548  0.4978  0.5354  0.6084  0.6581  0.6889  0.7006  0.6953
  0.6765  0.6478
 -0.5477 -0.4232 -0.3120 -0.2161 -0.1338 -0.0605  0.0129  0.1019  0.1987  0.2856
  0.3558  0.4116  0.4583  0.4991  0.5354  0.6060  0.6529  0.6812  0.6915  0.6857
  0.6673  0.6393  0.6051  0.5667
 -0.3783 -0.2429 -0.1440 -0.0708 -0.0087  0.0509  0.1096  0.1724  0.2437  0.3132
  0.3733  0.4230  0.4654  0.5031  0.5372  0.6052  0.6497  0.6757  0.6849  0.6786
  0.6602  0.6327  0.5988  0.5607  0.5194  0.4747  0.4260  0.3725  0.3163  0.2617
 -0.3137 -0.1519 -0.0236  0.0741  0.1466  0.1989  0.2363  0.2688  0.3073  0.3529
  0.3989  0.4406  0.4775  0.5108  0.5419  0.6062  0.6485  0.6724  0.6805  0.6738
  0.6554  0.6280  0.5940  0.5557  0.5145  0.4708  0.4243  0.3743  0.3203  0.2635
  0.2080
 -0.2954 -0.1221  0.0209  0.1359  0.2257  0.2946  0.3469  0.3864  0.4159  0.4372
  0.4547  0.4740  0.4978  0.5242  0.5506  0.6093  0.6495  0.6715  0.6784  0.6715
  0.6528  0.6252  0.5908  0.5517  0.5100  0.4663  0.4204  0.3725  0.3218  0.2675
  0.2099
 -0.2943 -0.1158  0.0346  0.1585  0.2585  0.3374  0.3987  0.4463  0.4835  0.5123
  0.5327  0.5449  0.5519  0.5592  0.5712  0.6160  0.6534  0.6735  0.6789  0.6715
  0.6526  0.6243  0.5892  0.5489  0.5058  0.4612  0.4151  0.3677  0.3186  0.2672
  0.2125
 -0.3006 -0.1209  0.0332  0.1621  0.2681  0.3534  0.4210  0.4741  0.5156  0.5482
  0.5738  0.5931  0.6067  0.6145  0.6186  0.6318  0.6596  0.6779  0.6821  0.6743
  0.6553  0.6267  0.5909  0.5496  0.5049  0.4587  0.4115  0.3638  0.3151  0.2653
  0.2134
 -0.2982 -0.1236  0.0293  0.1606  0.2696  0.3588  0.4303  0.4873  0.5325  0.5683
  0.5966  0.6191  0.6368  0.6502  0.6596  0.6677  0.6734  0.6853  0.6881  0.6796
  0.6606  0.6320  0.5957  0.5534  0.5072  0.4589  0.4099  0.3608  0.3116  0.2618
  0.2112
 -0.2825 -0.1177  0.0307  0.1599  0.2708  0.3619  0.4359  0.4955  0.5431  0.5813
  0.6120  0.6366  0.6563  0.6719  0.6942  0.7237  0.6948  0.6957  0.6969
 [Fe/H] =  0.00 [alpha/Fe] = 0.00 BC value = F814W
 -1.4647 -1.3941 -1.3213 -1.2287 -1.0912 -0.8674 -0.5563 -0.2015  0.0643  0.2346
  0.3396  0.4116  0.4676  0.5147  0.5549  0.6354  0.6937  0.7341  0.7566
 -1.2300 -1.1441 -1.0652 -0.9785 -0.8643 -0.6988 -0.4541 -0.1636  0.0773  0.2398
  0.3427  0.4132  0.4677  0.5130  0.5521  0.6286  0.6834  0.7205  0.7389  0.7381
 -1.0362 -0.9307 -0.8412 -0.7562 -0.6609 -0.5361 -0.3561 -0.1276  0.0837  0.2393
  0.3426  0.4134  0.4672  0.5117  0.5500  0.6242  0.6761  0.7101  0.7256  0.7232
  0.7057
 -0.8844 -0.7577 -0.6533 -0.5636 -0.4778 -0.3816 -0.2538 -0.0821  0.0951  0.2395
  0.3421  0.4135  0.4672  0.5110  0.5486  0.6210  0.6704  0.7018  0.7154  0.7121
  0.6949  0.6671
 -0.7257 -0.6195 -0.5027 -0.4041 -0.3184 -0.2361 -0.1440 -0.0215  0.1188  0.2459
  0.3440  0.4150  0.4683  0.5114  0.5481  0.6189  0.6660  0.6953  0.7076  0.7036
  0.6866  0.6597  0.6254  0.5860
 -0.5625 -0.4515 -0.3564 -0.2670 -0.1835 -0.1063 -0.0318  0.0539  0.1581  0.2630
  0.3516  0.4196  0.4717  0.5136  0.5492  0.6181  0.6632  0.6904  0.7016  0.6973
  0.6804  0.6540  0.6203  0.5816  0.5392  0.4933  0.4427  0.3870  0.3296  0.2738
 -0.4296 -0.2796 -0.1660 -0.0825 -0.0201  0.0326  0.0852  0.1433  0.2142  0.2936
  0.3679  0.4296  0.4787  0.5186  0.5526  0.6187  0.6621  0.6872  0.6974  0.6929
  0.6760  0.6498  0.6164  0.5780  0.5359  0.4911  0.4430  0.3909  0.3346  0.2765
  0.2199
 -0.3849 -0.2128 -0.0724  0.0379  0.1226  0.1875  0.2377  0.2772  0.3144  0.3562
  0.4025  0.4490  0.4912  0.5274  0.5588  0.6214  0.6629  0.6862  0.6950  0.6904
  0.6735  0.6472  0.6139  0.5753  0.5330  0.4882  0.4409  0.3910  0.3383  0.2816
  0.2227
 -0.3754 -0.1920 -0.0378  0.0886  0.1897  0.2692  0.3318  0.3819  0.4232  0.4574
  0.4847  0.5064  0.5263  0.5478  0.5715  0.6270  0.6663  0.6878  0.6949  0.6897
  0.6727  0.6461  0.6124  0.5733  0.5303  0.4849  0.4376  0.3883  0.3372  0.2835
  0.2265
 -0.3872 -0.1958 -0.0332  0.1031  0.2149  0.3048  0.3763  0.4331  0.4788  0.5165
  0.5472  0.5707  0.5872  0.5983  0.6072  0.6371  0.6714  0.6915  0.6973  0.6913
  0.6744  0.6477  0.6137  0.5740  0.5303  0.4839  0.4358  0.3864  0.3358  0.2835
  0.2295
 -0.4009 -0.2091 -0.0405  0.1017  0.2205  0.3177  0.3958  0.4583  0.5079  0.5477
  0.5800  0.6061  0.6267  0.6420  0.6525  0.6659  0.6810  0.6977  0.7022  0.6954
  0.6784  0.6518  0.6175  0.5773  0.5327  0.4850  0.4356  0.3852  0.3342  0.2824
  0.2294
 -0.4067 -0.2200 -0.0523  0.0938  0.2175  0.3199  0.4031  0.4700  0.5233  0.5659
  0.6001  0.6276  0.6498  0.6675  0.7074  0.7134  0.6951  0.7064  0.7096
 [Fe/H] =  0.25 [alpha/Fe] = 0.00 BC value = F814W
 -1.6381 -1.5978 -1.5564 -1.4205 -1.1964 -0.9149 -0.6015 -0.2776  0.0215  0.2230
  0.3445  0.4224  0.4795  0.5257  0.5659  0.6439  0.7000  0.7381  0.7630
 -1.4114 -1.3549 -1.3037 -1.2397 -1.1344 -0.9405 -0.6416 -0.2721  0.0223  0.2220
  0.3446  0.4228  0.4790  0.5241  0.5624  0.6373  0.6905  0.7271  0.7472  0.7494
 -1.2144 -1.1353 -1.0696 -1.0030 -0.9149 -0.7771 -0.5554 -0.2587  0.0144  0.2126
  0.3397  0.4209  0.4778  0.5226  0.5603  0.6333  0.6844  0.7186  0.7361  0.7365
  0.7222
 -1.0528 -0.9481 -0.8631 -0.7884 -0.7094 -0.6060 -0.4510 -0.2272  0.0092  0.2010
  0.3320  0.4177  0.4766  0.5216  0.5589  0.6304  0.6796  0.7118  0.7275  0.7268
  0.7117  0.6854
 -0.9229 -0.7961 -0.6911 -0.6029 -0.5235 -0.4385 -0.3296 -0.1718  0.0186  0.1934
  0.3246  0.4141  0.4756  0.5213  0.5583  0.6286  0.6759  0.7062  0.7206  0.7192
  0.7041  0.6785  0.6449  0.6053
 -0.7734 -0.6558 -0.5467 -0.4495 -0.3633 -0.2834 -0.1996 -0.0917  0.0494  0.1973
  0.3214  0.4116  0.4754  0.5221  0.5590  0.6279  0.6734  0.7018  0.7151  0.7134
  0.6983  0.6731  0.6403  0.6017  0.5589  0.5120  0.4604  0.4030  0.3447  0.2878
 -0.5612 -0.4437 -0.3533 -0.2831 -0.2148 -0.1443 -0.0722  0.0056  0.1036  0.2182
  0.3266  0.4131  0.4771  0.5244  0.5613  0.6287  0.6726  0.6989  0.7110  0.7091
  0.6941  0.6691  0.6368  0.5988  0.5567  0.5112  0.4621  0.4088  0.3507  0.2916
  0.2339
 -0.4716 -0.3114 -0.1854 -0.0907 -0.0203  0.0338  0.0801  0.1281  0.1870  0.2628
  0.3461  0.4219  0.4826  0.5292  0.5657  0.6312  0.6735  0.6979  0.7084  0.7063
  0.6915  0.6666  0.6344  0.5967  0.5549  0.5100  0.4620  0.4110  0.3565  0.2978
  0.2378
 -0.4442 -0.2653 -0.1156  0.0051  0.0997  0.1733  0.2321  0.2798  0.3220  0.3642
  0.4095  0.4558  0.5003  0.5401  0.5739  0.6364  0.6768  0.6995  0.7082  0.7051
  0.6903  0.6654  0.6330  0.5952  0.5532  0.5081  0.4604  0.4102  0.3575  0.3019
  0.2428
 -0.4508 -0.2601 -0.0965  0.0402  0.1517  0.2409  0.3118  0.3694  0.4179  0.4604
  0.4975  0.5288  0.5542  0.5755  0.5953  0.6439  0.6816  0.7030  0.7101  0.7060
  0.6913  0.6665  0.6341  0.5960  0.5538  0.5083  0.4602  0.4102  0.3583  0.3043
  0.2481
 -0.4726 -0.2745 -0.1010  0.0463  0.1691  0.2695  0.3504  0.4155  0.4683  0.5124
  0.5501  0.5818  0.6071  0.6260  0.6399  0.6643  0.6894  0.7087  0.7145  0.7093
  0.6943  0.6698  0.6374  0.5990  0.5563  0.5101  0.4612  0.4106  0.3585  0.3051
  0.2502
 -0.4957 -0.2964 -0.1183  0.0379  0.1684  0.2773  0.3660  0.4377  0.4953  0.5418
  0.5800  0.6116  0.6377  0.6587  0.7077  0.6976  0.7002  0.7166  0.7214
 [Fe/H] =  0.50 [alpha/Fe] = 0.00 BC value = F814W
 -1.7536 -1.8320 -1.7982 -1.6639 -1.4392 -1.1333 -0.7540 -0.3431 -0.0266  0.2035
  0.3458  0.4331  0.4929  0.5397  0.5788  0.6557  0.7088  0.7449  0.7708
 -1.5389 -1.5169 -1.4979 -1.4664 -1.3603 -1.1456 -0.8020 -0.3697 -0.0375  0.1968
  0.3427  0.4316  0.4915  0.5372  0.5753  0.6489  0.7005  0.7361  0.7559  0.7600
 -1.3449 -1.3010 -1.2637 -1.2263 -1.1590 -1.0208 -0.7592 -0.3913 -0.0615  0.1781
  0.3320  0.4270  0.4893  0.5352  0.5728  0.6448  0.6952  0.7292  0.7480  0.7510
  0.7390
 -1.1802 -1.1051 -1.0486 -0.9994 -0.9389 -0.8391 -0.6610 -0.3831 -0.0846  0.1540
  0.3170  0.4198  0.4863  0.5336  0.5711  0.6418  0.6908  0.7233  0.7408  0.7427
  0.7299  0.7051
 -1.0471 -0.9439 -0.8622 -0.7954 -0.7327 -0.6535 -0.5329 -0.3395 -0.0938  0.1321
  0.2996  0.4103  0.4825  0.5323  0.5702  0.6398  0.6873  0.7183  0.7347  0.7360
  0.7231  0.6989  0.6660  0.6263
 -0.9254 -0.8079 -0.7071 -0.6220 -0.5477 -0.4748 -0.3870 -0.2574 -0.0759  0.1204
  0.2839  0.4002  0.4780  0.5312  0.5703  0.6391  0.6849  0.7142  0.7296  0.7306
  0.7178  0.6939  0.6618  0.6234  0.5802  0.5327  0.4798  0.4218  0.3622  0.3038
 -0.7304 -0.6092 -0.5496 -0.4688 -0.3904 -0.3151 -0.2393 -0.1493 -0.0251  0.1284
  0.2759  0.3918  0.4739  0.5305  0.5713  0.6399  0.6841  0.7115  0.7255  0.7264
  0.7137  0.6901  0.6586  0.6210  0.5790  0.5331  0.4832  0.4287  0.3689  0.3090
  0.2500
 -0.5561 -0.4219 -0.3240 -0.2558 -0.2033 -0.1529 -0.0949 -0.0275  0.0556  0.1634
  0.2832  0.3900  0.4720  0.5309  0.5735  0.6423  0.6850  0.7105  0.7229  0.7233
  0.7110  0.6876  0.6564  0.6194  0.5780  0.5331  0.4848  0.4329  0.3769  0.3162
  0.2553
 -0.5004 -0.3350 -0.1994 -0.0941 -0.0151  0.0449  0.0927  0.1351  0.1816  0.2427
  0.3212  0.4045  0.4778  0.5352  0.5782  0.6471  0.6883  0.7121  0.7224  0.7217
  0.7095  0.6864  0.6551  0.6182  0.5770  0.5325  0.4847  0.4340  0.3801  0.3228
  0.2615
 -0.4946 -0.3126 -0.1562 -0.0264  0.0776  0.1593  0.2241  0.2780  0.3248  0.3686
  0.4144  0.4625  0.5093  0.5515  0.5879  0.6533  0.6930  0.7155  0.7241  0.7220
  0.7098  0.6872  0.6561  0.6192  0.5781  0.5336  0.4860  0.4358  0.3829  0.3275
  0.2694
 -0.5153 -0.3208 -0.1511 -0.0060  0.1148  0.2131  0.2919  0.3558  0.4093  0.4562
  0.4989  0.5375  0.5713  0.5993  0.6223  0.6662  0.7000  0.7209  0.7282  0.7247
  0.7119  0.6897  0.6591  0.6221  0.5808  0.5360  0.4881  0.4377  0.3851  0.3305
  0.2740
 -0.5461 -0.3463 -0.1661 -0.0103  0.1224  0.2326  0.3228  0.3959  0.4553  0.5047
  0.5471  0.5840  0.6159  0.6421  0.6814  0.6858  0.7093  0.7283  0.7347
 [Fe/H] =  0.75 [alpha/Fe] = 0.00 BC value = F814W
 -1.8252 -1.7455 -1.6163 -1.4429 -1.2299 -0.9813 -0.7008 -0.3915 -0.0744  0.1768
  0.3417  0.4421  0.5074  0.5554  0.5949  0.6711  0.7212  0.7553  0.7799
 -1.6199 -1.6274 -1.6463 -1.6485 -1.5324 -1.2802 -0.8989 -0.4459 -0.0991  0.1627
  0.3338  0.4379  0.5045  0.5524  0.5907  0.6637  0.7141  0.7479  0.7688  0.7757
 -1.4285 -1.4300 -1.4149 -1.4108 -1.3729 -1.2472 -0.9482 -0.5067 -0.1390  0.1346
  0.3171  0.4296  0.5003  0.5493  0.5875  0.6591  0.7088  0.7422  0.7616  0.7668
  0.7568
 -1.2604 -1.2188 -1.1957 -1.1787 -1.1462 -1.0620 -0.8721 -0.5396 -0.1819  0.0983
  0.2937  0.4172  0.4947  0.5465  0.5852  0.6556  0.7044  0.7372  0.7557  0.7599
  0.7494  0.7263
 -1.1244 -1.0516 -1.0006 -0.9634 -0.9270 -0.8641 -0.7412 -0.5150 -0.2123  0.0624
  0.2659  0.4010  0.4871  0.5434  0.5836  0.6532  0.7007  0.7324  0.7503  0.7542
  0.7437  0.7210  0.6887  0.6492
 -1.0122 -0.9141 -0.8361 -0.7749 -0.7230 -0.6668 -0.5829 -0.4360 -0.2129  0.0337
  0.2381  0.3824  0.4774  0.5396  0.5825  0.6522  0.6981  0.7283  0.7454  0.7492
  0.7390  0.7167  0.6852  0.6469  0.6033  0.5549  0.5007  0.4412  0.3818  0.3220
 -0.8667 -0.7756 -0.6917 -0.6152 -0.5475 -0.4845 -0.4156 -0.3188 -0.1690  0.0262
  0.2161  0.3641  0.4668  0.5352  0.5817  0.6527  0.6971  0.7255  0.7412  0.7448
  0.7351  0.7132  0.6825  0.6451  0.6029  0.5565  0.5059  0.4501  0.3892  0.3287
  0.2682
 -0.6419 -0.5539 -0.4862 -0.4340 -0.3831 -0.3228 -0.2570 -0.1835 -0.0847  0.0521
  0.2101  0.3508  0.4564  0.5304  0.5811  0.6549  0.6979  0.7245  0.7384  0.7413
  0.7320  0.7108  0.6806  0.6440  0.6027  0.5576  0.5089  0.4563  0.3990  0.3369
  0.2751
 -0.5437 -0.4011 -0.2913 -0.2113 -0.1568 -0.1172 -0.0798 -0.0328  0.0311  0.1194
  0.2332  0.3522  0.4531  0.5285  0.5821  0.6592  0.7011  0.7259  0.7378  0.7393
  0.7300  0.7094  0.6795  0.6431  0.6023  0.5580  0.5103  0.4592  0.4045  0.3457
  0.2825
 -0.5187 -0.3529 -0.2113 -0.0964 -0.0080  0.0586  0.1105  0.1537  0.1939  0.2402
  0.3029  0.3817  0.4623  0.5312  0.5843  0.6642  0.7058  0.7292  0.7392  0.7391
  0.7295  0.7095  0.6803  0.6443  0.6038  0.5599  0.5127  0.4626  0.4093  0.3527
  0.2930
 -0.5296 -0.3494 -0.1902 -0.0540  0.0585  0.1484  0.2195  0.2773  0.3271  0.3728
  0.4175  0.4649  0.5143  0.5611  0.6018  0.6723  0.7123  0.7345  0.7431  0.7413
  0.7308  0.7112  0.6827  0.6471  0.6066  0.5628  0.5157  0.4660  0.4134  0.3581
  0.3000
 -0.5620 -0.3708 -0.1987 -0.0485  0.0798  0.1864  0.2733  0.3436  0.4015  0.4513
  0.4964  0.5384  0.5770  0.6117  0.6346  0.6835  0.7206  0.7418  0.7495
 [Fe/H] =  1.00 [alpha/Fe] = 0.00 BC value = F814W
 -1.8696 -1.8037 -1.6837 -1.5155 -1.3041 -1.0538 -0.7687 -0.4520 -0.1248  0.1421
  0.3311  0.4481  0.5217  0.5731  0.6133  0.6886  0.7377  0.7695  0.7904
 -1.6680 -2.1382 -2.3348 -2.2860 -2.0164 -1.5476 -0.9663 -0.5180 -0.1641  0.1194
  0.3172  0.4400  0.5165  0.5686  0.6085  0.6813  0.7311  0.7637  0.7831  0.7910
 -1.4728 -1.7823 -1.5271 -1.5545 -1.5466 -1.4419 -1.0812 -0.5965 -0.2179  0.0820
  0.2928  0.4265  0.5094  0.5640  0.6043  0.6764  0.7257  0.7583  0.7775  0.7839
  0.7763
 -1.2981 -1.2919 -1.3035 -1.3197 -1.3180 -1.2579 -1.0673 -0.6791 -0.2796  0.0343
  0.2599  0.4074  0.4999  0.5591  0.6008  0.6722  0.7210  0.7537  0.7725  0.7783
  0.7704  0.7490
 -1.1558 -1.1169 -1.1000 -1.0964 -1.0916 -1.0530 -0.9387 -0.6882 -0.3326 -0.0155
  0.2221  0.3837  0.4872  0.5533  0.5978  0.6691  0.7167  0.7490  0.7676  0.7735
  0.7657  0.7447  0.7132  0.6736
 -1.0439 -0.9741 -0.9263 -0.8960 -0.8741 -0.8428 -0.7724 -0.6167 -0.3544 -0.0603
  0.1822  0.3559  0.4712  0.5457  0.5947  0.6676  0.7135  0.7446  0.7629  0.7689
  0.7614  0.7411  0.7105  0.6724  0.6285  0.5787  0.5228  0.4633  0.4034  0.3422
 -0.9358 -0.8512 -0.7818 -0.7263 -0.6825 -0.6421 -0.5891 -0.4934 -0.3215 -0.0842
  0.1469  0.3269  0.4531  0.5362  0.5912  0.6676  0.7121  0.7414  0.7586  0.7644
  0.7577  0.7382  0.7085  0.6713  0.6291  0.5822  0.5300  0.4726  0.4115  0.3505
  0.2885
 -0.7309 -0.6782 -0.6246 -0.5706 -0.5172 -0.4649 -0.4105 -0.3429 -0.2348 -0.0701
  0.1266  0.3026  0.4343  0.5254  0.5869  0.6691  0.7126  0.7399  0.7554  0.7606
  0.7544  0.7359  0.7071  0.6708  0.6293  0.5837  0.5345  0.4810  0.4223  0.3596
  0.2972
 -0.5732 -0.4633 -0.3892 -0.3429 -0.3141 -0.2846 -0.2426 -0.1860 -0.1120 -0.0049
  0.1389  0.2922  0.4214  0.5168  0.5832  0.6724  0.7156  0.7412  0.7545  0.7582
  0.7518  0.7341  0.7060  0.6704  0.6297  0.5851  0.5370  0.4857  0.4303  0.3701
  0.3058
 -0.5235 -0.3798 -0.2603 -0.1688 -0.1041 -0.0597 -0.0280  0.0007  0.0387  0.0988
  0.1892  0.3035  0.4168  0.5099  0.5792  0.6758  0.7201  0.7442  0.7557  0.7575
  0.7505  0.7336  0.7066  0.6718  0.6317  0.5878  0.5406  0.4904  0.4370  0.3796
  0.3185
 -0.5206 -0.3593 -0.2168 -0.0959  0.0016  0.0766  0.1338  0.1796  0.2193  0.2583
  0.3041  0.3661  0.4428  0.5191  0.5831  0.6806  0.7262  0.7494  0.7593  0.7592
  0.7510  0.7342  0.7082  0.6742  0.6347  0.5912  0.5445  0.4951  0.4427  0.3871
  0.3282
 -0.5463 -0.3714 -0.2142 -0.0757  0.0426  0.1402  0.2185  0.2812  0.3333  0.3798
  0.4239  0.4680  0.5148  0.5636  0.5949  0.6868  0.7339  0.7568  0.7653
