 [Fe/H] = -2.50 [alpha/Fe] = 0.00 BC value =F350LP
 -1.6667 -1.5850 -1.4910 -1.4033 -1.3310 -1.2857 -1.3599 -1.3255 -1.2787 -1.2127
 -1.1311 -1.0598 -0.9643 -0.8612 -0.7627 -0.5542 -0.3869 -0.2617 -0.1603
 -1.5891 -1.4588 -1.3692 -1.3162 -1.2915 -1.2660 -1.2303 -1.1884 -1.1430 -1.0931
 -1.0309 -0.9525 -0.8632 -0.7734 -0.6888 -0.5049 -0.3580 -0.2446 -0.1594 -0.0943
 -1.5157 -1.3998 -1.2987 -1.2161 -1.1554 -1.1199 -1.1040 -1.0836 -1.0464 -0.9951
 -0.9399 -0.8776 -0.8018 -0.7203 -0.6422 -0.4740 -0.3408 -0.2378 -0.1600 -0.1005
 -0.0535
 -1.4495 -1.3476 -1.2533 -1.1683 -1.0952 -1.0365 -0.9928 -0.9634 -0.9412 -0.9094
 -0.8620 -0.8091 -0.7476 -0.6767 -0.6052 -0.4490 -0.3269 -0.2335 -0.1630 -0.1087
 -0.0656 -0.0302
 -1.3667 -1.2840 -1.2042 -1.1273 -1.0550 -0.9900 -0.9346 -0.8889 -0.8509 -0.8179
 -0.7831 -0.7405 -0.6928 -0.6355 -0.5734 -0.4290 -0.3154 -0.2301 -0.1664 -0.1175
 -0.0785 -0.0464 -0.0191  0.0053
 -1.2668 -1.2038 -1.1416 -1.0785 -1.0146 -0.9522 -0.8940 -0.8422 -0.7969 -0.7557
 -0.7163 -0.6766 -0.6366 -0.5909 -0.5398 -0.4120 -0.3053 -0.2257 -0.1683 -0.1250
 -0.0907 -0.0624 -0.0382 -0.0170  0.0033  0.0213  0.0354  0.0441  0.0464  0.0416
 -1.1577 -1.1094 -1.0639 -1.0162 -0.9652 -0.9113 -0.8568 -0.8045 -0.7567 -0.7131
 -0.6716 -0.6307 -0.5903 -0.5496 -0.5059 -0.3945 -0.2959 -0.2202 -0.1669 -0.1289
 -0.0999 -0.0761 -0.0559 -0.0381 -0.0220 -0.0063  0.0076  0.0176  0.0224  0.0204
  0.0099
 -1.0417 -1.0071 -0.9745 -0.9404 -0.9031 -0.8612 -0.8149 -0.7671 -0.7206 -0.6767
 -0.6357 -0.5961 -0.5567 -0.5174 -0.4770 -0.3768 -0.2864 -0.2139 -0.1626 -0.1281
 -0.1038 -0.0853 -0.0699 -0.0565 -0.0442 -0.0325 -0.0203 -0.0098 -0.0036 -0.0036
 -0.0112
 -0.9268 -0.9027 -0.8787 -0.8548 -0.8290 -0.7986 -0.7632 -0.7236 -0.6820 -0.6406
 -0.6011 -0.5634 -0.5266 -0.4900 -0.4525 -0.3594 -0.2755 -0.2069 -0.1564 -0.1230
 -0.1019 -0.0882 -0.0783 -0.0701 -0.0626 -0.0552 -0.0481 -0.0425 -0.0385 -0.0360
 -0.0348
 -0.8130 -0.7962 -0.7822 -0.7651 -0.7471 -0.7267 -0.7019 -0.6722 -0.6387 -0.6028
 -0.5665 -0.5313 -0.4973 -0.4640 -0.4304 -0.3447 -0.2660 -0.2003 -0.1506 -0.1168
 -0.0964 -0.0854 -0.0799 -0.0771 -0.0752 -0.0730 -0.0706 -0.0679 -0.0690 -0.0667
 -0.0626
 -0.7003 -0.6876 -0.6850 -0.6759 -0.6621 -0.6480 -0.6315 -0.6113 -0.5869 -0.5589
 -0.5285 -0.4972 -0.4664 -0.4363 -0.4066 -0.3305 -0.2563 -0.1935 -0.1450 -0.1107
 -0.0896 -0.0788 -0.0757 -0.0771 -0.0804 -0.0840 -0.0872 -0.0895 -0.0912 -0.0928
 -0.0950
 -0.5888 -0.5769 -0.5871 -0.5880 -0.5777 -0.5673 -0.5561 -0.5429 -0.5267 -0.5071
 -0.4843 -0.4592 -0.4328 -0.4063 -0.3811 -0.3168 -0.2464 -0.1865 -0.1396
 [Fe/H] = -2.00 [alpha/Fe] = 0.00 BC value =F350LP
 -1.7614 -1.6772 -1.5949 -1.5191 -1.4497 -1.3900 -1.3714 -1.3168 -1.2537 -1.1799
 -1.0947 -1.0078 -0.9109 -0.8151 -0.7254 -0.5330 -0.3778 -0.2565 -0.1605
 -1.6470 -1.5397 -1.4669 -1.4002 -1.3362 -1.2798 -1.2303 -1.1834 -1.1335 -1.0766
 -1.0091 -0.9292 -0.8408 -0.7531 -0.6708 -0.4943 -0.3535 -0.2426 -0.1574 -0.0910
 -1.5976 -1.4570 -1.3413 -1.2565 -1.2078 -1.1759 -1.1367 -1.0896 -1.0403 -0.9901
 -0.9352 -0.8707 -0.7936 -0.7119 -0.6339 -0.4675 -0.3372 -0.2354 -0.1573 -0.0971
 -0.0495
 -1.5683 -1.4269 -1.3022 -1.1978 -1.1159 -1.0570 -1.0231 -1.0037 -0.9741 -0.9278
 -0.8745 -0.8184 -0.7544 -0.6809 -0.6083 -0.4483 -0.3255 -0.2311 -0.1593 -0.1042
 -0.0605 -0.0246
 -1.5318 -1.4012 -1.2819 -1.1765 -1.0863 -1.0120 -0.9535 -0.9096 -0.8806 -0.8569
 -0.8207 -0.7729 -0.7178 -0.6544 -0.5868 -0.4347 -0.3171 -0.2282 -0.1621 -0.1119
 -0.0723 -0.0397 -0.0123  0.0113
 -1.4773 -1.3635 -1.2567 -1.1591 -1.0708 -0.9925 -0.9250 -0.8684 -0.8212 -0.7821
 -0.7497 -0.7156 -0.6749 -0.6247 -0.5669 -0.4242 -0.3106 -0.2255 -0.1638 -0.1185
 -0.0834 -0.0546 -0.0303 -0.0093  0.0093  0.0255  0.0389  0.0486  0.0520  0.0473
 -1.4036 -1.3080 -1.2174 -1.1321 -1.0519 -0.9768 -0.9076 -0.8457 -0.7914 -0.7433
 -0.6999 -0.6601 -0.6235 -0.5843 -0.5383 -0.4137 -0.3045 -0.2219 -0.1630 -0.1220
 -0.0916 -0.0675 -0.0472 -0.0295 -0.0136  0.0007  0.0129  0.0226  0.0284  0.0262
  0.0155
 -1.3153 -1.2366 -1.1621 -1.0908 -1.0219 -0.9548 -0.8897 -0.8276 -0.7704 -0.7185
 -0.6710 -0.6267 -0.5855 -0.5457 -0.5055 -0.3983 -0.2977 -0.2173 -0.1598 -0.1213
 -0.0953 -0.0761 -0.0605 -0.0472 -0.0350 -0.0238 -0.0138 -0.0052  0.0014  0.0024
 -0.0055
 -1.2178 -1.1533 -1.0924 -1.0343 -0.9776 -0.9207 -0.8632 -0.8056 -0.7496 -0.6968
 -0.6479 -0.6024 -0.5593 -0.5182 -0.4779 -0.3792 -0.2876 -0.2110 -0.1544 -0.1168
 -0.0935 -0.0788 -0.0684 -0.0602 -0.0528 -0.0458 -0.0393 -0.0333 -0.0285 -0.0261
 -0.0289
 -1.1197 -1.0661 -1.0158 -0.9684 -0.9223 -0.8756 -0.8273 -0.7770 -0.7258 -0.6752
 -0.6267 -0.5813 -0.5387 -0.4981 -0.4585 -0.3632 -0.2773 -0.2048 -0.1492 -0.1112
 -0.0883 -0.0760 -0.0700 -0.0670 -0.0650 -0.0632 -0.0613 -0.0593 -0.0574 -0.0564
 -0.0563
 -1.0248 -0.9790 -0.9358 -0.8962 -0.8583 -0.8204 -0.7807 -0.7387 -0.6945 -0.6489
 -0.6034 -0.5592 -0.5175 -0.4783 -0.4406 -0.3498 -0.2673 -0.1981 -0.1438 -0.1053
 -0.0817 -0.0697 -0.0659 -0.0669 -0.0702 -0.0739 -0.0775 -0.0805 -0.0829 -0.0853
 -0.0882
 -0.9360 -0.8954 -0.8575 -0.8222 -0.7896 -0.7582 -0.7257 -0.6912 -0.6544 -0.6154
 -0.5750 -0.5344 -0.4954 -0.4569 -0.4242 -0.3390 -0.2576 -0.1909 -0.1382
 [Fe/H] = -1.50 [alpha/Fe] = 0.00 BC value =F350LP
 -1.9799 -1.8916 -1.8128 -1.7391 -1.6657 -1.5864 -1.4959 -1.3925 -1.2849 -1.1786
 -1.0735 -0.9700 -0.8697 -0.7774 -0.6931 -0.5128 -0.3675 -0.2507 -0.1583
 -1.8722 -1.7677 -1.6743 -1.5889 -1.5086 -1.4306 -1.3508 -1.2654 -1.1782 -1.0914
 -1.0035 -0.9128 -0.8207 -0.7331 -0.6523 -0.4810 -0.3461 -0.2390 -0.1544 -0.0881
 -1.7617 -1.6421 -1.5541 -1.4743 -1.3935 -1.3158 -1.2410 -1.1665 -1.0925 -1.0196
 -0.9462 -0.8688 -0.7860 -0.7029 -0.6248 -0.4596 -0.3316 -0.2315 -0.1533 -0.0922
 -0.0437
 -1.7238 -1.5696 -1.4383 -1.3332 -1.2576 -1.2071 -1.1553 -1.0935 -1.0269 -0.9607
 -0.8957 -0.8299 -0.7585 -0.6818 -0.6069 -0.4462 -0.3226 -0.2275 -0.1543 -0.0978
 -0.0531 -0.0167
 -1.7097 -1.5474 -1.4004 -1.2741 -1.1699 -1.0898 -1.0339 -0.9953 -0.9622 -0.9149
 -0.8564 -0.7951 -0.7325 -0.6648 -0.5943 -0.4378 -0.3172 -0.2256 -0.1564 -0.1039
 -0.0631 -0.0300 -0.0024  0.0210
 -1.6943 -1.5359 -1.3879 -1.2565 -1.1439 -1.0501 -0.9735 -0.9124 -0.8663 -0.8351
 -0.8042 -0.7611 -0.7072 -0.6473 -0.5833 -0.4323 -0.3138 -0.2245 -0.1582 -0.1093
 -0.0725 -0.0432 -0.0188  0.0020  0.0201  0.0358  0.0484  0.0569  0.0601  0.0555
 -1.6631 -1.5172 -1.3768 -1.2489 -1.1361 -1.0381 -0.9542 -0.8832 -0.8236 -0.7735
 -0.7330 -0.7002 -0.6653 -0.6214 -0.5685 -0.4275 -0.3109 -0.2230 -0.1585 -0.1125
 -0.0796 -0.0545 -0.0340 -0.0166 -0.0013  0.0122  0.0235  0.0322  0.0371  0.0349
  0.0243
 -1.6105 -1.4816 -1.3548 -1.2363 -1.1291 -1.0332 -0.9482 -0.8728 -0.8066 -0.7486
 -0.6974 -0.6522 -0.6136 -0.5779 -0.5384 -0.4203 -0.3076 -0.2206 -0.1571 -0.1127
 -0.0829 -0.0622 -0.0462 -0.0330 -0.0214 -0.0109 -0.0019  0.0056  0.0111  0.0113
  0.0033
 -1.5375 -1.4262 -1.3155 -1.2099 -1.1122 -1.0229 -0.9412 -0.8662 -0.7977 -0.7357
 -0.6796 -0.6287 -0.5824 -0.5409 -0.5023 -0.4027 -0.3015 -0.2163 -0.1533 -0.1097
 -0.0818 -0.0646 -0.0534 -0.0451 -0.0381 -0.0317 -0.0261 -0.0212 -0.0176 -0.0171
 -0.0199
 -1.4544 -1.3593 -1.2638 -1.1719 -1.0853 -1.0046 -0.9291 -0.8581 -0.7911 -0.7283
 -0.6700 -0.6163 -0.5669 -0.5213 -0.4791 -0.3831 -0.2922 -0.2118 -0.1494 -0.1054
 -0.0776 -0.0623 -0.0548 -0.0514 -0.0496 -0.0483 -0.0472 -0.0461 -0.0454 -0.0457
 -0.0467
 -1.3685 -1.2851 -1.2024 -1.1226 -1.0471 -0.9757 -0.9078 -0.8425 -0.7796 -0.7191
 -0.6613 -0.6069 -0.5562 -0.5091 -0.4652 -0.3670 -0.2809 -0.2055 -0.1448 -0.1004
 -0.0719 -0.0567 -0.0510 -0.0513 -0.0544 -0.0585 -0.0627 -0.0665 -0.0700 -0.0735
 -0.0776
 -1.2849 -1.2096 -1.1367 -1.0664 -1.0002 -0.9376 -0.8774 -0.8186 -0.7610 -0.7046
 -0.6495 -0.5965 -0.5442 -0.4965 -0.4606 -0.3544 -0.2676 -0.1974 -0.1395
 [Fe/H] = -1.00 [alpha/Fe] = 0.00 BC value =F350LP
 -2.3221 -2.2283 -2.1447 -2.0632 -1.9791 -1.8750 -1.7334 -1.5526 -1.3723 -1.2088
 -1.0675 -0.9465 -0.8406 -0.7481 -0.6658 -0.4935 -0.3560 -0.2442 -0.1537
 -2.1785 -2.0731 -1.9811 -1.8952 -1.8082 -1.7107 -1.5856 -1.4353 -1.2841 -1.1431
 -1.0164 -0.9039 -0.8039 -0.7145 -0.6343 -0.4669 -0.3363 -0.2326 -0.1496 -0.0829
 -2.0731 -1.9580 -1.8564 -1.7628 -1.6716 -1.5774 -1.4690 -1.3429 -1.2143 -1.0918
 -0.9787 -0.8753 -0.7803 -0.6936 -0.6149 -0.4506 -0.3241 -0.2254 -0.1474 -0.0852
 -0.0356
 -1.9501 -1.8291 -1.7360 -1.6499 -1.5606 -1.4683 -1.3707 -1.2637 -1.1533 -1.0463
 -0.9458 -0.8523 -0.7640 -0.6808 -0.6037 -0.4416 -0.3173 -0.2217 -0.1473 -0.0888
 -0.0427 -0.0054
 -1.8990 -1.7371 -1.6034 -1.4954 -1.4105 -1.3429 -1.2740 -1.1906 -1.0980 -1.0044
 -0.9144 -0.8297 -0.7494 -0.6716 -0.5972 -0.4371 -0.3140 -0.2202 -0.1485 -0.0930
 -0.0501 -0.0160  0.0119  0.0350
 -1.8856 -1.7136 -1.5568 -1.4193 -1.3033 -1.2072 -1.1288 -1.0663 -1.0139 -0.9542
 -0.8831 -0.8076 -0.7338 -0.6624 -0.5922 -0.4351 -0.3127 -0.2199 -0.1499 -0.0970
 -0.0571 -0.0264 -0.0017  0.0188  0.0361  0.0504  0.0617  0.0691  0.0714  0.0671
 -1.8828 -1.7084 -1.5430 -1.3924 -1.2611 -1.1492 -1.0546 -0.9747 -0.9079 -0.8556
 -0.8141 -0.7692 -0.7136 -0.6506 -0.5860 -0.4340 -0.3122 -0.2199 -0.1509 -0.0999
 -0.0627 -0.0354 -0.0144  0.0028  0.0173  0.0295  0.0393  0.0463  0.0498  0.0473
  0.0373
 -1.8718 -1.7051 -1.5411 -1.3870 -1.2488 -1.1290 -1.0264 -0.9387 -0.8632 -0.7984
 -0.7435 -0.6994 -0.6619 -0.6208 -0.5718 -0.4327 -0.3119 -0.2195 -0.1510 -0.1011
 -0.0658 -0.0415 -0.0244 -0.0113 -0.0005  0.0087  0.0161  0.0218  0.0251  0.0245
  0.0166
 -1.8399 -1.6869 -1.5325 -1.3831 -1.2455 -1.1237 -1.0175 -0.9252 -0.8450 -0.7748
 -0.7129 -0.6585 -0.6116 -0.5717 -0.5342 -0.4250 -0.3099 -0.2176 -0.1490 -0.0996
 -0.0656 -0.0438 -0.0304 -0.0216 -0.0153 -0.0101 -0.0060 -0.0029 -0.0012 -0.0024
 -0.0065
 -1.7896 -1.6535 -1.5122 -1.3739 -1.2428 -1.1232 -1.0176 -0.9243 -0.8417 -0.7681
 -0.7022 -0.6430 -0.5899 -0.5424 -0.5002 -0.4055 -0.3064 -0.2162 -0.1472 -0.0973
 -0.0634 -0.0427 -0.0320 -0.0273 -0.0256 -0.0251 -0.0254 -0.0259 -0.0271 -0.0293
 -0.0336
 -1.7264 -1.6043 -1.4772 -1.3516 -1.2305 -1.1182 -1.0164 -0.9250 -0.8428 -0.7682
 -0.7002 -0.6380 -0.5814 -0.5298 -0.4830 -0.3841 -0.2960 -0.2131 -0.1447 -0.0941
 -0.0596 -0.0388 -0.0293 -0.0275 -0.0300 -0.0345 -0.0397 -0.0449 -0.0500 -0.0554
 -0.0615
 -1.6572 -1.5467 -1.4327 -1.3187 -1.2086 -1.1052 -1.0097 -0.9222 -0.8423 -0.7688
 -0.7008 -0.6377 -0.5791 -0.5251 -0.4826 -0.3608 -0.2787 -0.2083 -0.1415
 [Fe/H] = -0.75 [alpha/Fe] = 0.00 BC value =F350LP
 -2.5396 -2.4425 -2.3534 -2.2643 -2.1723 -2.0538 -1.8843 -1.6603 -1.4351 -1.2363
 -1.0724 -0.9401 -0.8306 -0.7366 -0.6540 -0.4842 -0.3498 -0.2407 -0.1505
 -2.3710 -2.2635 -2.1695 -2.0809 -1.9901 -1.8842 -1.7370 -1.5499 -1.3581 -1.1826
 -1.0313 -0.9051 -0.7989 -0.7075 -0.6269 -0.4606 -0.3314 -0.2290 -0.1468 -0.0801
 -2.2490 -2.1297 -2.0266 -1.9327 -1.8414 -1.7435 -1.6189 -1.4629 -1.2991 -1.1437
 -1.0046 -0.8842 -0.7807 -0.6907 -0.6109 -0.4465 -0.3204 -0.2221 -0.1443 -0.0818
 -0.0314
 -2.1292 -2.0164 -1.9117 -1.8136 -1.7188 -1.6226 -1.5152 -1.3851 -1.2453 -1.1088
 -0.9825 -0.8696 -0.7699 -0.6815 -0.6026 -0.4393 -0.3145 -0.2186 -0.1438 -0.0845
 -0.0373  0.0007
 -2.0417 -1.8971 -1.7608 -1.6733 -1.5966 -1.5141 -1.4195 -1.3108 -1.1921 -1.0730
 -0.9598 -0.8558 -0.7616 -0.6762 -0.5986 -0.4363 -0.3120 -0.2173 -0.1446 -0.0879
 -0.0436 -0.0084  0.0200  0.0433
 -1.9924 -1.8123 -1.6645 -1.5397 -1.4360 -1.3505 -1.2796 -1.2094 -1.1266 -1.0318
 -0.9339 -0.8398 -0.7522 -0.6714 -0.5963 -0.4357 -0.3115 -0.2173 -0.1459 -0.0913
 -0.0495 -0.0173  0.0081  0.0288  0.0458  0.0598  0.0705  0.0770  0.0788  0.0745
 -1.9747 -1.7957 -1.6307 -1.4831 -1.3552 -1.2460 -1.1520 -1.0698 -0.9998 -0.9410
 -0.8822 -0.8141 -0.7392 -0.6647 -0.5936 -0.4361 -0.3120 -0.2177 -0.1470 -0.0939
 -0.0542 -0.0250 -0.0029  0.0145  0.0287  0.0404  0.0493  0.0556  0.0583  0.0553
  0.0457
 -1.9758 -1.7969 -1.6258 -1.4667 -1.3241 -1.2005 -1.0943 -1.0020 -0.9208 -0.8501
 -0.7915 -0.7441 -0.6987 -0.6462 -0.5865 -0.4365 -0.3128 -0.2181 -0.1475 -0.0951
 -0.0572 -0.0304 -0.0117  0.0019  0.0126  0.0212  0.0279  0.0325  0.0348  0.0332
  0.0253
 -1.9653 -1.7944 -1.6266 -1.4651 -1.3162 -1.1843 -1.0700 -0.9712 -0.8852 -0.8096
 -0.7430 -0.6854 -0.6372 -0.5961 -0.5552 -0.4334 -0.3123 -0.2173 -0.1463 -0.0943
 -0.0574 -0.0326 -0.0170 -0.0074 -0.0009  0.0038  0.0071  0.0092  0.0098  0.0081
  0.0026
 -1.9373 -1.7815 -1.6226 -1.4669 -1.3189 -1.1846 -1.0665 -0.9633 -0.8735 -0.7945
 -0.7245 -0.6620 -0.6065 -0.5579 -0.5156 -0.4180 -0.3119 -0.2173 -0.1455 -0.0930
 -0.0562 -0.0323 -0.0188 -0.0126 -0.0104 -0.0102 -0.0111 -0.0125 -0.0147 -0.0181
 -0.0235
 -1.8922 -1.7504 -1.6057 -1.4594 -1.3187 -1.1875 -1.0696 -0.9652 -0.8734 -0.7921
 -0.7193 -0.6538 -0.5947 -0.5415 -0.4936 -0.3945 -0.3038 -0.2163 -0.1443 -0.0909
 -0.0535 -0.0296 -0.0170 -0.0131 -0.0146 -0.0189 -0.0245 -0.0304 -0.0364 -0.0429
 -0.0503
 -1.8365 -1.7083 -1.5756 -1.4407 -1.3096 -1.1857 -1.0718 -0.9691 -0.8774 -0.7954
 -0.7213 -0.6539 -0.5923 -0.5361 -0.4892 -0.3629 -0.2880 -0.2143 -0.1427
 [Fe/H] = -0.50 [alpha/Fe] = 0.00 BC value =F350LP
 -2.7775 -2.6823 -2.5908 -2.4944 -2.3901 -2.2506 -2.0472 -1.7767 -1.5053 -1.2705
 -1.0849 -0.9395 -0.8236 -0.7274 -0.6445 -0.4754 -0.3436 -0.2366 -0.1481
 -2.5829 -2.4771 -2.3823 -2.2905 -2.1930 -2.0745 -1.9034 -1.6777 -1.4422 -1.2294
 -1.0525 -0.9112 -0.7972 -0.7025 -0.6207 -0.4546 -0.3265 -0.2252 -0.1436 -0.0770
 -2.4379 -2.3187 -2.2154 -2.1211 -2.0284 -1.9254 -1.7850 -1.5981 -1.3960 -1.2038
 -1.0365 -0.8978 -0.7842 -0.6895 -0.6079 -0.4427 -0.3166 -0.2185 -0.1409 -0.0781
 -0.0270
 -2.3245 -2.1968 -2.0846 -1.9839 -1.8888 -1.7922 -1.6769 -1.5237 -1.3518 -1.1814
 -1.0260 -0.8918 -0.7790 -0.6841 -0.6022 -0.4370 -0.3115 -0.2151 -0.1400 -0.0800
 -0.0318  0.0071
 -2.1723 -2.0525 -1.9550 -1.8631 -1.7708 -1.6759 -1.5736 -1.4484 -1.3038 -1.1552
 -1.0141 -0.8874 -0.7772 -0.6826 -0.6008 -0.4353 -0.3098 -0.2139 -0.1404 -0.0827
 -0.0369 -0.0006  0.0286  0.0524
 -2.0886 -1.9291 -1.7981 -1.6934 -1.6099 -1.5378 -1.4604 -1.3638 -1.2472 -1.1213
 -0.9966 -0.8801 -0.7752 -0.6827 -0.6013 -0.4359 -0.3100 -0.2141 -0.1414 -0.0854
 -0.0418 -0.0080  0.0185  0.0398  0.0567  0.0701  0.0800  0.0862  0.0875  0.0828
 -2.0642 -1.8856 -1.7273 -1.5907 -1.4755 -1.3775 -1.2919 -1.2138 -1.1374 -1.0552
 -0.9627 -0.8647 -0.7695 -0.6816 -0.6021 -0.4376 -0.3112 -0.2150 -0.1426 -0.0877
 -0.0459 -0.0143  0.0093  0.0274  0.0416  0.0528  0.0611  0.0664  0.0682  0.0646
  0.0550
 -2.0648 -1.8790 -1.7070 -1.5508 -1.4134 -1.2945 -1.1908 -1.0974 -1.0113 -0.9346
 -0.8691 -0.8090 -0.7446 -0.6735 -0.6009 -0.4396 -0.3130 -0.2162 -0.1434 -0.0890
 -0.0486 -0.0191  0.0017  0.0165  0.0273  0.0355  0.0414  0.0451  0.0465  0.0437
  0.0353
 -2.0689 -1.8836 -1.7080 -1.5425 -1.3913 -1.2574 -1.1409 -1.0389 -0.9477 -0.8652
 -0.7917 -0.7290 -0.6770 -0.6300 -0.5800 -0.4396 -0.3137 -0.2162 -0.1429 -0.0886
 -0.0491 -0.0213 -0.0030  0.0083  0.0154  0.0199  0.0224  0.0236  0.0230  0.0200
  0.0133
 -2.0631 -1.8885 -1.7158 -1.5497 -1.3928 -1.2502 -1.1246 -1.0152 -0.9195 -0.8348
 -0.7590 -0.6913 -0.6320 -0.5812 -0.5373 -0.4309 -0.3155 -0.2175 -0.1432 -0.0882
 -0.0487 -0.0217 -0.0051  0.0034  0.0068  0.0072  0.0059  0.0035  0.0002 -0.0046
 -0.0113
 -2.0402 -1.8776 -1.7168 -1.5551 -1.4002 -1.2556 -1.1253 -1.0109 -0.9111 -0.8234
 -0.7456 -0.6760 -0.6135 -0.5576 -0.5082 -0.4071 -0.3114 -0.2183 -0.1431 -0.0871
 -0.0470 -0.0201 -0.0043  0.0024  0.0027 -0.0008 -0.0064 -0.0130 -0.0201 -0.0278
 -0.0365
 -2.0022 -1.8533 -1.7029 -1.5524 -1.4033 -1.2625 -1.1327 -1.0166 -0.9141 -0.8240
 -0.7440 -0.6724 -0.6077 -0.5492 -0.4927 -0.3682 -0.3014 -0.2186 -0.1426
 [Fe/H] = -0.25 [alpha/Fe] = 0.00 BC value =F350LP
 -3.0179 -2.9336 -2.8480 -2.7507 -2.6344 -2.4690 -2.2239 -1.9007 -1.5869 -1.3206
 -1.1113 -0.9507 -0.8257 -0.7251 -0.6398 -0.4699 -0.3391 -0.2336 -0.1465
 -2.8027 -2.7061 -2.6165 -2.5249 -2.4208 -2.2862 -2.0860 -1.8175 -1.5384 -1.2893
 -1.0869 -0.9284 -0.8041 -0.7039 -0.6196 -0.4518 -0.3237 -0.2227 -0.1415 -0.0747
 -2.6343 -2.5220 -2.4234 -2.3312 -2.2369 -2.1260 -1.9676 -1.7481 -1.5058 -1.2761
 -1.0802 -0.9219 -0.7961 -0.6946 -0.6097 -0.4418 -0.3148 -0.2164 -0.1386 -0.0756
 -0.0239
 -2.5067 -2.3792 -2.2684 -2.1696 -2.0759 -1.9783 -1.8544 -1.6782 -1.4728 -1.2663
 -1.0803 -0.9238 -0.7964 -0.6928 -0.6066 -0.4376 -0.3107 -0.2132 -0.1376 -0.0771
 -0.0280  0.0120
 -2.3746 -2.2543 -2.1417 -2.0379 -1.9406 -1.8452 -1.7413 -1.6026 -1.4318 -1.2511
 -1.0796 -0.9284 -0.8010 -0.6956 -0.6077 -0.4371 -0.3096 -0.2123 -0.1378 -0.0792
 -0.0323  0.0054  0.0359  0.0608
 -2.2167 -2.0780 -1.9712 -1.8862 -1.8073 -1.7233 -1.6299 -1.5186 -1.3798 -1.2257
 -1.0721 -0.9305 -0.8062 -0.7005 -0.6112 -0.4388 -0.3104 -0.2129 -0.1388 -0.0815
 -0.0365 -0.0009  0.0272  0.0495  0.0674  0.0810  0.0906  0.0965  0.0975  0.0928
 -2.1572 -1.9853 -1.8400 -1.7213 -1.6252 -1.5455 -1.4743 -1.3970 -1.2993 -1.1807
 -1.0521 -0.9256 -0.8086 -0.7054 -0.6158 -0.4416 -0.3125 -0.2142 -0.1401 -0.0837
 -0.0401 -0.0065  0.0192  0.0389  0.0540  0.0655  0.0736  0.0784  0.0797  0.0758
  0.0661
 -2.1448 -1.9578 -1.7902 -1.6434 -1.5184 -1.4120 -1.3186 -1.2317 -1.1468 -1.0641
 -0.9811 -0.8929 -0.7991 -0.7061 -0.6199 -0.4452 -0.3152 -0.2161 -0.1414 -0.0852
 -0.0428 -0.0109  0.0126  0.0294  0.0415  0.0501  0.0558  0.0590  0.0594  0.0561
  0.0473
 -2.1507 -1.9587 -1.7804 -1.6172 -1.4714 -1.3440 -1.2329 -1.1332 -1.0397 -0.9511
 -0.8704 -0.8006 -0.7385 -0.6771 -0.6111 -0.4474 -0.3169 -0.2170 -0.1416 -0.0853
 -0.0435 -0.0131  0.0082  0.0222  0.0310  0.0362  0.0387  0.0393  0.0379  0.0340
  0.0263
 -2.1627 -1.9724 -1.7917 -1.6213 -1.4632 -1.3207 -1.1951 -1.0848 -0.9863 -0.8961
 -0.8132 -0.7384 -0.6736 -0.6186 -0.5698 -0.4457 -0.3200 -0.2193 -0.1427 -0.0856
 -0.0438 -0.0142  0.0057  0.0175  0.0232  0.0249  0.0238  0.0211  0.0169  0.0111
  0.0032
 -2.1627 -1.9810 -1.8052 -1.6344 -1.4723 -1.3216 -1.1860 -1.0666 -0.9619 -0.8692
 -0.7858 -0.7105 -0.6427 -0.5830 -0.5310 -0.4241 -0.3201 -0.2213 -0.1437 -0.0854
 -0.0430 -0.0135  0.0056  0.0159  0.0192  0.0176  0.0128  0.0061 -0.0016 -0.0103
 -0.0201
 -2.1464 -1.9769 -1.8096 -1.6456 -1.4848 -1.3329 -1.1929 -1.0675 -0.9573 -0.8607
 -0.7752 -0.6990 -0.6303 -0.5684 -0.4947 -0.3826 -0.3172 -0.2230 -0.1446
 [Fe/H] =  0.00 [alpha/Fe] = 0.00 BC value =F350LP
 -3.2318 -3.1660 -3.0955 -3.0070 -2.8801 -2.6782 -2.3785 -1.9992 -1.6545 -1.3624
 -1.1339 -0.9596 -0.8258 -0.7189 -0.6315 -0.4604 -0.3312 -0.2278 -0.1420
 -3.0080 -2.9280 -2.8513 -2.7670 -2.6594 -2.5045 -2.2616 -1.9405 -1.6212 -1.3415
 -1.1170 -0.9431 -0.8085 -0.7021 -0.6145 -0.4450 -0.3175 -0.2171 -0.1364 -0.0697
 -2.8231 -2.7251 -2.6377 -2.5523 -2.4579 -2.3359 -2.1503 -1.8890 -1.6052 -1.3409
 -1.1194 -0.9434 -0.8056 -0.6966 -0.6076 -0.4369 -0.3096 -0.2109 -0.1330 -0.0699
 -0.0180
 -2.6782 -2.5608 -2.4587 -2.3661 -2.2754 -2.1744 -2.0358 -1.8307 -1.5878 -1.3453
 -1.1303 -0.9532 -0.8117 -0.6989 -0.6073 -0.4340 -0.3061 -0.2078 -0.1315 -0.0706
 -0.0209  0.0198
 -2.5306 -2.4293 -2.3146 -2.2119 -2.1169 -2.0226 -1.9144 -1.7586 -1.5586 -1.3439
 -1.1415 -0.9666 -0.8227 -0.7062 -0.6114 -0.4346 -0.3055 -0.2069 -0.1313 -0.0718
 -0.0240  0.0148  0.0460  0.0712
 -2.3805 -2.2702 -2.1724 -2.0767 -1.9822 -1.8884 -1.7912 -1.6720 -1.5130 -1.3298
 -1.1460 -0.9787 -0.8352 -0.7163 -0.6185 -0.4373 -0.3068 -0.2076 -0.1319 -0.0734
 -0.0271  0.0099  0.0392  0.0624  0.0805  0.0941  0.1034  0.1084  0.1086  0.1032
 -2.2583 -2.1032 -1.9800 -1.8849 -1.8087 -1.7386 -1.6622 -1.5691 -1.4477 -1.2987
 -1.1388 -0.9845 -0.8460 -0.7271 -0.6271 -0.4414 -0.3094 -0.2092 -0.1331 -0.0750
 -0.0299  0.0055  0.0328  0.0538  0.0697  0.0813  0.0889  0.0928  0.0929  0.0880
  0.0775
 -2.2205 -2.0389 -1.8815 -1.7502 -1.6430 -1.5542 -1.4770 -1.4033 -1.3202 -1.2196
 -1.1020 -0.9752 -0.8502 -0.7361 -0.6363 -0.4466 -0.3127 -0.2114 -0.1346 -0.0764
 -0.0321  0.0019  0.0274  0.0461  0.0594  0.0684  0.0738  0.0759  0.0750  0.0702
  0.0604
 -2.2185 -2.0249 -1.8492 -1.6933 -1.5587 -1.4443 -1.3452 -1.2545 -1.1652 -1.0749
 -0.9864 -0.9009 -0.8152 -0.7271 -0.6391 -0.4511 -0.3153 -0.2130 -0.1353 -0.0768
 -0.0328 -0.0001  0.0238  0.0402  0.0507  0.0568  0.0592  0.0589  0.0561  0.0506
  0.0411
 -2.2371 -2.0381 -1.8542 -1.6845 -1.5311 -1.3957 -1.2775 -1.1728 -1.0762 -0.9829
 -0.8930 -0.8101 -0.7367 -0.6718 -0.6108 -0.4560 -0.3200 -0.2163 -0.1373 -0.0778
 -0.0336 -0.0014  0.0212  0.0359  0.0440  0.0471  0.0464  0.0431  0.0377  0.0301
  0.0204
 -2.2544 -2.0592 -1.8725 -1.6978 -1.5343 -1.3849 -1.2513 -1.1333 -1.0285 -0.9332
 -0.8443 -0.7617 -0.6868 -0.6207 -0.5635 -0.4419 -0.3238 -0.2197 -0.1394 -0.0786
 -0.0337 -0.0014  0.0205  0.0339  0.0402  0.0406  0.0367  0.0300  0.0213  0.0111
 -0.0006
 -2.2601 -2.0734 -1.8922 -1.7175 -1.5510 -1.3946 -1.2513 -1.1230 -1.0096 -0.9093
 -0.8194 -0.7378 -0.6634 -0.5962 -0.4972 -0.4088 -0.3267 -0.2232 -0.1416
 [Fe/H] =  0.25 [alpha/Fe] = 0.00 BC value =F350LP
 -3.4028 -3.3615 -3.3158 -3.1938 -2.9938 -2.7329 -2.4251 -2.0826 -1.7281 -1.4185
 -1.1714 -0.9818 -0.8366 -0.7231 -0.6296 -0.4545 -0.3251 -0.2236 -0.1387
 -3.1813 -3.1250 -3.0705 -3.0045 -2.9043 -2.7277 -2.4418 -2.0607 -1.7100 -1.4061
 -1.1605 -0.9701 -0.8236 -0.7090 -0.6163 -0.4421 -0.3138 -0.2133 -0.1326 -0.0664
 -2.9890 -2.9128 -2.8449 -2.7755 -2.6891 -2.5598 -2.3452 -2.0341 -1.7088 -1.4152
 -1.1705 -0.9763 -0.8255 -0.7072 -0.6121 -0.4357 -0.3069 -0.2075 -0.1291 -0.0656
 -0.0132
 -2.8316 -2.7328 -2.6474 -2.5686 -2.4869 -2.3851 -2.2310 -1.9912 -1.7082 -1.4313
 -1.1904 -0.9930 -0.8367 -0.7135 -0.6147 -0.4342 -0.3042 -0.2047 -0.1274 -0.0657
 -0.0155  0.0259
 -2.7059 -2.5872 -2.4835 -2.3912 -2.3051 -2.2144 -2.1006 -1.9255 -1.6930 -1.4437
 -1.2119 -1.0144 -0.8537 -0.7253 -0.6222 -0.4359 -0.3042 -0.2040 -0.1270 -0.0665
 -0.0178  0.0219  0.0541  0.0801
 -2.5680 -2.4540 -2.3450 -2.2437 -2.1493 -2.0582 -1.9623 -1.8352 -1.6555 -1.4421
 -1.2276 -1.0358 -0.8732 -0.7405 -0.6329 -0.4399 -0.3061 -0.2049 -0.1276 -0.0677
 -0.0202  0.0179  0.0486  0.0729  0.0920  0.1064  0.1160  0.1209  0.1207  0.1150
 -2.3734 -2.2526 -2.1567 -2.0790 -2.0011 -1.9179 -1.8288 -1.7278 -1.5932 -1.4204
 -1.2318 -1.0513 -0.8918 -0.7572 -0.6460 -0.4455 -0.3092 -0.2068 -0.1289 -0.0690
 -0.0225  0.0143  0.0433  0.0659  0.0831  0.0957  0.1039  0.1077  0.1073  0.1018
  0.0909
 -2.2929 -2.1255 -1.9874 -1.8790 -1.7946 -1.7258 -1.6624 -1.5911 -1.4969 -1.3696
 -1.2165 -1.0561 -0.9054 -0.7727 -0.6598 -0.4525 -0.3131 -0.2095 -0.1306 -0.0705
 -0.0244  0.0113  0.0388  0.0594  0.0746  0.0851  0.0912  0.0934  0.0919  0.0862
  0.0756
 -2.2734 -2.0855 -1.9184 -1.7757 -1.6577 -1.5609 -1.4784 -1.4037 -1.3267 -1.2382
 -1.1349 -1.0201 -0.8987 -0.7796 -0.6705 -0.4595 -0.3166 -0.2116 -0.1317 -0.0710
 -0.0251  0.0097  0.0357  0.0546  0.0675  0.0755  0.0791  0.0790  0.0756  0.0690
  0.0583
 -2.2878 -2.0899 -1.9077 -1.7436 -1.5997 -1.4766 -1.3714 -1.2784 -1.1902 -1.1001
 -1.0083 -0.9173 -0.8301 -0.7460 -0.6630 -0.4690 -0.3225 -0.2155 -0.1343 -0.0726
 -0.0262  0.0082  0.0333  0.0507  0.0617  0.0673  0.0682  0.0655  0.0597  0.0513
  0.0400
 -2.3146 -2.1136 -1.9242 -1.7490 -1.5890 -1.4460 -1.3204 -1.2104 -1.1114 -1.0180
 -0.9264 -0.8375 -0.7547 -0.6803 -0.6138 -0.4654 -0.3289 -0.2199 -0.1373 -0.0742
 -0.0269  0.0077  0.0322  0.0486  0.0580  0.0616  0.0598  0.0542  0.0456  0.0347
  0.0215
 -2.3384 -2.1407 -1.9517 -1.7707 -1.6033 -1.4480 -1.3076 -1.1827 -1.0718 -0.9723
 -0.8804 -0.7941 -0.7133 -0.6394 -0.5229 -0.4487 -0.3358 -0.2248 -0.1407
 [Fe/H] =  0.50 [alpha/Fe] = 0.00 BC value =F350LP
 -3.5236 -3.6037 -3.5734 -3.4441 -3.2259 -2.9275 -2.5569 -2.1485 -1.7973 -1.4794
 -1.2164 -1.0119 -0.8550 -0.7322 -0.6338 -0.4507 -0.3208 -0.2196 -0.1355
 -3.3100 -3.2832 -3.2557 -3.2165 -3.1174 -2.9187 -2.5904 -2.1603 -1.7921 -1.4732
 -1.2104 -1.0049 -0.8459 -0.7219 -0.6227 -0.4410 -0.3112 -0.2101 -0.1281 -0.0611
 -3.1173 -3.0699 -3.0262 -2.9813 -2.9125 -2.7830 -2.5366 -2.1697 -1.8068 -1.4904
 -1.2269 -1.0163 -0.8522 -0.7237 -0.6214 -0.4364 -0.3053 -0.2047 -0.1255 -0.0616
 -0.0088
 -2.9536 -2.8794 -2.8176 -2.7607 -2.6959 -2.5995 -2.4296 -2.1503 -1.8229 -1.5172
 -1.2536 -1.0390 -0.8684 -0.7339 -0.6270 -0.4362 -0.3033 -0.2023 -0.1238 -0.0613
 -0.0104  0.0316
 -2.8211 -2.7226 -2.6385 -2.5645 -2.4946 -2.4125 -2.2939 -2.0963 -1.8254 -1.5416
 -1.2841 -1.0674 -0.8910 -0.7503 -0.6378 -0.4394 -0.3040 -0.2020 -0.1234 -0.0617
 -0.0121  0.0285  0.0616  0.0884
 -2.7036 -2.5908 -2.4896 -2.3990 -2.3159 -2.2345 -2.1417 -2.0044 -1.8000 -1.5540
 -1.3114 -1.0965 -0.9170 -0.7706 -0.6526 -0.4449 -0.3064 -0.2031 -0.1239 -0.0626
 -0.0139  0.0253  0.0570  0.0825  0.1026  0.1180  0.1283  0.1335  0.1334  0.1275
 -2.5231 -2.4014 -2.3380 -2.2507 -2.1637 -2.0776 -1.9900 -1.8874 -1.7406 -1.5439
 -1.3273 -1.1220 -0.9426 -0.7928 -0.6701 -0.4524 -0.3101 -0.2053 -0.1253 -0.0637
 -0.0157  0.0224  0.0528  0.0767  0.0954  0.1093  0.1184  0.1228  0.1224  0.1166
  0.1053
 -2.3644 -2.2237 -2.1165 -2.0380 -1.9749 -1.9133 -1.8422 -1.7580 -1.6506 -1.5036
 -1.3235 -1.1368 -0.9641 -0.8146 -0.6888 -0.4619 -0.3148 -0.2084 -0.1273 -0.0651
 -0.0174  0.0199  0.0490  0.0715  0.0884  0.1006  0.1081  0.1110  0.1096  0.1034
  0.0923
 -2.3171 -2.1425 -1.9921 -1.8700 -1.7744 -1.6990 -1.6363 -1.5770 -1.5073 -1.4105
 -1.2805 -1.1280 -0.9729 -0.8298 -0.7047 -0.4714 -0.3191 -0.2108 -0.1286 -0.0658
 -0.0179  0.0187  0.0466  0.0675  0.0827  0.0929  0.0982  0.0992  0.0961  0.0888
  0.0772
 -2.3196 -2.1291 -1.9552 -1.8023 -1.6731 -1.5668 -1.4785 -1.4011 -1.3276 -1.2494
 -1.1584 -1.0542 -0.9418 -0.8271 -0.7158 -0.4845 -0.3264 -0.2152 -0.1317 -0.0677
 -0.0192  0.0173  0.0444  0.0642  0.0777  0.0860  0.0892  0.0880  0.0828  0.0740
  0.0616
 -2.3470 -2.1476 -1.9621 -1.7915 -1.6393 -1.5069 -1.3939 -1.2964 -1.2084 -1.1230
 -1.0348 -0.9438 -0.8529 -0.7656 -0.6825 -0.4921 -0.3350 -0.2205 -0.1353 -0.0700
 -0.0204  0.0164  0.0433  0.0621  0.0744  0.0809  0.0821  0.0785  0.0710  0.0600
  0.0460
 -2.3800 -2.1806 -1.9890 -1.8102 -1.6444 -1.4945 -1.3615 -1.2448 -1.1420 -1.0483
 -0.9588 -0.8706 -0.7845 -0.7035 -0.6048 -0.4942 -0.3449 -0.2267 -0.1394
 [Fe/H] =  0.75 [alpha/Fe] = 0.00 BC value =F350LP
 -3.6012 -3.5376 -3.4196 -3.2529 -3.0427 -2.7933 -2.5087 -2.1924 -1.8564 -1.5404
 -1.2673 -1.0489 -0.8799 -0.7484 -0.6424 -0.4490 -0.3174 -0.2160 -0.1323
 -3.3956 -3.3950 -3.4021 -3.3931 -3.2801 -3.0415 -2.6767 -2.2328 -1.8658 -1.5414
 -1.2669 -1.0469 -0.8753 -0.7411 -0.6345 -0.4427 -0.3094 -0.2077 -0.1262 -0.0594
 -3.2042 -3.1952 -3.1723 -3.1570 -3.1129 -2.9914 -2.7109 -2.2814 -1.8957 -1.5657
 -1.2880 -1.0633 -0.8859 -0.7466 -0.6360 -0.4399 -0.3052 -0.2030 -0.1228 -0.0581
 -0.0050
 -3.0358 -2.9901 -2.9570 -2.9282 -2.8879 -2.8048 -2.6256 -2.3026 -1.9304 -1.6017
 -1.3209 -1.0912 -0.9068 -0.7609 -0.6448 -0.4412 -0.3040 -0.2011 -0.1211 -0.0576
 -0.0058  0.0368
 -2.8982 -2.8254 -2.7672 -2.7186 -2.6724 -2.6059 -2.4876 -2.2665 -1.9528 -1.6370
 -1.3589 -1.1254 -0.9348 -0.7817 -0.6593 -0.4459 -0.3053 -0.2011 -0.1208 -0.0577
 -0.0071  0.0343  0.0683  0.0959
 -2.7850 -2.6896 -2.6079 -2.5375 -2.4741 -2.4094 -2.3239 -2.1770 -1.9446 -1.6640
 -1.3949 -1.1615 -0.9665 -0.8069 -0.6782 -0.4533 -0.3084 -0.2025 -0.1215 -0.0584
 -0.0084  0.0319  0.0647  0.0911  0.1122  0.1284  0.1397  0.1458  0.1460  0.1403
 -2.6481 -2.5558 -2.4676 -2.3837 -2.3056 -2.2312 -2.1536 -2.0513 -1.8908 -1.6672
 -1.4223 -1.1945 -0.9979 -0.8345 -0.7001 -0.4633 -0.3127 -0.2049 -0.1229 -0.0595
 -0.0099  0.0296  0.0613  0.0865  0.1063  0.1214  0.1316  0.1372  0.1375  0.1317
  0.1203
 -2.4392 -2.3443 -2.2682 -2.2063 -2.1447 -2.0730 -1.9953 -1.9100 -1.7970 -1.6346
 -1.4296 -1.2187 -1.0274 -0.8619 -0.7235 -0.4755 -0.3184 -0.2082 -0.1250 -0.0608
 -0.0112  0.0276  0.0582  0.0822  0.1007  0.1144  0.1233  0.1276  0.1271  0.1212
  0.1098
 -2.3502 -2.1979 -2.0750 -1.9809 -1.9131 -1.8614 -1.8123 -1.7526 -1.6719 -1.5578
 -1.4027 -1.2224 -1.0438 -0.8828 -0.7440 -0.4879 -0.3240 -0.2110 -0.1265 -0.0616
 -0.0117  0.0267  0.0564  0.0791  0.0961  0.1082  0.1155  0.1182  0.1161  0.1093
  0.0975
 -2.3338 -2.1572 -1.9987 -1.8637 -1.7552 -1.6702 -1.6020 -1.5437 -1.4870 -1.4181
 -1.3206 -1.1911 -1.0439 -0.8979 -0.7642 -0.5042 -0.3329 -0.2160 -0.1298 -0.0637
 -0.0131  0.0254  0.0545  0.0763  0.0920  0.1025  0.1082  0.1091  0.1054  0.0971
  0.0845
 -2.3527 -2.1644 -1.9881 -1.8280 -1.6884 -1.5711 -1.4744 -1.3926 -1.3193 -1.2474
 -1.1698 -1.0793 -0.9767 -0.8679 -0.7594 -0.5192 -0.3437 -0.2221 -0.1338 -0.0663
 -0.0146  0.0244  0.0534  0.0744  0.0891  0.0982  0.1021  0.1013  0.0958  0.0857
  0.0713
 -2.3894 -2.1954 -2.0098 -1.8365 -1.6777 -1.5367 -1.4147 -1.3102 -1.2189 -1.1354
 -1.0534 -0.9686 -0.8814 -0.7932 -0.7296 -0.5329 -0.3564 -0.2293 -0.1385
 [Fe/H] =  1.00 [alpha/Fe] = 0.00 BC value =F350LP
 -3.6484 -3.5861 -3.4692 -3.3034 -3.0940 -2.8452 -2.5611 -2.2452 -1.9114 -1.6012
 -1.3213 -1.0912 -0.9105 -0.7690 -0.6562 -0.4521 -0.3146 -0.2129 -0.1291
 -3.4465 -3.8693 -4.0400 -3.9845 -3.7254 -3.2828 -2.7342 -2.2977 -1.9353 -1.6100
 -1.3268 -1.0948 -0.9110 -0.7664 -0.6514 -0.4480 -0.3093 -0.2057 -0.1241 -0.0568
 -3.2523 -3.5262 -3.2831 -3.2982 -3.2809 -3.1739 -2.8320 -2.3643 -1.9778 -1.6403
 -1.3532 -1.1162 -0.9263 -0.7760 -0.6565 -0.4468 -0.3069 -0.2026 -0.1211 -0.0555
 -0.0017
 -3.0781 -3.0634 -3.0616 -3.0639 -3.0519 -2.9882 -2.8059 -2.4341 -2.0305 -1.6844
 -1.3920 -1.1494 -0.9519 -0.7945 -0.6688 -0.4499 -0.3068 -0.2012 -0.1198 -0.0550
 -0.0024  0.0411
 -2.9344 -2.8908 -2.8623 -2.8437 -2.8263 -2.7816 -2.6703 -2.4298 -2.0744 -1.7306
 -1.4354 -1.1881 -0.9848 -0.8197 -0.6871 -0.4564 -0.3088 -0.2017 -0.1196 -0.0550
 -0.0032  0.0392  0.0740  0.1024
 -2.8196 -2.7489 -2.6931 -2.6493 -2.6125 -2.5712 -2.4990 -2.3469 -2.0856 -1.7710
 -1.4797 -1.2301 -1.0215 -0.8497 -0.7102 -0.4661 -0.3126 -0.2034 -0.1203 -0.0556
 -0.0042  0.0373  0.0711  0.0986  0.1206  0.1375  0.1496  0.1567  0.1578  0.1528
 -2.7120 -2.6267 -2.5515 -2.4856 -2.4278 -2.3737 -2.3127 -2.2151 -2.0410 -1.7883
 -1.5166 -1.2703 -1.0584 -0.8823 -0.7365 -0.4788 -0.3179 -0.2061 -0.1219 -0.0565
 -0.0053  0.0356  0.0685  0.0949  0.1159  0.1318  0.1432  0.1500  0.1514  0.1465
  0.1355
 -2.5199 -2.4605 -2.3982 -2.3336 -2.2679 -2.2021 -2.1352 -2.0593 -1.9439 -1.7655
 -1.5355 -1.3019 -1.0932 -0.9147 -0.7643 -0.4944 -0.3249 -0.2098 -0.1241 -0.0580
 -0.0065  0.0339  0.0661  0.0915  0.1112  0.1262  0.1366  0.1424  0.1433  0.1385
  0.1275
 -2.3724 -2.2521 -2.1656 -2.1063 -2.0648 -2.0228 -1.9681 -1.8995 -1.8132 -1.6900
 -1.5174 -1.3146 -1.1167 -0.9404 -0.7891 -0.5099 -0.3322 -0.2129 -0.1257 -0.0587
 -0.0068  0.0334  0.0648  0.0892  0.1077  0.1214  0.1304  0.1349  0.1346  0.1291
  0.1179
 -2.3307 -2.1744 -2.0382 -1.9287 -1.8471 -1.7877 -1.7431 -1.7027 -1.6527 -1.5765
 -1.4594 -1.3029 -1.1296 -0.9634 -0.8145 -0.5294 -0.3431 -0.2187 -0.1292 -0.0609
 -0.0083  0.0322  0.0633  0.0869  0.1044  0.1169  0.1245  0.1277  0.1261  0.1193
  0.1075
 -2.3366 -2.1638 -2.0026 -1.8589 -1.7377 -1.6403 -1.5633 -1.5004 -1.4451 -1.3899
 -1.3227 -1.2275 -1.1022 -0.9631 -0.8274 -0.5486 -0.3561 -0.2258 -0.1334 -0.0637
 -0.0099  0.0312  0.0622  0.0853  0.1020  0.1134  0.1196  0.1213  0.1183  0.1102
  0.0972
 -2.3690 -2.1870 -2.0135 -1.8510 -1.7041 -1.5765 -1.4691 -1.3796 -1.3030 -1.2327
 -1.1632 -1.0885 -1.0020 -0.9038 -0.8278 -0.5675 -0.3712 -0.2342 -0.1383
