 [Fe/H] = -2.50 [alpha/Fe] = 0.40 BC value =  B   
 -5.7507 -5.5110 -5.3586 -5.1690 -4.9256 -4.7150 -4.6051 -4.5368 -4.4219 -4.2331
 -4.0087 -3.7595 -3.5037 -3.2559 -3.0136 -2.4410 -1.9237 -1.4972 -1.1484
 -5.4302 -5.0993 -4.8512 -4.6419 -4.4629 -4.3117 -4.1803 -4.0548 -3.9208 -3.7689
 -3.5928 -3.3889 -3.1622 -2.9317 -2.7116 -2.2112 -1.7691 -1.3967 -1.1002 -0.8722
 -5.2183 -4.8388 -4.5336 -4.2970 -4.1239 -3.9812 -3.8371 -3.6912 -3.5477 -3.4056
 -3.2515 -3.0786 -2.8814 -2.6714 -2.4704 -2.0267 -1.6454 -1.3197 -1.0625 -0.8625
 -0.7002
 -5.1150 -4.7295 -4.4058 -4.1343 -3.9086 -3.7235 -3.5755 -3.4460 -3.3026 -3.1432
 -2.9848 -2.8286 -2.6613 -2.4750 -2.2900 -1.8875 -1.5526 -1.2662 -1.0352 -0.8544
 -0.7071 -0.5813
 -5.0466 -4.6694 -4.3457 -4.0656 -3.8211 -3.6078 -3.4221 -3.2600 -3.1170 -2.9782
 -2.8228 -2.6580 -2.4990 -2.3342 -2.1640 -1.7904 -1.4875 -1.2314 -1.0212 -0.8556
 -0.7206 -0.6049 -0.5019 -0.4085
 -4.9803 -4.6224 -4.3091 -4.0317 -3.7831 -3.5584 -3.3551 -3.1714 -3.0048 -2.8517
 -2.7062 -2.5577 -2.4035 -2.2483 -2.0863 -1.7286 -1.4460 -1.2111 -1.0163 -0.8620
 -0.7373 -0.6308 -0.5357 -0.4488 -0.3683 -0.2935 -0.2247 -0.1594 -0.1000 -0.0630
 -4.9019 -4.5710 -4.2761 -4.0095 -3.7649 -3.5388 -3.3289 -3.1338 -2.9538 -2.7873
 -2.6316 -2.4833 -2.3382 -2.1963 -2.0483 -1.6982 -1.4236 -1.2018 -1.0173 -0.8703
 -0.7537 -0.6556 -0.5686 -0.4888 -0.4143 -0.3445 -0.2794 -0.2190 -0.1635 -0.1161
 -0.0888
 -4.8122 -4.5089 -4.2363 -3.9864 -3.7523 -3.5313 -3.3214 -3.1226 -2.9353 -2.7602
 -2.5965 -2.4426 -2.2970 -2.1577 -2.0214 -1.6920 -1.4173 -1.2010 -1.0227 -0.8791
 -0.7673 -0.6764 -0.5973 -0.5253 -0.4580 -0.3942 -0.3341 -0.2778 -0.2259 -0.1797
 -0.1439
 -4.7115 -4.4346 -4.1834 -3.9520 -3.7326 -3.5215 -3.3173 -3.1202 -2.9313 -2.7520
 -2.5828 -2.4239 -2.2747 -2.1340 -1.9999 -1.6873 -1.4200 -1.2041 -1.0294 -0.8872
 -0.7769 -0.6905 -0.6187 -0.5548 -0.4954 -0.4390 -0.3852 -0.3341 -0.2862 -0.2425
 -0.2054
 -4.6135 -4.3619 -4.1271 -3.9108 -3.7063 -3.5079 -3.3138 -3.1231 -2.9372 -2.7578
 -2.5864 -2.4240 -2.2712 -2.1280 -1.9929 -1.6865 -1.4272 -1.2127 -1.0394 -0.8982
 -0.7869 -0.7016 -0.6341 -0.5774 -0.5262 -0.4780 -0.4320 -0.3877 -0.3453 -0.3056
 -0.2688
 -4.5219 -4.2864 -4.0671 -3.8615 -3.6674 -3.4818 -3.2996 -3.1190 -2.9404 -2.7653
 -2.5952 -2.4320 -2.2771 -2.1311 -1.9938 -1.6873 -1.4329 -1.2209 -1.0485 -0.9082
 -0.7964 -0.7102 -0.6441 -0.5918 -0.5477 -0.5078 -0.4702 -0.4339 -0.3986 -0.3649
 -0.3333
 -4.4367 -4.2081 -4.0008 -3.8043 -3.6187 -3.4418 -3.2703 -3.1012 -2.9327 -2.7657
 -2.6012 -2.4409 -2.2865 -2.1394 -2.0026 -1.6897 -1.4371 -1.2287 -1.0567
 [Fe/H] = -2.00 [alpha/Fe] = 0.40 BC value =  B   
 -5.8210 -5.5345 -5.2967 -5.0957 -4.9204 -4.7566 -4.5909 -4.4141 -4.2247 -4.0235
 -3.8053 -3.5701 -3.3272 -3.0925 -2.8616 -2.3647 -1.9176 -1.5191 -1.1931
 -5.4385 -5.1116 -4.8422 -4.6226 -4.4396 -4.2786 -4.1268 -3.9712 -3.8086 -3.6363
 -3.4485 -3.2414 -3.0187 -2.7980 -2.5922 -2.1421 -1.7544 -1.4129 -1.1267 -0.8985
 -5.1648 -4.7933 -4.4983 -4.2801 -4.0819 -3.9126 -3.7623 -3.6181 -3.4727 -3.3221
 -3.1611 -2.9839 -2.7867 -2.5806 -2.3862 -1.9711 -1.6282 -1.3316 -1.0788 -0.8744
 -0.7063
 -5.0232 -4.6178 -4.2958 -4.0460 -3.8472 -3.6791 -3.5250 -3.3737 -3.2263 -3.0823
 -2.9364 -2.7835 -2.6151 -2.4283 -2.2436 -1.8517 -1.5390 -1.2752 -1.0494 -0.8639
 -0.7123 -0.5836
 -5.0151 -4.5955 -4.2440 -3.9630 -3.7376 -3.5509 -3.3890 -3.2399 -3.0939 -2.9435
 -2.7886 -2.6381 -2.4874 -2.3245 -2.1511 -1.7741 -1.4801 -1.2387 -1.0335 -0.8631
 -0.7234 -0.6047 -0.5001 -0.4056
 -5.0565 -4.6252 -4.2606 -3.9540 -3.6955 -3.4768 -3.2902 -3.1284 -2.9851 -2.8549
 -2.7184 -2.5647 -2.4091 -2.2551 -2.0950 -1.7279 -1.4444 -1.2171 -1.0268 -0.8681
 -0.7381 -0.6284 -0.5317 -0.4439 -0.3631 -0.2882 -0.2197 -0.1544 -0.0946 -0.0575
 -5.1190 -4.6845 -4.3120 -3.9952 -3.7239 -3.4892 -3.2840 -3.1027 -2.9403 -2.7911
 -2.6511 -2.5151 -2.3732 -2.2252 -2.0699 -1.7055 -1.4256 -1.2063 -1.0256 -0.8755
 -0.7532 -0.6516 -0.5627 -0.4821 -0.4074 -0.3377 -0.2730 -0.2131 -0.1576 -0.1098
 -0.0825
 -5.1791 -4.7531 -4.3808 -4.0584 -3.7781 -3.5321 -3.3133 -3.1165 -2.9382 -2.7748
 -2.6219 -2.4768 -2.3374 -2.2019 -2.0628 -1.7052 -1.4198 -1.2033 -1.0283 -0.8835
 -0.7664 -0.6714 -0.5903 -0.5173 -0.4497 -0.3859 -0.3263 -0.2707 -0.2194 -0.1734
 -0.1373
 -5.2143 -4.8035 -4.4435 -4.1248 -3.8420 -3.5890 -3.3604 -3.1520 -2.9608 -2.7845
 -2.6204 -2.4661 -2.3196 -2.1805 -2.0474 -1.7142 -1.4250 -1.2043 -1.0318 -0.8902
 -0.7758 -0.6853 -0.6109 -0.5459 -0.4860 -0.4296 -0.3763 -0.3259 -0.2788 -0.2358
 -0.1991
 -5.2228 -4.8408 -4.4974 -4.1892 -3.9108 -3.6566 -3.4225 -3.2057 -3.0047 -2.8179
 -2.6437 -2.4806 -2.3269 -2.1817 -2.0446 -1.7236 -1.4421 -1.2147 -1.0400 -0.8994
 -0.7857 -0.6965 -0.6264 -0.5681 -0.5163 -0.4680 -0.4222 -0.3785 -0.3370 -0.2982
 -0.2624
 -5.2073 -4.8531 -4.5300 -4.2359 -3.9671 -3.7184 -3.4852 -3.2653 -3.0580 -2.8634
 -2.6809 -2.5100 -2.3495 -2.1983 -2.0556 -1.7320 -1.4569 -1.2292 -1.0498 -0.9086
 -0.7948 -0.7053 -0.6365 -0.5826 -0.5376 -0.4974 -0.4600 -0.4241 -0.3896 -0.3568
 -0.3261
 -5.1684 -4.8428 -4.5421 -4.2638 -4.0052 -3.7638 -3.5368 -3.3201 -3.1122 -2.9139
 -2.7258 -2.5487 -2.3821 -2.2255 -2.0804 -1.7394 -1.4694 -1.2478 -1.0612
 [Fe/H] = -1.50 [alpha/Fe] = 0.40 BC value =  B   
 -6.0449 -5.8334 -5.6318 -5.4325 -5.2326 -5.0142 -4.7582 -4.4656 -4.1860 -3.9244
 -3.6709 -3.4205 -3.1775 -2.9508 -2.7431 -2.2920 -1.8996 -1.5436 -1.2305
 -5.5907 -5.3487 -5.1256 -4.9158 -4.7127 -4.5084 -4.2877 -4.0464 -3.8143 -3.5924
 -3.3726 -3.1480 -2.9211 -2.7039 -2.5049 -2.0830 -1.7326 -1.4259 -1.1544 -0.9237
 -5.2717 -4.9905 -4.7404 -4.5157 -4.3103 -4.1168 -3.9245 -3.7219 -3.5237 -3.3327
 -3.1430 -2.9470 -2.7407 -2.5340 -2.3413 -1.9379 -1.6152 -1.3418 -1.1023 -0.8957
 -0.7236
 -5.0940 -4.7542 -4.4720 -4.2318 -4.0168 -3.8241 -3.6457 -3.4699 -3.2967 -3.1290
 -2.9635 -2.7941 -2.6134 -2.4219 -2.2352 -1.8425 -1.5369 -1.2853 -1.0689 -0.8814
 -0.7237 -0.5901
 -5.0476 -4.6491 -4.3181 -4.0438 -3.8159 -3.6259 -3.4614 -3.2986 -3.1366 -2.9794
 -2.8268 -2.6754 -2.5186 -2.3482 -2.1706 -1.7838 -1.4875 -1.2497 -1.0493 -0.8769
 -0.7309 -0.6073 -0.4996 -0.4034
 -5.1095 -4.6708 -4.2932 -3.9749 -3.7117 -3.4954 -3.3186 -3.1724 -3.0389 -2.9007
 -2.7492 -2.5970 -2.4481 -2.2966 -2.1335 -1.7515 -1.4585 -1.2288 -1.0393 -0.8785
 -0.7424 -0.6275 -0.5277 -0.4384 -0.3568 -0.2817 -0.2130 -0.1475 -0.0875 -0.0495
 -5.2369 -4.7618 -4.3524 -4.0058 -3.7149 -3.4728 -3.2714 -3.1012 -2.9537 -2.8231
 -2.6999 -2.5662 -2.4176 -2.2656 -2.1129 -1.7385 -1.4441 -1.2180 -1.0356 -0.8830
 -0.7551 -0.6479 -0.5558 -0.4736 -0.3983 -0.3285 -0.2641 -0.2047 -0.1494 -0.1007
 -0.0726
 -5.4191 -4.9088 -4.4676 -4.0929 -3.7776 -3.5125 -3.2883 -3.0972 -2.9316 -2.7840
 -2.6481 -2.5201 -2.3938 -2.2584 -2.1117 -1.7404 -1.4407 -1.2143 -1.0356 -0.8887
 -0.7679 -0.6661 -0.5812 -0.5064 -0.4381 -0.3744 -0.3153 -0.2597 -0.2087 -0.1641
 -0.1268
 -5.6123 -5.0866 -4.6187 -4.2191 -3.8797 -3.5920 -3.3465 -3.1346 -2.9493 -2.7848
 -2.6351 -2.4951 -2.3617 -2.2333 -2.1044 -1.7540 -1.4446 -1.2140 -1.0364 -0.8931
 -0.7753 -0.6794 -0.6007 -0.5333 -0.4726 -0.4161 -0.3633 -0.3137 -0.2676 -0.2258
 -0.1891
 -5.7837 -5.2629 -4.7917 -4.3774 -4.0185 -3.7097 -3.4431 -3.2107 -3.0057 -2.8227
 -2.6570 -2.5043 -2.3608 -2.2246 -2.0944 -1.7723 -1.4657 -1.2232 -1.0426 -0.9001
 -0.7843 -0.6907 -0.6160 -0.5549 -0.5017 -0.4530 -0.4076 -0.3646 -0.3242 -0.2867
 -0.2522
 -5.9067 -5.4086 -4.9520 -4.5365 -4.1703 -3.8479 -3.5643 -3.3133 -3.0894 -2.8884
 -2.7059 -2.5388 -2.3837 -2.2384 -2.1009 -1.7822 -1.4903 -1.2418 -1.0525 -0.9080
 -0.7925 -0.6996 -0.6267 -0.5695 -0.5227 -0.4817 -0.4443 -0.4090 -0.3754 -0.3437
 -0.3144
 -5.9590 -5.5000 -5.0713 -4.6729 -4.3119 -3.9872 -3.6953 -3.4316 -3.1924 -2.9750
 -2.7767 -2.5950 -2.4275 -2.2718 -2.1239 -1.7837 -1.5184 -1.2698 -1.0661
 [Fe/H] = -1.00 [alpha/Fe] = 0.40 BC value =  B   
 -6.4199 -6.2820 -6.1393 -5.9813 -5.8044 -5.5627 -5.2076 -4.7384 -4.2842 -3.9059
 -3.5932 -3.3223 -3.0803 -2.8611 -2.6621 -2.2375 -1.8846 -1.5632 -1.2701
 -5.9092 -5.7531 -5.5967 -5.4321 -5.2469 -5.0219 -4.7244 -4.3409 -3.9678 -3.6426
 -3.3616 -3.1101 -2.8785 -2.6654 -2.4709 -2.0611 -1.7284 -1.4429 -1.1889 -0.9625
 -5.5036 -5.3252 -5.1518 -4.9781 -4.7961 -4.5933 -4.3465 -4.0368 -3.7251 -3.4427
 -3.1913 -2.9609 -2.7429 -2.5365 -2.3453 -1.9433 -1.6256 -1.3613 -1.1319 -0.9284
 -0.7506
 -5.2241 -5.0099 -4.8110 -4.6209 -4.4342 -4.2440 -4.0372 -3.7886 -3.5275 -3.2823
 -3.0586 -2.8508 -2.6501 -2.4539 -2.2666 -1.8680 -1.5584 -1.3074 -1.0942 -0.9079
 -0.7448 -0.6043
 -5.1032 -4.8210 -4.5808 -4.3649 -4.1632 -3.9714 -3.7828 -3.5802 -3.3615 -3.1484
 -2.9497 -2.7633 -2.5821 -2.4004 -2.2201 -1.8229 -1.5163 -1.2732 -1.0710 -0.8974
 -0.7463 -0.6159 -0.5030 -0.4034
 -5.1297 -4.7630 -4.4480 -4.1822 -3.9582 -3.7654 -3.5881 -3.4129 -3.2267 -3.0390
 -2.8597 -2.6906 -2.5272 -2.3628 -2.1939 -1.7997 -1.4920 -1.2530 -1.0581 -0.8936
 -0.7524 -0.6308 -0.5259 -0.4334 -0.3501 -0.2741 -0.2047 -0.1384 -0.0787 -0.0403
 -5.2373 -4.8142 -4.4410 -4.1187 -3.8457 -3.6155 -3.4208 -3.2560 -3.1071 -2.9573
 -2.7995 -2.6401 -2.4848 -2.3325 -2.1785 -1.7928 -1.4808 -1.2424 -1.0522 -0.8942
 -0.7607 -0.6469 -0.5493 -0.4640 -0.3871 -0.3169 -0.2528 -0.1935 -0.1380 -0.0894
 -0.0601
 -5.4195 -4.9418 -4.5203 -4.1542 -3.8403 -3.5755 -3.3530 -3.1650 -3.0030 -2.8599
 -2.7302 -2.6030 -2.4657 -2.3189 -2.1700 -1.7985 -1.4805 -1.2390 -1.0508 -0.8972
 -0.7694 -0.6621 -0.5712 -0.4929 -0.4229 -0.3589 -0.3002 -0.2460 -0.1964 -0.1512
 -0.1141
 -5.6932 -5.1443 -4.6706 -4.2600 -3.9085 -3.6107 -3.3599 -3.1485 -2.9688 -2.8128
 -2.6735 -2.5457 -2.4247 -2.3024 -2.1693 -1.8104 -1.4869 -1.2395 -1.0506 -0.8998
 -0.7760 -0.6736 -0.5886 -0.5169 -0.4542 -0.3973 -0.3449 -0.2963 -0.2515 -0.2109
 -0.1751
 -6.0215 -5.4308 -4.9016 -4.4423 -4.0489 -3.7154 -3.4340 -3.1960 -2.9934 -2.8190
 -2.6657 -2.5271 -2.3981 -2.2749 -2.1542 -1.8323 -1.5073 -1.2500 -1.0567 -0.9059
 -0.7841 -0.6846 -0.6036 -0.5373 -0.4813 -0.4317 -0.3865 -0.3444 -0.3053 -0.2694
 -0.2371
 -6.3438 -5.7348 -5.1810 -4.6816 -4.2475 -3.8768 -3.5623 -3.2952 -3.0666 -2.8693
 -2.6964 -2.5423 -2.4017 -2.2702 -2.1445 -1.8426 -1.5377 -1.2691 -1.0672 -0.9136
 -0.7918 -0.6937 -0.6149 -0.5523 -0.5017 -0.4590 -0.4213 -0.3865 -0.3541 -0.3240
 -0.2964
 -6.5815 -6.0022 -5.4484 -4.9389 -4.4800 -4.0797 -3.7351 -3.4386 -3.1830 -2.9606
 -2.7652 -2.5914 -2.4346 -2.2908 -2.1402 -1.8413 -1.5781 -1.2968 -1.0821
 [Fe/H] = -0.75 [alpha/Fe] = 0.40 BC value =  B   
 -6.6208 -6.5157 -6.4041 -6.2741 -6.0862 -5.8146 -5.4418 -4.9541 -4.3925 -3.9364
 -3.5854 -3.3009 -3.0566 -2.8401 -2.6444 -2.2279 -1.8807 -1.5740 -1.2936
 -6.0937 -5.9742 -5.8525 -5.7188 -5.5570 -5.3411 -5.0268 -4.5748 -4.1076 -3.7076
 -3.3842 -3.1149 -2.8796 -2.6677 -2.4752 -2.0683 -1.7388 -1.4579 -1.2094 -0.9865
 -5.6583 -5.5208 -5.3852 -5.2451 -5.0889 -4.8981 -4.6408 -4.2799 -3.8910 -3.5388
 -3.2411 -2.9871 -2.7614 -2.5548 -2.3649 -1.9624 -1.6434 -1.3790 -1.1508 -0.9490
 -0.7699
 -5.3294 -5.1652 -5.0088 -4.8551 -4.6968 -4.5224 -4.3125 -4.0299 -3.7087 -3.4020
 -3.1314 -2.8948 -2.6812 -2.4821 -2.2954 -1.8945 -1.5805 -1.3264 -1.1117 -0.9250
 -0.7603 -0.6163
 -5.1439 -4.9264 -4.7344 -4.5566 -4.3848 -4.2120 -4.0284 -3.8076 -3.5459 -3.2823
 -3.0399 -2.8225 -2.6234 -2.4349 -2.2538 -1.8537 -1.5406 -1.2926 -1.0871 -0.9112
 -0.7581 -0.6242 -0.5078 -0.4058
 -5.1235 -4.8172 -4.5627 -4.3476 -4.1548 -3.9725 -3.7940 -3.6089 -3.3967 -3.1726
 -2.9580 -2.7604 -2.5772 -2.4019 -2.2299 -1.8328 -1.5174 -1.2721 -1.0728 -0.9048
 -0.7608 -0.6358 -0.5273 -0.4322 -0.3474 -0.2711 -0.2005 -0.1335 -0.0744 -0.0364
 -5.2113 -4.8321 -4.5009 -4.2188 -3.9793 -3.7736 -3.5937 -3.4299 -3.2605 -3.0748
 -2.8860 -2.7059 -2.5370 -2.3756 -2.2156 -1.8270 -1.5071 -1.2612 -1.0657 -0.9035
 -0.7663 -0.6489 -0.5477 -0.4596 -0.3814 -0.3104 -0.2461 -0.1870 -0.1313 -0.0835
 -0.0546
 -5.3692 -4.9334 -4.5458 -4.2066 -3.9155 -3.6673 -3.4548 -3.2714 -3.1104 -2.9606
 -2.8141 -2.6637 -2.5090 -2.3558 -2.2058 -1.8330 -1.5078 -1.2580 -1.0636 -0.9052
 -0.7731 -0.6619 -0.5673 -0.4859 -0.4143 -0.3499 -0.2913 -0.2374 -0.1875 -0.1432
 -0.1059
 -5.6085 -5.1109 -4.6690 -4.2810 -3.9444 -3.6564 -3.4119 -3.2040 -3.0252 -2.8677
 -2.7255 -2.5954 -2.4707 -2.3410 -2.2018 -1.8441 -1.5155 -1.2592 -1.0632 -0.9070
 -0.7787 -0.6720 -0.5831 -0.5081 -0.4434 -0.3858 -0.3335 -0.2853 -0.2412 -0.2014
 -0.1663
 -5.9571 -5.3890 -4.8840 -4.4422 -4.0593 -3.7312 -3.4522 -3.2158 -3.0149 -2.8422
 -2.6903 -2.5536 -2.4274 -2.3077 -2.1888 -1.8641 -1.5367 -1.2710 -1.0698 -0.9130
 -0.7864 -0.6825 -0.5975 -0.5276 -0.4692 -0.4184 -0.3731 -0.3314 -0.2930 -0.2582
 -0.2267
 -6.3518 -5.7390 -5.1819 -4.6831 -4.2502 -3.8780 -3.5612 -3.2925 -3.0641 -2.8689
 -2.6999 -2.5507 -2.4156 -2.2898 -2.1696 -1.8755 -1.5671 -1.2913 -1.0814 -0.9210
 -0.7942 -0.6917 -0.6090 -0.5426 -0.4892 -0.4448 -0.4064 -0.3719 -0.3400 -0.3108
 -0.2871
 -6.7926 -6.0850 -5.5078 -4.9789 -4.5033 -4.0887 -3.7323 -3.4281 -3.1687 -2.9463
 -2.7539 -2.5855 -2.4354 -2.2988 -2.1442 -1.8783 -1.6067 -1.3201 -1.0980
 [Fe/H] = -0.50 [alpha/Fe] = 0.40 BC value =  B   
 -6.8551 -6.7725 -6.6793 -6.5671 -6.3938 -6.1226 -5.7255 -5.1804 -4.5311 -3.9962
 -3.6019 -3.2990 -3.0505 -2.8349 -2.6420 -2.2314 -1.8913 -1.5927 -1.3135
 -6.3095 -6.2148 -6.1169 -6.0056 -5.8627 -5.6579 -5.3379 -4.8350 -4.2798 -3.7982
 -3.4268 -3.1360 -2.8945 -2.6832 -2.4925 -2.0881 -1.7597 -1.4804 -1.2344 -1.0137
 -5.8438 -5.7358 -5.6286 -5.5153 -5.3824 -5.2071 -4.9505 -4.5541 -4.0894 -3.6589
 -3.3077 -3.0263 -2.7906 -2.5831 -2.3946 -1.9926 -1.6710 -1.4042 -1.1748 -0.9730
 -0.7933
 -5.4698 -5.3421 -5.2194 -5.0971 -4.9664 -4.8117 -4.6073 -4.3040 -3.9244 -3.5464
 -3.2198 -2.9494 -2.7203 -2.5174 -2.3316 -1.9305 -1.6117 -1.3529 -1.1347 -0.9459
 -0.7796 -0.6326
 -5.2104 -5.0472 -4.8987 -4.7577 -4.6176 -4.4695 -4.2975 -4.0681 -3.7661 -3.4435
 -3.1465 -2.8909 -2.6708 -2.4743 -2.2925 -1.8923 -1.5731 -1.3190 -1.1087 -0.9294
 -0.7735 -0.6365 -0.5162 -0.4113
 -5.1199 -4.8827 -4.6837 -4.5083 -4.3462 -4.1885 -4.0264 -3.8428 -3.6083 -3.3402
 -3.0776 -2.8411 -2.6326 -2.4446 -2.2690 -1.8721 -1.5501 -1.2976 -1.0928 -0.9204
 -0.7727 -0.6442 -0.5317 -0.4332 -0.3459 -0.2676 -0.1964 -0.1278 -0.0682 -0.0296
 -5.1713 -4.8421 -4.5656 -4.3366 -4.1422 -3.9678 -3.8016 -3.6364 -3.4509 -3.2338
 -3.0075 -2.7937 -2.5994 -2.4220 -2.2549 -1.8659 -1.5398 -1.2858 -1.0841 -0.9170
 -0.7755 -0.6540 -0.5488 -0.4570 -0.3763 -0.3042 -0.2393 -0.1798 -0.1233 -0.0750
 -0.0458
 -5.3016 -4.9094 -4.5628 -4.2642 -4.0108 -3.7942 -3.6046 -3.4355 -3.2789 -3.1124
 -2.9314 -2.7465 -2.5687 -2.4027 -2.2455 -1.8705 -1.5405 -1.2822 -1.0809 -0.9173
 -0.7803 -0.6643 -0.5655 -0.4803 -0.4062 -0.3404 -0.2813 -0.2279 -0.1787 -0.1335
 -0.0958
 -5.5047 -5.0531 -4.6506 -4.2958 -3.9878 -3.7240 -3.4976 -3.3007 -3.1273 -2.9694
 -2.8191 -2.6744 -2.5309 -2.3845 -2.2373 -1.8797 -1.5489 -1.2839 -1.0802 -0.9181
 -0.7845 -0.6728 -0.5793 -0.5002 -0.4326 -0.3734 -0.3208 -0.2732 -0.2301 -0.1909
 -0.1554
 -5.8229 -5.2968 -4.8321 -4.4224 -4.0646 -3.7552 -3.4901 -3.2633 -3.0680 -2.8971
 -2.7433 -2.6028 -2.4733 -2.3506 -2.2272 -1.8967 -1.5703 -1.2971 -1.0874 -0.9239
 -0.7917 -0.6827 -0.5928 -0.5186 -0.4567 -0.4039 -0.3580 -0.3165 -0.2788 -0.2449
 -0.2144
 -6.2417 -5.6465 -5.1109 -4.6398 -4.2276 -3.8709 -3.5648 -3.3035 -3.0805 -2.8892
 -2.7227 -2.5749 -2.4410 -2.3172 -2.2000 -1.9094 -1.5996 -1.3189 -1.1004 -0.9324
 -0.7996 -0.6918 -0.6042 -0.5334 -0.4761 -0.4291 -0.3896 -0.3549 -0.3237 -0.2953
 -0.2728
 -6.6764 -6.0498 -5.4692 -4.9425 -4.4735 -4.0664 -3.7153 -3.4151 -3.1593 -2.9407
 -2.7526 -2.5888 -2.4435 -2.3120 -2.1557 -1.9178 -1.6368 -1.3493 -1.1192
 [Fe/H] = -0.25 [alpha/Fe] = 0.40 BC value =  B   
 -7.1044 -7.0381 -7.0159 -6.9680 -6.8258 -6.5341 -6.0489 -5.3786 -4.6849 -4.0901
 -3.6473 -3.3209 -3.0636 -2.8464 -2.6548 -2.2496 -1.9131 -1.6192 -1.3447
 -6.5460 -6.4733 -6.3902 -6.2938 -6.1623 -5.9612 -5.6324 -5.0877 -4.4666 -3.9164
 -3.4939 -3.1766 -2.9249 -2.7118 -2.5223 -2.1202 -1.7919 -1.5121 -1.2659 -1.0455
 -6.0539 -5.9677 -5.8814 -5.7872 -5.6703 -5.5061 -5.2510 -4.8303 -4.3040 -3.8013
 -3.3947 -3.0817 -2.8324 -2.6216 -2.4339 -2.0335 -1.7090 -1.4385 -1.2060 -1.0021
 -0.8212
 -5.6397 -5.5388 -5.4415 -5.3432 -5.2338 -5.0959 -4.8994 -4.5857 -4.1577 -3.7117
 -3.3255 -3.0174 -2.7698 -2.5608 -2.3748 -1.9755 -1.6524 -1.3881 -1.1650 -0.9724
 -0.8037 -0.6539
 -5.3193 -5.1942 -5.0781 -4.9668 -4.8538 -4.7281 -4.5698 -4.3398 -4.0069 -3.6260
 -3.2695 -2.9709 -2.7264 -2.5197 -2.3360 -1.9382 -1.6142 -1.3535 -1.1375 -0.9531
 -0.7937 -0.6534 -0.5293 -0.4208
 -5.1503 -4.9593 -4.8060 -4.6691 -4.5399 -4.4102 -4.2685 -4.0918 -3.8429 -3.5317
 -3.2149 -2.9329 -2.6949 -2.4918 -2.3115 -1.9168 -1.5905 -1.3307 -1.1196 -0.9417
 -0.7894 -0.6570 -0.5405 -0.4379 -0.3467 -0.2648 -0.1905 -0.1225 -0.0634 -0.0245
 -5.1309 -4.8611 -4.6452 -4.4652 -4.3051 -4.1557 -4.0093 -3.8551 -3.6665 -3.4232
 -3.1535 -2.8962 -2.6692 -2.4722 -2.2964 -1.9083 -1.5792 -1.3175 -1.1090 -0.9361
 -0.7893 -0.6632 -0.5536 -0.4577 -0.3735 -0.2991 -0.2334 -0.1726 -0.1150 -0.0673
 -0.0382
 -5.2294 -4.8803 -4.5805 -4.3316 -4.1256 -3.9493 -3.7897 -3.6367 -3.4814 -3.2962
 -3.0789 -2.8545 -2.6448 -2.4568 -2.2873 -1.9096 -1.5791 -1.3129 -1.1043 -0.9345
 -0.7920 -0.6708 -0.5671 -0.4776 -0.3998 -0.3317 -0.2715 -0.2178 -0.1685 -0.1230
 -0.0858
 -5.3948 -4.9876 -4.6254 -4.3096 -4.0403 -3.8122 -3.6151 -3.4400 -3.2804 -3.1269
 -2.9619 -2.7870 -2.6100 -2.4391 -2.2790 -1.9156 -1.5865 -1.3145 -1.1027 -0.9340
 -0.7946 -0.6774 -0.5786 -0.4948 -0.4232 -0.3615 -0.3075 -0.2594 -0.2163 -0.1778
 -0.1433
 -5.6610 -5.1876 -4.7671 -4.3951 -4.0700 -3.7896 -3.5492 -3.3412 -3.1578 -2.9927
 -2.8379 -2.6885 -2.5458 -2.4077 -2.2701 -1.9296 -1.6067 -1.3284 -1.1102 -0.9394
 -0.8011 -0.6864 -0.5910 -0.5117 -0.4454 -0.3896 -0.3419 -0.3001 -0.2628 -0.2292
 -0.2007
 -6.0525 -5.4992 -5.0076 -4.5744 -4.1946 -3.8642 -3.5789 -3.3338 -3.1226 -2.9383
 -2.7743 -2.6246 -2.4868 -2.3594 -2.2394 -1.9421 -1.6339 -1.3511 -1.1244 -0.9485
 -0.8091 -0.6954 -0.6022 -0.5261 -0.4640 -0.4134 -0.3716 -0.3360 -0.3049 -0.2775
 -0.2579
 -6.5183 -5.9131 -5.3539 -4.8523 -4.4124 -4.0284 -3.6957 -3.4096 -3.1642 -2.9533
 -2.7706 -2.6100 -2.4662 -2.3354 -2.1869 -1.9531 -1.6681 -1.3826 -1.1453
 [Fe/H] =  0.00 [alpha/Fe] = 0.40 BC value =  B   
 -7.3438 -7.2969 -7.2815 -7.2197 -7.0501 -6.7260 -6.2082 -5.5083 -4.8388 -4.2136
 -3.7229 -3.3664 -3.0957 -2.8744 -2.6831 -2.2813 -1.9480 -1.6560 -1.3824
 -6.7884 -6.7317 -6.6683 -6.5838 -6.4567 -6.2506 -5.8956 -5.3014 -4.6544 -4.0573
 -3.5857 -3.2372 -2.9708 -2.7530 -2.5638 -2.1645 -1.8361 -1.5542 -1.3056 -1.0835
 -6.2778 -6.2107 -6.1420 -6.0621 -5.9546 -5.7934 -5.5314 -5.0878 -4.5167 -3.9604
 -3.5023 -3.1547 -2.8875 -2.6703 -2.4822 -2.0843 -1.7581 -1.4834 -1.2463 -1.0383
 -0.8546
 -5.8306 -5.7509 -5.6737 -5.5933 -5.4985 -5.3703 -5.1766 -4.8540 -4.3899 -3.8890
 -3.4478 -3.1008 -2.8310 -2.6128 -2.4252 -2.0288 -1.7032 -1.4333 -1.2045 -1.0065
 -0.8338 -0.6807
 -5.4608 -5.3631 -5.2716 -5.1828 -5.0901 -4.9805 -4.8323 -4.6029 -4.2490 -3.8191
 -3.4072 -3.0643 -2.7925 -2.5729 -2.3855 -1.9907 -1.6647 -1.3977 -1.1751 -0.9848
 -0.8203 -0.6760 -0.5480 -0.4338
 -5.1969 -5.0638 -4.9473 -4.8404 -4.7377 -4.6310 -4.5064 -4.3376 -4.0811 -3.7339
 -3.3651 -3.0365 -2.7664 -2.5459 -2.3586 -1.9665 -1.6393 -1.3727 -1.1548 -0.9706
 -0.8126 -0.6754 -0.5548 -0.4478 -0.3529 -0.2682 -0.1915 -0.1179 -0.0588 -0.0190
 -5.1081 -4.9012 -4.7301 -4.5846 -4.4564 -4.3361 -4.2137 -4.0746 -3.8884 -3.6256
 -3.3137 -3.0104 -2.7478 -2.5282 -2.3418 -1.9536 -1.6255 -1.3574 -1.1416 -0.9621
 -0.8093 -0.6779 -0.5637 -0.4633 -0.3749 -0.2981 -0.2295 -0.1657 -0.1062 -0.0590
 -0.0295
 -5.1576 -4.8558 -4.6101 -4.4153 -4.2541 -4.1097 -3.9713 -3.8340 -3.6841 -3.4902
 -3.2432 -2.9776 -2.7307 -2.5167 -2.3325 -1.9502 -1.6230 -1.3510 -1.1346 -0.9582
 -0.8095 -0.6826 -0.5737 -0.4793 -0.3972 -0.3255 -0.2628 -0.2076 -0.1578 -0.1113
 -0.0745
 -5.2865 -4.9218 -4.6004 -4.3282 -4.1042 -3.9183 -3.7575 -3.6150 -3.4744 -3.3189
 -3.1353 -2.9225 -2.7053 -2.5043 -2.3257 -1.9517 -1.6278 -1.3514 -1.1316 -0.9557
 -0.8101 -0.6869 -0.5825 -0.4936 -0.4173 -0.3517 -0.2953 -0.2460 -0.2027 -0.1642
 -0.1296
 -5.5055 -5.0785 -4.6997 -4.3657 -4.0775 -3.8335 -3.6265 -3.4485 -3.2884 -3.1356
 -2.9814 -2.8194 -2.6506 -2.4828 -2.3215 -1.9624 -1.6449 -1.3649 -1.1388 -0.9602
 -0.8154 -0.6947 -0.5934 -0.5086 -0.4373 -0.3772 -0.3265 -0.2832 -0.2457 -0.2129
 -0.1844
 -5.8402 -5.3374 -4.8943 -4.5023 -4.1582 -3.8595 -3.6029 -3.3825 -3.1902 -3.0187
 -2.8608 -2.7108 -2.5653 -2.4255 -2.2925 -1.9743 -1.6686 -1.3875 -1.1539 -0.9697
 -0.8232 -0.7033 -0.6041 -0.5222 -0.4548 -0.3994 -0.3540 -0.3165 -0.2848 -0.2578
 -0.2389
 -6.3026 -5.7193 -5.1983 -4.7396 -4.3364 -3.9838 -3.6777 -3.4135 -3.1858 -2.9881
 -2.8137 -2.6565 -2.5117 -2.3778 -2.2387 -1.9874 -1.6989 -1.4192 -1.1769
 [Fe/H] =  0.25 [alpha/Fe] = 0.40 BC value =  B   
 -7.5672 -7.5448 -7.4430 -7.2577 -6.9837 -6.6176 -6.1572 -5.6014 -4.9698 -4.3516
 -3.8250 -3.4356 -3.1470 -2.9190 -2.7261 -2.3271 -1.9949 -1.7033 -1.4297
 -7.0142 -6.9801 -6.9890 -6.9691 -6.8498 -6.5744 -6.0977 -5.4457 -4.8138 -4.2091
 -3.7001 -3.3183 -3.0328 -2.8073 -2.6164 -2.2204 -1.8923 -1.6078 -1.3553 -1.1293
 -6.4960 -6.4496 -6.4001 -6.3345 -6.2338 -6.0694 -5.7891 -5.3006 -4.7030 -4.1247
 -3.6282 -3.2459 -2.9570 -2.7299 -2.5392 -2.1446 -1.8182 -1.5397 -1.2969 -1.0832
 -0.8947
 -6.0264 -5.9670 -5.9089 -5.8446 -5.7605 -5.6359 -5.4371 -5.0980 -4.5989 -4.0647
 -3.5848 -3.1999 -2.9060 -2.6750 -2.4832 -2.0895 -1.7640 -1.4897 -1.2545 -1.0499
 -0.8713 -0.7137
 -5.6192 -5.5445 -5.4732 -5.4033 -5.3259 -5.2265 -5.0819 -4.8481 -4.4746 -4.0058
 -3.5531 -3.1712 -2.8719 -2.6360 -2.4419 -2.0492 -1.7241 -1.4523 -1.2231 -1.0258
 -0.8548 -0.7053 -0.5728 -0.4543
 -5.2976 -5.1939 -5.1042 -5.0207 -4.9384 -4.8485 -4.7352 -4.5707 -4.3076 -3.9319
 -3.5212 -3.1513 -2.8500 -2.6095 -2.4126 -2.0206 -1.6960 -1.4249 -1.1999 -1.0087
 -0.8438 -0.7009 -0.5754 -0.4640 -0.3645 -0.2752 -0.1933 -0.1157 -0.0560 -0.0146
 -5.1112 -4.9536 -4.8220 -4.7119 -4.6124 -4.5160 -4.4130 -4.2861 -4.1028 -3.8266
 -3.4788 -3.1338 -2.8361 -2.5931 -2.3937 -2.0022 -1.6787 -1.4064 -1.1836 -0.9972
 -0.8374 -0.6998 -0.5802 -0.4753 -0.3823 -0.3010 -0.2282 -0.1606 -0.0984 -0.0513
 -0.0210
 -5.0925 -4.8486 -4.6608 -4.5071 -4.3719 -4.2500 -4.1353 -4.0180 -3.8781 -3.6822
 -3.4129 -3.1100 -2.8266 -2.5847 -2.3838 -1.9930 -1.6718 -1.3975 -1.1739 -0.9902
 -0.8347 -0.7015 -0.5868 -0.4875 -0.4006 -0.3243 -0.2578 -0.2001 -0.1475 -0.0993
 -0.0631
 -5.1876 -4.8605 -4.5833 -4.3601 -4.1838 -4.0396 -3.9106 -3.7837 -3.6560 -3.5049
 -3.3076 -3.0624 -2.8078 -2.5765 -2.3778 -1.9892 -1.6721 -1.3956 -1.1688 -0.9854
 -0.8330 -0.7034 -0.5930 -0.4985 -0.4172 -0.3467 -0.2863 -0.2343 -0.1893 -0.1500
 -0.1147
 -5.3618 -4.9771 -4.6358 -4.3402 -4.0926 -3.8893 -3.7200 -3.5724 -3.4374 -3.3039
 -3.1577 -2.9786 -2.7741 -2.5687 -2.3795 -1.9959 -1.6841 -1.4070 -1.1749 -0.9886
 -0.8367 -0.7095 -0.6021 -0.5114 -0.4346 -0.3693 -0.3143 -0.2679 -0.2288 -0.1963
 -0.1660
 -5.6333 -5.1843 -4.7848 -4.4319 -4.1238 -3.8598 -3.6369 -3.4471 -3.2804 -3.1288
 -2.9852 -2.8393 -2.6826 -2.5210 -2.3627 -2.0074 -1.7028 -1.4276 -1.1899 -0.9979
 -0.8439 -0.7174 -0.6120 -0.5239 -0.4506 -0.3896 -0.3395 -0.2984 -0.2647 -0.2369
 -0.2142
 -6.0422 -5.5085 -5.0375 -4.6228 -4.2581 -3.9394 -3.6638 -3.4270 -3.2232 -3.0445
 -2.8832 -2.7332 -2.5892 -2.4487 -2.3274 -2.0237 -1.7282 -1.4574 -1.2138
 [Fe/H] =  0.50 [alpha/Fe] = 0.40 BC value =  B   
 -7.7745 -7.7819 -7.5004 -7.0820 -6.6265 -6.2088 -5.8959 -5.6618 -5.0915 -4.4989
 -3.9499 -3.5266 -3.2170 -2.9784 -2.7832 -2.3861 -2.0556 -1.7615 -1.4934
 -7.2234 -7.2185 -7.1793 -7.2376 -7.0779 -6.7214 -6.1869 -5.5410 -4.9537 -4.3658
 -3.8339 -3.4188 -3.1113 -2.8745 -2.6802 -2.2874 -1.9605 -1.6732 -1.4155 -1.1838
 -6.7085 -6.6844 -6.6404 -6.5919 -6.4952 -6.3277 -6.0185 -5.4475 -4.8548 -4.2880
 -3.7692 -3.3542 -3.0413 -2.8010 -2.6053 -2.2138 -1.8895 -1.6080 -1.3588 -1.1379
 -0.9433
 -6.2068 -6.1701 -6.1339 -6.0875 -6.0138 -5.8897 -5.6796 -5.3079 -4.7757 -4.2313
 -3.7298 -3.3157 -2.9951 -2.7485 -2.5492 -2.1574 -1.8350 -1.5579 -1.3162 -1.1038
 -0.9176 -0.7537
 -5.7747 -5.7212 -5.6719 -5.6211 -5.5576 -5.4648 -5.3186 -5.0733 -4.6697 -4.1824
 -3.7036 -3.2918 -2.9653 -2.7104 -2.5067 -2.1132 -1.7925 -1.5184 -1.2830 -1.0779
 -0.8989 -0.7425 -0.6044 -0.4810
 -5.4071 -5.3331 -5.2663 -5.2036 -5.1391 -5.0617 -4.9545 -4.7891 -4.5146 -4.1133
 -3.6785 -3.2767 -2.9468 -2.6849 -2.4755 -2.0793 -1.7603 -1.4876 -1.2566 -1.0580
 -0.8851 -0.7349 -0.6035 -0.4871 -0.3827 -0.2882 -0.1999 -0.1179 -0.0566 -0.0123
 -5.1387 -5.0281 -4.9328 -4.8500 -4.7731 -4.6955 -4.6061 -4.4866 -4.3034 -4.0132
 -3.6393 -3.2643 -2.9364 -2.6694 -2.4547 -2.0546 -1.7378 -1.4655 -1.2367 -1.0430
 -0.8757 -0.7306 -0.6048 -0.4945 -0.3967 -0.3093 -0.2312 -0.1594 -0.0933 -0.0457
 -0.0137
 -5.0476 -4.8650 -4.7128 -4.5872 -4.4808 -4.3861 -4.2939 -4.1927 -4.0612 -3.8645
 -3.5767 -3.2454 -2.9301 -2.6627 -2.4438 -2.0390 -1.7249 -1.4523 -1.2234 -1.0325
 -0.8698 -0.7293 -0.6082 -0.5030 -0.4111 -0.3298 -0.2585 -0.1957 -0.1394 -0.0884
 -0.0525
 -5.0905 -4.8073 -4.5817 -4.4108 -4.2763 -4.1575 -4.0434 -3.9315 -3.8177 -3.6735
 -3.4701 -3.2019 -2.9159 -2.6565 -2.4377 -2.0297 -1.7187 -1.4467 -1.2153 -1.0247
 -0.8650 -0.7284 -0.6113 -0.5109 -0.4241 -0.3485 -0.2831 -0.2270 -0.1786 -0.1365
 -0.0996
 -5.2292 -4.8822 -4.5787 -4.3250 -4.1203 -3.9593 -3.8281 -3.7122 -3.5980 -3.4741
 -3.3264 -3.1306 -2.8943 -2.6564 -2.4426 -2.0322 -1.7240 -1.4539 -1.2191 -1.0256
 -0.8664 -0.7324 -0.6184 -0.5215 -0.4389 -0.3681 -0.3078 -0.2569 -0.2143 -0.1792
 -0.1499
 -5.4483 -5.0444 -4.6847 -4.3680 -4.0957 -3.8687 -3.6821 -3.5259 -3.3896 -3.2635
 -3.1378 -2.9973 -2.8255 -2.6324 -2.4408 -2.0420 -1.7366 -1.4699 -1.2323 -1.0338
 -0.8723 -0.7388 -0.6268 -0.5324 -0.4530 -0.3862 -0.3305 -0.2845 -0.2470 -0.2172
 -0.1936
 -5.7885 -5.3093 -4.8868 -4.5135 -4.1854 -3.9001 -3.6565 -3.4505 -3.2745 -3.1195
 -2.9773 -2.8410 -2.7019 -2.5534 -2.4323 -2.0591 -1.7565 -1.4947 -1.2549
