 [Fe/H] = -2.50 [alpha/Fe] = 0.40 BC value =  I   
  0.2981  0.3225  0.2964  0.2844  0.3021  0.3154  0.2955  0.2617  0.2503  0.2737
  0.3157  0.3724  0.4331  0.4896  0.5420  0.6425  0.6939  0.7075  0.7057
  0.3005  0.3595  0.3829  0.3915  0.3891  0.3771  0.3606  0.3460  0.3392  0.3431
  0.3600  0.3914  0.4360  0.4862  0.5337  0.6241  0.6711  0.6828  0.6758  0.6556
  0.3028  0.3758  0.4244  0.4485  0.4470  0.4327  0.4201  0.4110  0.4036  0.3984
  0.4017  0.4158  0.4446  0.4852  0.5269  0.6082  0.6515  0.6618  0.6519  0.6315
  0.6046
  0.3050  0.3714  0.4209  0.4554  0.4758  0.4822  0.4740  0.4567  0.4435  0.4396
  0.4408  0.4456  0.4589  0.4866  0.5216  0.5948  0.6351  0.6445  0.6339  0.6136
  0.5876  0.5572
  0.3276  0.3811  0.4231  0.4560  0.4806  0.4968  0.5047  0.5050  0.4979  0.4871
  0.4813  0.4817  0.4845  0.4970  0.5220  0.5859  0.6235  0.6322  0.6201  0.5988
  0.5727  0.5431  0.5102  0.4742
  0.3765  0.4139  0.4436  0.4686  0.4901  0.5076  0.5206  0.5288  0.5328  0.5334
  0.5312  0.5288  0.5278  0.5278  0.5374  0.5838  0.6178  0.6259  0.6120  0.5880
  0.5604  0.5303  0.4978  0.4627  0.4254  0.3853  0.3420  0.2937  0.2398  0.1841
  0.4496  0.4706  0.4863  0.4999  0.5134  0.5266  0.5387  0.5489  0.5565  0.5619
  0.5660  0.5692  0.5718  0.5708  0.5723  0.5937  0.6191  0.6261  0.6109  0.5833
  0.5521  0.5199  0.4864  0.4514  0.4148  0.3764  0.3355  0.2919  0.2431  0.1880
  0.1307
  0.5395  0.5467  0.5497  0.5512  0.5542  0.5593  0.5663  0.5739  0.5811  0.5871
  0.5925  0.5976  0.6025  0.6064  0.6073  0.6178  0.6293  0.6325  0.6166  0.5860
  0.5501  0.5138  0.4777  0.4413  0.4043  0.3664  0.3270  0.2855  0.2412  0.1922
  0.1361
  0.6391  0.6349  0.6279  0.6197  0.6127  0.6084  0.6074  0.6091  0.6122  0.6159
  0.6197  0.6236  0.6279  0.6324  0.6348  0.6432  0.6472  0.6441  0.6272  0.5950
  0.5549  0.5134  0.4729  0.4335  0.3945  0.3558  0.3165  0.2762  0.2343  0.1895
  0.1399
  0.7414  0.7290  0.7145  0.6995  0.6848  0.6723  0.6626  0.6566  0.6533  0.6520
  0.6519  0.6527  0.6542  0.6563  0.6582  0.6641  0.6659  0.6586  0.6405  0.6087
  0.5670  0.5213  0.4757  0.4316  0.3892  0.3481  0.3075  0.2671  0.2262  0.1839
  0.1390
  0.8449  0.8261  0.8058  0.7856  0.7659  0.7472  0.7306  0.7168  0.7060  0.6980
  0.6922  0.6880  0.6852  0.6834  0.6824  0.6825  0.6825  0.6734  0.6538  0.6231
  0.5820  0.5348  0.4854  0.4364  0.3894  0.3445  0.3011  0.2589  0.2174  0.1757
  0.1330
  0.9496  0.9262  0.8989  0.8755  0.8517  0.8287  0.8072  0.7874  0.7698  0.7546
  0.7420  0.7316  0.7230  0.7161  0.7074  0.6984  0.6970  0.6885  0.6671
 [Fe/H] = -2.00 [alpha/Fe] = 0.40 BC value =  I   
  0.0451  0.1078  0.1503  0.1777  0.1940  0.2050  0.2163  0.2320  0.2533  0.2814
  0.3191  0.3669  0.4217  0.4768  0.5308  0.6306  0.6896  0.7101  0.7038
  0.1637  0.2354  0.2808  0.3056  0.3161  0.3177  0.3158  0.3160  0.3205  0.3313
  0.3516  0.3835  0.4265  0.4743  0.5200  0.6108  0.6651  0.6849  0.6792  0.6594
  0.2209  0.3128  0.3688  0.3920  0.4034  0.4031  0.3960  0.3878  0.3818  0.3804
  0.3864  0.4026  0.4317  0.4711  0.5117  0.5941  0.6442  0.6635  0.6584  0.6394
  0.6128
  0.2353  0.3398  0.4082  0.4452  0.4594  0.4590  0.4509  0.4408  0.4327  0.4267
  0.4248  0.4291  0.4433  0.4712  0.5059  0.5805  0.6269  0.6459  0.6414  0.6227
  0.5968  0.5661
  0.2318  0.3292  0.4037  0.4533  0.4820  0.4949  0.4961  0.4893  0.4773  0.4647
  0.4596  0.4596  0.4647  0.4788  0.5051  0.5715  0.6145  0.6325  0.6282  0.6091
  0.5830  0.5529  0.5195  0.4827
  0.2410  0.3298  0.3989  0.4513  0.4893  0.5146  0.5289  0.5340  0.5311  0.5204
  0.5070  0.4984  0.4948  0.4983  0.5125  0.5680  0.6074  0.6242  0.6195  0.5993
  0.5719  0.5411  0.5079  0.4721  0.4338  0.3927  0.3483  0.2991  0.2448  0.1893
  0.2727  0.3480  0.4078  0.4540  0.4898  0.5169  0.5365  0.5491  0.5558  0.5582
  0.5568  0.5515  0.5446  0.5383  0.5380  0.5710  0.6059  0.6213  0.6162  0.5944
  0.5644  0.5316  0.4974  0.4616  0.4241  0.3846  0.3427  0.2979  0.2483  0.1931
  0.1357
  0.3282  0.3879  0.4356  0.4727  0.5020  0.5258  0.5453  0.5608  0.5719  0.5794
  0.5846  0.5880  0.5891  0.5865  0.5817  0.5882  0.6105  0.6236  0.6182  0.5954
  0.5623  0.5261  0.4893  0.4522  0.4143  0.3755  0.3349  0.2924  0.2471  0.1973
  0.1410
  0.4059  0.4500  0.4843  0.5106  0.5312  0.5482  0.5634  0.5772  0.5889  0.5983
  0.6057  0.6117  0.6169  0.6205  0.6203  0.6203  0.6254  0.6312  0.6247  0.6016
  0.5661  0.5257  0.4850  0.4449  0.4052  0.3656  0.3252  0.2838  0.2408  0.1951
  0.1447
  0.4960  0.5258  0.5481  0.5647  0.5767  0.5861  0.5947  0.6035  0.6123  0.6204
  0.6275  0.6334  0.6387  0.6436  0.6469  0.6498  0.6488  0.6451  0.6352  0.6124
  0.5764  0.5329  0.4877  0.4433  0.4003  0.3584  0.3169  0.2754  0.2334  0.1900
  0.1441
  0.5887  0.6100  0.6228  0.6310  0.6358  0.6384  0.6403  0.6428  0.6463  0.6505
  0.6548  0.6587  0.6622  0.6655  0.6684  0.6727  0.6715  0.6630  0.6485  0.6250
  0.5898  0.5454  0.4970  0.4481  0.4007  0.3551  0.3109  0.2678  0.2252  0.1825
  0.1388
  0.6820  0.6948  0.7022  0.7049  0.7042  0.7016  0.6981  0.6948  0.6924  0.6911
  0.6908  0.6909  0.6910  0.6911  0.6848  0.6890  0.6935  0.6849  0.6646
 [Fe/H] = -1.50 [alpha/Fe] = 0.40 BC value =  I   
 -0.3163 -0.2294 -0.1579 -0.0959 -0.0408  0.0151  0.0798  0.1529  0.2139  0.2651
  0.3144  0.3664  0.4205  0.4729  0.5208  0.6168  0.6799  0.7102  0.7106
 -0.1590 -0.0656  0.0069  0.0638  0.1099  0.1497  0.1914  0.2368  0.2744  0.3067
  0.3399  0.3787  0.4235  0.4698  0.5132  0.6005  0.6574  0.6850  0.6862  0.6694
 -0.0459  0.0541  0.1303  0.1867  0.2275  0.2574  0.2823  0.3086  0.3305  0.3491
  0.3686  0.3939  0.4276  0.4672  0.5064  0.5864  0.6385  0.6641  0.6662  0.6507
  0.6248
  0.0341  0.1490  0.2312  0.2836  0.3208  0.3454  0.3614  0.3745  0.3855  0.3941
  0.4031  0.4162  0.4373  0.4677  0.5021  0.5755  0.6235  0.6475  0.6500  0.6354
  0.6103  0.5794
  0.0767  0.2051  0.3004  0.3667  0.4079  0.4273  0.4308  0.4324  0.4350  0.4378
  0.4409  0.4459  0.4557  0.4745  0.5019  0.5684  0.6128  0.6350  0.6372  0.6231
  0.5982  0.5676  0.5333  0.4955
  0.0833  0.2139  0.3184  0.3981  0.4540  0.4892  0.5052  0.5042  0.4942  0.4832
  0.4772  0.4772  0.4816  0.4905  0.5080  0.5654  0.6063  0.6266  0.6282  0.6139
  0.5884  0.5573  0.5231  0.4863  0.4467  0.4041  0.3582  0.3076  0.2526  0.1974
  0.0884  0.2163  0.3200  0.4011  0.4620  0.5048  0.5319  0.5464  0.5511  0.5470
  0.5357  0.5232  0.5159  0.5158  0.5232  0.5669  0.6039  0.6224  0.6230  0.6082
  0.5818  0.5492  0.5140  0.4770  0.4382  0.3973  0.3538  0.3072  0.2566  0.2010
  0.1441
  0.1040  0.2245  0.3239  0.4027  0.4629  0.5078  0.5401  0.5616  0.5742  0.5804
  0.5819  0.5787  0.5711  0.5625  0.5572  0.5743  0.6059  0.6222  0.6220  0.6067
  0.5817  0.5446  0.5073  0.4690  0.4298  0.3894  0.3473  0.3035  0.2567  0.2055
  0.1490
  0.1437  0.2487  0.3403  0.4130  0.4695  0.5126  0.5452  0.5697  0.5870  0.5985
  0.6057  0.6100  0.6120  0.6104  0.6055  0.5991  0.6132  0.6262  0.6249  0.6093
  0.5810  0.5440  0.5037  0.4627  0.4218  0.3807  0.3388  0.2958  0.2511  0.2039
  0.1527
  0.2044  0.2940  0.3721  0.4361  0.4865  0.5254  0.5554  0.5791  0.5977  0.6121
  0.6226  0.6301  0.6358  0.6398  0.6413  0.6362  0.6326  0.6349  0.6317  0.6161
  0.5879  0.5497  0.5062  0.4617  0.4177  0.3746  0.3316  0.2886  0.2450  0.1999
  0.1527
  0.2776  0.3543  0.4198  0.4744  0.5172  0.5505  0.5761  0.5966  0.6135  0.6275
  0.6390  0.6479  0.6549  0.6603  0.6644  0.6670  0.6608  0.6521  0.6424  0.6258
  0.5982  0.5600  0.5145  0.4664  0.4185  0.3719  0.3265  0.2820  0.2379  0.1936
  0.1484
  0.3563  0.4227  0.4785  0.5244  0.5604  0.5879  0.6089  0.6253  0.6386  0.6500
  0.6599  0.6681  0.6747  0.6799  0.6748  0.6915  0.6978  0.6778  0.6570
 [Fe/H] = -1.00 [alpha/Fe] = 0.40 BC value =  I   
 -0.8265 -0.7364 -0.6531 -0.5680 -0.4757 -0.3599 -0.2043 -0.0156  0.1382  0.2429
  0.3162  0.3754  0.4283  0.4769  0.5211  0.6108  0.6742  0.7093  0.7185
 -0.6098 -0.5116 -0.4281 -0.3512 -0.2724 -0.1822 -0.0664  0.0738  0.1897  0.2726
  0.3330  0.3834  0.4305  0.4749  0.5157  0.5984  0.6545  0.6860  0.6941  0.6825
 -0.4475 -0.3371 -0.2477 -0.1728 -0.1050 -0.0364  0.0456  0.1474  0.2365  0.3029
  0.3522  0.3936  0.4337  0.4735  0.5113  0.5883  0.6397  0.6680  0.6753  0.6650
  0.6415
 -0.3268 -0.2062 -0.1083 -0.0294  0.0353  0.0916  0.1480  0.2181  0.2852  0.3375
  0.3766  0.4090  0.4409  0.4747  0.5089  0.5806  0.6284  0.6542  0.6605  0.6508
  0.6286  0.5980
 -0.1991 -0.0814  0.0112  0.0874  0.1507  0.2023  0.2454  0.2903  0.3378  0.3773
  0.4072  0.4311  0.4543  0.4805  0.5095  0.5757  0.6202  0.6439  0.6491  0.6395
  0.6180  0.5882  0.5533  0.5143
 -0.1281  0.0143  0.1271  0.2121  0.2721  0.3124  0.3412  0.3661  0.3941  0.4210
  0.4428  0.4597  0.4751  0.4926  0.5148  0.5736  0.6149  0.6367  0.6409  0.6309
  0.6096  0.5800  0.5452  0.5071  0.4658  0.4213  0.3731  0.3206  0.2641  0.2088
 -0.1033  0.0488  0.1747  0.2756  0.3523  0.4076  0.4444  0.4646  0.4739  0.4790
  0.4845  0.4921  0.5014  0.5123  0.5264  0.5747  0.6127  0.6325  0.6358  0.6253
  0.6037  0.5736  0.5384  0.5000  0.4594  0.4164  0.3707  0.3219  0.2692  0.2126
  0.1562
 -0.0954  0.0606  0.1915  0.2984  0.3832  0.4473  0.4933  0.5241  0.5430  0.5521
  0.5524  0.5470  0.5416  0.5409  0.5463  0.5798  0.6136  0.6314  0.6337  0.6227
  0.6007  0.5699  0.5334  0.4940  0.4530  0.4106  0.3661  0.3197  0.2703  0.2178
  0.1609
 -0.0906  0.0664  0.1986  0.3078  0.3952  0.4631  0.5140  0.5504  0.5747  0.5898
  0.5981  0.6007  0.5984  0.5925  0.5869  0.5922  0.6184  0.6336  0.6347  0.6231
  0.6005  0.5689  0.5308  0.4894  0.4468  0.4037  0.3595  0.3142  0.2672  0.2178
  0.1649
 -0.0773  0.0723  0.2031  0.3120  0.4002  0.4694  0.5223  0.5618  0.5903  0.6097
  0.6222  0.6298  0.6340  0.6353  0.6336  0.6240  0.6281  0.6392  0.6389  0.6269
  0.6042  0.5721  0.5327  0.4890  0.4441  0.3991  0.3541  0.3089  0.2630  0.2156
  0.1662
 -0.0471  0.0930  0.2151  0.3203  0.4071  0.4758  0.5289  0.5693  0.5996  0.6220
  0.6379  0.6488  0.6560  0.6609  0.6640  0.6621  0.6534  0.6497  0.6464  0.6337
  0.6110  0.5788  0.5387  0.4930  0.4453  0.3976  0.3504  0.3040  0.2577  0.2111
  0.1637
 -0.0036  0.1261  0.2405  0.3384  0.4211  0.4876  0.5395  0.5794  0.6097  0.6329
  0.6507  0.6639  0.6734  0.6801  0.6781  0.7065  0.6943  0.6651  0.6572
 [Fe/H] = -0.75 [alpha/Fe] = 0.40 BC value =  I   
 -1.0992 -1.0238 -0.9499 -0.8662 -0.7389 -0.5691 -0.3666 -0.1397  0.0836  0.2287
  0.3191  0.3832  0.4360  0.4827  0.5250  0.6115  0.6723  0.7088  0.7216
 -0.8594 -0.7731 -0.6970 -0.6206 -0.5321 -0.4174 -0.2585 -0.0520  0.1270  0.2510
  0.3318  0.3897  0.4379  0.4812  0.5208  0.6012  0.6564  0.6885  0.6988  0.6901
 -0.6685 -0.5670 -0.4835 -0.4095 -0.3350 -0.2484 -0.1336  0.0206  0.1646  0.2719
  0.3449  0.3974  0.4408  0.4806  0.5175  0.5930  0.6439  0.6726  0.6813  0.6732
  0.6515
 -0.5246 -0.4065 -0.3109 -0.2322 -0.1633 -0.0950 -0.0157  0.0932  0.2061  0.2969
  0.3618  0.4086  0.4467  0.4821  0.5159  0.5867  0.6343  0.6605  0.6678  0.6597
  0.6393  0.6096
 -0.3991 -0.2794 -0.1766 -0.0908 -0.0194  0.0421  0.1005  0.1718  0.2553  0.3288
  0.3845  0.4249  0.4572  0.4872  0.5169  0.5826  0.6272  0.6514  0.6575  0.6492
  0.6295  0.6008  0.5659  0.5266
 -0.2617 -0.1334 -0.0343  0.0428  0.1066  0.1620  0.2107  0.2573  0.3132  0.3688
  0.4139  0.4475  0.4736  0.4973  0.5218  0.5809  0.6226  0.6449  0.6500  0.6413
  0.6218  0.5936  0.5591  0.5204  0.4783  0.4327  0.3831  0.3293  0.2724  0.2169
 -0.2046 -0.0544  0.0688  0.1657  0.2397  0.2945  0.3332  0.3608  0.3878  0.4195
  0.4504  0.4760  0.4962  0.5137  0.5318  0.5820  0.6206  0.6410  0.6452  0.6360
  0.6162  0.5881  0.5535  0.5148  0.4732  0.4291  0.3819  0.3319  0.2779  0.2209
  0.1647
 -0.1853 -0.0252  0.1099  0.2210  0.3092  0.3771  0.4277  0.4635  0.4872  0.5030
  0.5125  0.5193  0.5269  0.5366  0.5484  0.5866  0.6212  0.6397  0.6430  0.6334
  0.6132  0.5846  0.5495  0.5102  0.4682  0.4245  0.3789  0.3309  0.2803  0.2265
  0.1692
 -0.1799 -0.0150  0.1262  0.2440  0.3397  0.4153  0.4730  0.5154  0.5453  0.5658
  0.5785  0.5838  0.5830  0.5799  0.5789  0.5966  0.6253  0.6415  0.6435  0.6332
  0.6125  0.5832  0.5471  0.5063  0.4632  0.4189  0.3734  0.3267  0.2782  0.2274
  0.1735
 -0.1828 -0.0160  0.1288  0.2506  0.3506  0.4305  0.4927  0.5397  0.5738  0.5976
  0.6136  0.6235  0.6286  0.6296  0.6273  0.6208  0.6330  0.6462  0.6468  0.6361
  0.6151  0.5853  0.5483  0.5061  0.4612  0.4154  0.3692  0.3226  0.2752  0.2262
  0.1757
 -0.1777 -0.0148  0.1282  0.2523  0.3544  0.4369  0.5016  0.5513  0.5885  0.6155
  0.6344  0.6470  0.6552  0.6603  0.6631  0.6596  0.6527  0.6546  0.6532  0.6416
  0.6205  0.5904  0.5528  0.5094  0.4625  0.4145  0.3665  0.3189  0.2713  0.2233
  0.1758
 -0.1646 -0.0043  0.1347  0.2551  0.3578  0.4415  0.5076  0.5588  0.5977  0.6268
  0.6482  0.6635  0.6741  0.6813  0.6863  0.7130  0.6844  0.6667  0.6627
 [Fe/H] = -0.50 [alpha/Fe] = 0.40 BC value =  I   
 -1.3359 -1.2882 -1.2382 -1.1714 -1.0349 -0.8303 -0.5732 -0.2768  0.0196  0.2115
  0.3229  0.3937  0.4467  0.4917  0.5319  0.6150  0.6740  0.7107  0.7243
 -1.0898 -1.0273 -0.9709 -0.9072 -0.8192 -0.6861 -0.4834 -0.2032  0.0502  0.2250
  0.3311  0.3986  0.4484  0.4907  0.5287  0.6066  0.6608  0.6931  0.7049  0.6986
 -0.8810 -0.7994 -0.7323 -0.6689 -0.5957 -0.4961 -0.3493 -0.1375  0.0743  0.2340
  0.3372  0.4033  0.4508  0.4905  0.5262  0.6000  0.6504  0.6796  0.6892  0.6825
  0.6626
 -0.7147 -0.6113 -0.5287 -0.4594 -0.3933 -0.3176 -0.2162 -0.0658  0.1039  0.2459
  0.3447  0.4096  0.4552  0.4921  0.5253  0.5949  0.6423  0.6691  0.6772  0.6702
  0.6512  0.6225
 -0.5841 -0.4642 -0.3654 -0.2847 -0.2162 -0.1517 -0.0799  0.0191  0.1462  0.2656
  0.3566  0.4190  0.4625  0.4965  0.5267  0.5915  0.6363  0.6611  0.6681  0.6606
  0.6422  0.6147  0.5801  0.5405
 -0.4257 -0.3195 -0.2265 -0.1431 -0.0698 -0.0058  0.0530  0.1176  0.2039  0.2971
  0.3757  0.4333  0.4738  0.5045  0.5312  0.5901  0.6321  0.6552  0.6614  0.6535
  0.6352  0.6084  0.5746  0.5357  0.4927  0.4459  0.3950  0.3395  0.2813  0.2250
 -0.3085 -0.1725 -0.0659  0.0160  0.0801  0.1334  0.1815  0.2264  0.2785  0.3426
  0.4046  0.4540  0.4901  0.5171  0.5398  0.5913  0.6302  0.6515  0.6568  0.6487
  0.6302  0.6036  0.5701  0.5315  0.4892  0.4438  0.3953  0.3437  0.2880  0.2295
  0.1726
 -0.2668 -0.1116  0.0184  0.1234  0.2061  0.2704  0.3203  0.3580  0.3875  0.4188
  0.4529  0.4854  0.5132  0.5351  0.5533  0.5956  0.6308  0.6501  0.6545  0.6460
  0.6272  0.6004  0.5668  0.5279  0.4856  0.4408  0.3937  0.3444  0.2921  0.2364
  0.1777
 -0.2543 -0.0890  0.0527  0.1714  0.2683  0.3452  0.4052  0.4516  0.4866  0.5135
  0.5348  0.5494  0.5588  0.5665  0.5754  0.6045  0.6344  0.6515  0.6545  0.6455
  0.6262  0.5987  0.5645  0.5250  0.4819  0.4368  0.3899  0.3409  0.2900  0.2374
  0.1833
 -0.2611 -0.0879  0.0615  0.1884  0.2937  0.3791  0.4466  0.4989  0.5385  0.5680
  0.5903  0.6060  0.6152  0.6186  0.6186  0.6218  0.6411  0.6555  0.6571  0.6475
  0.6279  0.5999  0.5651  0.5248  0.4806  0.4346  0.3873  0.3392  0.2901  0.2394
  0.1872
 -0.2722 -0.0968  0.0583  0.1907  0.3019  0.3929  0.4656  0.5224  0.5658  0.5981
  0.6216  0.6384  0.6498  0.6569  0.6603  0.6574  0.6554  0.6627  0.6625  0.6520
  0.6321  0.6037  0.5684  0.5272  0.4820  0.4344  0.3857  0.3369  0.2877  0.2381
  0.1894
 -0.2805 -0.1055  0.0501  0.1857  0.3016  0.3967  0.4734  0.5337  0.5801  0.6151
  0.6409  0.6594  0.6723  0.6810  0.7005  0.7113  0.6773  0.6731  0.6707
 [Fe/H] = -0.25 [alpha/Fe] = 0.40 BC value =  I   
 -1.5123 -1.4983 -1.5049 -1.4854 -1.3935 -1.1923 -0.8523 -0.4065 -0.0501  0.1866
  0.3240  0.4049  0.4599  0.5038  0.5421  0.6210  0.6787  0.7151  0.7298
 -1.2736 -1.2475 -1.2183 -1.1810 -1.1089 -0.9691 -0.7253 -0.3657 -0.0366  0.1912
  0.3275  0.4078  0.4612  0.5029  0.5394  0.6145  0.6677  0.7002  0.7130  0.7084
 -1.0600 -1.0078 -0.9679 -0.9268 -0.8666 -0.7638 -0.5894 -0.3176 -0.0317  0.1869
  0.3258  0.4091  0.4628  0.5031  0.5377  0.6092  0.6593  0.6889  0.6994  0.6938
  0.6753
 -0.8809 -0.8026 -0.7432 -0.6932 -0.6392 -0.5638 -0.4450 -0.2531 -0.0195  0.1825
  0.3225  0.4098  0.4651  0.5046  0.5374  0.6050  0.6526  0.6800  0.6890  0.6828
  0.6648  0.6372
 -0.7380 -0.6349 -0.5536 -0.4889 -0.4320 -0.3710 -0.2899 -0.1642  0.0110  0.1862
  0.3213  0.4112  0.4686  0.5080  0.5390  0.6022  0.6473  0.6730  0.6810  0.6744
  0.6567  0.6302  0.5961  0.5565
 -0.5717 -0.4953 -0.4008 -0.3210 -0.2541 -0.1944 -0.1324 -0.0521  0.0661  0.2050
  0.3269  0.4154  0.4741  0.5135  0.5430  0.6012  0.6435  0.6676  0.6750  0.6681
  0.6504  0.6245  0.5916  0.5527  0.5090  0.4609  0.4085  0.3519  0.2928  0.2358
 -0.4213 -0.3148 -0.2340 -0.1659 -0.1023 -0.0417  0.0153  0.0725  0.1460  0.2439
  0.3440  0.4252  0.4827  0.5218  0.5499  0.6025  0.6416  0.6640  0.6707  0.6637
  0.6460  0.6202  0.5878  0.5497  0.5071  0.4609  0.4114  0.3579  0.3004  0.2411
  0.1835
 -0.3396 -0.1984 -0.0848  0.0026  0.0695  0.1227  0.1679  0.2100  0.2528  0.3095
  0.3788  0.4447  0.4966  0.5338  0.5602  0.6068  0.6419  0.6624  0.6680  0.6610
  0.6432  0.6173  0.5850  0.5472  0.5050  0.4595  0.4112  0.3603  0.3063  0.2489
  0.1893
 -0.3119 -0.1543 -0.0198  0.0913  0.1801  0.2501  0.3059  0.3508  0.3877  0.4207
  0.4569  0.4933  0.5263  0.5540  0.5759  0.6150  0.6453  0.6634  0.6676  0.6599
  0.6419  0.6156  0.5829  0.5449  0.5025  0.4571  0.4093  0.3596  0.3077  0.2532
  0.1958
 -0.3128 -0.1442  0.0016  0.1263  0.2301  0.3142  0.3812  0.4347  0.4775  0.5121
  0.5416  0.5670  0.5861  0.5989  0.6079  0.6280  0.6514  0.6668  0.6695  0.6611
  0.6429  0.6163  0.5832  0.5448  0.5021  0.4562  0.4082  0.3588  0.3081  0.2553
  0.2018
 -0.3303 -0.1536  0.0020  0.1360  0.2493  0.3429  0.4187  0.4791  0.5264  0.5635
  0.5928  0.6163  0.6342  0.6463  0.6531  0.6568  0.6624  0.6731  0.6741  0.6646
  0.6460  0.6192  0.5856  0.5466  0.5033  0.4567  0.4079  0.3580  0.3074  0.2560
  0.2073
 -0.3531 -0.1729 -0.0111  0.1312  0.2517  0.3525  0.4348  0.5007  0.5526  0.5927
  0.6234  0.6465  0.6639  0.6766  0.7115  0.7014  0.6783  0.6823  0.6814
 [Fe/H] =  0.00 [alpha/Fe] = 0.40 BC value =  I   
 -1.6378 -1.6568 -1.6768 -1.6525 -1.5575 -1.3496 -1.0035 -0.4983 -0.1219  0.1521
  0.3197  0.4151  0.4747  0.5186  0.5554  0.6305  0.6860  0.7220  0.7376
 -1.4039 -1.4090 -1.4188 -1.4157 -1.3721 -1.2423 -0.9608 -0.5172 -0.1302  0.1476
  0.3180  0.4156  0.4754  0.5179  0.5531  0.6250  0.6773  0.7100  0.7236  0.7202
 -1.1907 -1.1734 -1.1674 -1.1576 -1.1223 -1.0300 -0.8365 -0.5066 -0.1477  0.1294
  0.3077  0.4125  0.4755  0.5181  0.5520  0.6207  0.6704  0.7007  0.7122  0.7075
  0.6898
 -1.0058 -0.9601 -0.9322 -0.9108 -0.8792 -0.8148 -0.6870 -0.4566 -0.1581  0.1070
  0.2926  0.4065  0.4749  0.5190  0.5521  0.6173  0.6647  0.6932  0.7034  0.6981
  0.6806  0.6536
 -0.8550 -0.7792 -0.7251 -0.6856 -0.6495 -0.6004 -0.5170 -0.3684 -0.1447  0.0913
  0.2763  0.3986  0.4737  0.5206  0.5536  0.6150  0.6600  0.6870  0.6965  0.6908
  0.6735  0.6474  0.6137  0.5735
 -0.7284 -0.6315 -0.5534 -0.4926 -0.4435 -0.3966 -0.3375 -0.2452 -0.0954  0.0939
  0.2662  0.3913  0.4722  0.5229  0.5567  0.6143  0.6565  0.6820  0.6909  0.6852
  0.6680  0.6424  0.6099  0.5712  0.5274  0.4789  0.4254  0.3664  0.3062  0.2481
 -0.5525 -0.4747 -0.4016 -0.3326 -0.2709 -0.2161 -0.1633 -0.1015 -0.0097  0.1234
  0.2682  0.3880  0.4717  0.5261  0.5614  0.6160  0.6546  0.6782  0.6865  0.6810
  0.6639  0.6385  0.6066  0.5691  0.5267  0.4802  0.4295  0.3743  0.3149  0.2543
  0.1958
 -0.4060 -0.2904 -0.2058 -0.1452 -0.0973 -0.0519 -0.0039  0.0464  0.1036  0.1855
  0.2912  0.3945  0.4754  0.5312  0.5681  0.6203  0.6548  0.6763  0.6836  0.6780
  0.6612  0.6359  0.6042  0.5674  0.5258  0.4802  0.4311  0.3787  0.3230  0.2634
  0.2025
 -0.3468 -0.2109 -0.0916  0.0024  0.0734  0.1277  0.1718  0.2083  0.2452  0.2911
  0.3516  0.4231  0.4897  0.5416  0.5780  0.6281  0.6581  0.6770  0.6826  0.6765
  0.6597  0.6342  0.6024  0.5656  0.5243  0.4793  0.4310  0.3799  0.3264  0.2700
  0.2104
 -0.3440 -0.1858 -0.0496  0.0662  0.1609  0.2358  0.2951  0.3424  0.3824  0.4192
  0.4565  0.4962  0.5354  0.5692  0.5962  0.6386  0.6639  0.6798  0.6838  0.6768
  0.6600  0.6346  0.6026  0.5656  0.5245  0.4796  0.4316  0.3813  0.3290  0.2746
  0.2182
 -0.3578 -0.1887 -0.0401  0.0887  0.1979  0.2881  0.3610  0.4194  0.4670  0.5066
  0.5409  0.5715  0.5992  0.6219  0.6380  0.6590  0.6735  0.6855  0.6877  0.6795
  0.6622  0.6367  0.6045  0.5672  0.5258  0.4807  0.4325  0.3822  0.3303  0.2771
  0.2259
 -0.3870 -0.2094 -0.0499  0.0889  0.2083  0.3089  0.3918  0.4590  0.5128  0.5558
  0.5906  0.6193  0.6434  0.6627  0.7034  0.6893  0.6869  0.6941  0.6943
 [Fe/H] =  0.25 [alpha/Fe] = 0.40 BC value =  I   
 -1.7148 -1.7642 -1.7356 -1.6338 -1.4626 -1.2259 -0.9270 -0.5692 -0.1857  0.1104
  0.3080  0.4223  0.4899  0.5357  0.5719  0.6436  0.6970  0.7321  0.7480
 -1.4925 -1.5310 -1.6245 -1.6989 -1.6813 -1.5132 -1.1477 -0.6283 -0.2161  0.0955
  0.3001  0.4194  0.4892  0.5348  0.5698  0.6387  0.6897  0.7225  0.7369  0.7345
 -1.2773 -1.2956 -1.3238 -1.3470 -1.3426 -1.2730 -1.0724 -0.6778 -0.2599  0.0632
  0.2806  0.4107  0.4868  0.5343  0.5689  0.6349  0.6840  0.7149  0.7277  0.7240
  0.7068
 -1.0857 -1.0762 -1.0833 -1.0949 -1.0927 -1.0496 -0.9245 -0.6613 -0.2980  0.0235
  0.2528  0.3972  0.4821  0.5338  0.5689  0.6320  0.6790  0.7086  0.7204  0.7162
  0.6991  0.6722
 -0.9270 -0.8865 -0.8647 -0.8571 -0.8491 -0.8209 -0.7450 -0.5802 -0.3094 -0.0121
  0.2219  0.3790  0.4749  0.5327  0.5697  0.6302  0.6746  0.7029  0.7142  0.7099
  0.6931  0.6670  0.6333  0.5929
 -0.8111 -0.7285 -0.6783 -0.6457 -0.6228 -0.5965 -0.5480 -0.4502 -0.2714 -0.0305
  0.1942  0.3591  0.4653  0.5306  0.5711  0.6300  0.6712  0.6980  0.7089  0.7049
  0.6884  0.6628  0.6301  0.5915  0.5475  0.4983  0.4436  0.3831  0.3221  0.2624
 -0.6678 -0.5902 -0.5240 -0.4690 -0.4261 -0.3899 -0.3501 -0.2898 -0.1830 -0.0149
  0.1786  0.3411  0.4550  0.5277  0.5728  0.6319  0.6693  0.6942  0.7044  0.7006
  0.6847  0.6595  0.6276  0.5901  0.5478  0.5012  0.4497  0.3930  0.3317  0.2701
  0.2101
 -0.4708 -0.3942 -0.3431 -0.3007 -0.2571 -0.2127 -0.1683 -0.1210 -0.0570  0.0458
  0.1879  0.3323  0.4464  0.5249  0.5748  0.6361  0.6696  0.6920  0.7010  0.6974
  0.6820  0.6571  0.6257  0.5890  0.5479  0.5026  0.4530  0.3998  0.3422  0.2804
  0.2182
 -0.3817 -0.2603 -0.1655 -0.0986 -0.0535 -0.0205  0.0103  0.0464  0.0888  0.1490
  0.2370  0.3462  0.4482  0.5259  0.5787  0.6431  0.6730  0.6922  0.6996  0.6953
  0.6801  0.6556  0.6242  0.5878  0.5474  0.5030  0.4547  0.4029  0.3478  0.2895
  0.2276
 -0.3557 -0.2144 -0.0924  0.0080  0.0857  0.1435  0.1876  0.2244  0.2571  0.2917
  0.3358  0.3981  0.4697  0.5350  0.5854  0.6516  0.6788  0.6947  0.7001  0.6949
  0.6798  0.6557  0.6245  0.5882  0.5481  0.5043  0.4568  0.4061  0.3527  0.2965
  0.2366
 -0.3586 -0.2054 -0.0687  0.0497  0.1491  0.2296  0.2929  0.3433  0.3858  0.4232
  0.4581  0.4949  0.5364  0.5773  0.6122  0.6647  0.6877  0.7000  0.7032  0.6967
  0.6811  0.6572  0.6262  0.5898  0.5496  0.5060  0.4588  0.4086  0.3561  0.3013
  0.2447
 -0.3845 -0.2193 -0.0710  0.0595  0.1723  0.2674  0.3457  0.4089  0.4600  0.5023
  0.5390  0.5720  0.6029  0.6319  0.6591  0.6824  0.6997  0.7081  0.7089
 [Fe/H] =  0.50 [alpha/Fe] = 0.40 BC value =  I   
 -1.7433 -1.8206 -1.6811 -1.4292 -1.1088 -0.8211 -0.6227 -0.6217 -0.2512  0.0601
  0.2871  0.4246  0.5041  0.5550  0.5915  0.6607  0.7114  0.7458  0.7629
 -1.5394 -1.6135 -1.6905 -1.9002 -1.8794 -1.6506 -1.2334 -0.7084 -0.2996  0.0340
  0.2718  0.4170  0.5009  0.5526  0.5892  0.6561  0.7056  0.7381  0.7530  0.7515
 -1.3198 -1.3744 -1.4432 -1.4948 -1.5196 -1.4780 -1.2800 -0.8039 -0.3609 -0.0119
  0.2421  0.4014  0.4947  0.5505  0.5879  0.6526  0.7006  0.7321  0.7460  0.7433
  0.7268
 -1.1298 -1.1569 -1.1979 -1.2408 -1.2681 -1.2521 -1.1413 -0.8479 -0.4290 -0.0660
  0.2029  0.3784  0.4845  0.5472  0.5871  0.6500  0.6959  0.7265  0.7400  0.7371
  0.7206  0.6934
 -0.9582 -0.9536 -0.9689 -0.9948 -1.0175 -1.0156 -0.9568 -0.7859 -0.4671 -0.1226
  0.1571  0.3495  0.4697  0.5421  0.5862  0.6485  0.6917  0.7212  0.7344  0.7320
  0.7159  0.6895  0.6552  0.6143
 -0.8232 -0.7846 -0.7685 -0.7694 -0.7776 -0.7779 -0.7476 -0.6534 -0.4502 -0.1595
  0.1113  0.3164  0.4509  0.5342  0.5847  0.6486  0.6883  0.7162  0.7292  0.7273
  0.7119  0.6863  0.6531  0.6139  0.5693  0.5196  0.4637  0.4022  0.3405  0.2793
 -0.7105 -0.6481 -0.6040 -0.5762 -0.5616 -0.5515 -0.5315 -0.4798 -0.3641 -0.1613
  0.0789  0.2832  0.4294  0.5239  0.5820  0.6504  0.6866  0.7121  0.7244  0.7229
  0.7085  0.6837  0.6514  0.6134  0.5707  0.5235  0.4713  0.4138  0.3511  0.2885
  0.2269
 -0.5360 -0.4934 -0.4525 -0.4137 -0.3797 -0.3519 -0.3257 -0.2907 -0.2267 -0.1067
  0.0729  0.2588  0.4087  0.5121  0.5782  0.6539  0.6870  0.7096  0.7205  0.7191
  0.7056  0.6816  0.6500  0.6131  0.5718  0.5264  0.4766  0.4225  0.3636  0.3000
  0.2366
 -0.3939 -0.3031 -0.2432 -0.2098 -0.1898 -0.1699 -0.1428 -0.1079 -0.0655  0.0030
  0.1140  0.2590  0.3975  0.5035  0.5753  0.6594  0.6905  0.7094  0.7184  0.7163
  0.7032  0.6800  0.6490  0.6125  0.5721  0.5280  0.4798  0.4277  0.3717  0.3116
  0.2475
 -0.3479 -0.2274 -0.1263 -0.0493  0.0042  0.0380  0.0608  0.0810  0.1058  0.1434
  0.2027  0.2930  0.4009  0.4985  0.5722  0.6653  0.6963  0.7116  0.7182  0.7150
  0.7020  0.6796  0.6493  0.6133  0.5735  0.5302  0.4833  0.4328  0.3787  0.3212
  0.2607
 -0.3388 -0.2041 -0.0839  0.0195  0.1037  0.1681  0.2154  0.2516  0.2821  0.3111
  0.3430  0.3861  0.4477  0.5177  0.5806  0.6728  0.7045  0.7167  0.7207  0.7158
  0.7022  0.6802  0.6505  0.6150  0.5754  0.5325  0.4863  0.4368  0.3840  0.3283
  0.2700
 -0.3546 -0.2077 -0.0751  0.0426  0.1443  0.2294  0.2979  0.3518  0.3949  0.4317
  0.4658  0.4994  0.5356  0.5766  0.6005  0.6819  0.7151  0.7247  0.7259
