 [Fe/H] = -4.00 [alpha/Fe] = 0.40 BC value =  B   
 -4.4123 -2.3891 -0.6012 -0.9721 -3.9298 -9.1981 -7.1619 -4.0886 -2.3897 -2.4202
 -2.3074 -2.1920 -2.7367 -3.2988 -3.3771 -2.4518
 -6.1008 -5.0013 -3.8937 -3.7587 -4.7746 -7.1623 -6.3193 -4.9565 -3.9876 -3.6474
 -3.3449 -3.1542 -3.2712 -3.3930 -3.2728 -2.4017 -1.8310 -1.4687 -1.3364
 -6.5849 -6.0554 -5.4452 -5.0772 -5.0182 -5.5702 -5.3398 -4.9467 -4.5092 -4.1062
 -3.7810 -3.5602 -3.4229 -3.2769 -3.0536 -2.2835 -1.7064 -1.3649 -1.1584 -0.9756
 -0.7036
 -5.8646 -5.5514 -5.2557 -4.9276 -4.6607 -4.4219 -4.2234 -4.0589 -3.9542 -3.7964
 -3.6157 -3.4100 -3.1918 -2.9505 -2.7195 -2.0972 -1.6336 -1.2944 -1.0422 -0.8483
 -0.6907 -0.5572 -0.4409
 -5.4531 -5.1964 -4.9421 -4.6690 -4.4099 -4.1612 -3.9341 -3.7337 -3.5577 -3.3960
 -3.2331 -3.0574 -2.8702 -2.6732 -2.4714 -1.9687 -1.5506 -1.2460 -1.0218 -0.8478
 -0.7049 -0.5820 -0.4731 -0.3746 -0.2839
 -5.0437 -4.8339 -4.6177 -4.3909 -4.1541 -3.9149 -3.6822 -3.4666 -3.2729 -3.0990
 -2.9381 -2.7806 -2.6174 -2.4494 -2.2764 -1.8608 -1.4897 -1.2124 -1.0093 -0.8516
 -0.7215 -0.6086 -0.5073 -0.4147 -0.3293 -0.2499
 -4.6363 -4.4639 -4.2825 -4.0933 -3.8933 -3.6830 -3.4677 -3.2576 -3.0615 -2.8833
 -2.7221 -2.5726 -2.4282 -2.2834 -2.1345 -1.7735 -1.4509 -1.1936 -1.0047 -0.8597
 -0.7405 -0.6370 -0.5436 -0.4573 -0.3768 -0.3017 -0.2326 -0.1670 -0.1076 -0.0703
 -4.2311 -4.0864 -3.9365 -3.7821 -3.6200 -3.4477 -3.2653 -3.0784 -2.8948 -2.7225
 -2.5647 -2.4204 -2.2869 -2.1586 -2.0310 -1.7142 -1.4270 -1.1876 -1.0058 -0.8685
 -0.7583 -0.6636 -0.5783 -0.4992 -0.4247 -0.3544 -0.2886 -0.2276 -0.1718 -0.1244
 -0.0965
 -3.8426 -3.7217 -3.5984 -3.4730 -3.3435 -3.2077 -3.0632 -2.9098 -2.7512 -2.5950
 -2.4464 -2.3090 -2.1826 -2.0647 -1.9512 -1.6738 -1.4135 -1.1902 -1.0125 -0.8774
 -0.7724 -0.6853 -0.6081 -0.5370 -0.4697 -0.4055 -0.3446 -0.2865 -0.2335 -0.1882
 -0.1523
 -3.4849 -3.3823 -3.2807 -3.1801 -3.0775 -2.9718 -2.8604 -2.7414 -2.6142 -2.4814
 -2.3489 -2.2220 -2.1027 -1.9917 -1.8871 -1.6399 -1.4024 -1.1932 -1.0212 -0.8858
 -0.7818 -0.6995 -0.6299 -0.5670 -0.5079 -0.4511 -0.3967 -0.3447 -0.2959 -0.2522
 -0.2137
 -3.1568 -3.0758 -2.9941 -2.9119 -2.8306 -2.7480 -2.6627 -2.5728 -2.4762 -2.3714
 -2.2619 -2.1512 -2.0420 -1.9369 -1.8373 -1.6078 -1.3957 -1.1977 -1.0317 -0.8971
 -0.7917 -0.7101 -0.6450 -0.5894 -0.5388 -0.4904 -0.4438 -0.3988 -0.3556 -0.3150
 -0.2772
 -2.8685 -2.8022 -2.7360 -2.6699 -2.6051 -2.5396 -2.4739 -2.4058 -2.3333 -2.2523
 -2.1645 -2.0729 -1.9800 -1.8881 -1.7986 -1.5858 -1.3861 -1.2002 -1.0389 -0.9068
 -0.8010 -0.7184 -0.6543 -0.6033 -0.5598 -0.5200 -0.4820 -0.4451 -0.4091 -0.3745
 -0.3421
 -2.6200 -2.5616 -2.5064 -2.4541 -2.4010 -2.3466 -2.2969 -2.2444 -2.1891 -2.1286
 -2.0628 -1.9922 -1.9171 -1.8453 -1.7711 -1.5738 -1.3736 -1.2007 -1.0428
 [Fe/H] = -3.00 [alpha/Fe] = 0.40 BC value =  B   
 -5.9187 -5.5778 -5.3541 -5.2568 -5.3076 -5.8238 -5.4925 -5.1377 -4.8428 -4.6061
 -4.3020 -3.9983 -3.8342 -3.6996 -3.4851 -2.7222
 -5.7739 -5.4143 -5.1454 -4.9706 -4.9030 -5.1021 -4.8979 -4.6681 -4.4481 -4.2403
 -3.9998 -3.7533 -3.5532 -3.3604 -3.1328 -2.4726 -1.9113 -1.4815 -1.1574
 -5.6185 -5.2525 -4.9547 -4.7241 -4.5671 -4.5380 -4.4003 -4.2452 -4.0750 -3.8914
 -3.6963 -3.4912 -3.2774 -3.0561 -2.8283 -2.2578 -1.7660 -1.3833 -1.0967 -0.8763
 -0.6984
 -5.4525 -5.0924 -4.7820 -4.5173 -4.2999 -4.1315 -3.9997 -3.8691 -3.7233 -3.5595
 -3.3917 -3.2119 -3.0068 -2.7865 -2.5716 -2.0778 -1.6489 -1.3082 -1.0533 -0.8566
 -0.6967 -0.5611 -0.4399
 -5.2759 -4.9340 -4.6273 -4.3502 -4.1014 -3.8826 -3.6961 -3.5396 -3.3931 -3.2446
 -3.0859 -2.9154 -2.7414 -2.5517 -2.3627 -1.9326 -1.5600 -1.2562 -1.0272 -0.8500
 -0.7052 -0.5809 -0.4710 -0.3719 -0.2808
 -5.0887 -4.7773 -4.4906 -4.2228 -3.9716 -3.7384 -3.5254 -3.3355 -3.1674 -3.0145
 -2.8632 -2.7046 -2.5444 -2.3768 -2.2060 -1.8237 -1.4961 -1.2229 -1.0138 -0.8525
 -0.7202 -0.6061 -0.5041 -0.4111 -0.3256 -0.2463
 -4.8819 -4.6065 -4.3494 -4.1032 -3.8656 -3.6367 -3.4192 -3.2161 -3.0309 -2.8628
 -2.7070 -2.5572 -2.4081 -2.2600 -2.1052 -1.7499 -1.4543 -1.2042 -1.0092 -0.8597
 -0.7382 -0.6333 -0.5392 -0.4527 -0.3723 -0.2973 -0.2283 -0.1629 -0.1036 -0.0665
 -4.6655 -4.4236 -4.1970 -3.9788 -3.7632 -3.5501 -3.3410 -3.1394 -2.9486 -2.7725
 -2.6105 -2.4598 -2.3162 -2.1782 -2.0391 -1.7093 -1.4307 -1.1976 -1.0106 -0.8683
 -0.7553 -0.6591 -0.5730 -0.4937 -0.4193 -0.3492 -0.2838 -0.2230 -0.1673 -0.1200
 -0.0926
 -4.4786 -4.2491 -4.0391 -3.8468 -3.6562 -3.4647 -3.2718 -3.0805 -2.8946 -2.7173
 -2.5518 -2.3988 -2.2566 -2.1223 -1.9920 -1.6872 -1.4211 -1.1992 -1.0193 -0.8772
 -0.7690 -0.6805 -0.6025 -0.5310 -0.4638 -0.3997 -0.3392 -0.2840 -0.2340 -0.1888
 -0.1480
 -4.2245 -4.0699 -3.8979 -3.7103 -3.5409 -3.3713 -3.1987 -3.0238 -2.8487 -2.6771
 -2.5127 -2.3586 -2.2157 -2.0827 -1.9563 -1.6687 -1.4160 -1.2025 -1.0256 -0.8856
 -0.7788 -0.6947 -0.6241 -0.5609 -0.5017 -0.4451 -0.3910 -0.3393 -0.2909 -0.2468
 -0.2094
 -4.0456 -3.9052 -3.7488 -3.5783 -3.4260 -3.2736 -3.1206 -2.9643 -2.8051 -2.6449
 -2.4870 -2.3351 -2.1920 -2.0590 -1.9343 -1.6557 -1.4154 -1.2082 -1.0362 -0.8969
 -0.7887 -0.7056 -0.6395 -0.5835 -0.5327 -0.4844 -0.4381 -0.3933 -0.3504 -0.3102
 -0.2729
 -3.8997 -3.7549 -3.6120 -3.4710 -3.3339 -3.1992 -3.0623 -2.8933 -2.7514 -2.6065
 -2.4602 -2.3153 -2.1752 -2.0427 -1.9187 -1.6443 -1.4130 -1.2130 -1.0444 -0.9070
 -0.7982 -0.7141 -0.6493 -0.5977 -0.5540 -0.5142 -0.4764 -0.4397 -0.4040 -0.3698
 -0.3378
 -3.7868 -3.6190 -3.4874 -3.3883 -3.2648 -3.1481 -2.9666 -2.8411 -2.7121 -2.5539
 -2.4223 -2.2893 -2.1570 -2.0284 -1.9095 -1.6345 -1.4088 -1.2169 -1.0502
 [Fe/H] = -2.50 [alpha/Fe] = 0.40 BC value =  B   
 -6.1798 -6.0739 -6.0558 -5.8783 -5.5120 -5.1911 -5.1115 -5.1372 -5.0510 -4.7982
 -4.4992 -4.1904 -3.9059 -3.6440 -3.3764 -2.7161
 -5.7507 -5.5110 -5.3586 -5.1690 -4.9256 -4.7150 -4.6051 -4.5368 -4.4219 -4.2331
 -4.0087 -3.7595 -3.5037 -3.2559 -3.0136 -2.4410 -1.9237 -1.4972 -1.1484
 -5.4302 -5.0993 -4.8512 -4.6419 -4.4629 -4.3117 -4.1803 -4.0548 -3.9208 -3.7689
 -3.5928 -3.3889 -3.1622 -2.9317 -2.7116 -2.2112 -1.7691 -1.3967 -1.1002 -0.8722
 -0.7038
 -5.2183 -4.8388 -4.5336 -4.2970 -4.1239 -3.9812 -3.8371 -3.6912 -3.5477 -3.4056
 -3.2515 -3.0786 -2.8814 -2.6714 -2.4704 -2.0267 -1.6454 -1.3197 -1.0625 -0.8625
 -0.7002 -0.5631 -0.4431
 -5.1150 -4.7295 -4.4058 -4.1343 -3.9086 -3.7235 -3.5755 -3.4460 -3.3026 -3.1432
 -2.9848 -2.8286 -2.6613 -2.4750 -2.2900 -1.8875 -1.5526 -1.2662 -1.0352 -0.8544
 -0.7071 -0.5813 -0.4703 -0.3711 -0.2802
 -5.0466 -4.6694 -4.3457 -4.0656 -3.8211 -3.6078 -3.4221 -3.2600 -3.1170 -2.9782
 -2.8228 -2.6580 -2.4990 -2.3342 -2.1640 -1.7904 -1.4875 -1.2314 -1.0212 -0.8556
 -0.7206 -0.6049 -0.5019 -0.4085 -0.3227 -0.2434
 -4.9803 -4.6224 -4.3091 -4.0317 -3.7831 -3.5584 -3.3551 -3.1714 -3.0048 -2.8517
 -2.7062 -2.5577 -2.4035 -2.2483 -2.0863 -1.7286 -1.4460 -1.2111 -1.0163 -0.8620
 -0.7373 -0.6308 -0.5357 -0.4488 -0.3683 -0.2935 -0.2247 -0.1594 -0.1000 -0.0630
 -4.9019 -4.5710 -4.2761 -4.0095 -3.7649 -3.5388 -3.3289 -3.1338 -2.9538 -2.7873
 -2.6316 -2.4833 -2.3382 -2.1963 -2.0483 -1.6982 -1.4236 -1.2018 -1.0173 -0.8703
 -0.7537 -0.6556 -0.5686 -0.4888 -0.4143 -0.3445 -0.2794 -0.2190 -0.1635 -0.1161
 -0.0888
 -4.8122 -4.5089 -4.2363 -3.9864 -3.7523 -3.5313 -3.3214 -3.1226 -2.9353 -2.7602
 -2.5965 -2.4426 -2.2970 -2.1577 -2.0214 -1.6920 -1.4173 -1.2010 -1.0227 -0.8791
 -0.7673 -0.6764 -0.5973 -0.5253 -0.4580 -0.3942 -0.3341 -0.2778 -0.2259 -0.1797
 -0.1439
 -4.7115 -4.4346 -4.1834 -3.9520 -3.7326 -3.5215 -3.3173 -3.1202 -2.9313 -2.7520
 -2.5828 -2.4239 -2.2747 -2.1340 -1.9999 -1.6873 -1.4200 -1.2041 -1.0294 -0.8872
 -0.7769 -0.6905 -0.6187 -0.5548 -0.4954 -0.4390 -0.3852 -0.3341 -0.2862 -0.2425
 -0.2054
 -4.6135 -4.3619 -4.1271 -3.9108 -3.7063 -3.5079 -3.3138 -3.1231 -2.9372 -2.7578
 -2.5864 -2.4240 -2.2712 -2.1280 -1.9929 -1.6865 -1.4272 -1.2127 -1.0394 -0.8982
 -0.7869 -0.7016 -0.6341 -0.5774 -0.5262 -0.4780 -0.4320 -0.3877 -0.3453 -0.3056
 -0.2688
 -4.5219 -4.2864 -4.0671 -3.8615 -3.6674 -3.4818 -3.2996 -3.1190 -2.9404 -2.7653
 -2.5952 -2.4320 -2.2771 -2.1311 -1.9938 -1.6873 -1.4329 -1.2209 -1.0485 -0.9082
 -0.7964 -0.7102 -0.6441 -0.5918 -0.5477 -0.5078 -0.4702 -0.4339 -0.3986 -0.3649
 -0.3333
 -4.4367 -4.2081 -4.0008 -3.8043 -3.6187 -3.4418 -3.2703 -3.1012 -2.9327 -2.7657
 -2.6012 -2.4409 -2.2865 -2.1394 -2.0026 -1.6897 -1.4371 -1.2287 -1.0567
 [Fe/H] = -2.00 [alpha/Fe] = 0.40 BC value =  B   
 -6.3123 -6.0620 -5.8618 -5.6994 -5.5244 -5.3465 -5.1546 -4.9468 -4.7210 -4.4837
 -4.2315 -3.9700 -3.7122 -3.4641 -3.1944 -2.6389
 -5.8210 -5.5345 -5.2967 -5.0957 -4.9204 -4.7566 -4.5909 -4.4141 -4.2247 -4.0235
 -3.8053 -3.5701 -3.3272 -3.0925 -2.8616 -2.3647 -1.9176 -1.5191 -1.1931
 -5.4385 -5.1116 -4.8422 -4.6226 -4.4396 -4.2786 -4.1268 -3.9712 -3.8086 -3.6363
 -3.4485 -3.2414 -3.0187 -2.7980 -2.5922 -2.1421 -1.7544 -1.4129 -1.1267 -0.8985
 -0.7145
 -5.1648 -4.7933 -4.4983 -4.2801 -4.0819 -3.9126 -3.7623 -3.6181 -3.4727 -3.3221
 -3.1611 -2.9839 -2.7867 -2.5806 -2.3862 -1.9711 -1.6282 -1.3316 -1.0788 -0.8744
 -0.7063 -0.5681 -0.4453
 -5.0232 -4.6178 -4.2958 -4.0460 -3.8472 -3.6791 -3.5250 -3.3737 -3.2263 -3.0823
 -2.9364 -2.7835 -2.6151 -2.4283 -2.2436 -1.8517 -1.5390 -1.2752 -1.0494 -0.8639
 -0.7123 -0.5836 -0.4707 -0.3703 -0.2786
 -5.0151 -4.5955 -4.2440 -3.9630 -3.7376 -3.5509 -3.3890 -3.2399 -3.0939 -2.9435
 -2.7886 -2.6381 -2.4874 -2.3245 -2.1511 -1.7741 -1.4801 -1.2387 -1.0335 -0.8631
 -0.7234 -0.6047 -0.5001 -0.4056 -0.3193 -0.2407
 -5.0565 -4.6252 -4.2606 -3.9540 -3.6955 -3.4768 -3.2902 -3.1284 -2.9851 -2.8549
 -2.7184 -2.5647 -2.4091 -2.2551 -2.0950 -1.7279 -1.4444 -1.2171 -1.0268 -0.8681
 -0.7381 -0.6284 -0.5317 -0.4439 -0.3631 -0.2882 -0.2197 -0.1544 -0.0946 -0.0575
 -5.1190 -4.6845 -4.3120 -3.9952 -3.7239 -3.4892 -3.2840 -3.1027 -2.9403 -2.7911
 -2.6511 -2.5151 -2.3732 -2.2252 -2.0699 -1.7055 -1.4256 -1.2063 -1.0256 -0.8755
 -0.7532 -0.6516 -0.5627 -0.4821 -0.4074 -0.3377 -0.2730 -0.2131 -0.1576 -0.1098
 -0.0825
 -5.1791 -4.7531 -4.3808 -4.0584 -3.7781 -3.5321 -3.3133 -3.1165 -2.9382 -2.7748
 -2.6219 -2.4768 -2.3374 -2.2019 -2.0628 -1.7052 -1.4198 -1.2033 -1.0283 -0.8835
 -0.7664 -0.6714 -0.5903 -0.5173 -0.4497 -0.3859 -0.3263 -0.2707 -0.2194 -0.1734
 -0.1373
 -5.2143 -4.8035 -4.4435 -4.1248 -3.8420 -3.5890 -3.3604 -3.1520 -2.9608 -2.7845
 -2.6204 -2.4661 -2.3196 -2.1805 -2.0474 -1.7142 -1.4250 -1.2043 -1.0318 -0.8902
 -0.7758 -0.6853 -0.6109 -0.5459 -0.4860 -0.4296 -0.3763 -0.3259 -0.2788 -0.2358
 -0.1991
 -5.2228 -4.8408 -4.4974 -4.1892 -3.9108 -3.6566 -3.4225 -3.2057 -3.0047 -2.8179
 -2.6437 -2.4806 -2.3269 -2.1817 -2.0446 -1.7236 -1.4421 -1.2147 -1.0400 -0.8994
 -0.7857 -0.6965 -0.6264 -0.5681 -0.5163 -0.4680 -0.4222 -0.3785 -0.3370 -0.2982
 -0.2624
 -5.2073 -4.8531 -4.5300 -4.2359 -3.9671 -3.7184 -3.4852 -3.2653 -3.0580 -2.8634
 -2.6809 -2.5100 -2.3495 -2.1983 -2.0556 -1.7320 -1.4569 -1.2292 -1.0498 -0.9086
 -0.7948 -0.7053 -0.6365 -0.5826 -0.5376 -0.4974 -0.4600 -0.4241 -0.3896 -0.3568
 -0.3261
 -5.1684 -4.8428 -4.5421 -4.2638 -4.0052 -3.7638 -3.5368 -3.3201 -3.1122 -2.9139
 -2.7258 -2.5487 -2.3821 -2.2255 -2.0804 -1.7394 -1.4694 -1.2478 -1.0612
 [Fe/H] = -1.50 [alpha/Fe] = 0.40 BC value =  B   
 -6.6343 -6.4446 -6.2590 -6.0658 -5.8701 -5.6341 -5.3360 -4.9795 -4.6388 -4.3287
 -4.0379 -3.7645 -3.5099 -3.2747 -3.0559 -2.5649
 -6.0449 -5.8334 -5.6318 -5.4325 -5.2326 -5.0142 -4.7582 -4.4656 -4.1860 -3.9244
 -3.6709 -3.4205 -3.1775 -2.9508 -2.7431 -2.2920 -1.8996 -1.5436 -1.2305
 -5.5907 -5.3487 -5.1256 -4.9158 -4.7127 -4.5084 -4.2877 -4.0464 -3.8143 -3.5924
 -3.3726 -3.1480 -2.9211 -2.7039 -2.5049 -2.0830 -1.7326 -1.4259 -1.1544 -0.9237
 -0.7341
 -5.2717 -4.9905 -4.7404 -4.5157 -4.3103 -4.1168 -3.9245 -3.7219 -3.5237 -3.3327
 -3.1430 -2.9470 -2.7407 -2.5340 -2.3413 -1.9379 -1.6152 -1.3418 -1.1023 -0.8957
 -0.7236 -0.5789 -0.4541
 -5.0940 -4.7542 -4.4720 -4.2318 -4.0168 -3.8241 -3.6457 -3.4699 -3.2967 -3.1290
 -2.9635 -2.7941 -2.6134 -2.4219 -2.2352 -1.8425 -1.5369 -1.2853 -1.0689 -0.8814
 -0.7237 -0.5901 -0.4740 -0.3711 -0.2776
 -5.0476 -4.6491 -4.3181 -4.0438 -3.8159 -3.6259 -3.4614 -3.2986 -3.1366 -2.9794
 -2.8268 -2.6754 -2.5186 -2.3482 -2.1706 -1.7838 -1.4875 -1.2497 -1.0493 -0.8769
 -0.7309 -0.6073 -0.4996 -0.4034 -0.3161 -0.2359
 -5.1095 -4.6708 -4.2932 -3.9749 -3.7117 -3.4954 -3.3186 -3.1724 -3.0389 -2.9007
 -2.7492 -2.5970 -2.4481 -2.2966 -2.1335 -1.7515 -1.4585 -1.2288 -1.0393 -0.8785
 -0.7424 -0.6275 -0.5277 -0.4384 -0.3568 -0.2817 -0.2130 -0.1475 -0.0875 -0.0495
 -5.2369 -4.7618 -4.3524 -4.0058 -3.7149 -3.4728 -3.2714 -3.1012 -2.9537 -2.8231
 -2.6999 -2.5662 -2.4176 -2.2656 -2.1129 -1.7385 -1.4441 -1.2180 -1.0356 -0.8830
 -0.7551 -0.6479 -0.5558 -0.4736 -0.3983 -0.3285 -0.2641 -0.2047 -0.1494 -0.1007
 -0.0726
 -5.4191 -4.9088 -4.4676 -4.0929 -3.7776 -3.5125 -3.2883 -3.0972 -2.9316 -2.7840
 -2.6481 -2.5201 -2.3938 -2.2584 -2.1117 -1.7404 -1.4407 -1.2143 -1.0356 -0.8887
 -0.7679 -0.6661 -0.5812 -0.5064 -0.4381 -0.3744 -0.3153 -0.2597 -0.2087 -0.1641
 -0.1268
 -5.6123 -5.0866 -4.6187 -4.2191 -3.8797 -3.5920 -3.3465 -3.1346 -2.9493 -2.7848
 -2.6351 -2.4951 -2.3617 -2.2333 -2.1044 -1.7540 -1.4446 -1.2140 -1.0364 -0.8931
 -0.7753 -0.6794 -0.6007 -0.5333 -0.4726 -0.4161 -0.3633 -0.3137 -0.2676 -0.2258
 -0.1891
 -5.7837 -5.2629 -4.7917 -4.3774 -4.0185 -3.7097 -3.4431 -3.2107 -3.0057 -2.8227
 -2.6570 -2.5043 -2.3608 -2.2246 -2.0944 -1.7723 -1.4657 -1.2232 -1.0426 -0.9001
 -0.7843 -0.6907 -0.6160 -0.5549 -0.5017 -0.4530 -0.4076 -0.3646 -0.3242 -0.2867
 -0.2522
 -5.9067 -5.4086 -4.9520 -4.5365 -4.1703 -3.8479 -3.5643 -3.3133 -3.0894 -2.8884
 -2.7059 -2.5388 -2.3837 -2.2384 -2.1009 -1.7822 -1.4903 -1.2418 -1.0525 -0.9080
 -0.7925 -0.6996 -0.6267 -0.5695 -0.5227 -0.4817 -0.4443 -0.4090 -0.3754 -0.3437
 -0.3144
 -5.9590 -5.5000 -5.0713 -4.6729 -4.3119 -3.9872 -3.6953 -3.4316 -3.1924 -2.9750
 -2.7767 -2.5950 -2.4275 -2.2718 -2.1239 -1.7837 -1.5184 -1.2698 -1.0661
 [Fe/H] = -1.00 [alpha/Fe] = 0.40 BC value =  B   
 -7.0357 -6.9119 -6.7796 -6.6257 -6.4686 -6.2157 -5.7961 -5.2293 -4.7391 -4.2326
 -3.8861 -3.5975 -3.3483 -3.1236 -2.9189 -2.4725
 -6.4199 -6.2820 -6.1393 -5.9813 -5.8044 -5.5627 -5.2076 -4.7384 -4.2842 -3.9059
 -3.5932 -3.3223 -3.0803 -2.8611 -2.6621 -2.2375 -1.8846 -1.5632 -1.2701
 -5.9092 -5.7531 -5.5967 -5.4321 -5.2469 -5.0219 -4.7244 -4.3409 -3.9678 -3.6426
 -3.3616 -3.1101 -2.8785 -2.6654 -2.4709 -2.0611 -1.7284 -1.4429 -1.1889 -0.9625
 -0.7669
 -5.5036 -5.3252 -5.1518 -4.9781 -4.7961 -4.5933 -4.3465 -4.0368 -3.7251 -3.4427
 -3.1913 -2.9609 -2.7429 -2.5365 -2.3453 -1.9433 -1.6256 -1.3613 -1.1319 -0.9284
 -0.7506 -0.5994 -0.4689
 -5.2241 -5.0099 -4.8110 -4.6209 -4.4342 -4.2440 -4.0372 -3.7886 -3.5275 -3.2823
 -3.0586 -2.8508 -2.6501 -2.4539 -2.2666 -1.8680 -1.5584 -1.3074 -1.0942 -0.9079
 -0.7448 -0.6043 -0.4830 -0.3770 -0.2808
 -5.1032 -4.8210 -4.5808 -4.3649 -4.1632 -3.9714 -3.7828 -3.5802 -3.3615 -3.1484
 -2.9497 -2.7633 -2.5821 -2.4004 -2.2201 -1.8229 -1.5163 -1.2732 -1.0710 -0.8974
 -0.7463 -0.6159 -0.5030 -0.4034 -0.3144 -0.2325
 -5.1297 -4.7630 -4.4480 -4.1822 -3.9582 -3.7654 -3.5881 -3.4129 -3.2267 -3.0390
 -2.8597 -2.6906 -2.5272 -2.3628 -2.1939 -1.7997 -1.4920 -1.2530 -1.0581 -0.8936
 -0.7524 -0.6308 -0.5259 -0.4334 -0.3501 -0.2741 -0.2047 -0.1384 -0.0787 -0.0403
 -5.2373 -4.8142 -4.4410 -4.1187 -3.8457 -3.6155 -3.4208 -3.2560 -3.1071 -2.9573
 -2.7995 -2.6401 -2.4848 -2.3325 -2.1785 -1.7928 -1.4808 -1.2424 -1.0522 -0.8942
 -0.7607 -0.6469 -0.5493 -0.4640 -0.3871 -0.3169 -0.2528 -0.1935 -0.1380 -0.0894
 -0.0601
 -5.4195 -4.9418 -4.5203 -4.1542 -3.8403 -3.5755 -3.3530 -3.1650 -3.0030 -2.8599
 -2.7302 -2.6030 -2.4657 -2.3189 -2.1700 -1.7985 -1.4805 -1.2390 -1.0508 -0.8972
 -0.7694 -0.6621 -0.5712 -0.4929 -0.4229 -0.3589 -0.3002 -0.2460 -0.1964 -0.1512
 -0.1141
 -5.6932 -5.1443 -4.6706 -4.2600 -3.9085 -3.6107 -3.3599 -3.1485 -2.9688 -2.8128
 -2.6735 -2.5457 -2.4247 -2.3024 -2.1693 -1.8104 -1.4869 -1.2395 -1.0506 -0.8998
 -0.7760 -0.6736 -0.5886 -0.5169 -0.4542 -0.3973 -0.3449 -0.2963 -0.2515 -0.2109
 -0.1751
 -6.0215 -5.4308 -4.9016 -4.4423 -4.0489 -3.7154 -3.4340 -3.1960 -2.9934 -2.8190
 -2.6657 -2.5271 -2.3981 -2.2749 -2.1542 -1.8323 -1.5073 -1.2500 -1.0567 -0.9059
 -0.7841 -0.6846 -0.6036 -0.5373 -0.4813 -0.4317 -0.3865 -0.3444 -0.3053 -0.2694
 -0.2371
 -6.3438 -5.7348 -5.1810 -4.6816 -4.2475 -3.8768 -3.5623 -3.2952 -3.0666 -2.8693
 -2.6964 -2.5423 -2.4017 -2.2702 -2.1445 -1.8426 -1.5377 -1.2691 -1.0672 -0.9136
 -0.7918 -0.6937 -0.6149 -0.5523 -0.5017 -0.4590 -0.4213 -0.3865 -0.3541 -0.3240
 -0.2964
 -6.5815 -6.0022 -5.4484 -4.9389 -4.4800 -4.0797 -3.7351 -3.4386 -3.1830 -2.9606
 -2.7652 -2.5914 -2.4346 -2.2908 -2.1402 -1.8413 -1.5781 -1.2968 -1.0821
 [Fe/H] = -0.75 [alpha/Fe] = 0.30 BC value =  B   
 -7.2053 -7.0969 -6.9788 -6.8368 -6.6956 -6.4390 -5.9781 -5.3407 -4.7792 -4.2245
 -3.8611 -3.5679 -3.3182 -3.0978 -2.8968 -2.4615
 -6.5918 -6.4706 -6.3437 -6.1992 -6.0335 -5.7889 -5.4042 -4.8745 -4.3519 -3.9282
 -3.5943 -3.3166 -3.0744 -2.8580 -2.6617 -2.2438 -1.8949 -1.5838 -1.2974
 -6.0762 -5.9381 -5.7987 -5.6487 -5.4728 -5.2464 -4.9280 -4.4948 -4.0620 -3.6919
 -3.3860 -3.1244 -2.8912 -2.6795 -2.4868 -2.0802 -1.7502 -1.4668 -1.2144 -0.9876
 -0.7895
 -5.6585 -5.4994 -5.3438 -5.1853 -5.0135 -4.8115 -4.5495 -4.2016 -3.8405 -3.5156
 -3.2362 -2.9913 -2.7686 -2.5623 -2.3721 -1.9707 -1.6522 -1.3867 -1.1559 -0.9509
 -0.7694 -0.6136 -0.4783
 -5.3559 -5.1651 -4.9854 -4.8111 -4.6354 -4.4484 -4.2325 -3.9564 -3.6560 -3.3730
 -3.1206 -2.8946 -2.6852 -2.4868 -2.2998 -1.9001 -1.5874 -1.3331 -1.1168 -0.9276
 -0.7607 -0.6156 -0.4900 -0.3797 -0.2805
 -5.2000 -4.9523 -4.7336 -4.5328 -4.3416 -4.1547 -3.9627 -3.7427 -3.4946 -3.2501
 -3.0245 -2.8185 -2.6251 -2.4379 -2.2566 -1.8574 -1.5460 -1.2984 -1.0920 -0.9143
 -0.7592 -0.6242 -0.5075 -0.4052 -0.3139 -0.2309
 -5.1902 -4.8512 -4.5662 -4.3271 -4.1207 -3.9303 -3.7457 -3.5581 -3.3522 -3.1415
 -2.9406 -2.7538 -2.5771 -2.4042 -2.2321 -1.8349 -1.5215 -1.2772 -1.0774 -0.9083
 -0.7627 -0.6365 -0.5275 -0.4323 -0.3474 -0.2707 -0.2000 -0.1334 -0.0739 -0.0355
 -5.2812 -4.8755 -4.5191 -4.2144 -3.9564 -3.7366 -3.5485 -3.3840 -3.2226 -3.0501
 -2.8730 -2.7008 -2.5369 -2.3779 -2.2180 -1.8281 -1.5101 -1.2657 -1.0702 -0.9071
 -0.7688 -0.6504 -0.5486 -0.4603 -0.3819 -0.3109 -0.2465 -0.1870 -0.1315 -0.0831
 -0.0539
 -5.4469 -4.9844 -4.5748 -4.2177 -3.9121 -3.6534 -3.4342 -3.2467 -3.0835 -2.9366
 -2.7995 -2.6603 -2.5123 -2.3604 -2.2094 -1.8336 -1.5098 -1.2618 -1.0678 -0.9091
 -0.7762 -0.6639 -0.5686 -0.4871 -0.4154 -0.3508 -0.2920 -0.2380 -0.1881 -0.1437
 -0.1058
 -5.6976 -5.1707 -4.7069 -4.3028 -3.9551 -3.6595 -3.4100 -3.1992 -3.0188 -2.8613
 -2.7203 -2.5917 -2.4698 -2.3438 -2.2067 -1.8453 -1.5168 -1.2623 -1.0672 -0.9110
 -0.7819 -0.6745 -0.5849 -0.5097 -0.4449 -0.3871 -0.3347 -0.2864 -0.2421 -0.2022
 -0.1669
 -6.0367 -5.4508 -4.9264 -4.4706 -4.0784 -3.7450 -3.4630 -3.2247 -3.0224 -2.8484
 -2.6957 -2.5581 -2.4306 -2.3095 -2.1901 -1.8658 -1.5376 -1.2735 -1.0736 -0.9170
 -0.7899 -0.6854 -0.5997 -0.5295 -0.4709 -0.4201 -0.3746 -0.3328 -0.2942 -0.2592
 -0.2276
 -6.3883 -5.7725 -5.2098 -4.7058 -4.2691 -3.8950 -3.5778 -3.3091 -3.0803 -2.8840
 -2.7131 -2.5616 -2.4239 -2.2952 -2.1724 -1.8753 -1.5679 -1.2935 -1.0849 -0.9250
 -0.7978 -0.6946 -0.6114 -0.5446 -0.4911 -0.4466 -0.4082 -0.3735 -0.3416 -0.3122
 -0.2856
 -6.6707 -6.0668 -5.4970 -4.9747 -4.5055 -4.0964 -3.7451 -3.4445 -3.1872 -2.9653
 -2.7717 -2.6010 -2.4479 -2.3079 -2.1536 -1.8738 -1.6077 -1.3223 -1.1011
 [Fe/H] = -0.50 [alpha/Fe] = 0.20 BC value =  B   
 -7.4164 -7.3143 -7.2012 -7.0617 -6.9281 -6.6595 -6.1532 -5.5044 -4.8213 -4.2817
 -3.8447 -3.5467 -3.2964 -3.0775 -2.8820 -2.4584
 -6.7996 -6.6865 -6.5673 -6.4293 -6.2695 -6.0186 -5.6030 -5.0132 -4.4236 -3.9572
 -3.6024 -3.3182 -3.0758 -2.8614 -2.6685 -2.2576 -1.9157 -1.6110 -1.3295
 -6.2757 -6.1477 -6.0183 -5.8776 -5.7077 -5.4793 -5.1402 -4.6568 -4.1631 -3.7459
 -3.4159 -3.1448 -2.9102 -2.7002 -2.5096 -2.1065 -1.7790 -1.4969 -1.2450 -1.0173
 -0.8164
 -5.8447 -5.6979 -5.5542 -5.4066 -5.2428 -5.0415 -4.7648 -4.3785 -3.9643 -3.5934
 -3.2852 -3.0265 -2.7996 -2.5939 -2.4053 -2.0051 -1.6859 -1.4185 -1.1855 -0.9782
 -0.7932 -0.6319 -0.4927
 -5.5207 -5.3459 -5.1801 -5.0179 -4.8515 -4.6676 -4.4427 -4.1386 -3.7958 -3.4701
 -3.1864 -2.9420 -2.7246 -2.5246 -2.3386 -1.9389 -1.6233 -1.3653 -1.1449 -0.9522
 -0.7814 -0.6314 -0.5016 -0.3881 -0.2868
 -5.3338 -5.1080 -4.9063 -4.7191 -4.5380 -4.3560 -4.1605 -3.9218 -3.6413 -3.3604
 -3.1041 -2.8768 -2.6714 -2.4796 -2.2978 -1.8979 -1.5823 -1.3299 -1.1185 -0.9363
 -0.7769 -0.6369 -0.5153 -0.4094 -0.3155 -0.2305
 -5.2767 -4.9683 -4.7147 -4.4994 -4.3022 -4.1119 -3.9234 -3.7247 -3.4964 -3.2573
 -3.0295 -2.8212 -2.6299 -2.4490 -2.2741 -1.8759 -1.5574 -1.3073 -1.1022 -0.9279
 -0.7775 -0.6463 -0.5323 -0.4333 -0.3460 -0.2674 -0.1953 -0.1281 -0.0687 -0.0303
 -5.3433 -4.9537 -4.6171 -4.3335 -4.0941 -3.8892 -3.7083 -3.5389 -3.3580 -3.1604
 -2.9608 -2.7714 -2.5945 -2.4261 -2.2610 -1.8686 -1.5453 -1.2945 -1.0933 -0.9249
 -0.7812 -0.6576 -0.5507 -0.4584 -0.3774 -0.3052 -0.2402 -0.1806 -0.1242 -0.0761
 -0.0471
 -5.4900 -5.0396 -4.6418 -4.2969 -4.0027 -3.7535 -3.5401 -3.3552 -3.1910 -3.0368
 -2.8848 -2.7277 -2.5667 -2.4084 -2.2534 -1.8733 -1.5444 -1.2899 -1.0898 -0.9253
 -0.7869 -0.6692 -0.5688 -0.4828 -0.4084 -0.3424 -0.2832 -0.2295 -0.1801 -0.1350
 -0.0975
 -5.7221 -5.2067 -4.7520 -4.3553 -4.0139 -3.7236 -3.4778 -3.2686 -3.0875 -2.9270
 -2.7825 -2.6509 -2.5240 -2.3909 -2.2482 -1.8842 -1.5517 -1.2904 -1.0887 -0.9265
 -0.7916 -0.6786 -0.5837 -0.5038 -0.4358 -0.3764 -0.3234 -0.2753 -0.2316 -0.1922
 -0.1574
 -6.0590 -5.4738 -4.9552 -4.5038 -4.1150 -3.7839 -3.5037 -3.2668 -3.0651 -2.8908
 -2.7371 -2.5986 -2.4713 -2.3510 -2.2313 -1.9033 -1.5728 -1.3023 -1.0953 -0.9324
 -0.7993 -0.6891 -0.5980 -0.5229 -0.4606 -0.4077 -0.3614 -0.3197 -0.2816 -0.2473
 -0.2167
 -6.4340 -5.8068 -5.2373 -4.7295 -4.2911 -3.9163 -3.5990 -3.3308 -3.1031 -2.9081
 -2.7387 -2.5886 -2.4524 -2.3258 -2.2054 -1.9118 -1.6026 -1.3233 -1.1075 -0.9409
 -0.8076 -0.6986 -0.6098 -0.5382 -0.4805 -0.4334 -0.3937 -0.3588 -0.3272 -0.2985
 -0.2728
 -6.7519 -6.1277 -5.5410 -5.0057 -4.5254 -4.1101 -3.7545 -3.4523 -3.1952 -2.9749
 -2.7838 -2.6161 -2.4661 -2.3293 -2.1705 -1.9097 -1.6411 -1.3534 -1.1253
 [Fe/H] = -0.25 [alpha/Fe] = 0.10 BC value =  B   
 -7.6589 -7.5575 -7.4432 -7.3008 -7.1605 -6.8639 -6.3075 -5.5662 -4.8640 -4.2913
 -3.8798 -3.5652 -3.3090 -3.0857 -2.8734 -2.4587
 -7.0388 -6.9275 -6.8099 -6.6724 -6.5104 -6.2449 -5.7921 -5.1430 -4.4987 -3.9918
 -3.6188 -3.3283 -3.0851 -2.8730 -2.6822 -2.2771 -1.9421 -1.6429 -1.3655
 -6.5077 -6.3830 -6.2574 -6.1200 -5.9514 -5.7169 -5.3514 -4.8190 -4.2650 -3.8044
 -3.4517 -3.1722 -2.9365 -2.7278 -2.5392 -2.1396 -1.8142 -1.5330 -1.2810 -1.0518
 -0.8477
 -6.0656 -5.9240 -5.7857 -5.6436 -5.4835 -5.2800 -4.9854 -4.5598 -4.0916 -3.6740
 -3.3381 -3.0669 -2.8364 -2.6313 -2.4444 -2.0462 -1.7263 -1.4571 -1.2211 -1.0109
 -0.8225 -0.6565 -0.5119
 -5.7246 -5.5577 -5.3992 -5.2439 -5.0829 -4.8996 -4.6632 -4.3293 -3.9410 -3.5701
 -3.2548 -2.9931 -2.7685 -2.5674 -2.3824 -1.9841 -1.6662 -1.4045 -1.1796 -0.9824
 -0.8076 -0.6527 -0.5176 -0.3987 -0.2919
 -5.5107 -5.2983 -5.1072 -4.9282 -4.7537 -4.5742 -4.3728 -4.1128 -3.7967 -3.4756
 -3.1863 -2.9375 -2.7209 -2.5252 -2.3433 -1.9444 -1.6255 -1.3684 -1.1516 -0.9641
 -0.7999 -0.6549 -0.5279 -0.4174 -0.3199 -0.2319
 -5.4076 -5.1299 -4.9010 -4.6964 -4.5020 -4.3121 -4.1204 -3.9082 -3.6537 -3.3814
 -3.1227 -2.8910 -2.6851 -2.4970 -2.3199 -1.9220 -1.5999 -1.3444 -1.1335 -0.9533
 -0.7975 -0.6610 -0.5416 -0.4378 -0.3469 -0.2661 -0.1931 -0.1229 -0.0635 -0.0247
 -5.4389 -5.0638 -4.7471 -4.4853 -4.2660 -4.0752 -3.8955 -3.7141 -3.5107 -3.2853
 -3.0593 -2.8481 -2.6553 -2.4769 -2.3070 -1.9137 -1.5868 -1.3300 -1.1228 -0.9482
 -0.7988 -0.6695 -0.5571 -0.4597 -0.3750 -0.3005 -0.2346 -0.1738 -0.1164 -0.0685
 -0.0396
 -5.5657 -5.1225 -4.7333 -4.4002 -4.1190 -3.8807 -3.6749 -3.4940 -3.3271 -3.1592
 -2.9844 -2.8052 -2.6290 -2.4613 -2.3005 -1.9171 -1.5853 -1.3243 -1.1179 -0.9473
 -0.8026 -0.6790 -0.5728 -0.4815 -0.4030 -0.3347 -0.2742 -0.2203 -0.1708 -0.1253
 -0.0882
 -5.7801 -5.2697 -4.8198 -4.4285 -4.0930 -3.8086 -3.5674 -3.3599 -3.1774 -3.0129
 -2.8634 -2.7245 -2.5872 -2.4437 -2.2949 -1.9268 -1.5921 -1.3244 -1.1160 -0.9472
 -0.8061 -0.6869 -0.5860 -0.5006 -0.4282 -0.3661 -0.3118 -0.2634 -0.2199 -0.1809
 -0.1464
 -6.1081 -5.5209 -5.0055 -4.5559 -4.1690 -3.8400 -3.5618 -3.3262 -3.1243 -2.9482
 -2.7914 -2.6505 -2.5220 -2.4007 -2.2785 -1.9451 -1.6130 -1.3370 -1.1228 -0.9530
 -0.8134 -0.6968 -0.5996 -0.5188 -0.4517 -0.3956 -0.3476 -0.3053 -0.2676 -0.2338
 -0.2042
 -6.4942 -5.8553 -5.2775 -4.7682 -4.3277 -3.9519 -3.6344 -3.3664 -3.1391 -2.9444
 -2.7749 -2.6245 -2.4885 -2.3630 -2.2444 -1.9530 -1.6423 -1.3588 -1.1361 -0.9622
 -0.8220 -0.7065 -0.6115 -0.5341 -0.4712 -0.4203 -0.3784 -0.3425 -0.3110 -0.2830
 -0.2582
 -6.8429 -6.1954 -5.5913 -5.0427 -4.5541 -4.1327 -3.7739 -3.4704 -3.2133 -2.9939
 -2.8045 -2.6386 -2.4906 -2.3559 -2.1926 -1.9505 -1.6800 -1.3898 -1.1559
 [Fe/H] =  0.00 [alpha/Fe] = 0.00 BC value =  B   
 -7.9498 -7.8448 -7.7228 -7.5151 -7.2021 -6.7809 -6.2501 -5.6091 -4.9025 -4.3087
 -3.8833 -3.5633 -3.2974 -3.0820 -2.8865 -2.4647
 -7.3250 -7.2069 -7.0819 -6.9359 -6.7427 -6.4483 -5.9561 -5.2498 -4.5666 -4.0302
 -3.6423 -3.3466 -3.1040 -2.8922 -2.7041 -2.3035 -1.9727 -1.6788 -1.4052
 -6.7882 -6.6577 -6.5265 -6.3835 -6.2071 -5.9565 -5.5511 -4.9646 -4.3593 -3.8630
 -3.4922 -3.2058 -2.9690 -2.7619 -2.5753 -2.1789 -1.8549 -1.5743 -1.3222 -1.0915
 -0.8839
 -6.3384 -6.1919 -6.0495 -5.9036 -5.7389 -5.5251 -5.2025 -4.7314 -4.2105 -3.7517
 -3.3928 -3.1116 -2.8784 -2.6741 -2.4889 -2.0931 -1.7727 -1.5016 -1.2630 -1.0493
 -0.8575 -0.6864 -0.5365
 -5.9865 -5.8162 -5.6547 -5.4970 -5.3331 -5.1434 -4.8875 -4.5172 -4.0809 -3.6664
 -3.3226 -3.0465 -2.8164 -2.6146 -2.4310 -2.0348 -1.7153 -1.4503 -1.2212 -1.0191
 -0.8397 -0.6799 -0.5393 -0.4160 -0.3025
 -5.7444 -5.5425 -5.3506 -5.1703 -4.9944 -4.8102 -4.5963 -4.3078 -3.9513 -3.5881
 -3.2668 -2.9990 -2.7731 -2.5745 -2.3929 -1.9962 -1.6754 -1.4140 -1.1920 -0.9986
 -0.8290 -0.6788 -0.5463 -0.4303 -0.3291 -0.2360
 -5.6128 -5.3562 -5.1345 -4.9276 -4.7298 -4.5354 -4.3353 -4.1027 -3.8159 -3.5063
 -3.2150 -2.9609 -2.7418 -2.5477 -2.3693 -1.9730 -1.6490 -1.3888 -1.1723 -0.9857
 -0.8237 -0.6816 -0.5566 -0.4471 -0.3516 -0.2681 -0.1912 -0.1183 -0.0587 -0.0193
 -5.5949 -5.2280 -4.9263 -4.6821 -4.4783 -4.2922 -4.1048 -3.9052 -3.6747 -3.4174
 -3.1610 -2.9261 -2.7173 -2.5297 -2.3560 -1.9632 -1.6347 -1.3729 -1.1596 -0.9785
 -0.8224 -0.6871 -0.5689 -0.4657 -0.3762 -0.2991 -0.2306 -0.1673 -0.1082 -0.0606
 -0.0315
 -5.6993 -5.2532 -4.8668 -4.5408 -4.2691 -4.0398 -3.8414 -3.6635 -3.4878 -3.2975
 -3.0937 -2.8891 -2.6958 -2.5173 -2.3502 -1.9646 -1.6319 -1.3656 -1.1530 -0.9757
 -0.8243 -0.6942 -0.5819 -0.4848 -0.4011 -0.3290 -0.2661 -0.2108 -0.1609 -0.1146
 -0.0778
 -5.8983 -5.3813 -4.9273 -4.5350 -4.2014 -3.9204 -3.6816 -3.4743 -3.2893 -3.1199
 -2.9622 -2.8111 -2.6586 -2.5021 -2.3458 -1.9726 -1.6376 -1.3651 -1.1500 -0.9744
 -0.8263 -0.7003 -0.5932 -0.5017 -0.4238 -0.3576 -0.3008 -0.2512 -0.2075 -0.1686
 -0.1341
 -6.2177 -5.6194 -5.0959 -4.6408 -4.2505 -3.9201 -3.6416 -3.4052 -3.2011 -3.0209
 -2.8597 -2.7154 -2.5841 -2.4593 -2.3318 -1.9904 -1.6577 -1.3777 -1.1568 -0.9798
 -0.8330 -0.7095 -0.6058 -0.5188 -0.4459 -0.3851 -0.3341 -0.2905 -0.2524 -0.2190
 -0.1900
 -6.6120 -5.9509 -5.3559 -4.8377 -4.3901 -4.0096 -3.6892 -3.4195 -3.1910 -2.9946
 -2.8229 -2.6706 -2.5335 -2.4083 -2.2908 -1.9988 -1.6862 -1.4000 -1.1710 -0.9896
 -0.8420 -0.7194 -0.6177 -0.5338 -0.4649 -0.4089 -0.3634 -0.3256 -0.2934 -0.2657
 -0.2417
 -6.9803 -6.3036 -5.6735 -5.1042 -4.6038 -4.1738 -3.8099 -3.5035 -3.2452 -3.0254
 -2.8361 -2.6704 -2.5229 -2.3892 -2.2228 -1.9978 -1.7231 -1.4320 -1.1926
 [Fe/H] =  0.25 [alpha/Fe] = 0.00 BC value =  B   
 -8.1940 -8.1003 -7.9900 -7.7146 -7.2506 -6.6622 -6.1351 -5.7093 -5.0217 -4.3936
 -3.9232 -3.5830 -3.3164 -3.0812 -2.8887 -2.4793
 -7.5716 -7.4703 -7.3604 -7.1828 -6.9110 -6.5325 -6.0377 -5.4195 -4.7209 -4.1291
 -3.6995 -3.3837 -3.1337 -2.9225 -2.7332 -2.3353 -2.0056 -1.7164 -1.4489
 -7.0219 -6.9104 -6.7969 -6.6690 -6.5024 -6.2518 -5.8241 -5.1909 -4.5373 -3.9799
 -3.5649 -3.2567 -3.0121 -2.8042 -2.6191 -2.2247 -1.8999 -1.6182 -1.3661 -1.1359
 -0.9259
 -6.5449 -6.4206 -6.2995 -6.1733 -6.0248 -5.8202 -5.4943 -4.9878 -4.4082 -3.8859
 -3.4799 -3.1728 -2.9298 -2.7237 -2.5399 -2.1463 -1.8238 -1.5493 -1.3082 -1.0920
 -0.9002 -0.7288 -0.5732
 -6.1509 -6.0088 -5.8737 -5.7408 -5.5995 -5.4265 -5.1770 -4.7860 -4.2969 -3.8173
 -3.4227 -3.1160 -2.8725 -2.6672 -2.4846 -2.0913 -1.7691 -1.4996 -1.2664 -1.0602
 -0.8771 -0.7136 -0.5682 -0.4393 -0.3228
 -5.8566 -5.6852 -5.5274 -5.3779 -5.2308 -5.0703 -4.8700 -4.5752 -4.1784 -3.7547
 -3.3790 -3.0759 -2.8321 -2.6273 -2.4458 -2.0528 -1.7296 -1.4630 -1.2361 -1.0375
 -0.8630 -0.7085 -0.5714 -0.4500 -0.3425 -0.2447
 -5.6911 -5.4695 -5.2728 -5.0949 -4.9275 -4.7617 -4.5823 -4.3539 -4.0434 -3.6835
 -3.3384 -3.0454 -2.8034 -2.5996 -2.4196 -2.0279 -1.7021 -1.4363 -1.2144 -1.0220
 -0.8542 -0.7072 -0.5774 -0.4628 -0.3620 -0.2729 -0.1921 -0.1153 -0.0552 -0.0142
 -5.5906 -5.3000 -5.0645 -4.8718 -4.6911 -4.5121 -4.3308 -4.1349 -3.8918 -3.5974
 -3.2931 -3.0177 -2.7822 -2.5811 -2.4033 -2.0147 -1.6860 -1.4185 -1.1994 -1.0122
 -0.8499 -0.7089 -0.5856 -0.4773 -0.3826 -0.2998 -0.2272 -0.1618 -0.1001 -0.0525
 -0.0226
 -5.6456 -5.2516 -4.9204 -4.6507 -4.4315 -4.2472 -4.0796 -3.9098 -3.7191 -3.4899
 -3.2360 -2.9876 -2.7645 -2.5689 -2.3946 -2.0121 -1.6812 -1.4096 -1.1906 -1.0071
 -0.8492 -0.7129 -0.5951 -0.4928 -0.4038 -0.3268 -0.2604 -0.2024 -0.1506 -0.1027
 -0.0662
 -5.8005 -5.3344 -4.9270 -4.5788 -4.2871 -4.0430 -3.8339 -3.6504 -3.4789 -3.3058
 -3.1213 -2.9292 -2.7379 -2.5567 -2.3892 -2.0157 -1.6849 -1.4077 -1.1858 -1.0038
 -0.8493 -0.7168 -0.6037 -0.5066 -0.4232 -0.3519 -0.2913 -0.2393 -0.1942 -0.1547
 -0.1195
 -6.0750 -5.5318 -5.0545 -4.6395 -4.2833 -3.9816 -3.7262 -3.5064 -3.3118 -3.1339
 -2.9687 -2.8139 -2.6676 -2.5249 -2.3817 -2.0299 -1.7025 -1.4197 -1.1919 -1.0080
 -0.8548 -0.7248 -0.6148 -0.5218 -0.4432 -0.3769 -0.3216 -0.2752 -0.2358 -0.2022
 -0.1735
 -6.4657 -5.8413 -5.2877 -4.8048 -4.3870 -4.0297 -3.7267 -3.4697 -3.2492 -3.0561
 -2.8835 -2.7279 -2.5879 -2.4607 -2.3410 -2.0406 -1.7285 -1.4420 -1.2066 -1.0179
 -0.8636 -0.7344 -0.6262 -0.5360 -0.4612 -0.3992 -0.3489 -0.3078 -0.2739 -0.2457
 -0.2223
 -6.8995 -6.2258 -5.6124 -5.0612 -4.5831 -4.1695 -3.8173 -3.5190 -3.2664 -3.0506
 -2.8634 -2.6987 -2.5521 -2.4204 -2.2671 -2.0478 -1.7629 -1.4746 -1.2299
 [Fe/H] =  0.50 [alpha/Fe] = 0.00 BC value =  B   
 -8.4111 -8.8923 -8.8987 -8.4897 -7.7857 -7.0086 -6.3292 -5.7914 -5.1548 -4.5097
 -3.9965 -3.6297 -3.3518 -3.1203 -2.9055 -2.4923
 -7.8036 -7.9096 -7.8464 -7.6318 -7.2810 -6.8077 -6.2237 -5.5572 -4.8846 -4.2595
 -3.7853 -3.4434 -3.1825 -2.9670 -2.7794 -2.3801 -2.0511 -1.7621 -1.4966
 -7.2528 -7.1640 -7.0638 -6.9486 -6.7861 -6.5036 -6.0323 -5.3754 -4.7169 -4.1207
 -3.6617 -3.3269 -3.0703 -2.8590 -2.6742 -2.2818 -1.9557 -1.6711 -1.4148 -1.1825
 -0.9720
 -6.7587 -6.6556 -6.5508 -6.4401 -6.3009 -6.0963 -5.7550 -5.2151 -4.6045 -4.0383
 -3.5876 -3.2511 -2.9937 -2.7831 -2.5996 -2.2091 -1.8849 -1.6062 -1.3614 -1.1419
 -0.9460 -0.7696 -0.6085
 -6.3319 -6.2120 -6.0978 -5.9840 -5.8581 -5.6944 -5.4439 -5.0347 -4.5072 -3.9817
 -3.5395 -3.2008 -2.9399 -2.7281 -2.5450 -2.1556 -1.8323 -1.5582 -1.3202 -1.1093
 -0.9212 -0.7532 -0.6029 -0.4684 -0.3445
 -5.9865 -5.8450 -5.7132 -5.5877 -5.4626 -5.3190 -5.1278 -4.8292 -4.4013 -3.9296
 -3.5053 -3.1665 -2.9016 -2.6876 -2.5043 -2.1161 -1.7926 -1.5213 -1.2890 -1.0850
 -0.9045 -0.7448 -0.6027 -0.4761 -0.3629 -0.2582
 -5.7525 -5.5697 -5.4087 -5.2615 -5.1218 -4.9806 -4.8192 -4.5967 -4.2702 -3.8685
 -3.4748 -3.1415 -2.8749 -2.6584 -2.4746 -2.0877 -1.7632 -1.4931 -1.2653 -1.0672
 -0.8928 -0.7398 -0.6049 -0.4851 -0.3789 -0.2843 -0.1973 -0.1180 -0.0542 -0.0106
 -5.6165 -5.3645 -5.1981 -5.0188 -4.8535 -4.6964 -4.5380 -4.3561 -4.1103 -3.7873
 -3.4382 -3.1208 -2.8561 -2.6387 -2.4545 -2.0698 -1.7444 -1.4729 -1.2478 -1.0547
 -0.8856 -0.7380 -0.6090 -0.4956 -0.3956 -0.3075 -0.2299 -0.1593 -0.0938 -0.0458
 -0.0143
 -5.5947 -5.2587 -4.9910 -4.7836 -4.6136 -4.4575 -4.2973 -4.1272 -3.9310 -3.6803
 -3.3869 -3.0971 -2.8417 -2.6265 -2.4427 -2.0616 -1.7361 -1.4618 -1.2366 -1.0468
 -0.8823 -0.7391 -0.6152 -0.5073 -0.4130 -0.3306 -0.2592 -0.1972 -0.1418 -0.0912
 -0.0547
 -5.7025 -5.2848 -4.9261 -4.6283 -4.3865 -4.1883 -4.0201 -3.8667 -3.7091 -3.5239
 -3.2999 -3.0562 -2.8228 -2.6157 -2.4352 -2.0595 -1.7359 -1.4576 -1.2296 -1.0412
 -0.8800 -0.7406 -0.6209 -0.5180 -0.4291 -0.3522 -0.2865 -0.2305 -0.1825 -0.1410
 -0.1042
 -5.9229 -5.4326 -5.0028 -4.6315 -4.3170 -4.0542 -3.8328 -3.6406 -3.4678 -3.3037
 -3.1347 -2.9570 -2.7762 -2.6000 -2.4335 -2.0684 -1.7492 -1.4675 -1.2343 -1.0438
 -0.8840 -0.7471 -0.6303 -0.5311 -0.4466 -0.3744 -0.3138 -0.2630 -0.2207 -0.1856
 -0.1561
 -6.2738 -5.6960 -5.1918 -4.7524 -4.3733 -4.0495 -3.7751 -3.5412 -3.3375 -3.1545
 -2.9849 -2.8257 -2.6762 -2.5360 -2.4021 -2.0800 -1.7707 -1.4880 -1.2484 -1.0531
 -0.8921 -0.7562 -0.6411 -0.5443 -0.4631 -0.3951 -0.3389 -0.2930 -0.2559 -0.2259
 -0.2019
 -6.7264 -6.0750 -5.4899 -4.9787 -4.5339 -4.1509 -3.8235 -3.5449 -3.3068 -3.1005
 -2.9179 -2.7535 -2.6046 -2.4704 -2.3410 -2.0943 -1.8004 -1.5191 -1.2719
 [Fe/H] =  0.75 [alpha/Fe] = 0.00 BC value =  B   
 -8.5794 -8.5162 -8.1461 -7.5515 -6.9777 -6.5207 -6.1778 -5.8618 -5.2761 -4.6487
 -4.0982 -3.7002 -3.4065 -3.1746 -2.9663 -2.5410
 -7.9987 -7.9348 -7.7637 -7.4968 -7.1439 -6.7138 -6.2142 -5.6518 -5.0352 -4.4094
 -3.8977 -3.5254 -3.2487 -3.0280 -2.8380 -2.4361 -2.1058 -1.8146 -1.5484
 -7.4588 -7.3881 -7.3123 -7.2118 -7.0061 -6.6575 -6.1472 -5.5063 -4.8828 -4.2783
 -3.7829 -3.4170 -3.1439 -2.9260 -2.7402 -2.3493 -2.0207 -1.7324 -1.4750 -1.2413
 -1.0254
 -6.9597 -6.8763 -6.7920 -6.6966 -6.5642 -6.3518 -5.9768 -5.3914 -4.7823 -4.2019
 -3.7149 -3.3472 -3.0711 -2.8526 -2.6676 -2.2806 -1.9558 -1.6726 -1.4227 -1.1991
 -0.9964 -0.8127 -0.6465
 -6.5131 -6.4134 -6.3188 -6.2224 -6.1080 -5.9468 -5.6883 -5.2533 -4.6985 -4.1513
 -3.6734 -3.3020 -3.0197 -2.7978 -2.6121 -2.2270 -1.9046 -1.6265 -1.3830 -1.1669
 -0.9728 -0.7990 -0.6436 -0.5023 -0.3708
 -6.1305 -6.0128 -5.9028 -5.7972 -5.6890 -5.5560 -5.3670 -5.0597 -4.6056 -4.1044
 -3.6454 -3.2722 -2.9836 -2.7565 -2.5688 -2.1846 -1.8636 -1.5894 -1.3515 -1.1418
 -0.9548 -0.7884 -0.6404 -0.5087 -0.3888 -0.2766
 -5.8337 -5.6872 -5.5550 -5.4323 -5.3144 -5.1915 -5.0419 -4.8219 -4.4829 -4.0509
 -3.6197 -3.2515 -2.9585 -2.7262 -2.5356 -2.1517 -1.8315 -1.5591 -1.3261 -1.1220
 -0.9410 -0.7808 -0.6395 -0.5142 -0.4024 -0.3015 -0.2074 -0.1213 -0.0570 -0.0095
 -5.6675 -5.4685 -5.2947 -5.1425 -5.0040 -4.8717 -4.7338 -4.5638 -4.3180 -3.9742
 -3.5889 -3.2342 -2.9407 -2.7051 -2.5117 -2.1280 -1.8085 -1.5360 -1.3059 -1.1069
 -0.9311 -0.7761 -0.6404 -0.5212 -0.4157 -0.3220 -0.2385 -0.1612 -0.0913 -0.0416
 -0.0074
 -5.5595 -5.3007 -5.0909 -4.9212 -4.7688 -4.6164 -4.4671 -4.3126 -4.1236 -3.8647
 -3.5419 -3.2150 -2.9294 -2.6923 -2.4965 -2.1132 -1.7956 -1.5215 -1.2917 -1.0961
 -0.9249 -0.7744 -0.6434 -0.5294 -0.4296 -0.3417 -0.2647 -0.1970 -0.1361 -0.0818
 -0.0447
 -5.6143 -5.2441 -4.9388 -4.6946 -4.5055 -4.3541 -4.2179 -4.0760 -3.9148 -3.7163
 -3.4634 -3.1808 -2.9128 -2.6813 -2.4863 -2.1045 -1.7901 -1.5142 -1.2820 -1.0876
 -0.9200 -0.7733 -0.6463 -0.5369 -0.4422 -0.3597 -0.2883 -0.2269 -0.1745 -0.1290
 -0.0893
 -5.7839 -5.3418 -4.9567 -4.6295 -4.3597 -4.1403 -3.9586 -3.8029 -3.6602 -3.5110
 -3.3324 -3.1179 -2.8897 -2.6753 -2.4859 -2.1072 -1.7972 -1.5208 -1.2843 -1.0879
 -0.9218 -0.7779 -0.6538 -0.5477 -0.4571 -0.3792 -0.3126 -0.2564 -0.2095 -0.1707
 -0.1392
 -6.0715 -5.5528 -5.0976 -4.7016 -4.3616 -4.0750 -3.8351 -3.6313 -3.4527 -3.2897
 -3.1327 -2.9706 -2.8019 -2.6332 -2.4717 -2.1164 -1.8126 -1.5376 -1.2967 -1.0957
 -0.9283 -0.7856 -0.6634 -0.5595 -0.4718 -0.3977 -0.3355 -0.2838 -0.2416 -0.2083
 -0.1828
 -6.4935 -5.8864 -5.3518 -4.8858 -4.4807 -4.1322 -3.8348 -3.5821 -3.3652 -3.1749
 -3.0023 -2.8415 -2.6906 -2.5486 -2.4437 -2.1321 -1.8363 -1.5646 -1.3192
 [Fe/H] =  1.00 [alpha/Fe] = 0.00 BC value =  B   
 -8.7021 -7.4953 -6.3153 -5.8766 -5.8356 -6.0998 -6.3114 -5.9217 -5.3918 -4.7872
 -4.2209 -3.7885 -3.4755 -3.2335 -3.0337 -2.5958
 -8.1477 -8.0300 -7.8233 -7.5371 -7.1798 -6.7585 -6.2797 -5.7491 -5.1714 -4.5683
 -4.0298 -3.6258 -3.3301 -3.0999 -2.9073 -2.5043 -2.1681 -1.8731 -1.6043
 -7.6231 -7.9750 -8.0541 -7.8885 -7.5029 -6.9189 -6.2172 -5.6130 -5.0320 -4.4427
 -3.9216 -3.5249 -3.2316 -3.0041 -2.8150 -2.4253 -2.0927 -1.7997 -1.5385 -1.3020
 -1.0835
 -7.1283 -7.3305 -7.0079 -6.9308 -6.8050 -6.5811 -6.1239 -5.5134 -4.9375 -4.3663
 -3.8584 -3.4602 -3.1620 -2.9322 -2.7434 -2.3588 -2.0338 -1.7459 -1.4903 -1.2619
 -1.0547 -0.8646 -0.6906
 -6.6731 -6.5949 -6.5224 -6.4451 -6.3419 -6.1796 -5.9042 -5.4277 -4.8647 -4.3165
 -3.8207 -3.4194 -3.1128 -2.8772 -2.6861 -2.3038 -1.9840 -1.7026 -1.4529 -1.2309
 -1.0317 -0.8514 -0.6883 -0.5397 -0.4006
 -6.2683 -6.1720 -6.0834 -5.9978 -5.9048 -5.7785 -5.5853 -5.2634 -4.7857 -4.2718
 -3.7936 -3.3923 -3.0787 -2.8353 -2.6401 -2.2576 -1.9412 -1.6655 -1.4221 -1.2063
 -1.0130 -0.8395 -0.6845 -0.5458 -0.4193 -0.2992
 -5.9298 -5.8108 -5.7021 -5.6010 -5.5020 -5.3931 -5.2492 -5.0262 -4.6734 -4.2217
 -3.7697 -3.3741 -3.0551 -2.8044 -2.6038 -2.2192 -1.9054 -1.6331 -1.3955 -1.1855
 -0.9980 -0.8303 -0.6815 -0.5498 -0.4327 -0.3245 -0.2224 -0.1336 -0.0650 -0.0121
 -5.6958 -5.5347 -5.3936 -5.2692 -5.1541 -5.0416 -4.9184 -4.7555 -4.5075 -4.1480
 -3.7396 -3.3586 -3.0381 -2.7826 -2.5767 -2.1890 -1.8774 -1.6067 -1.3729 -1.1682
 -0.9861 -0.8234 -0.6802 -0.5542 -0.4436 -0.3446 -0.2532 -0.1679 -0.0946 -0.0414
 -0.0031
 -5.5562 -5.3604 -5.1838 -5.0245 -4.8803 -4.7481 -4.6201 -4.4822 -4.3004 -4.0374
 -3.6945 -3.3397 -3.0266 -2.7686 -2.5585 -2.1674 -1.8584 -1.5884 -1.3555 -1.1547
 -0.9773 -0.8196 -0.6807 -0.5596 -0.4536 -0.3601 -0.2776 -0.2031 -0.1347 -0.0766
 -0.0373
 -5.5354 -5.2173 -4.9711 -4.7845 -4.6413 -4.5111 -4.3757 -4.2331 -4.0778 -3.8805
 -3.6157 -3.3071 -3.0110 -2.7564 -2.5455 -2.1520 -1.8463 -1.5766 -1.3427 -1.1431
 -0.9696 -0.8160 -0.6812 -0.5644 -0.4632 -0.3749 -0.2978 -0.2308 -0.1720 -0.1202
 -0.0770
 -5.6580 -5.2594 -4.9181 -4.6376 -4.4155 -4.2412 -4.1018 -3.9802 -3.8541 -3.7020
 -3.5051 -3.2584 -2.9953 -2.7526 -2.5438 -2.1484 -1.8459 -1.5782 -1.3419 -1.1407
 -0.9687 -0.8183 -0.6867 -0.5731 -0.4756 -0.3915 -0.3192 -0.2570 -0.2044 -0.1605
 -0.1245
 -5.8880 -5.4194 -5.0085 -4.6535 -4.3540 -4.1071 -3.9050 -3.7362 -3.5902 -3.4553
 -3.3143 -3.1453 -2.9441 -2.7346 -2.5400 -2.1529 -1.8538 -1.5892 -1.3511 -1.1461
 -0.9729 -0.8240 -0.6947 -0.5833 -0.4885 -0.4079 -0.3397 -0.2818 -0.2339 -0.1955
 -0.1656
 -6.2527 -5.6981 -5.2136 -4.7910 -4.4254 -4.1129 -3.8493 -3.6275 -3.4379 -3.2703
 -3.1162 -2.9679 -2.8159 -2.6585 -2.5341 -2.1655 -1.8700 -1.6096 -1.3703
