 [Fe/H] = -4.00 [alpha/Fe] = 0.40 BC value =  U   
 -8.2507 -5.8669 -3.6301 -3.7707 -7.1371-13.0407-11.0987 -6.8525 -3.6606 -2.8647
 -2.5386 -2.4869 -3.5716 -4.4384 -4.7377 -3.4543
 -9.1185 -7.6674 -6.2387 -5.9384 -7.1324 -9.8145 -9.0492 -7.2785 -5.7414 -5.0346
 -4.5826 -4.3727 -4.6651 -4.8561 -4.7071 -3.3900 -2.6206 -2.0847 -2.0088
 -9.1696 -8.3525 -7.5181 -7.0185 -6.9631 -7.5666 -7.3577 -6.9289 -6.4102 -5.9046
 -5.4882 -5.2065 -5.0315 -4.8098 -4.4470 -3.2052 -2.3268 -1.8263 -1.5566 -1.3164
 -0.9014
 -8.4040 -7.9222 -7.4683 -7.0110 -6.6291 -6.2969 -6.0242 -5.8037 -5.6670 -5.4749
 -5.2555 -4.9882 -4.6709 -4.2996 -3.9574 -2.8999 -2.1345 -1.5996 -1.2273 -0.9618
 -0.7747 -0.6408 -0.5401
 -8.0037 -7.5657 -7.1425 -6.7195 -6.3253 -5.9588 -5.6304 -5.3455 -5.0995 -4.8785
 -4.6602 -4.4211 -4.1510 -3.8453 -3.5183 -2.6636 -1.9429 -1.4365 -1.0970 -0.8658
 -0.7040 -0.5882 -0.5031 -0.4378 -0.3838
 -7.6104 -7.2077 -6.8124 -6.4203 -6.0323 -5.6555 -5.2988 -4.9738 -4.6848 -4.4270
 -4.1891 -3.9558 -3.7093 -3.4442 -3.1608 -2.4520 -1.7985 -1.3192 -0.9992 -0.7879
 -0.6432 -0.5408 -0.4671 -0.4125 -0.3698 -0.3338
 -7.2241 -6.8482 -6.4780 -6.1134 -5.7500 -5.3870 -5.0294 -4.6886 -4.3750 -4.0926
 -3.8378 -3.6005 -3.3692 -3.1335 -2.8849 -2.2651 -1.7013 -1.2477 -0.9339 -0.7281
 -0.5923 -0.4986 -0.4322 -0.3847 -0.3499 -0.3228 -0.2994 -0.2774 -0.2555 -0.2339
 -6.8449 -6.4872 -6.1393 -5.8006 -5.4651 -5.1291 -4.7911 -4.4578 -4.1388 -3.8446
 -3.5788 -3.3372 -3.1136 -2.8979 -2.6803 -2.1325 -1.6321 -1.2150 -0.9021 -0.6894
 -0.5508 -0.4597 -0.3974 -0.3542 -0.3242 -0.3032 -0.2868 -0.2732 -0.2614 -0.2504
 -0.2388
 -6.4823 -6.1453 -5.8173 -5.4977 -5.1858 -4.8780 -4.5696 -4.2598 -3.9540 -3.6626
 -3.3929 -3.1486 -2.9272 -2.7228 -2.5264 -2.0438 -1.5909 -1.2049 -0.8986 -0.6745
 -0.5230 -0.4252 -0.3620 -0.3206 -0.2934 -0.2762 -0.2657 -0.2581 -0.2526 -0.2490
 -0.2473
 -6.1699 -5.8371 -5.5203 -5.2182 -4.9249 -4.6401 -4.3591 -4.0789 -3.7987 -3.5226
 -3.2597 -3.0169 -2.7957 -2.5948 -2.4087 -1.9768 -1.5646 -1.2038 -0.9083 -0.6777
 -0.5105 -0.3984 -0.3274 -0.2835 -0.2571 -0.2422 -0.2353 -0.2334 -0.2339 -0.2355
 -0.2380
 -5.8884 -5.5723 -5.2679 -4.9744 -4.6952 -4.4263 -4.1666 -3.9126 -3.6611 -3.4103
 -3.1668 -2.9346 -2.7163 -2.5139 -2.3283 -1.9192 -1.5536 -1.2129 -0.9270 -0.6957
 -0.5167 -0.3875 -0.3016 -0.2486 -0.2181 -0.2022 -0.1964 -0.1972 -0.2021 -0.2089
 -0.2159
 -5.6752 -5.3509 -5.0477 -4.7637 -4.4936 -4.2359 -3.9909 -3.7556 -3.5269 -3.2993
 -3.0753 -2.8586 -2.6526 -2.4600 -2.2823 -1.8893 -1.5423 -1.2230 -0.9448 -0.7153
 -0.5316 -0.3902 -0.2884 -0.2212 -0.1810 -0.1600 -0.1521 -0.1530 -0.1598 -0.1702
 -0.1823
 -5.5302 -5.1730 -4.8597 -4.5861 -4.3201 -4.0689 -3.8252 -3.6039 -3.3918 -3.1860
 -2.9856 -2.7903 -2.5998 -2.4331 -2.2707 -1.8871 -1.5307 -1.2341 -0.9617
 [Fe/H] = -3.00 [alpha/Fe] = 0.40 BC value =  U   
 -8.2487 -7.9578 -7.7698 -7.7246 -7.8602 -8.4044 -7.9960 -7.4568 -6.9711 -6.5979
 -6.2159 -5.8682 -5.7261 -5.5685 -5.2581 -4.1235
 -8.0370 -7.6784 -7.3998 -7.2263 -7.1833 -7.3882 -7.1460 -6.8297 -6.5114 -6.2165
 -5.9026 -5.5876 -5.3355 -5.0654 -4.7222 -3.6897 -2.7858 -2.1065 -1.6142
 -7.8483 -7.4372 -7.0874 -6.8126 -6.6283 -6.5776 -6.4153 -6.2273 -6.0143 -5.7766
 -5.5147 -5.2290 -4.9201 -4.5885 -4.2349 -3.3036 -2.4766 -1.8587 -1.4235 -1.1150
 -0.8913
 -7.6826 -7.2342 -6.8326 -6.4835 -6.1950 -5.9726 -5.8039 -5.6498 -5.4800 -5.2783
 -5.0522 -4.7924 -4.4798 -4.1378 -3.7962 -2.9652 -2.2183 -1.6535 -1.2641 -0.9930
 -0.8006 -0.6606 -0.5543
 -7.5399 -7.0694 -6.6354 -6.2390 -5.8835 -5.5732 -5.3118 -5.0970 -4.9084 -4.7215
 -4.5151 -4.2778 -4.0147 -3.7133 -3.4061 -2.6745 -2.0109 -1.4909 -1.1361 -0.8946
 -0.7258 -0.6051 -0.5163 -0.4481 -0.3907
 -7.4202 -6.9428 -6.4958 -6.0791 -5.6938 -5.3417 -5.0250 -4.7462 -4.5031 -4.2880
 -4.0789 -3.8582 -3.6242 -3.3642 -3.0888 -2.4434 -1.8575 -1.3746 -1.0390 -0.8163
 -0.6641 -0.5567 -0.4795 -0.4222 -0.3774 -0.3395
 -7.3104 -6.8380 -6.3914 -5.9691 -5.5724 -5.2021 -4.8592 -4.5452 -4.2627 -4.0096
 -3.7788 -3.5595 -3.3395 -3.1137 -2.8668 -2.2752 -1.7553 -1.3048 -0.9753 -0.7569
 -0.6129 -0.5138 -0.4439 -0.3937 -0.3568 -0.3278 -0.3028 -0.2793 -0.2559 -0.2330
 -7.2180 -6.7534 -6.3133 -5.8960 -5.4983 -5.1227 -4.7690 -4.4389 -4.1334 -3.8557
 -3.6036 -3.3722 -3.1534 -2.9425 -2.7218 -2.1739 -1.6927 -1.2748 -0.9458 -0.7191
 -0.5715 -0.4746 -0.4087 -0.3628 -0.3307 -0.3078 -0.2905 -0.2754 -0.2618 -0.2495
 -0.2368
 -7.3872 -6.7736 -6.2665 -5.8556 -5.4633 -5.0893 -4.7330 -4.3965 -4.0808 -3.7871
 -3.5176 -3.2722 -3.0467 -2.8359 -2.6286 -2.1227 -1.6626 -1.2697 -0.9609 -0.7055
 -0.5528 -0.4401 -0.3731 -0.3289 -0.2996 -0.2805 -0.2684 -0.2595 -0.2529 -0.2483
 -0.2456
 -7.1653 -6.7608 -6.3202 -5.8478 -5.4597 -5.0898 -4.7356 -4.3980 -4.0772 -3.7750
 -3.4931 -3.2336 -2.9964 -2.7789 -2.5729 -2.0926 -1.6535 -1.2743 -0.9578 -0.7099
 -0.5318 -0.4130 -0.3380 -0.2915 -0.2630 -0.2463 -0.2379 -0.2346 -0.2341 -0.2346
 -0.2365
 -7.2104 -6.7933 -6.3500 -5.8838 -5.4962 -5.1277 -4.7764 -4.4396 -4.1172 -3.8103
 -3.5202 -3.2491 -2.9988 -2.7698 -2.5584 -2.0831 -1.6628 -1.2916 -0.9809 -0.7302
 -0.5388 -0.4023 -0.3120 -0.2563 -0.2238 -0.2063 -0.1990 -0.1985 -0.2023 -0.2083
 -0.2146
 -7.3604 -6.8711 -6.4169 -5.9946 -5.5965 -5.2226 -4.8648 -4.5029 -4.1806 -3.8714
 -3.5761 -3.2968 -3.0351 -2.7934 -2.5713 -2.0856 -1.6756 -1.3136 -1.0052 -0.7534
 -0.5552 -0.4054 -0.2987 -0.2286 -0.1864 -0.1639 -0.1547 -0.1545 -0.1602 -0.1698
 -0.1813
 -7.6150 -6.9943 -6.5209 -6.1803 -5.7607 -5.3746 -4.9416 -4.6020 -4.2751 -3.9435
 -3.6458 -3.3613 -3.0918 -2.8395 -2.6116 -2.1001 -1.6919 -1.3403 -1.0307
 [Fe/H] = -2.50 [alpha/Fe] = 0.40 BC value =  U   
 -7.8130 -7.8928 -8.0406 -7.9987 -7.7001 -7.3712 -7.2675 -7.3330 -7.3130 -7.0735
 -6.7428 -6.3763 -6.0132 -5.6617 -5.2834 -4.2665
 -7.4076 -7.2921 -7.2455 -7.1426 -6.9518 -6.7573 -6.6510 -6.6040 -6.5117 -6.3140
 -6.0478 -5.7282 -5.3775 -5.0237 -4.6642 -3.7515 -2.8756 -2.1729 -1.6141
 -7.1191 -6.8567 -6.6601 -6.4908 -6.3401 -6.2070 -6.0863 -5.9645 -5.8226 -5.6449
 -5.4192 -5.1384 -4.8097 -4.4651 -4.1260 -3.3066 -2.5419 -1.9178 -1.4510 -1.1237
 -0.9177
 -6.9475 -6.5866 -6.2844 -6.0433 -5.8650 -5.7203 -5.5734 -5.4145 -5.2457 -5.0662
 -4.8570 -4.6069 -4.3098 -3.9859 -3.6688 -2.9318 -2.2637 -1.7080 -1.3054 -1.0245
 -0.8255 -0.6796 -0.5673
 -6.8928 -6.4818 -6.1184 -5.8001 -5.5265 -5.2972 -5.1123 -4.9540 -4.7810 -4.5779
 -4.3612 -4.1337 -3.8778 -3.5861 -3.2926 -2.6271 -2.0410 -1.5435 -1.1773 -0.9252
 -0.7491 -0.6228 -0.5294 -0.4579 -0.3993
 -6.9097 -6.4621 -6.0598 -5.6976 -5.3729 -5.0842 -4.8295 -4.6056 -4.4086 -4.2207
 -4.0090 -3.7746 -3.5370 -3.2813 -3.0119 -2.4019 -1.8780 -1.4261 -1.0821 -0.8472
 -0.6866 -0.5734 -0.4915 -0.4308 -0.3835 -0.3438
 -6.9885 -6.5117 -6.0771 -5.6811 -5.3216 -4.9952 -4.6998 -4.4328 -4.1907 -3.9689
 -3.7601 -3.5476 -3.3221 -3.0863 -2.8329 -2.2547 -1.7729 -1.3548 -1.0208 -0.7891
 -0.6353 -0.5298 -0.4551 -0.4017 -0.3623 -0.3316 -0.3054 -0.2808 -0.2563 -0.2321
 -7.1164 -6.6203 -6.1606 -5.7358 -5.3457 -4.9897 -4.6650 -4.3677 -4.0961 -3.8465
 -3.6149 -3.3962 -3.1829 -2.9717 -2.7436 -2.1801 -1.7174 -1.3227 -0.9932 -0.7532
 -0.5945 -0.4903 -0.4195 -0.3702 -0.3358 -0.3113 -0.2929 -0.2767 -0.2622 -0.2489
 -0.2350
 -7.2861 -6.7742 -6.2970 -5.8508 -5.4349 -5.0518 -4.7004 -4.3784 -4.0827 -3.8109
 -3.5597 -3.3259 -3.1064 -2.8976 -2.6906 -2.1633 -1.7010 -1.3190 -0.9934 -0.7411
 -0.5680 -0.4560 -0.3838 -0.3361 -0.3046 -0.2840 -0.2707 -0.2615 -0.2541 -0.2478
 -0.2442
 -7.4859 -6.9603 -6.4679 -6.0069 -5.5719 -5.1654 -4.7894 -4.4436 -4.1262 -3.8343
 -3.5647 -3.3151 -3.0830 -2.8661 -2.6600 -2.1617 -1.7098 -1.3286 -1.0079 -0.7470
 -0.5568 -0.4295 -0.3489 -0.2989 -0.2680 -0.2498 -0.2402 -0.2359 -0.2345 -0.2343
 -0.2354
 -7.7210 -7.1916 -6.6809 -6.2039 -5.7542 -5.3299 -4.9332 -4.5648 -4.2251 -3.9127
 -3.6246 -3.3583 -3.1113 -2.8823 -2.6681 -2.1742 -1.7358 -1.3538 -1.0340 -0.7696
 -0.5651 -0.4196 -0.3235 -0.2640 -0.2291 -0.2099 -0.2015 -0.2000 -0.2029 -0.2081
 -0.2138
 -7.9935 -7.4437 -6.9223 -6.4280 -5.9618 -5.5247 -5.1125 -4.7256 -4.3652 -4.0318
 -3.7240 -3.4399 -3.1770 -2.9332 -2.7062 -2.1980 -1.7652 -1.3854 -1.0632 -0.7962
 -0.5836 -0.4239 -0.3108 -0.2366 -0.1919 -0.1677 -0.1573 -0.1561 -0.1610 -0.1698
 -0.1807
 -8.3035 -7.7166 -7.1717 -6.6674 -6.1882 -5.7373 -5.3131 -4.9128 -4.5357 -4.1836
 -3.8561 -3.5529 -3.2723 -3.0124 -2.7743 -2.2331 -1.7980 -1.4234 -1.0955
 [Fe/H] = -2.00 [alpha/Fe] = 0.40 BC value =  U   
 -7.2716 -7.2542 -7.2541 -7.2477 -7.2184 -7.1785 -7.1252 -7.0470 -6.9277 -6.7492
 -6.5045 -6.2020 -5.8666 -5.5265 -5.2134 -4.3224
 -6.7191 -6.6446 -6.6013 -6.5738 -6.5489 -6.5146 -6.4604 -6.3775 -6.2556 -6.0825
 -5.8498 -5.5576 -5.2240 -4.8844 -4.5625 -3.7546 -2.9702 -2.2763 -1.7453
 -6.3442 -6.1943 -6.0915 -6.0231 -5.9714 -5.9190 -5.8521 -5.7603 -5.6350 -5.4680
 -5.2512 -4.9799 -4.6629 -4.3332 -4.0152 -3.2788 -2.6008 -2.0055 -1.5412 -1.2054
 -0.9651
 -6.1469 -5.9033 -5.7247 -5.5956 -5.4858 -5.3918 -5.3003 -5.1954 -5.0659 -4.9057
 -4.7087 -4.4689 -4.1833 -3.8729 -3.5715 -2.8950 -2.3016 -1.7854 -1.3751 -1.0779
 -0.8619 -0.7120 -0.5897
 -6.1127 -5.7888 -5.5318 -5.3322 -5.1712 -5.0306 -4.8954 -4.7544 -4.6033 -4.4391
 -4.2537 -4.0423 -3.7965 -3.5150 -3.2314 -2.6032 -2.0726 -1.6160 -1.2470 -0.9774
 -0.7879 -0.6526 -0.5523 -0.4750 -0.4117
 -6.2140 -5.8439 -5.5212 -5.2555 -5.0347 -4.8431 -4.6676 -4.4973 -4.3232 -4.1371
 -3.9345 -3.7259 -3.5061 -3.2608 -2.9958 -2.4010 -1.9115 -1.4953 -1.1535 -0.9004
 -0.7243 -0.6012 -0.5126 -0.4464 -0.3945 -0.3515
 -6.4042 -5.9828 -5.6113 -5.2830 -4.9930 -4.7377 -4.5118 -4.3095 -4.1254 -3.9538
 -3.7697 -3.5548 -3.3289 -3.0982 -2.8536 -2.2784 -1.8118 -1.4196 -1.0928 -0.8446
 -0.6734 -0.5565 -0.4747 -0.4159 -0.3722 -0.3380 -0.3093 -0.2829 -0.2564 -0.2299
 -6.6980 -6.2169 -5.7912 -5.4131 -5.0759 -4.7748 -4.5055 -4.2634 -4.0428 -3.8376
 -3.6432 -3.4525 -3.2499 -3.0310 -2.7942 -2.2222 -1.7626 -1.3827 -1.0626 -0.8107
 -0.6342 -0.5172 -0.4383 -0.3835 -0.3449 -0.3171 -0.2962 -0.2784 -0.2624 -0.2472
 -0.2316
 -7.0857 -6.5499 -6.0661 -5.6314 -5.2419 -4.8932 -4.5806 -4.2994 -4.0447 -3.8112
 -3.5926 -3.3851 -3.1853 -2.9895 -2.7825 -2.2234 -1.7535 -1.3760 -1.0581 -0.7989
 -0.6096 -0.4840 -0.4026 -0.3490 -0.3132 -0.2894 -0.2739 -0.2629 -0.2543 -0.2467
 -0.2416
 -7.5431 -6.9479 -6.4154 -5.9280 -5.4844 -5.0835 -4.7234 -4.4005 -4.1096 -3.8457
 -3.6027 -3.3758 -3.1613 -2.9579 -2.7621 -2.2489 -1.7741 -1.3881 -1.0691 -0.8036
 -0.5996 -0.4589 -0.3686 -0.3119 -0.2766 -0.2552 -0.2432 -0.2373 -0.2347 -0.2334
 -0.2335
 -8.0328 -7.4048 -6.8278 -6.2954 -5.8035 -5.3518 -4.9413 -4.5718 -4.2405 -3.9426
 -3.6719 -3.4229 -3.1909 -2.9731 -2.7678 -2.2765 -1.8185 -1.4220 -1.0971 -0.8263
 -0.6094 -0.4508 -0.3446 -0.2779 -0.2381 -0.2156 -0.2048 -0.2017 -0.2034 -0.2076
 -0.2124
 -8.5207 -7.8781 -7.2685 -6.7007 -6.1701 -5.6762 -5.2209 -4.8050 -4.4300 -4.0933
 -3.7904 -3.5155 -3.2629 -3.0282 -2.8082 -2.3053 -1.8617 -1.4663 -1.1323 -0.8563
 -0.6308 -0.4574 -0.3335 -0.2517 -0.2017 -0.1739 -0.1611 -0.1582 -0.1618 -0.1697
 -0.1796
 -9.0000 -8.3384 -7.7123 -7.1195 -6.5601 -6.0346 -5.5437 -5.0895 -4.6734 -4.2964
 -3.9570 -3.6512 -3.3737 -3.1190 -2.8833 -2.3353 -1.9037 -1.5210 -1.1747
 [Fe/H] = -1.50 [alpha/Fe] = 0.40 BC value =  U   
 -6.9946 -6.9853 -6.9864 -6.9907 -6.9918 -6.9780 -6.9400 -6.8707 -6.7609 -6.5965
 -6.3720 -6.0965 -5.7871 -5.4650 -5.1428 -4.3579
 -6.3228 -6.3310 -6.3430 -6.3515 -6.3509 -6.3331 -6.2908 -6.2174 -6.1047 -5.9426
 -5.7237 -5.4493 -5.1367 -4.8148 -4.5007 -3.7659 -3.0726 -2.4244 -1.8835
 -5.8066 -5.7896 -5.7853 -5.7828 -5.7731 -5.7480 -5.7002 -5.6235 -5.5111 -5.3560
 -5.1508 -4.8921 -4.5916 -4.2785 -3.9753 -3.2871 -2.6728 -2.1226 -1.6599 -1.3026
 -1.0436
 -5.4460 -5.3611 -5.3133 -5.2846 -5.2585 -5.2227 -5.1682 -5.0890 -4.9801 -4.8367
 -4.6533 -4.4249 -4.1518 -3.8561 -3.5666 -2.9215 -2.3694 -1.8888 -1.4853 -1.1691
 -0.9368 -0.7665 -0.6378
 -5.3770 -5.1879 -5.0329 -4.9340 -4.8612 -4.8013 -4.7352 -4.6514 -4.5449 -4.4122
 -4.2494 -4.0521 -3.8153 -3.5450 -3.2699 -2.6577 -2.1486 -1.7149 -1.3523 -1.0652
 -0.8540 -0.7024 -0.5909 -0.5048 -0.4342
 -5.5192 -5.2338 -5.0030 -4.8184 -4.6720 -4.5571 -4.4622 -4.3601 -4.2421 -4.1063
 -3.9511 -3.7742 -3.5700 -3.3314 -3.0726 -2.4811 -1.9976 -1.5930 -1.2556 -0.9869
 -0.7880 -0.6475 -0.5474 -0.4731 -0.4145 -0.3656
 -5.7545 -5.4119 -5.1136 -4.8582 -4.6443 -4.4665 -4.3216 -4.2027 -4.0870 -3.9518
 -3.7850 -3.6012 -3.4063 -3.1943 -2.9564 -2.3766 -1.9039 -1.5147 -1.1906 -0.9308
 -0.7369 -0.6011 -0.5070 -0.4402 -0.3903 -0.3509 -0.3179 -0.2877 -0.2577 -0.2271
 -6.0776 -5.6705 -5.3159 -5.0063 -4.7370 -4.5055 -4.3074 -4.1354 -3.9820 -3.8414
 -3.7012 -3.5362 -3.3385 -3.1250 -2.9015 -2.3309 -1.8570 -1.4727 -1.1537 -0.8953
 -0.6993 -0.5623 -0.4696 -0.4063 -0.3615 -0.3287 -0.3035 -0.2825 -0.2635 -0.2448
 -0.2253
 -6.5356 -6.0399 -5.6117 -5.2397 -4.9149 -4.6304 -4.3814 -4.1630 -3.9690 -3.7917
 -3.6244 -3.4628 -3.2981 -3.1125 -2.9001 -2.3332 -1.8486 -1.4609 -1.1415 -0.8798
 -0.6897 -0.5314 -0.4349 -0.3714 -0.3290 -0.3002 -0.2804 -0.2658 -0.2544 -0.2450
 -0.2366
 -7.1499 -6.5462 -6.0248 -5.5735 -5.1800 -4.8346 -4.5305 -4.2622 -4.0239 -3.8097
 -3.6125 -3.4262 -3.2470 -3.0726 -2.8926 -2.3681 -1.8694 -1.4707 -1.1468 -0.8798
 -0.6667 -0.5092 -0.4031 -0.3352 -0.2923 -0.2654 -0.2494 -0.2401 -0.2349 -0.2318
 -0.2299
 -7.8714 -7.1829 -6.5694 -6.0325 -5.5575 -5.1384 -4.7686 -4.4428 -4.1540 -3.8967
 -3.6645 -3.4510 -3.2505 -3.0600 -2.8770 -2.4082 -1.9257 -1.5088 -1.1750 -0.9004
 -0.6767 -0.5040 -0.3822 -0.3033 -0.2548 -0.2263 -0.2111 -0.2047 -0.2038 -0.2062
 -0.2097
 -8.6346 -7.8889 -7.2086 -6.5904 -6.0374 -5.5409 -5.0986 -4.7058 -4.3582 -4.0507
 -3.7765 -3.5295 -3.3031 -3.0926 -2.8941 -2.4290 -1.9835 -1.5669 -1.2181 -0.9340
 -0.7002 -0.5135 -0.3745 -0.2796 -0.2200 -0.1854 -0.1679 -0.1616 -0.1628 -0.1689
 -0.1774
 -9.3847 -8.6029 -7.8766 -7.2032 -6.5862 -6.0231 -5.5124 -5.0517 -4.6403 -4.2754
 -3.9520 -3.6645 -3.4061 -3.1703 -2.9439 -2.4305 -2.0428 -1.6450 -1.2761
 [Fe/H] = -1.00 [alpha/Fe] = 0.40 BC value =  U   
 -6.8241 -6.8502 -6.8706 -6.8801 -6.8769 -6.8498 -6.7902 -6.6971 -6.5376 -6.3996
 -6.2057 -5.9840 -5.7362 -5.4628 -5.1747 -4.4469
 -6.1892 -6.2199 -6.2432 -6.2552 -6.2528 -6.2294 -6.1789 -6.0961 -5.9767 -5.8190
 -5.6245 -5.3940 -5.1331 -4.8524 -4.5648 -3.8688 -3.2277 -2.6189 -2.0747
 -5.6422 -5.6666 -5.6864 -5.6970 -5.6939 -5.6728 -5.6286 -5.5549 -5.4473 -5.3023
 -5.1173 -4.8926 -4.6341 -4.3564 -4.0747 -3.4109 -2.8180 -2.2906 -1.8333 -1.4578
 -1.1655
 -5.1831 -5.1903 -5.2002 -5.2055 -5.2003 -5.1799 -5.1393 -5.0735 -4.9782 -4.8495
 -4.6841 -4.4798 -4.2392 -3.9748 -3.7044 -3.0732 -2.5251 -2.0495 -1.6448 -1.3133
 -1.0539 -0.8593 -0.7113
 -4.8799 -4.8353 -4.8158 -4.8057 -4.7934 -4.7709 -4.7325 -4.6731 -4.5888 -4.4763
 -4.3323 -4.1537 -3.9389 -3.6946 -3.4376 -2.8325 -2.3157 -1.8745 -1.5029 -1.2004
 -0.9636 -0.7870 -0.6565 -0.5561 -0.4741
 -4.9042 -4.7298 -4.6136 -4.5404 -4.4956 -4.4604 -4.4186 -4.3615 -4.2848 -4.1852
 -4.0595 -3.9047 -3.7172 -3.4973 -3.2561 -2.6695 -2.1714 -1.7519 -1.4001 -1.1150
 -0.8923 -0.7266 -0.6072 -0.5190 -0.4500 -0.3925
 -5.1611 -4.8936 -4.6725 -4.4996 -4.3725 -4.2838 -4.2183 -4.1551 -4.0758 -3.9783
 -3.8612 -3.7223 -3.5578 -3.3635 -3.1413 -2.5692 -2.0790 -1.6712 -1.3304 -1.0539
 -0.8381 -0.6771 -0.5629 -0.4818 -0.4218 -0.3743 -0.3345 -0.2986 -0.2636 -0.2276
 -5.4785 -5.1513 -4.8653 -4.6209 -4.4191 -4.2567 -4.1290 -4.0327 -3.9557 -3.8685
 -3.7537 -3.6138 -3.4549 -3.2763 -3.0760 -2.5200 -2.0289 -1.6248 -1.2890 -1.0146
 -0.7997 -0.6383 -0.5240 -0.4453 -0.3901 -0.3495 -0.3179 -0.2916 -0.2681 -0.2451
 -0.2196
 -5.8761 -5.4764 -5.1288 -4.8260 -4.5641 -4.3427 -4.1584 -4.0065 -3.8811 -3.7738
 -3.6717 -3.5579 -3.4147 -3.2412 -3.0484 -2.5133 -2.0155 -1.6077 -1.2718 -0.9953
 -0.7762 -0.6099 -0.4907 -0.4100 -0.3560 -0.3192 -0.2933 -0.2739 -0.2580 -0.2449
 -0.2308
 -6.4339 -5.9150 -5.4821 -5.1096 -4.7873 -4.5086 -4.2695 -4.0662 -3.8935 -3.7441
 -3.6088 -3.4797 -3.3499 -3.2091 -3.0430 -2.5361 -2.0306 -1.6132 -1.2726 -0.9916
 -0.7651 -0.5899 -0.4622 -0.3753 -0.3192 -0.2836 -0.2612 -0.2469 -0.2375 -0.2310
 -0.2259
 -7.1889 -6.5474 -5.9930 -5.5211 -5.1174 -4.7701 -4.4703 -4.2108 -3.9863 -3.7911
 -3.6178 -3.4586 -3.3066 -3.1573 -3.0069 -2.5749 -2.0817 -1.6492 -1.2986 -1.0102
 -0.7737 -0.5863 -0.4455 -0.3472 -0.2836 -0.2449 -0.2229 -0.2112 -0.2062 -0.2052
 -0.2063
 -8.1302 -7.3638 -6.6882 -6.0965 -5.5866 -5.1491 -4.7719 -4.4455 -4.1611 -3.9129
 -3.6941 -3.4980 -3.3180 -3.1480 -2.9839 -2.5816 -2.1443 -1.7087 -1.3432 -1.0442
 -0.7970 -0.5966 -0.4410 -0.3278 -0.2522 -0.2059 -0.1805 -0.1686 -0.1655 -0.1682
 -0.1740
 -9.1344 -8.2862 -7.5096 -6.8161 -6.1998 -5.6614 -5.1929 -4.7847 -4.4290 -4.1180
 -3.8449 -3.6033 -3.3867 -3.1890 -2.9740 -2.5562 -2.2184 -1.7917 -1.4064
 [Fe/H] = -0.75 [alpha/Fe] = 0.30 BC value =  U   
 -6.9119 -6.9372 -6.9540 -6.9584 -6.9475 -6.9097 -6.8356 -6.7259 -6.5562 -6.4142
 -6.2340 -6.0353 -5.8121 -5.5628 -5.2910 -4.5777
 -6.2851 -6.3149 -6.3358 -6.3440 -6.3364 -6.3064 -6.2476 -6.1554 -6.0287 -5.8718
 -5.6887 -5.4785 -5.2406 -4.9800 -4.7052 -4.0173 -3.3645 -2.7557 -2.2037
 -5.7409 -5.7666 -5.7861 -5.7950 -5.7894 -5.7652 -5.7178 -5.6405 -5.5306 -5.3875
 -5.2114 -5.0031 -4.7646 -4.5040 -4.2329 -3.5728 -2.9673 -2.4245 -1.9512 -1.5560
 -1.2467
 -5.2793 -5.2923 -5.3049 -5.3114 -5.3065 -5.2862 -5.2462 -5.1812 -5.0871 -4.9613
 -4.8021 -4.6091 -4.3841 -4.1348 -3.8741 -3.2442 -2.6796 -2.1835 -1.7588 -1.4078
 -1.1294 -0.9195 -0.7580
 -4.9502 -4.9264 -4.9183 -4.9142 -4.9055 -4.8859 -4.8506 -4.7947 -4.7142 -4.6056
 -4.4664 -4.2949 -4.0905 -3.8585 -3.6108 -3.0067 -2.4726 -2.0089 -1.6149 -1.2920
 -1.0364 -0.8433 -0.6991 -0.5888 -0.4997
 -4.8956 -4.7614 -4.6772 -4.6291 -4.5998 -4.5735 -4.5380 -4.4871 -4.4164 -4.3221
 -4.2014 -4.0515 -3.8703 -3.6589 -3.4260 -2.8419 -2.3273 -1.8853 -1.5106 -1.2044
 -0.9628 -0.7806 -0.6480 -0.5502 -0.4739 -0.4104
 -5.1266 -4.8780 -4.6823 -4.5382 -4.4384 -4.3694 -4.3182 -4.2640 -4.1952 -4.1085
 -4.0005 -3.8685 -3.7091 -3.5199 -3.3042 -2.7364 -2.2314 -1.8028 -1.4396 -1.1419
 -0.9074 -0.7298 -0.6018 -0.5107 -0.4434 -0.3905 -0.3463 -0.3066 -0.2682 -0.2293
 -5.4457 -5.1289 -4.8556 -4.6278 -4.4445 -4.3015 -4.1947 -4.1192 -4.0548 -3.9739
 -3.8695 -3.7435 -3.5968 -3.4269 -3.2305 -2.6807 -2.1776 -1.7542 -1.3972 -1.1020
 -0.8685 -0.6908 -0.5622 -0.4727 -0.4101 -0.3640 -0.3284 -0.2986 -0.2721 -0.2465
 -0.2184
 -5.8372 -5.4482 -5.1105 -4.8179 -4.5688 -4.3615 -4.1920 -4.0557 -3.9491 -3.8610
 -3.7740 -3.6696 -3.5353 -3.3742 -3.1922 -2.6668 -2.1606 -1.7355 -1.3795 -1.0833
 -0.8457 -0.6631 -0.5294 -0.4371 -0.3750 -0.3326 -0.3024 -0.2798 -0.2617 -0.2459
 -0.2308
 -6.3659 -5.8718 -5.4504 -5.0882 -4.7764 -4.5089 -4.2824 -4.0930 -3.9354 -3.8025
 -3.6845 -3.5722 -3.4577 -3.3283 -3.1715 -2.6826 -2.1726 -1.7400 -1.3807 -1.0805
 -0.8356 -0.6445 -0.5025 -0.4033 -0.3381 -0.2964 -0.2697 -0.2522 -0.2402 -0.2315
 -0.2245
 -7.1188 -6.4860 -5.9424 -5.4817 -5.0893 -4.7537 -4.4660 -4.2197 -4.0094 -3.8294
 -3.6717 -3.5278 -3.3904 -3.2554 -3.1183 -2.7103 -2.2202 -1.7758 -1.4081 -1.1011
 -0.8465 -0.6431 -0.4883 -0.3774 -0.3040 -0.2583 -0.2315 -0.2165 -0.2088 -0.2056
 -0.2048
 -8.0755 -7.3069 -6.6306 -6.0426 -5.5422 -5.1156 -4.7513 -4.4385 -4.1686 -3.9351
 -3.7310 -3.5495 -3.3831 -3.2257 -3.0735 -2.7003 -2.2779 -1.8351 -1.4548 -1.1381
 -0.8731 -0.6564 -0.4868 -0.3612 -0.2750 -0.2208 -0.1898 -0.1741 -0.1683 -0.1687
 -0.1726
 -9.1150 -8.2549 -7.4711 -6.7715 -6.1539 -5.6193 -5.1599 -4.7640 -4.4225 -4.1263
 -3.8677 -3.6400 -3.4366 -3.2508 -3.0371 -2.6526 -2.3457 -1.9179 -1.5208
 [Fe/H] = -0.50 [alpha/Fe] = 0.20 BC value =  U   
 -7.0469 -7.0689 -7.0808 -7.0762 -7.0538 -7.0008 -6.9057 -6.7383 -6.5909 -6.4300
 -6.2778 -6.1010 -5.9027 -5.6775 -5.4295 -4.7417
 -6.4244 -6.4513 -6.4678 -6.4695 -6.4535 -6.4128 -6.3405 -6.2328 -6.0951 -5.9388
 -5.7671 -5.5780 -5.3652 -5.1275 -4.8710 -4.1986 -3.5385 -2.9183 -2.3548
 -5.8810 -5.9055 -5.9222 -5.9270 -5.9160 -5.8851 -5.8300 -5.7438 -5.6274 -5.4841
 -5.3178 -5.1279 -4.9125 -4.6732 -4.4173 -3.7669 -3.1480 -2.5853 -2.0932 -1.6763
 -1.3443
 -5.4167 -5.4315 -5.4440 -5.4487 -5.4413 -5.4177 -5.3742 -5.3052 -5.2080 -5.0826
 -4.9299 -4.7507 -4.5446 -4.3146 -4.0684 -3.4466 -2.8659 -2.3459 -1.8977 -1.5243
 -1.2232 -0.9918 -0.8163
 -5.0711 -5.0579 -5.0548 -5.0525 -5.0439 -5.0238 -4.9879 -4.9315 -4.8507 -4.7431
 -4.6079 -4.4451 -4.2547 -4.0391 -3.8054 -3.2107 -2.6610 -2.1719 -1.7521 -1.4057
 -1.1278 -0.9142 -0.7551 -0.6332 -0.5342
 -4.9528 -4.8493 -4.7889 -4.7558 -4.7335 -4.7100 -4.6766 -4.6276 -4.5587 -4.4666
 -4.3488 -4.2042 -4.0320 -3.8332 -3.6131 -3.0408 -2.5130 -2.0471 -1.6462 -1.3160
 -1.0525 -0.8497 -0.7002 -0.5899 -0.5045 -0.4337
 -5.1313 -4.9066 -4.7405 -4.6243 -4.5436 -4.4877 -4.4445 -4.3953 -4.3320 -4.2503
 -4.1468 -4.0192 -3.8654 -3.6846 -3.4795 -2.9264 -2.4113 -1.9612 -1.5734 -1.2518
 -0.9955 -0.7978 -0.6522 -0.5480 -0.4713 -0.4113 -0.3616 -0.3173 -0.2748 -0.2322
 -5.4437 -5.1367 -4.8776 -4.6682 -4.5050 -4.3829 -4.2955 -4.2337 -4.1735 -4.0967
 -4.0001 -3.8833 -3.7447 -3.5816 -3.3932 -2.8599 -2.3501 -1.9085 -1.5289 -1.2110
 -0.9557 -0.7582 -0.6120 -0.5085 -0.4359 -0.3829 -0.3420 -0.3079 -0.2780 -0.2491
 -0.2180
 -5.8284 -5.4471 -5.1176 -4.8357 -4.5995 -4.4066 -4.2516 -4.1309 -4.0419 -3.9689
 -3.8909 -3.7917 -3.6653 -3.5151 -3.3428 -2.8342 -2.3260 -1.8860 -1.5096 -1.1915
 -0.9327 -0.7307 -0.5798 -0.4727 -0.3998 -0.3500 -0.3147 -0.2878 -0.2664 -0.2481
 -0.2304
 -6.3378 -5.8555 -5.4432 -5.0896 -4.7867 -4.5301 -4.3156 -4.1388 -3.9950 -3.8772
 -3.7746 -3.6777 -3.5759 -3.4557 -3.3077 -2.8385 -2.3318 -1.8874 -1.5097 -1.1888
 -0.9231 -0.7129 -0.5538 -0.4398 -0.3630 -0.3131 -0.2809 -0.2594 -0.2442 -0.2329
 -0.2238
 -7.0714 -6.4460 -5.9140 -5.4635 -5.0808 -4.7548 -4.4777 -4.2432 -4.0459 -3.8796
 -3.7360 -3.6058 -3.4826 -3.3619 -3.2382 -2.8556 -2.3721 -1.9208 -1.5373 -1.2108
 -0.9359 -0.7134 -0.5420 -0.4164 -0.3305 -0.2757 -0.2427 -0.2234 -0.2125 -0.2066
 -0.2037
 -8.0325 -7.2603 -6.5860 -6.0046 -5.5130 -5.0967 -4.7435 -4.4426 -4.1855 -3.9655
 -3.7753 -3.6072 -3.4535 -3.3084 -3.1691 -2.8279 -2.4236 -1.9770 -1.5844 -1.2501
 -0.9656 -0.7299 -0.5437 -0.4035 -0.3046 -0.2403 -0.2022 -0.1815 -0.1721 -0.1697
 -0.1717
 -9.0977 -8.2255 -7.4332 -6.7304 -6.1129 -5.5852 -5.1347 -4.7505 -4.4218 -4.1392
 -3.8943 -3.6801 -3.4892 -3.3154 -3.1004 -2.7554 -2.4863 -2.0560 -1.6510
 [Fe/H] = -0.25 [alpha/Fe] = 0.10 BC value =  U   
 -7.2349 -7.2511 -7.2547 -7.2384 -7.2004 -7.1253 -7.0023 -6.8004 -6.6491 -6.4879
 -6.3336 -6.1769 -6.0076 -5.8075 -5.5881 -4.9250
 -6.6139 -6.6358 -6.6455 -6.6380 -6.6099 -6.5535 -6.4615 -6.3327 -6.1830 -6.0256
 -5.8653 -5.6963 -5.5083 -5.2963 -5.0593 -4.4055 -3.7382 -3.1019 -2.5257
 -6.0693 -6.0902 -6.1018 -6.0998 -6.0799 -6.0383 -5.9700 -5.8692 -5.7416 -5.5967
 -5.4394 -5.2678 -5.0766 -4.8609 -4.6238 -3.9892 -3.3563 -2.7703 -2.2585 -1.8194
 -1.4606
 -5.6011 -5.6143 -5.6236 -5.6238 -5.6105 -5.5798 -5.5278 -5.4492 -5.3438 -5.2155
 -5.0684 -4.9033 -4.7179 -4.5097 -4.2816 -3.6761 -3.0807 -2.5343 -2.0612 -1.6643
 -1.3390 -1.0843 -0.8878
 -5.2432 -5.2332 -5.2302 -5.2260 -5.2140 -5.1895 -5.1486 -5.0864 -4.9999 -4.8892
 -4.7563 -4.6028 -4.4282 -4.2316 -4.0154 -3.4394 -2.8777 -2.3624 -1.9150 -1.5433
 -1.2415 -1.0038 -0.8243 -0.6865 -0.5756
 -5.0788 -4.9953 -4.9477 -4.9202 -4.8985 -4.8732 -4.8372 -4.7853 -4.7131 -4.6185
 -4.5008 -4.3611 -4.1996 -4.0160 -3.8123 -3.2617 -2.7261 -2.2366 -1.8081 -1.4517
 -1.1642 -0.9379 -0.7674 -0.6409 -0.5435 -0.4635
 -5.1942 -4.9977 -4.8587 -4.7592 -4.6885 -4.6391 -4.5971 -4.5476 -4.4837 -4.4012
 -4.2976 -4.1721 -4.0244 -3.8544 -3.6631 -3.1344 -2.6164 -2.1467 -1.7332 -1.3857
 -1.1055 -0.8848 -0.7181 -0.5966 -0.5074 -0.4384 -0.3816 -0.3316 -0.2839 -0.2368
 -5.4860 -5.1878 -4.9441 -4.7541 -4.6117 -4.5084 -4.4326 -4.3746 -4.3131 -4.2367
 -4.1426 -4.0292 -3.8949 -3.7386 -3.5605 -3.0529 -2.5450 -2.0881 -1.6858 -1.3431
 -1.0642 -0.8442 -0.6772 -0.5558 -0.4699 -0.4076 -0.3596 -0.3204 -0.2861 -0.2531
 -0.2185
 -5.8632 -5.4846 -5.1604 -4.8880 -4.6649 -4.4860 -4.3452 -4.2397 -4.1649 -4.0995
 -4.0230 -3.9248 -3.8031 -3.6600 -3.4957 -3.0115 -2.5103 -2.0590 -1.6633 -1.3224
 -1.0404 -0.8164 -0.6449 -0.5198 -0.4328 -0.3731 -0.3310 -0.2990 -0.2734 -0.2516
 -0.2307
 -6.3585 -5.8794 -5.4707 -5.1220 -4.8264 -4.5792 -4.3757 -4.2101 -4.0785 -3.9739
 -3.8846 -3.7991 -3.7053 -3.5908 -3.4497 -3.0002 -2.5051 -2.0542 -1.6600 -1.3180
 -1.0303 -0.7986 -0.6197 -0.4877 -0.3961 -0.3355 -0.2960 -0.2693 -0.2501 -0.2354
 -0.2237
 -7.0722 -6.4484 -5.9229 -5.4774 -5.1000 -4.7809 -4.5123 -4.2879 -4.1016 -3.9468
 -3.8149 -3.6969 -3.5866 -3.4793 -3.3677 -3.0071 -2.5342 -2.0818 -1.6855 -1.3400
 -1.0440 -0.8007 -0.6099 -0.4668 -0.3658 -0.2993 -0.2580 -0.2329 -0.2179 -0.2088
 -0.2031
 -8.0287 -7.2497 -6.5741 -5.9982 -5.5119 -5.1019 -4.7565 -4.4647 -4.2181 -4.0096
 -3.8311 -3.6744 -3.5319 -3.3987 -3.2726 -2.9642 -2.5776 -2.1314 -1.7308 -1.3803
 -1.0761 -0.8200 -0.6148 -0.4575 -0.3434 -0.2665 -0.2189 -0.1916 -0.1776 -0.1718
 -0.1710
 -9.1144 -8.2244 -7.4213 -6.7126 -6.0957 -5.5712 -5.1274 -4.7524 -4.4339 -4.1626
 -3.9297 -3.7272 -3.5477 -3.3846 -3.1644 -2.8715 -2.6353 -2.2030 -1.7959
 [Fe/H] =  0.00 [alpha/Fe] = 0.00 BC value =  U   
 -7.4588 -7.4716 -7.4658 -7.4107 -7.3123 -7.1852 -7.0414 -6.8910 -6.7378 -6.5774
 -6.4316 -6.2914 -6.1328 -5.9664 -5.7592 -5.0945
 -6.8657 -6.8804 -6.8803 -6.8594 -6.8124 -6.7325 -6.6134 -6.4584 -6.2962 -6.1370
 -5.9857 -5.8348 -5.6719 -5.4829 -5.2681 -4.6349 -3.9538 -3.3005 -2.7118
 -6.3186 -6.3327 -6.3361 -6.3235 -6.2903 -6.2321 -6.1432 -6.0201 -5.8773 -5.7282
 -5.5779 -5.4228 -5.2541 -5.0627 -4.8464 -4.2329 -3.5857 -2.9737 -2.4425 -1.9846
 -1.6013
 -5.8453 -5.8527 -5.8551 -5.8470 -5.8235 -5.7804 -5.7134 -5.6176 -5.4975 -5.3625
 -5.2188 -5.0666 -4.9007 -4.7149 -4.5067 -3.9243 -3.3167 -2.7431 -2.2459 -1.8270
 -1.4782 -1.1954 -0.9756
 -5.4786 -5.4645 -5.4561 -5.4453 -5.4255 -5.3917 -5.3398 -5.2648 -5.1656 -5.0466
 -4.9130 -4.7676 -4.6084 -4.4314 -4.2343 -3.6846 -3.1154 -2.5744 -2.1004 -1.7040
 -1.3783 -1.1150 -0.9108 -0.7543 -0.6279
 -5.3029 -5.2097 -5.1625 -5.1317 -5.1046 -5.0721 -5.0278 -4.9665 -4.8842 -4.7809
 -4.6595 -4.5230 -4.3718 -4.2041 -4.0179 -3.4970 -2.9599 -2.4485 -1.9934 -1.6109
 -1.2988 -1.0477 -0.8529 -0.7059 -0.5928 -0.5012
 -5.3484 -5.1753 -5.0483 -4.9518 -4.8816 -4.8297 -4.7820 -4.7257 -4.6541 -4.5640
 -4.4550 -4.3287 -4.1862 -4.0274 -3.8513 -3.3541 -2.8410 -2.3549 -1.9168 -1.5432
 -1.2380 -0.9931 -0.8025 -0.6599 -0.5544 -0.4732 -0.4074 -0.3501 -0.2960 -0.2434
 -5.6011 -5.3083 -5.0776 -4.9047 -4.7791 -4.6851 -4.6095 -4.5460 -4.4773 -4.3948
 -4.2960 -4.1799 -4.0468 -3.8969 -3.7301 -3.2543 -2.7570 -2.2895 -1.8658 -1.4984
 -1.1949 -0.9512 -0.7609 -0.6181 -0.5151 -0.4397 -0.3828 -0.3372 -0.2973 -0.2590
 -0.2200
 -5.9683 -5.5843 -5.2606 -4.9942 -4.7807 -4.6131 -4.4848 -4.3914 -4.3226 -4.2550
 -4.1721 -4.0691 -3.9465 -3.8063 -3.6490 -3.1937 -2.7079 -2.2513 -1.8388 -1.4753
 -1.1696 -0.9223 -0.7283 -0.5820 -0.4772 -0.4042 -0.3525 -0.3140 -0.2830 -0.2570
 -0.2319
 -6.4557 -5.9684 -5.5542 -5.2040 -4.9110 -4.6699 -4.4740 -4.3171 -4.1953 -4.1009
 -4.0199 -3.9396 -3.8469 -3.7322 -3.5933 -3.1637 -2.6880 -2.2371 -1.8300 -1.4683
 -1.1583 -0.9041 -0.7034 -0.5509 -0.4410 -0.3662 -0.3165 -0.2828 -0.2584 -0.2396
 -0.2246
 -7.1600 -6.5258 -5.9928 -5.5429 -5.1639 -4.8463 -4.5821 -4.3641 -4.1853 -4.0387
 -3.9152 -3.8067 -3.7069 -3.6101 -3.5065 -3.1590 -2.7020 -2.2550 -1.8503 -1.4881
 -1.1718 -0.9071 -0.6953 -0.5324 -0.4131 -0.3314 -0.2788 -0.2460 -0.2255 -0.2118
 -0.2033
 -8.1167 -7.3185 -6.6284 -6.0476 -5.5580 -5.1472 -4.8037 -4.5164 -4.2764 -4.0755
 -3.9050 -3.7564 -3.6228 -3.5004 -3.3868 -3.1075 -2.7338 -2.2945 -1.8906 -1.5271
 -1.2045 -0.9285 -0.7030 -0.5265 -0.3945 -0.3018 -0.2418 -0.2056 -0.1854 -0.1751
 -0.1710
 -9.2121 -8.2975 -7.4725 -6.7479 -6.1248 -5.5973 -5.1543 -4.7824 -4.4697 -4.2056
 -3.9809 -3.7871 -3.6161 -3.4621 -3.2342 -3.0092 -2.7834 -2.3556 -1.9509
 [Fe/H] =  0.25 [alpha/Fe] = 0.00 BC value =  U   
 -7.6480 -7.6530 -7.6342 -7.5332 -7.3721 -7.1909 -7.0304 -6.8666 -6.7293 -6.5826
 -6.4466 -6.3260 -6.2070 -6.0536 -5.8879 -5.3145
 -7.0260 -7.0375 -7.0288 -6.9769 -6.8859 -6.7664 -6.6272 -6.4755 -6.3186 -6.1667
 -6.0288 -5.9003 -5.7700 -5.6236 -5.4452 -4.8745 -4.1964 -3.5320 -2.9160
 -6.4666 -6.4807 -6.4791 -6.4566 -6.4085 -6.3308 -6.2174 -6.0714 -5.9219 -5.7770
 -5.6402 -5.5079 -5.3718 -5.2198 -5.0425 -4.4890 -3.8454 -3.2091 -2.6544 -2.1816
 -1.7751
 -5.9698 -5.9826 -5.9851 -5.9723 -5.9398 -5.8840 -5.8011 -5.6875 -5.5564 -5.4224
 -5.2905 -5.1592 -5.0234 -4.8739 -4.7026 -4.1796 -3.5787 -2.9818 -2.4582 -2.0180
 -1.6516 -1.3482 -1.0983
 -5.5608 -5.5630 -5.5628 -5.5539 -5.5311 -5.4906 -5.4291 -5.3416 -5.2318 -5.1103
 -4.9854 -4.8577 -4.7247 -4.5805 -4.4180 -3.9289 -3.3717 -2.8124 -2.3121 -1.8917
 -1.5438 -1.2575 -1.0267 -0.8448 -0.6990
 -5.2763 -5.2444 -5.2259 -5.2101 -5.1887 -5.1562 -5.1082 -5.0403 -4.9501 -4.8428
 -4.7259 -4.6032 -4.4740 -4.3350 -4.1810 -3.7225 -3.2042 -2.6811 -2.2022 -1.7949
 -1.4595 -1.1862 -0.9665 -0.7949 -0.6612 -0.5530
 -5.2278 -5.1032 -5.0175 -4.9620 -4.9225 -4.8859 -4.8424 -4.7858 -4.7111 -4.6180
 -4.5107 -4.3943 -4.2693 -4.1350 -3.9879 -3.5551 -3.0674 -2.5773 -2.1203 -1.7229
 -1.3941 -1.1270 -0.9134 -0.7470 -0.6203 -0.5224 -0.4435 -0.3762 -0.3136 -0.2536
 -5.3876 -5.1598 -4.9916 -4.8720 -4.7773 -4.7008 -4.6399 -4.5833 -4.5168 -4.4349
 -4.3378 -4.2286 -4.1089 -3.9792 -3.8379 -3.4262 -2.9611 -2.4971 -2.0611 -1.6731
 -1.3466 -1.0808 -0.8686 -0.7034 -0.5791 -0.4868 -0.4167 -0.3608 -0.3133 -0.2683
 -0.2234
 -5.7134 -5.3765 -5.1004 -4.8835 -4.7185 -4.5957 -4.5027 -4.4278 -4.3632 -4.2905
 -4.2033 -4.1023 -3.9891 -3.8645 -3.7286 -3.3356 -2.8877 -2.4413 -2.0228 -1.6436
 -1.3174 -1.0486 -0.8335 -0.6661 -0.5405 -0.4493 -0.3840 -0.3354 -0.2970 -0.2653
 -0.2348
 -6.1415 -5.7107 -5.3447 -5.0380 -4.7870 -4.5855 -4.4252 -4.3014 -4.2085 -4.1377
 -4.0691 -3.9902 -3.8944 -3.7812 -3.6527 -3.2768 -2.8438 -2.4078 -2.0004 -1.6284
 -1.3015 -1.0276 -0.8068 -0.6342 -0.5041 -0.4107 -0.3466 -0.3023 -0.2705 -0.2461
 -0.2267
 -6.7416 -6.1877 -5.7187 -5.3212 -4.9862 -4.7076 -4.4788 -4.2923 -4.1421 -4.0238
 -3.9280 -3.8448 -3.7648 -3.6795 -3.5805 -3.2493 -2.8337 -2.4067 -2.0060 -1.6386
 -1.3100 -1.0287 -0.7984 -0.6166 -0.4780 -0.3776 -0.3094 -0.2652 -0.2366 -0.2176
 -0.2043
 -7.5995 -6.8788 -6.2674 -5.7526 -5.3185 -4.9538 -4.6492 -4.3965 -4.1881 -4.0166
 -3.8744 -3.7534 -3.6465 -3.5490 -3.4565 -3.2054 -2.8453 -2.4281 -2.0320 -1.6674
 -1.3369 -1.0478 -0.8061 -0.6122 -0.4622 -0.3513 -0.2748 -0.2258 -0.1965 -0.1802
 -0.1714
 -8.6979 -7.8179 -7.0479 -6.3812 -5.8201 -5.3460 -4.9487 -4.6165 -4.3395 -4.1083
 -3.9144 -3.7496 -3.6058 -3.4773 -3.2807 -3.1451 -2.8786 -2.4720 -2.0784
 [Fe/H] =  0.50 [alpha/Fe] = 0.00 BC value =  U   
 -7.8422 -7.7093 -7.5497 -7.3754 -7.2219 -7.0938 -6.9852 -6.8529 -6.7380 -6.6034
 -6.4746 -6.3660 -6.2692 -6.1626 -6.0038 -5.4920
 -7.2220 -7.1860 -7.1228 -7.0352 -6.9259 -6.7970 -6.6505 -6.4948 -6.3507 -6.2071
 -6.0778 -5.9641 -5.8590 -5.7470 -5.6136 -5.1235 -4.4710 -3.7893 -3.1394
 -6.6527 -6.6664 -6.6555 -6.6189 -6.5451 -6.4339 -6.2881 -6.1211 -5.9710 -5.8306
 -5.7032 -5.5875 -5.4766 -5.3595 -5.2230 -4.7530 -4.1321 -3.4734 -2.8895 -2.3912
 -1.9667
 -6.1343 -6.1505 -6.1479 -6.1264 -6.0796 -6.0046 -5.8980 -5.7603 -5.6178 -5.4837
 -5.3603 -5.2448 -5.1325 -5.0150 -4.8816 -4.4401 -3.8652 -3.2499 -2.6970 -2.2326
 -1.8413 -1.5113 -1.2345
 -5.6891 -5.7002 -5.7025 -5.6906 -5.6599 -5.6072 -5.5296 -5.4235 -5.2988 -5.1733
 -5.0538 -4.9404 -4.8288 -4.7131 -4.5850 -4.1748 -3.6493 -3.0795 -2.5519 -2.1053
 -1.7332 -1.4227 -1.1652 -0.9555 -0.7849
 -5.3414 -5.3346 -5.3298 -5.3193 -5.2970 -5.2588 -5.2014 -5.1209 -5.0171 -4.9023
 -4.7876 -4.6764 -4.5660 -4.4522 -4.3290 -3.9474 -3.4660 -2.9413 -2.4396 -2.0058
 -1.6453 -1.3475 -1.1029 -0.9049 -0.7469 -0.6185
 -5.1586 -5.0909 -5.0510 -5.0240 -4.9979 -4.9645 -4.9182 -4.8551 -4.7713 -4.6700
 -4.5616 -4.4529 -4.3438 -4.2315 -4.1119 -3.7535 -3.3083 -2.8247 -2.3513 -1.9300
 -1.5756 -1.2842 -1.0467 -0.8557 -0.7050 -0.5864 -0.4908 -0.4094 -0.3361 -0.2672
 -5.2259 -5.0537 -4.9506 -4.8572 -4.7885 -4.7363 -4.6882 -4.6325 -4.5625 -4.4751
 -4.3752 -4.2702 -4.1626 -4.0515 -3.9344 -3.5938 -3.1769 -2.7269 -2.2823 -1.8744
 -1.5240 -1.2341 -0.9985 -0.8104 -0.6630 -0.5495 -0.4620 -0.3925 -0.3346 -0.2808
 -0.2289
 -5.4881 -5.2017 -4.9813 -4.8219 -4.7054 -4.6132 -4.5320 -4.4612 -4.3948 -4.3176
 -4.2267 -4.1269 -4.0219 -3.9125 -3.7972 -3.4703 -3.0752 -2.6502 -2.2305 -1.8373
 -1.4902 -1.1984 -0.9609 -0.7714 -0.6237 -0.5114 -0.4280 -0.3652 -0.3164 -0.2769
 -0.2394
 -5.8700 -5.4877 -5.1663 -4.9046 -4.6983 -4.5388 -4.4173 -4.3237 -4.2481 -4.1806
 -4.1040 -4.0148 -3.9158 -3.8094 -3.6961 -3.3795 -3.0021 -2.5933 -2.1917 -1.8124
 -1.4690 -1.1742 -0.9319 -0.7382 -0.5871 -0.4729 -0.3900 -0.3308 -0.2879 -0.2558
 -0.2307
 -6.3842 -5.8975 -5.4833 -5.1321 -4.8393 -4.6001 -4.4070 -4.2517 -4.1290 -4.0354
 -3.9602 -3.8887 -3.8119 -3.7246 -3.6241 -3.3231 -2.9628 -2.5679 -2.1787 -1.8104
 -1.4713 -1.1728 -0.9228 -0.7207 -0.5620 -0.4412 -0.3540 -0.2938 -0.2535 -0.2261
 -0.2068
 -7.1201 -6.4817 -5.9468 -5.4945 -5.1116 -4.7899 -4.5229 -4.3032 -4.1234 -3.9773
 -3.8594 -3.7625 -3.6778 -3.5985 -3.5184 -3.2794 -2.9474 -2.5659 -2.1854 -1.8249
 -1.4898 -1.1884 -0.9299 -0.7172 -0.5479 -0.4175 -0.3221 -0.2563 -0.2141 -0.1884
 -0.1730
 -8.1466 -7.3269 -6.6251 -6.0354 -5.5376 -5.1184 -4.7663 -4.4724 -4.2284 -4.0265
 -3.8592 -3.7193 -3.5999 -3.4952 -3.3790 -3.2484 -2.9559 -2.5873 -2.2118
 [Fe/H] =  0.75 [alpha/Fe] = 0.00 BC value =  U   
 -8.0510 -7.6335 -7.2425 -6.9638 -6.8649 -6.8780 -6.9045 -6.8491 -6.7514 -6.6328
 -6.5081 -6.4043 -6.3202 -6.2447 -6.1427 -5.7437
 -7.4362 -7.2935 -7.1545 -7.0189 -6.8865 -6.7572 -6.6308 -6.5072 -6.3829 -6.2502
 -6.1267 -6.0207 -5.9308 -5.8461 -5.7481 -5.3529 -4.7390 -4.0501 -3.3819
 -6.8611 -6.8701 -6.8516 -6.7977 -6.6762 -6.5086 -6.3264 -6.1571 -6.0169 -5.8832
 -5.7626 -5.6562 -5.5616 -5.4706 -5.3702 -4.9987 -4.4214 -3.7523 -3.1394 -2.6258
 -2.1794
 -6.3257 -6.3632 -6.3338 -6.3003 -6.2341 -6.1323 -5.9913 -5.8223 -5.6744 -5.5418
 -5.4237 -5.3187 -5.2222 -5.1288 -5.0284 -4.6811 -4.1569 -3.5350 -2.9528 -2.4638
 -2.0511 -1.6959 -1.3915
 -5.8504 -5.8662 -5.8676 -5.8491 -5.8059 -5.7349 -5.6347 -5.5036 -5.3623 -5.2327
 -5.1162 -5.0125 -4.9159 -4.8217 -4.7229 -4.4006 -3.9302 -3.3641 -2.8117 -2.3387
 -1.9420 -1.6073 -1.3238 -1.0856 -0.8870
 -5.4547 -5.4619 -5.4635 -5.4528 -5.4245 -5.3754 -5.3028 -5.2039 -5.0824 -4.9586
 -4.8443 -4.7408 -4.6444 -4.5499 -4.4526 -4.1519 -3.7285 -3.2177 -2.6986 -2.2396
 -1.8539 -1.5303 -1.2598 -1.0353 -0.8505 -0.6986
 -5.1753 -5.1500 -5.1354 -5.1206 -5.0973 -5.0602 -5.0056 -4.9306 -4.8326 -4.7200
 -4.6084 -4.5050 -4.4082 -4.3134 -4.2168 -3.9328 -3.5478 -3.0861 -2.6043 -2.1609
 -1.7822 -1.4648 -1.2017 -0.9853 -0.8090 -0.6671 -0.5512 -0.4530 -0.3651 -0.2851
 -5.1360 -5.0168 -4.9332 -4.8789 -4.8386 -4.7996 -4.7523 -4.6913 -4.6125 -4.5150
 -4.4091 -4.3060 -4.2082 -4.1129 -4.0163 -3.7444 -3.3895 -2.9681 -2.5236 -2.0997
 -1.7267 -1.4120 -1.1517 -0.9390 -0.7672 -0.6302 -0.5219 -0.4352 -0.3630 -0.2978
 -0.2372
 -5.2975 -5.0807 -4.9186 -4.8021 -4.7104 -4.6282 -4.5592 -4.4969 -4.4279 -4.3442
 -4.2467 -4.1456 -4.0475 -3.9510 -3.8538 -3.5894 -3.2580 -2.8674 -2.4558 -2.0533
 -1.6877 -1.3732 -1.1119 -0.8989 -0.7279 -0.5927 -0.4877 -0.4067 -0.3438 -0.2932
 -0.2467
 -5.6358 -5.2970 -5.0229 -4.8095 -4.6518 -4.5365 -4.4455 -4.3621 -4.2824 -4.2055
 -4.1176 -4.0211 -3.9231 -3.8260 -3.7282 -3.4673 -3.1533 -2.7847 -2.3974 -2.0160
 -1.6594 -1.3448 -1.0804 -0.8642 -0.6910 -0.5546 -0.4501 -0.3718 -0.3137 -0.2704
 -0.2371
 -6.0899 -5.6557 -5.2861 -4.9772 -4.7260 -4.5266 -4.3698 -4.2475 -4.1518 -4.0729
 -4.0000 -3.9193 -3.8298 -3.7361 -3.6393 -3.3817 -3.0821 -2.7320 -2.3628 -1.9989
 -1.6529 -1.3391 -1.0695 -0.8463 -0.6665 -0.5246 -0.4161 -0.3361 -0.2793 -0.2387
 -0.2118
 -6.7138 -6.1551 -5.6823 -5.2806 -4.9411 -4.6589 -4.4281 -4.2402 -4.0877 -3.9653
 -3.8686 -3.7885 -3.7140 -3.6382 -3.5575 -3.3224 -3.0364 -2.7023 -2.3467 -1.9959
 -1.6601 -1.3488 -1.0741 -0.8424 -0.6532 -0.5027 -0.3870 -0.3014 -0.2418 -0.2025
 -0.1781
 -7.6153 -6.8807 -6.2617 -5.7411 -5.3004 -4.9284 -4.6164 -4.3573 -4.1434 -3.9674
 -3.8225 -3.7040 -3.6050 -3.5193 -3.4828 -3.2894 -3.0162 -2.6956 -2.3491
 [Fe/H] =  1.00 [alpha/Fe] = 0.00 BC value =  U   
 -8.2645 -7.4279 -6.7529 -6.4811 -6.4752 -6.7016 -6.9667 -6.8855 -6.7684 -6.6600
 -6.5419 -6.4373 -6.3571 -6.2933 -6.2307 -5.9214
 -7.6536 -7.4451 -7.2549 -7.0812 -6.9226 -6.7778 -6.6457 -6.5253 -6.4114 -6.2899
 -6.1699 -6.0665 -5.9835 -5.9138 -5.8431 -5.5485 -4.9900 -4.3092 -3.6436
 -7.0749 -7.1818 -7.1801 -7.0810 -6.8944 -6.6290 -6.3413 -6.1843 -6.0560 -5.9301
 -5.8132 -5.7113 -5.6249 -5.5500 -5.4754 -5.2010 -4.6876 -4.0296 -3.3861 -2.8539
 -2.3992
 -6.5284 -6.6378 -6.5284 -6.4805 -6.3906 -6.2551 -6.0534 -5.8625 -5.7216 -5.5926
 -5.4783 -5.3786 -5.2908 -5.2124 -5.1360 -4.8789 -4.4266 -3.8142 -3.2074 -2.6967
 -2.2669 -1.8920 -1.5635
 -6.0297 -6.0479 -6.0466 -6.0192 -5.9597 -5.8645 -5.7347 -5.5698 -5.4167 -5.2850
 -5.1706 -5.0721 -4.9844 -4.9040 -4.8263 -4.5861 -4.1900 -3.6446 -3.0729 -2.5777
 -2.1602 -1.8035 -1.4964 -1.2312 -1.0035
 -5.5967 -5.6123 -5.6165 -5.6022 -5.5641 -5.4991 -5.4052 -5.2828 -5.1412 -5.0095
 -4.8943 -4.7951 -4.7076 -4.6261 -4.5473 -4.3198 -3.9705 -3.4909 -2.9622 -2.4806
 -2.0729 -1.7270 -1.4321 -1.1816 -0.9704 -0.7925
 -5.2547 -5.2524 -5.2502 -5.2395 -5.2136 -5.1682 -5.0997 -5.0075 -4.8914 -4.7663
 -4.6510 -4.5501 -4.4612 -4.3789 -4.2991 -4.0800 -3.7674 -3.3444 -2.8638 -2.4023
 -2.0019 -1.6615 -1.3737 -1.1319 -0.9302 -0.7633 -0.6254 -0.5068 -0.4017 -0.3079
 -5.0814 -5.0174 -4.9746 -4.9473 -4.9190 -4.8811 -4.8280 -4.7565 -4.6644 -4.5535
 -4.4406 -4.3380 -4.2466 -4.1631 -4.0820 -3.8679 -3.5832 -3.2058 -2.7723 -2.3371
 -1.9452 -1.6079 -1.3234 -1.0856 -0.8891 -0.7281 -0.5971 -0.4906 -0.4003 -0.3203
 -0.2490
 -5.1629 -5.0126 -4.8910 -4.7949 -4.7200 -4.6606 -4.6047 -4.5423 -4.4660 -4.3721
 -4.2656 -4.1616 -4.0674 -3.9814 -3.8987 -3.6867 -3.4225 -3.0809 -2.6875 -2.2823
 -1.9021 -1.5678 -1.2830 -1.0457 -0.8507 -0.6918 -0.5640 -0.4623 -0.3817 -0.3158
 -0.2574
 -5.4351 -5.1422 -4.9215 -4.7629 -4.6523 -4.5607 -4.4710 -4.3841 -4.3045 -4.2214
 -4.1249 -4.0223 -3.9250 -3.8356 -3.7507 -3.5374 -3.2870 -2.9706 -2.6085 -2.2312
 -1.8663 -1.5356 -1.2500 -1.0106 -0.8141 -0.6548 -0.5278 -0.4279 -0.3509 -0.2927
 -0.2475
 -5.8460 -5.4537 -5.1245 -4.8576 -4.6492 -4.4908 -4.3720 -4.2792 -4.1945 -4.1075
 -4.0191 -3.9211 -3.8222 -3.7292 -3.6412 -3.4249 -3.1839 -2.8887 -2.5503 -2.1973
 -1.8495 -1.5244 -1.2370 -0.9927 -0.7908 -0.6267 -0.4962 -0.3947 -0.3178 -0.2609
 -0.2218
 -6.3895 -5.8901 -5.4657 -5.1059 -4.8060 -4.5616 -4.3657 -4.2091 -4.0846 -3.9854
 -3.9021 -3.8235 -3.7382 -3.6490 -3.5607 -3.3436 -3.1082 -2.8290 -2.5091 -2.1745
 -1.8427 -1.5259 -1.2379 -0.9879 -0.7784 -0.6069 -0.4700 -0.3632 -0.2831 -0.2261
 -0.1873
 -7.1648 -6.5106 -5.9618 -5.4979 -5.1051 -4.7742 -4.4992 -4.2729 -4.0874 -3.9352
 -3.8109 -3.7103 -3.6254 -3.5474 -3.5092 -3.2935 -3.0599 -2.7915 -2.4849
