 [Fe/H] = -2.50 [alpha/Fe] = 0.00 BC value =  B   
 -6.0576 -5.5280 -5.2311 -5.1220 -5.1442 -5.1851 -4.9895 -4.8133 -4.6290 -4.4245
 -4.1939 -3.9489 -3.7074 -3.4550 -3.2076 -2.5899 -2.0018 -1.5572 -1.1536
 -5.7893 -5.4120 -5.1269 -4.9248 -4.7818 -4.6461 -4.4951 -4.3313 -4.1583 -3.9755
 -3.7687 -3.5341 -3.2854 -3.0418 -2.8093 -2.2634 -1.7857 -1.3974 -1.1053 -0.8811
 -5.5406 -5.1701 -4.8545 -4.5889 -4.3725 -4.2066 -4.0801 -3.9489 -3.7885 -3.6043
 -3.4136 -3.2100 -2.9876 -2.7663 -2.5575 -2.0850 -1.6674 -1.3224 -1.0609 -0.8603
 -0.6983
 -5.3428 -4.9931 -4.6809 -4.4017 -4.1539 -3.9376 -3.7527 -3.5984 -3.4606 -3.3069
 -3.1278 -2.9428 -2.7486 -2.5493 -2.3601 -1.9412 -1.5779 -1.2712 -1.0346 -0.8529
 -0.7057 -0.5802
 -5.1478 -4.8314 -4.5393 -4.2674 -4.0151 -3.7831 -3.5728 -3.3844 -3.2160 -3.0628
 -2.9098 -2.7446 -2.5711 -2.3906 -2.2163 -1.8362 -1.5140 -1.2387 -1.0217 -0.8548
 -0.7198 -0.6042 -0.5015 -0.4085
 -4.9442 -4.6664 -4.4042 -4.1523 -3.9100 -3.6797 -3.4632 -3.2623 -3.0781 -2.9089
 -2.7511 -2.5989 -2.4460 -2.2861 -2.1254 -1.7665 -1.4725 -1.2209 -1.0179 -0.8618
 -0.7370 -0.6305 -0.5356 -0.4488 -0.3646 -0.2847 -0.2125 -0.1505 -0.1005 -0.0637
 -4.7415 -4.4960 -4.2658 -4.0407 -3.8182 -3.5998 -3.3884 -3.1866 -2.9970 -2.8210
 -2.6573 -2.5037 -2.3569 -2.2121 -2.0678 -1.7294 -1.4493 -1.2142 -1.0203 -0.8708
 -0.7538 -0.6557 -0.5688 -0.4891 -0.4147 -0.3448 -0.2795 -0.2192 -0.1639 -0.1169
 -0.0896
 -4.5429 -4.3279 -4.1249 -3.9259 -3.7278 -3.5286 -3.3294 -3.1346 -2.9473 -2.7693
 -2.6029 -2.4477 -2.3015 -2.1615 -2.0266 -1.7120 -1.4405 -1.2154 -1.0275 -0.8804
 -0.7678 -0.6767 -0.5977 -0.5258 -0.4585 -0.3947 -0.3332 -0.2758 -0.2243 -0.1803
 -0.1448
 -4.3539 -4.1653 -3.9828 -3.8060 -3.6307 -3.4526 -3.2715 -3.0894 -2.9096 -2.7352
 -2.5688 -2.4123 -2.2657 -2.1273 -1.9957 -1.6974 -1.4371 -1.2184 -1.0359 -0.8894
 -0.7777 -0.6911 -0.6193 -0.5555 -0.4962 -0.4397 -0.3859 -0.3358 -0.2893 -0.2462
 -0.2061
 -4.1745 -4.0082 -3.8481 -3.6879 -3.5304 -3.3726 -3.2113 -3.0462 -2.8792 -2.7131
 -2.5508 -2.3951 -2.2479 -2.1097 -1.9794 -1.6886 -1.4385 -1.2248 -1.0466 -0.9011
 -0.7882 -0.7024 -0.6349 -0.5782 -0.5271 -0.4789 -0.4328 -0.3884 -0.3488 -0.3083
 -0.2695
 -4.0046 -3.8566 -3.7208 -3.5688 -3.4250 -3.2823 -3.1389 -2.9921 -2.8415 -2.6885
 -2.5351 -2.3842 -2.2386 -2.1004 -1.9702 -1.6818 -1.4385 -1.2302 -1.0553 -0.9116
 -0.7980 -0.7112 -0.6450 -0.5927 -0.5487 -0.5088 -0.4712 -0.4348 -0.3994 -0.3656
 -0.3340
 -3.8443 -3.7105 -3.6009 -3.4475 -3.3129 -3.1814 -3.0516 -2.9210 -2.7874 -2.6506
 -2.5108 -2.3698 -2.2301 -2.0946 -1.9681 -1.6770 -1.4371 -1.2346 -1.0620
 [Fe/H] = -2.00 [alpha/Fe] = 0.00 BC value =  B   
 -6.0510 -5.6162 -5.3121 -5.1137 -4.9913 -4.8961 -4.7330 -4.5761 -4.3995 -4.1963
 -3.9648 -3.7159 -3.4672 -3.2267 -2.9996 -2.4669 -1.9716 -1.5579 -1.1885
 -5.6382 -5.2924 -5.0414 -4.8238 -4.6269 -4.4523 -4.2940 -4.1405 -3.9789 -3.7994
 -3.5957 -3.3681 -3.1305 -2.9025 -2.6903 -2.2155 -1.7916 -1.4212 -1.1250 -0.8915
 -5.3827 -4.9852 -4.6721 -4.4338 -4.2649 -4.1255 -3.9732 -3.8083 -3.6407 -3.4716
 -3.2914 -3.0924 -2.8756 -2.6616 -2.4638 -2.0349 -1.6666 -1.3434 -1.0789 -0.8720
 -0.7056
 -5.2541 -4.8533 -4.5206 -4.2449 -4.0181 -3.8333 -3.6890 -3.5633 -3.4127 -3.2363
 -3.0576 -2.8777 -2.6856 -2.4867 -2.3010 -1.9030 -1.5746 -1.2897 -1.0514 -0.8627
 -0.7106 -0.5821
 -5.1673 -4.7801 -4.4491 -4.1635 -3.9157 -3.7007 -3.5136 -3.3500 -3.2090 -3.0705
 -2.9054 -2.7280 -2.5491 -2.3665 -2.1894 -1.8134 -1.5117 -1.2549 -1.0377 -0.8634
 -0.7228 -0.6041 -0.4995 -0.4052
 -5.0878 -4.7247 -4.4063 -4.1237 -3.8704 -3.6422 -3.4364 -3.2505 -3.0807 -2.9252
 -2.7800 -2.6285 -2.4648 -2.2918 -2.1214 -1.7576 -1.4723 -1.2345 -1.0332 -0.8697
 -0.7386 -0.6285 -0.5318 -0.4440 -0.3631 -0.2883 -0.2194 -0.1545 -0.0952 -0.0562
 -5.0019 -4.6680 -4.3704 -4.0993 -3.8494 -3.6180 -3.4040 -3.2066 -3.0240 -2.8539
 -2.6945 -2.5442 -2.3989 -2.2472 -2.0895 -1.7287 -1.4508 -1.2248 -1.0343 -0.8785
 -0.7546 -0.6524 -0.5634 -0.4827 -0.4079 -0.3381 -0.2733 -0.2133 -0.1580 -0.1108
 -0.0838
 -4.9089 -4.6038 -4.3300 -4.0764 -3.8367 -3.6093 -3.3943 -3.1916 -3.0020 -2.8244
 -2.6571 -2.4995 -2.3513 -2.2082 -2.0662 -1.7248 -1.4437 -1.2230 -1.0395 -0.8881
 -0.7685 -0.6728 -0.5914 -0.5184 -0.4506 -0.3867 -0.3270 -0.2711 -0.2191 -0.1740
 -0.1385
 -4.8098 -4.5292 -4.2771 -4.0431 -3.8190 -3.6016 -3.3911 -3.1888 -2.9965 -2.8146
 -2.6429 -2.4810 -2.3281 -2.1830 -2.0443 -1.7235 -1.4466 -1.2251 -1.0453 -0.8964
 -0.7787 -0.6871 -0.6124 -0.5472 -0.4873 -0.4307 -0.3772 -0.3266 -0.2793 -0.2362
 -0.1998
 -4.7175 -4.4564 -4.2208 -4.0029 -3.7951 -3.5920 -3.3915 -3.1949 -3.0042 -2.8214
 -2.6474 -2.4826 -2.3265 -2.1788 -2.0388 -1.7248 -1.4563 -1.2340 -1.0549 -0.9075
 -0.7894 -0.6987 -0.6281 -0.5697 -0.5177 -0.4693 -0.4234 -0.3795 -0.3377 -0.2987
 -0.2628
 -4.6266 -4.3822 -4.1578 -3.9521 -3.7575 -3.5691 -3.3824 -3.1965 -3.0127 -2.8330
 -2.6595 -2.4935 -2.3355 -2.1856 -2.0438 -1.7281 -1.4644 -1.2441 -1.0641 -0.9176
 -0.7994 -0.7078 -0.6383 -0.5843 -0.5392 -0.4990 -0.4614 -0.4254 -0.3906 -0.3575
 -0.3266
 -4.5362 -4.3045 -4.0905 -3.8924 -3.7070 -3.5298 -3.3567 -3.1843 -3.0120 -2.8407
 -2.6719 -2.5078 -2.3502 -2.1978 -2.0593 -1.7334 -1.4709 -1.2554 -1.0729
 [Fe/H] = -1.50 [alpha/Fe] = 0.00 BC value =  B   
 -6.1862 -5.8446 -5.5604 -5.3200 -5.1093 -4.9110 -4.7095 -4.4953 -4.2718 -4.0376
 -3.7903 -3.5355 -3.2854 -3.0550 -2.8435 -2.3735 -1.9500 -1.5699 -1.2302
 -5.7989 -5.4284 -5.1156 -4.8569 -4.6402 -4.4492 -4.2674 -4.0818 -3.8900 -3.6884
 -3.4717 -3.2402 -3.0055 -2.7853 -2.5847 -2.1526 -1.7814 -1.4476 -1.1569 -0.9199
 -5.4191 -5.0473 -4.7648 -4.5219 -4.3010 -4.1059 -3.9293 -3.7591 -3.5880 -3.4115
 -3.2237 -3.0194 -2.8026 -2.5918 -2.3989 -1.9923 -1.6577 -1.3648 -1.1077 -0.8937
 -0.7201
 -5.2662 -4.8374 -4.4941 -4.2257 -4.0228 -3.8662 -3.7083 -3.5397 -3.3708 -3.2032
 -3.0331 -2.8542 -2.6599 -2.4603 -2.2734 -1.8828 -1.5722 -1.3079 -1.0770 -0.8816
 -0.7217 -0.5879
 -5.2319 -4.7840 -4.4147 -4.1132 -3.8666 -3.6684 -3.5114 -3.3769 -3.2416 -3.0791
 -2.9064 -2.7347 -2.5597 -2.3752 -2.1942 -1.8126 -1.5166 -1.2713 -1.0600 -0.8796
 -0.7308 -0.6065 -0.4988 -0.4026
 -5.2502 -4.7946 -4.4144 -4.0973 -3.8312 -3.6065 -3.4145 -3.2476 -3.1017 -2.9724
 -2.8325 -2.6686 -2.4957 -2.3220 -2.1487 -1.7716 -1.4829 -1.2497 -1.0522 -0.8837
 -0.7442 -0.6282 -0.5281 -0.4387 -0.3569 -0.2825 -0.2135 -0.1476 -0.0880 -0.0509
 -5.2889 -4.8344 -4.4498 -4.1247 -3.8468 -3.6056 -3.3944 -3.2074 -3.0389 -2.8842
 -2.7420 -2.6066 -2.4600 -2.2968 -2.1280 -1.7523 -1.4649 -1.2384 -1.0500 -0.8906
 -0.7586 -0.6500 -0.5573 -0.4749 -0.3993 -0.3293 -0.2648 -0.2053 -0.1499 -0.1022
 -0.0751
 -5.3227 -4.8804 -4.5001 -4.1729 -3.8882 -3.6369 -3.4126 -3.2103 -3.0264 -2.8572
 -2.6988 -2.5500 -2.4109 -2.2717 -2.1223 -1.7511 -1.4589 -1.2345 -1.0515 -0.8984
 -0.7719 -0.6693 -0.5836 -0.5085 -0.4399 -0.3760 -0.3167 -0.2613 -0.2099 -0.1651
 -0.1292
 -5.3294 -4.9101 -4.5439 -4.2228 -3.9379 -3.6816 -3.4487 -3.2357 -3.0399 -2.8591
 -2.6903 -2.5314 -2.3818 -2.2405 -2.1030 -1.7610 -1.4616 -1.2343 -1.0538 -0.9045
 -0.7818 -0.6834 -0.6038 -0.5361 -0.4751 -0.4183 -0.3651 -0.3152 -0.2687 -0.2271
 -0.1905
 -5.3182 -4.9276 -4.5801 -4.2707 -3.9921 -3.7365 -3.4999 -3.2800 -3.0757 -2.8857
 -2.7083 -2.5417 -2.3845 -2.2359 -2.0950 -1.7705 -1.4795 -1.2433 -1.0612 -0.9134
 -0.7922 -0.6954 -0.6196 -0.5580 -0.5046 -0.4556 -0.4099 -0.3666 -0.3257 -0.2878
 -0.2531
 -5.2874 -4.9236 -4.5965 -4.3025 -4.0346 -3.7860 -3.5520 -3.3306 -3.1216 -2.9252
 -2.7409 -2.5679 -2.4048 -2.2502 -2.1042 -1.7769 -1.4962 -1.2589 -1.0711 -0.9225
 -0.8018 -0.7051 -0.6304 -0.5727 -0.5257 -0.4846 -0.4470 -0.4114 -0.3774 -0.3453
 -0.3156
 -5.2431 -4.9027 -4.5945 -4.3150 -4.0591 -3.8202 -3.5939 -3.3770 -3.1690 -2.9702
 -2.7817 -2.6038 -2.4334 -2.2739 -2.1306 -1.7802 -1.5117 -1.2811 -1.0835
 [Fe/H] = -1.00 [alpha/Fe] = 0.00 BC value =  B   
 -6.4631 -6.2131 -5.9759 -5.7410 -5.4983 -5.2299 -4.9190 -4.5709 -4.2459 -3.9484
 -3.6704 -3.4078 -3.1620 -2.9398 -2.7394 -2.3097 -1.9371 -1.5931 -1.2787
 -6.0249 -5.7368 -5.4732 -5.2262 -4.9867 -4.7422 -4.4737 -4.1898 -3.9190 -3.6631
 -3.4151 -3.1717 -2.9382 -2.7227 -2.5279 -2.1176 -1.7768 -1.4747 -1.2012 -0.9614
 -5.7222 -5.3946 -5.1000 -4.8350 -4.5931 -4.3648 -4.1339 -3.8957 -3.6649 -3.4432
 -3.2249 -3.0045 -2.7842 -2.5750 -2.3840 -1.9853 -1.6653 -1.3908 -1.1466 -0.9303
 -0.7470
 -5.4580 -5.1026 -4.8124 -4.5514 -4.3070 -4.0830 -3.8733 -3.6666 -3.4652 -3.2704
 -3.0782 -2.8825 -2.6802 -2.4793 -2.2913 -1.8984 -1.5906 -1.3340 -1.1104 -0.9129
 -0.7435 -0.6012
 -5.3725 -4.9378 -4.5773 -4.2837 -4.0507 -3.8648 -3.6889 -3.5056 -3.3209 -3.1410
 -2.9653 -2.7897 -2.6077 -2.4193 -2.2354 -1.8442 -1.5426 -1.2974 -1.0881 -0.9052
 -0.7475 -0.6146 -0.5013 -0.4018
 -5.4038 -4.9208 -4.5137 -4.1775 -3.9044 -3.6825 -3.5007 -3.3498 -3.2146 -3.0633
 -2.8954 -2.7250 -2.5555 -2.3819 -2.2052 -1.8140 -1.5136 -1.2752 -1.0755 -0.9039
 -0.7562 -0.6316 -0.5258 -0.4332 -0.3499 -0.2741 -0.2046 -0.1388 -0.0794 -0.0415
 -5.5103 -4.9879 -4.5470 -4.1807 -3.8785 -3.6286 -3.4202 -3.2434 -3.0908 -2.9581
 -2.8327 -2.6900 -2.5277 -2.3600 -2.1920 -1.8018 -1.4985 -1.2629 -1.0697 -0.9062
 -0.7669 -0.6496 -0.5509 -0.4651 -0.3881 -0.3178 -0.2537 -0.1945 -0.1392 -0.0910
 -0.0631
 -5.6651 -5.1103 -4.6390 -4.2460 -3.9197 -3.6473 -3.4172 -3.2202 -3.0478 -2.8938
 -2.7533 -2.6237 -2.4947 -2.3498 -2.1910 -1.8043 -1.4946 -1.2580 -1.0684 -0.9106
 -0.7777 -0.6667 -0.5743 -0.4954 -0.4252 -0.3610 -0.3021 -0.2477 -0.1981 -0.1529
 -0.1160
 -5.8207 -5.2529 -4.7614 -4.3468 -3.9995 -3.7072 -3.4573 -3.2408 -3.0503 -2.8800
 -2.7243 -2.5794 -2.4434 -2.3133 -2.1793 -1.8162 -1.4981 -1.2570 -1.0684 -0.9140
 -0.7858 -0.6797 -0.5929 -0.5206 -0.4576 -0.4004 -0.3477 -0.2988 -0.2538 -0.2134
 -0.1773
 -5.9479 -5.3949 -4.9000 -4.4750 -4.1118 -3.8016 -3.5339 -3.2995 -3.0915 -2.9046
 -2.7345 -2.5773 -2.4301 -2.2911 -2.1585 -1.8327 -1.5176 -1.2661 -1.0746 -0.9212
 -0.7952 -0.6919 -0.6088 -0.5418 -0.4855 -0.4357 -0.3902 -0.3477 -0.3083 -0.2720
 -0.2394
 -6.0184 -5.4982 -5.0217 -4.6017 -4.2338 -3.9132 -3.6317 -3.3819 -3.1582 -2.9560
 -2.7716 -2.6020 -2.4443 -2.2963 -2.1565 -1.8375 -1.5429 -1.2844 -1.0851 -0.9298
 -0.8041 -0.7020 -0.6206 -0.5570 -0.5063 -0.4635 -0.4256 -0.3906 -0.3578 -0.3273
 -0.2993
 -6.0357 -5.5538 -5.1092 -4.7067 -4.3467 -4.0256 -3.7378 -3.4778 -3.2418 -3.0265
 -2.8293 -2.6478 -2.4796 -2.3227 -2.1733 -1.8306 -1.5740 -1.3119 -1.0999
 [Fe/H] = -0.75 [alpha/Fe] = 0.00 BC value =  B   
 -6.6547 -6.4499 -6.2464 -6.0320 -5.7943 -5.5033 -5.1295 -4.6829 -4.2752 -3.9293
 -3.6303 -3.3637 -3.1222 -2.9034 -2.7068 -2.2889 -1.9339 -1.6089 -1.3055
 -6.1853 -5.9507 -5.7253 -5.5005 -5.2650 -5.0007 -4.6786 -4.3176 -3.9785 -3.6780
 -3.4071 -3.1570 -2.9245 -2.7116 -2.5188 -2.1146 -1.7828 -1.4898 -1.2264 -0.9888
 -5.8463 -5.5741 -5.3212 -5.0807 -4.8456 -4.6040 -4.3337 -4.0373 -3.7510 -3.4879
 -3.2444 -3.0130 -2.7914 -2.5835 -2.3933 -1.9959 -1.6787 -1.4086 -1.1692 -0.9545
 -0.7674
 -5.6115 -5.3106 -5.0295 -4.7681 -4.5241 -4.2921 -4.0587 -3.8111 -3.5669 -3.3368
 -3.1196 -2.9095 -2.7023 -2.5013 -2.3135 -1.9184 -1.6091 -1.3528 -1.1305 -0.9335
 -0.7607 -0.6133
 -5.4888 -5.1084 -4.7602 -4.5027 -4.2774 -4.0593 -3.8451 -3.6306 -3.4177 -3.2138
 -3.0194 -2.8302 -2.6405 -2.4501 -2.2659 -1.8705 -1.5642 -1.3165 -1.1059 -0.9222
 -0.7614 -0.6236 -0.5061 -0.4037
 -5.4767 -5.0103 -4.6218 -4.3001 -4.0361 -3.8205 -3.6438 -3.4808 -3.3071 -3.1244
 -2.9437 -2.7682 -2.5946 -2.4180 -2.2404 -1.8441 -1.5368 -1.2939 -1.0914 -0.9176
 -0.7670 -0.6376 -0.5276 -0.4321 -0.3472 -0.2706 -0.2001 -0.1337 -0.0743 -0.0362
 -5.5685 -5.0570 -4.6191 -4.2518 -3.9480 -3.6975 -3.4894 -3.3141 -3.1655 -3.0323
 -2.8909 -2.7312 -2.5640 -2.3974 -2.2295 -1.8345 -1.5228 -1.2811 -1.0841 -0.9175
 -0.7751 -0.6532 -0.5500 -0.4613 -0.3827 -0.3117 -0.2472 -0.1880 -0.1324 -0.0844
 -0.0558
 -5.7483 -5.1842 -4.7009 -4.2953 -3.9583 -3.6793 -3.4469 -3.2506 -3.0814 -2.9326
 -2.7997 -2.6750 -2.5408 -2.3883 -2.2274 -1.8385 -1.5199 -1.2761 -1.0818 -0.9201
 -0.7839 -0.6684 -0.5715 -0.4893 -0.4173 -0.3525 -0.2934 -0.2395 -0.1902 -0.1451
 -0.1078
 -5.9688 -5.3631 -4.8394 -4.3969 -4.0287 -3.7228 -3.4667 -3.2492 -3.0619 -2.8970
 -2.7482 -2.6112 -2.4829 -2.3568 -2.2210 -1.8507 -1.5249 -1.2755 -1.0812 -0.9227
 -0.7907 -0.6804 -0.5889 -0.5129 -0.4478 -0.3898 -0.3371 -0.2886 -0.2441 -0.2040
 -0.1687
 -6.1843 -5.5714 -5.0206 -4.5494 -4.1517 -3.8188 -3.5385 -3.2992 -3.0917 -2.9089
 -2.7451 -2.5951 -2.4551 -2.3228 -2.1958 -1.8693 -1.5446 -1.2855 -1.0875 -0.9294
 -0.7995 -0.6922 -0.6046 -0.5335 -0.4746 -0.4236 -0.3779 -0.3358 -0.2969 -0.2616
 -0.2298
 -6.3383 -5.7457 -5.2030 -4.7194 -4.3035 -3.9484 -3.6457 -3.3848 -3.1572 -2.9557
 -2.7751 -2.6110 -2.4596 -2.3179 -2.1838 -1.8735 -1.5724 -1.3045 -1.0987 -0.9381
 -0.8083 -0.7024 -0.6168 -0.5490 -0.4951 -0.4506 -0.4121 -0.3772 -0.3449 -0.3152
 -0.2883
 -6.4205 -5.8666 -5.3485 -4.8766 -4.4592 -4.0936 -3.7751 -3.4961 -3.2499 -3.0305
 -2.8332 -2.6541 -2.4899 -2.3379 -2.1850 -1.8633 -1.6083 -1.3325 -1.1148
 [Fe/H] = -0.50 [alpha/Fe] = 0.00 BC value =  B   
 -6.8620 -6.6956 -6.5253 -6.3381 -6.1220 -5.8259 -5.3982 -4.8466 -4.3380 -3.9325
 -3.6107 -3.3380 -3.0983 -2.8835 -2.6901 -2.2800 -1.9375 -1.6264 -1.3358
 -6.3677 -6.1785 -5.9917 -5.7972 -5.5798 -5.3115 -4.9467 -4.4999 -4.0733 -3.7142
 -3.4154 -3.1570 -2.9251 -2.7149 -2.5242 -2.1235 -1.7969 -1.5118 -1.2538 -1.0195
 -5.9871 -5.7691 -5.5601 -5.3533 -5.1381 -4.8964 -4.5945 -4.2319 -3.8726 -3.5534
 -3.2775 -3.0330 -2.8095 -2.6034 -2.4145 -2.0174 -1.7007 -1.4321 -1.1949 -0.9820
 -0.7925
 -5.7351 -5.4746 -5.2338 -5.0058 -4.7831 -4.5559 -4.3035 -4.0080 -3.7055 -3.4248
 -3.1733 -2.9451 -2.7321 -2.5317 -2.3447 -1.9479 -1.6357 -1.3777 -1.1545 -0.9573
 -0.7822 -0.6300
 -5.5554 -5.2510 -4.9917 -4.7491 -4.5146 -4.2870 -4.0603 -3.8151 -3.5597 -3.3146
 -3.0881 -2.8782 -2.6788 -2.4864 -2.3028 -1.9046 -1.5930 -1.3415 -1.1281 -0.9425
 -0.7793 -0.6368 -0.5144 -0.4083
 -5.5182 -5.1111 -4.7695 -4.4876 -4.2539 -4.0515 -3.8563 -3.6511 -3.4342 -3.2191
 -3.0151 -2.8232 -2.6389 -2.4578 -2.2799 -1.8809 -1.5667 -1.3183 -1.1118 -0.9349
 -0.7813 -0.6475 -0.5324 -0.4331 -0.3458 -0.2682 -0.1965 -0.1283 -0.0690 -0.0307
 -5.5969 -5.1201 -4.7089 -4.3615 -4.0725 -3.8314 -3.6286 -3.4554 -3.2964 -3.1328
 -2.9579 -2.7805 -2.6078 -2.4385 -2.2696 -1.8726 -1.5534 -1.3050 -1.1030 -0.9323
 -0.7863 -0.6601 -0.5519 -0.4591 -0.3780 -0.3057 -0.2409 -0.1812 -0.1250 -0.0770
 -0.0482
 -5.7682 -5.2281 -4.7599 -4.3615 -4.0283 -3.7512 -3.5194 -3.3225 -3.1523 -3.0038
 -2.8701 -2.7358 -2.5867 -2.4274 -2.2668 -1.8772 -1.5513 -1.2997 -1.0996 -0.9333
 -0.7928 -0.6730 -0.5710 -0.4844 -0.4098 -0.3437 -0.2842 -0.2303 -0.1805 -0.1362
 -0.0989
 -6.0188 -5.4141 -4.8904 -4.4442 -4.0701 -3.7589 -3.4997 -3.2815 -3.0949 -2.9319
 -2.7868 -2.6552 -2.5313 -2.4037 -2.2628 -1.8894 -1.5573 -1.2994 -1.0986 -0.9349
 -0.7982 -0.6833 -0.5869 -0.5062 -0.4380 -0.3784 -0.3253 -0.2770 -0.2331 -0.1936
 -0.1588
 -6.3105 -5.6689 -5.0942 -4.6014 -4.1857 -3.8393 -3.5507 -3.3080 -3.1011 -2.9218
 -2.7630 -2.6191 -2.4857 -2.3601 -2.2377 -1.9090 -1.5778 -1.3106 -1.1052 -0.9414
 -0.8065 -0.6945 -0.6020 -0.5260 -0.4634 -0.4104 -0.3639 -0.3220 -0.2837 -0.2492
 -0.2184
 -6.5623 -5.9188 -5.3302 -4.8029 -4.3527 -3.9724 -3.6534 -3.3842 -3.1542 -2.9548
 -2.7790 -2.6212 -2.4767 -2.3419 -2.2143 -1.9133 -1.6067 -1.3307 -1.1173 -0.9504
 -0.8154 -0.7046 -0.6144 -0.5417 -0.4837 -0.4364 -0.3967 -0.3616 -0.3298 -0.3009
 -0.2751
 -6.7315 -6.1155 -5.5385 -5.0126 -4.5440 -4.1403 -3.7950 -3.5001 -3.2462 -3.0252
 -2.8300 -2.6556 -2.4974 -2.3519 -2.1926 -1.9023 -1.6440 -1.3597 -1.1349
 [Fe/H] = -0.25 [alpha/Fe] = 0.00 BC value =  B   
 -7.0817 -6.9443 -6.8014 -6.6391 -6.4501 -6.1609 -5.6945 -5.0501 -4.4370 -3.9629
 -3.6066 -3.3219 -3.0800 -2.8670 -2.6753 -2.2718 -1.9391 -1.6410 -1.3632
 -6.5637 -6.4095 -6.2555 -6.0909 -5.8973 -5.6390 -5.2520 -4.7269 -4.2025 -3.7722
 -3.4367 -3.1638 -2.9289 -2.7196 -2.5304 -2.1322 -1.8101 -1.5309 -1.2795 -1.0498
 -6.1459 -5.9705 -5.8001 -5.6275 -5.4397 -5.2112 -4.8949 -4.4719 -4.0278 -3.6383
 -3.3207 -3.0574 -2.8286 -2.6227 -2.4349 -2.0377 -1.7212 -1.4546 -1.2198 -1.0095
 -0.8206
 -5.8424 -5.6344 -5.4386 -5.2489 -5.0565 -4.8464 -4.5880 -4.2495 -3.8786 -3.5325
 -3.2358 -2.9835 -2.7617 -2.5598 -2.3736 -1.9754 -1.6608 -1.4018 -1.1785 -0.9817
 -0.8065 -0.6512
 -5.6630 -5.4104 -5.1782 -4.9613 -4.7523 -4.5430 -4.3184 -4.0468 -3.7398 -3.4383
 -3.1669 -2.9288 -2.7159 -2.5198 -2.3363 -1.9365 -1.6205 -1.3660 -1.1507 -0.9639
 -0.7997 -0.6543 -0.5272 -0.4163
 -5.5576 -5.2217 -4.9493 -4.7218 -4.5116 -4.3020 -4.0892 -3.8614 -3.6073 -3.3480
 -3.1045 -2.8839 -2.6826 -2.4946 -2.3158 -1.9155 -1.5956 -1.3426 -1.1332 -0.9537
 -0.7981 -0.6614 -0.5418 -0.4379 -0.3466 -0.2660 -0.1931 -0.1228 -0.0630 -0.0242
 -5.6020 -5.1752 -4.8105 -4.5063 -4.2529 -4.0386 -3.8508 -3.6699 -3.4729 -3.2593
 -3.0455 -2.8438 -2.6559 -2.4782 -2.3064 -1.9088 -1.5835 -1.3290 -1.1231 -0.9493
 -0.8002 -0.6708 -0.5582 -0.4605 -0.3758 -0.3010 -0.2349 -0.1741 -0.1165 -0.0683
 -0.0392
 -5.7458 -5.2491 -4.8161 -4.4453 -4.1335 -3.8715 -3.6487 -3.4556 -3.2838 -3.1253
 -2.9685 -2.8040 -2.6342 -2.4669 -2.3041 -1.9144 -1.5830 -1.3241 -1.1190 -0.9490
 -0.8048 -0.6812 -0.5747 -0.4832 -0.4045 -0.3359 -0.2752 -0.2209 -0.1712 -0.1256
 -0.0882
 -5.9827 -5.4156 -4.9191 -4.4916 -4.1292 -3.8250 -3.5697 -3.3528 -3.1646 -2.9987
 -2.8515 -2.7182 -2.5886 -2.4505 -2.3018 -1.9265 -1.5905 -1.3248 -1.1178 -0.9496
 -0.8088 -0.6898 -0.5888 -0.5031 -0.4304 -0.3680 -0.3134 -0.2647 -0.2209 -0.1816
 -0.1468
 -6.3145 -5.6796 -5.1181 -4.6326 -4.2198 -3.8735 -3.5840 -3.3407 -3.1338 -2.9547
 -2.7967 -2.6550 -2.5256 -2.4039 -2.2821 -1.9470 -1.6123 -1.3378 -1.1252 -0.9560
 -0.8165 -0.7002 -0.6030 -0.5220 -0.4545 -0.3980 -0.3498 -0.3072 -0.2691 -0.2351
 -0.2050
 -6.6545 -5.9891 -5.3832 -4.8452 -4.3836 -3.9935 -3.6672 -3.3939 -3.1628 -2.9648
 -2.7921 -2.6387 -2.4994 -2.3704 -2.2488 -1.9540 -1.6425 -1.3598 -1.1388 -0.9656
 -0.8256 -0.7102 -0.6153 -0.5376 -0.4745 -0.4232 -0.3810 -0.3448 -0.3130 -0.2846
 -0.2593
 -6.9227 -6.2677 -5.6539 -5.0948 -4.5968 -4.1694 -3.8070 -3.5016 -3.2429 -3.0215
 -2.8292 -2.6596 -2.5075 -2.3684 -2.2019 -1.9475 -1.6811 -1.3908 -1.1586
 [Fe/H] =  0.00 [alpha/Fe] = 0.00 BC value =  B   
 -7.3250 -7.2069 -7.0819 -6.9359 -6.7427 -6.4483 -5.9561 -5.2498 -4.5666 -4.0302
 -3.6423 -3.3466 -3.1040 -2.8922 -2.7041 -2.3035 -1.9727 -1.6788 -1.4052
 -6.7882 -6.6577 -6.5265 -6.3835 -6.2071 -5.9565 -5.5511 -4.9646 -4.3593 -3.8630
 -3.4922 -3.2058 -2.9690 -2.7619 -2.5753 -2.1789 -1.8549 -1.5743 -1.3222 -1.0915
 -6.3384 -6.1919 -6.0495 -5.9036 -5.7389 -5.5251 -5.2025 -4.7314 -4.2105 -3.7517
 -3.3928 -3.1116 -2.8784 -2.6741 -2.4889 -2.0931 -1.7727 -1.5016 -1.2630 -1.0493
 -0.8575
 -5.9865 -5.8162 -5.6547 -5.4970 -5.3331 -5.1434 -4.8875 -4.5172 -4.0809 -3.6664
 -3.3226 -3.0465 -2.8164 -2.6146 -2.4310 -2.0348 -1.7153 -1.4503 -1.2212 -1.0191
 -0.8397 -0.6799
 -5.7444 -5.5425 -5.3506 -5.1703 -4.9944 -4.8102 -4.5963 -4.3078 -3.9513 -3.5881
 -3.2668 -2.9990 -2.7731 -2.5745 -2.3929 -1.9962 -1.6754 -1.4140 -1.1920 -0.9986
 -0.8290 -0.6788 -0.5463 -0.4303
 -5.6128 -5.3562 -5.1345 -4.9276 -4.7298 -4.5354 -4.3353 -4.1027 -3.8159 -3.5063
 -3.2150 -2.9609 -2.7418 -2.5477 -2.3693 -1.9730 -1.6490 -1.3888 -1.1723 -0.9857
 -0.8237 -0.6816 -0.5566 -0.4471 -0.3516 -0.2681 -0.1912 -0.1183 -0.0587 -0.0193
 -5.5949 -5.2280 -4.9263 -4.6821 -4.4783 -4.2922 -4.1048 -3.9052 -3.6747 -3.4174
 -3.1610 -2.9261 -2.7173 -2.5297 -2.3560 -1.9632 -1.6347 -1.3729 -1.1596 -0.9785
 -0.8224 -0.6871 -0.5689 -0.4657 -0.3762 -0.2991 -0.2306 -0.1673 -0.1082 -0.0606
 -0.0315
 -5.6993 -5.2532 -4.8668 -4.5408 -4.2691 -4.0398 -3.8414 -3.6635 -3.4878 -3.2975
 -3.0937 -2.8891 -2.6958 -2.5173 -2.3502 -1.9646 -1.6319 -1.3656 -1.1530 -0.9757
 -0.8243 -0.6942 -0.5819 -0.4848 -0.4011 -0.3290 -0.2661 -0.2108 -0.1609 -0.1146
 -0.0778
 -5.8983 -5.3813 -4.9273 -4.5350 -4.2014 -3.9204 -3.6816 -3.4743 -3.2893 -3.1199
 -2.9622 -2.8111 -2.6586 -2.5021 -2.3458 -1.9726 -1.6376 -1.3651 -1.1500 -0.9744
 -0.8263 -0.7003 -0.5932 -0.5017 -0.4238 -0.3576 -0.3008 -0.2512 -0.2075 -0.1686
 -0.1341
 -6.2177 -5.6194 -5.0959 -4.6408 -4.2505 -3.9201 -3.6416 -3.4052 -3.2011 -3.0209
 -2.8597 -2.7154 -2.5841 -2.4593 -2.3318 -1.9904 -1.6577 -1.3777 -1.1568 -0.9798
 -0.8330 -0.7095 -0.6058 -0.5188 -0.4459 -0.3851 -0.3341 -0.2905 -0.2524 -0.2190
 -0.1900
 -6.6120 -5.9509 -5.3559 -4.8377 -4.3901 -4.0096 -3.6892 -3.4195 -3.1910 -2.9946
 -2.8229 -2.6706 -2.5335 -2.4083 -2.2908 -1.9988 -1.6862 -1.4000 -1.1710 -0.9896
 -0.8420 -0.7194 -0.6177 -0.5338 -0.4649 -0.4089 -0.3634 -0.3256 -0.2934 -0.2657
 -0.2417
 -6.9803 -6.3036 -5.6735 -5.1042 -4.6038 -4.1738 -3.8099 -3.5035 -3.2452 -3.0254
 -2.8361 -2.6704 -2.5229 -2.3892 -2.2228 -1.9978 -1.7231 -1.4320 -1.1926
 [Fe/H] =  0.25 [alpha/Fe] = 0.00 BC value =  B   
 -7.5716 -7.4703 -7.3604 -7.1828 -6.9110 -6.5325 -6.0377 -5.4195 -4.7209 -4.1291
 -3.6995 -3.3837 -3.1337 -2.9225 -2.7332 -2.3353 -2.0056 -1.7164 -1.4489
 -7.0219 -6.9104 -6.7969 -6.6690 -6.5024 -6.2518 -5.8241 -5.1909 -4.5373 -3.9799
 -3.5649 -3.2567 -3.0121 -2.8042 -2.6191 -2.2247 -1.8999 -1.6182 -1.3661 -1.1359
 -6.5449 -6.4206 -6.2995 -6.1733 -6.0248 -5.8202 -5.4943 -4.9878 -4.4082 -3.8859
 -3.4799 -3.1728 -2.9298 -2.7237 -2.5399 -2.1463 -1.8238 -1.5493 -1.3082 -1.0920
 -0.9002
 -6.1509 -6.0088 -5.8737 -5.7408 -5.5995 -5.4265 -5.1770 -4.7860 -4.2969 -3.8173
 -3.4227 -3.1160 -2.8725 -2.6672 -2.4846 -2.0913 -1.7691 -1.4996 -1.2664 -1.0602
 -0.8771 -0.7136
 -5.8566 -5.6852 -5.5274 -5.3779 -5.2308 -5.0703 -4.8700 -4.5752 -4.1784 -3.7547
 -3.3790 -3.0759 -2.8321 -2.6273 -2.4458 -2.0528 -1.7296 -1.4630 -1.2361 -1.0375
 -0.8630 -0.7085 -0.5714 -0.4500
 -5.6911 -5.4695 -5.2728 -5.0949 -4.9275 -4.7617 -4.5823 -4.3539 -4.0434 -3.6835
 -3.3384 -3.0454 -2.8034 -2.5996 -2.4196 -2.0279 -1.7021 -1.4363 -1.2144 -1.0220
 -0.8542 -0.7072 -0.5774 -0.4628 -0.3620 -0.2729 -0.1921 -0.1153 -0.0552 -0.0142
 -5.5906 -5.3000 -5.0645 -4.8718 -4.6911 -4.5121 -4.3308 -4.1349 -3.8918 -3.5974
 -3.2931 -3.0177 -2.7822 -2.5811 -2.4033 -2.0147 -1.6860 -1.4185 -1.1994 -1.0122
 -0.8499 -0.7089 -0.5856 -0.4773 -0.3826 -0.2998 -0.2272 -0.1618 -0.1001 -0.0525
 -0.0226
 -5.6456 -5.2516 -4.9204 -4.6507 -4.4315 -4.2472 -4.0796 -3.9098 -3.7191 -3.4899
 -3.2360 -2.9876 -2.7645 -2.5689 -2.3946 -2.0121 -1.6812 -1.4096 -1.1906 -1.0071
 -0.8492 -0.7129 -0.5951 -0.4928 -0.4038 -0.3268 -0.2604 -0.2024 -0.1506 -0.1027
 -0.0662
 -5.8005 -5.3344 -4.9270 -4.5788 -4.2871 -4.0430 -3.8339 -3.6504 -3.4789 -3.3058
 -3.1213 -2.9292 -2.7379 -2.5567 -2.3892 -2.0157 -1.6849 -1.4077 -1.1858 -1.0038
 -0.8493 -0.7168 -0.6037 -0.5066 -0.4232 -0.3519 -0.2913 -0.2393 -0.1942 -0.1547
 -0.1195
 -6.0750 -5.5318 -5.0545 -4.6395 -4.2833 -3.9816 -3.7262 -3.5064 -3.3118 -3.1339
 -2.9687 -2.8139 -2.6676 -2.5249 -2.3817 -2.0299 -1.7025 -1.4197 -1.1919 -1.0080
 -0.8548 -0.7248 -0.6148 -0.5218 -0.4432 -0.3769 -0.3216 -0.2752 -0.2358 -0.2022
 -0.1735
 -6.4657 -5.8413 -5.2877 -4.8048 -4.3870 -4.0297 -3.7267 -3.4697 -3.2492 -3.0561
 -2.8835 -2.7279 -2.5879 -2.4607 -2.3410 -2.0406 -1.7285 -1.4420 -1.2066 -1.0179
 -0.8636 -0.7344 -0.6262 -0.5360 -0.4612 -0.3992 -0.3489 -0.3078 -0.2739 -0.2457
 -0.2223
 -6.8995 -6.2258 -5.6124 -5.0612 -4.5831 -4.1695 -3.8173 -3.5190 -3.2664 -3.0506
 -2.8634 -2.6987 -2.5521 -2.4204 -2.2671 -2.0478 -1.7629 -1.4746 -1.2299
 [Fe/H] =  0.50 [alpha/Fe] = 0.00 BC value =  B   
 -7.8036 -7.9096 -7.8464 -7.6318 -7.2810 -6.8077 -6.2237 -5.5572 -4.8846 -4.2595
 -3.7853 -3.4434 -3.1825 -2.9670 -2.7794 -2.3801 -2.0511 -1.7621 -1.4966
 -7.2528 -7.1640 -7.0638 -6.9486 -6.7861 -6.5036 -6.0323 -5.3754 -4.7169 -4.1207
 -3.6617 -3.3269 -3.0703 -2.8590 -2.6742 -2.2818 -1.9557 -1.6711 -1.4148 -1.1825
 -6.7587 -6.6556 -6.5508 -6.4401 -6.3009 -6.0963 -5.7550 -5.2151 -4.6045 -4.0383
 -3.5876 -3.2511 -2.9937 -2.7831 -2.5996 -2.2091 -1.8849 -1.6062 -1.3614 -1.1419
 -0.9460
 -6.3319 -6.2120 -6.0978 -5.9840 -5.8581 -5.6944 -5.4439 -5.0347 -4.5072 -3.9817
 -3.5395 -3.2008 -2.9399 -2.7281 -2.5450 -2.1556 -1.8323 -1.5582 -1.3202 -1.1093
 -0.9212 -0.7532
 -5.9865 -5.8450 -5.7132 -5.5877 -5.4626 -5.3190 -5.1278 -4.8292 -4.4013 -3.9296
 -3.5053 -3.1665 -2.9016 -2.6876 -2.5043 -2.1161 -1.7926 -1.5213 -1.2890 -1.0850
 -0.9045 -0.7448 -0.6027 -0.4761
 -5.7525 -5.5697 -5.4087 -5.2615 -5.1218 -4.9806 -4.8192 -4.5967 -4.2702 -3.8685
 -3.4748 -3.1415 -2.8749 -2.6584 -2.4746 -2.0877 -1.7632 -1.4931 -1.2653 -1.0672
 -0.8928 -0.7398 -0.6049 -0.4851 -0.3789 -0.2843 -0.1973 -0.1180 -0.0542 -0.0106
 -5.6165 -5.3645 -5.1981 -5.0188 -4.8535 -4.6964 -4.5380 -4.3561 -4.1103 -3.7873
 -3.4382 -3.1208 -2.8561 -2.6387 -2.4545 -2.0698 -1.7444 -1.4729 -1.2478 -1.0547
 -0.8856 -0.7380 -0.6090 -0.4956 -0.3956 -0.3075 -0.2299 -0.1593 -0.0938 -0.0458
 -0.0143
 -5.5947 -5.2587 -4.9910 -4.7836 -4.6136 -4.4575 -4.2973 -4.1272 -3.9310 -3.6803
 -3.3869 -3.0971 -2.8417 -2.6265 -2.4427 -2.0616 -1.7361 -1.4618 -1.2366 -1.0468
 -0.8823 -0.7391 -0.6152 -0.5073 -0.4130 -0.3306 -0.2592 -0.1972 -0.1418 -0.0912
 -0.0547
 -5.7025 -5.2848 -4.9261 -4.6283 -4.3865 -4.1883 -4.0201 -3.8667 -3.7091 -3.5239
 -3.2999 -3.0562 -2.8228 -2.6157 -2.4352 -2.0595 -1.7359 -1.4576 -1.2296 -1.0412
 -0.8800 -0.7406 -0.6209 -0.5180 -0.4291 -0.3522 -0.2865 -0.2305 -0.1825 -0.1410
 -0.1042
 -5.9229 -5.4326 -5.0028 -4.6315 -4.3170 -4.0542 -3.8328 -3.6406 -3.4678 -3.3037
 -3.1347 -2.9570 -2.7762 -2.6000 -2.4335 -2.0684 -1.7492 -1.4675 -1.2343 -1.0438
 -0.8840 -0.7471 -0.6303 -0.5311 -0.4466 -0.3744 -0.3138 -0.2630 -0.2207 -0.1856
 -0.1561
 -6.2738 -5.6960 -5.1918 -4.7524 -4.3733 -4.0495 -3.7751 -3.5412 -3.3375 -3.1545
 -2.9849 -2.8257 -2.6762 -2.5360 -2.4021 -2.0800 -1.7707 -1.4880 -1.2484 -1.0531
 -0.8921 -0.7562 -0.6411 -0.5443 -0.4631 -0.3951 -0.3389 -0.2930 -0.2559 -0.2259
 -0.2019
 -6.7264 -6.0750 -5.4899 -4.9787 -4.5339 -4.1509 -3.8235 -3.5449 -3.3068 -3.1005
 -2.9179 -2.7535 -2.6046 -2.4704 -2.3410 -2.0943 -1.8004 -1.5191 -1.2719
 [Fe/H] =  0.75 [alpha/Fe] = 0.00 BC value =  B   
 -7.9987 -7.9348 -7.7637 -7.4968 -7.1439 -6.7138 -6.2142 -5.6518 -5.0352 -4.4094
 -3.8977 -3.5254 -3.2487 -3.0280 -2.8380 -2.4361 -2.1058 -1.8146 -1.5484
 -7.4588 -7.3881 -7.3123 -7.2118 -7.0061 -6.6575 -6.1472 -5.5063 -4.8828 -4.2783
 -3.7829 -3.4170 -3.1439 -2.9260 -2.7402 -2.3493 -2.0207 -1.7324 -1.4750 -1.2413
 -6.9597 -6.8763 -6.7920 -6.6966 -6.5642 -6.3518 -5.9768 -5.3914 -4.7823 -4.2019
 -3.7149 -3.3472 -3.0711 -2.8526 -2.6676 -2.2806 -1.9558 -1.6726 -1.4227 -1.1991
 -0.9964
 -6.5131 -6.4134 -6.3188 -6.2224 -6.1080 -5.9468 -5.6883 -5.2533 -4.6985 -4.1513
 -3.6734 -3.3020 -3.0197 -2.7978 -2.6121 -2.2270 -1.9046 -1.6265 -1.3830 -1.1669
 -0.9728 -0.7990
 -6.1305 -6.0128 -5.9028 -5.7972 -5.6890 -5.5560 -5.3670 -5.0597 -4.6056 -4.1044
 -3.6454 -3.2722 -2.9836 -2.7565 -2.5688 -2.1846 -1.8636 -1.5894 -1.3515 -1.1418
 -0.9548 -0.7884 -0.6404 -0.5087
 -5.8337 -5.6872 -5.5550 -5.4323 -5.3144 -5.1915 -5.0419 -4.8219 -4.4829 -4.0509
 -3.6197 -3.2515 -2.9585 -2.7262 -2.5356 -2.1517 -1.8315 -1.5591 -1.3261 -1.1220
 -0.9410 -0.7808 -0.6395 -0.5142 -0.4024 -0.3015 -0.2074 -0.1213 -0.0570 -0.0095
 -5.6675 -5.4685 -5.2947 -5.1425 -5.0040 -4.8717 -4.7338 -4.5638 -4.3180 -3.9742
 -3.5889 -3.2342 -2.9407 -2.7051 -2.5117 -2.1280 -1.8085 -1.5360 -1.3059 -1.1069
 -0.9311 -0.7761 -0.6404 -0.5212 -0.4157 -0.3220 -0.2385 -0.1612 -0.0913 -0.0416
 -0.0074
 -5.5595 -5.3007 -5.0909 -4.9212 -4.7688 -4.6164 -4.4671 -4.3126 -4.1236 -3.8647
 -3.5419 -3.2150 -2.9294 -2.6923 -2.4965 -2.1132 -1.7956 -1.5215 -1.2917 -1.0961
 -0.9249 -0.7744 -0.6434 -0.5294 -0.4296 -0.3417 -0.2647 -0.1970 -0.1361 -0.0818
 -0.0447
 -5.6143 -5.2441 -4.9388 -4.6946 -4.5055 -4.3541 -4.2179 -4.0760 -3.9148 -3.7163
 -3.4634 -3.1808 -2.9128 -2.6813 -2.4863 -2.1045 -1.7901 -1.5142 -1.2820 -1.0876
 -0.9200 -0.7733 -0.6463 -0.5369 -0.4422 -0.3597 -0.2883 -0.2269 -0.1745 -0.1290
 -0.0893
 -5.7839 -5.3418 -4.9567 -4.6295 -4.3597 -4.1403 -3.9586 -3.8029 -3.6602 -3.5110
 -3.3324 -3.1179 -2.8897 -2.6753 -2.4859 -2.1072 -1.7972 -1.5208 -1.2843 -1.0879
 -0.9218 -0.7779 -0.6538 -0.5477 -0.4571 -0.3792 -0.3126 -0.2564 -0.2095 -0.1707
 -0.1392
 -6.0715 -5.5528 -5.0976 -4.7016 -4.3616 -4.0750 -3.8351 -3.6313 -3.4527 -3.2897
 -3.1327 -2.9706 -2.8019 -2.6332 -2.4717 -2.1164 -1.8126 -1.5376 -1.2967 -1.0957
 -0.9283 -0.7856 -0.6634 -0.5595 -0.4718 -0.3977 -0.3355 -0.2838 -0.2416 -0.2083
 -0.1828
 -6.4935 -5.8864 -5.3518 -4.8858 -4.4807 -4.1322 -3.8348 -3.5821 -3.3652 -3.1749
 -3.0023 -2.8415 -2.6906 -2.5486 -2.4437 -2.1321 -1.8363 -1.5646 -1.3192
 [Fe/H] =  1.00 [alpha/Fe] = 0.00 BC value =  B   
 -8.1477 -8.0300 -7.8233 -7.5371 -7.1798 -6.7585 -6.2797 -5.7491 -5.1714 -4.5683
 -4.0298 -3.6258 -3.3301 -3.0999 -2.9073 -2.5043 -2.1681 -1.8731 -1.6043
 -7.6231 -7.9750 -8.0541 -7.8885 -7.5029 -6.9189 -6.2172 -5.6130 -5.0320 -4.4427
 -3.9216 -3.5249 -3.2316 -3.0041 -2.8150 -2.4253 -2.0927 -1.7997 -1.5385 -1.3020
 -7.1283 -7.3305 -7.0079 -6.9308 -6.8050 -6.5811 -6.1239 -5.5134 -4.9375 -4.3663
 -3.8584 -3.4602 -3.1620 -2.9322 -2.7434 -2.3588 -2.0338 -1.7459 -1.4903 -1.2619
 -1.0547
 -6.6731 -6.5949 -6.5224 -6.4451 -6.3419 -6.1796 -5.9042 -5.4277 -4.8647 -4.3165
 -3.8207 -3.4194 -3.1128 -2.8772 -2.6861 -2.3038 -1.9840 -1.7026 -1.4529 -1.2309
 -1.0317 -0.8514
 -6.2683 -6.1720 -6.0834 -5.9978 -5.9048 -5.7785 -5.5853 -5.2634 -4.7857 -4.2718
 -3.7936 -3.3923 -3.0787 -2.8353 -2.6401 -2.2576 -1.9412 -1.6655 -1.4221 -1.2063
 -1.0130 -0.8395 -0.6845 -0.5458
 -5.9298 -5.8108 -5.7021 -5.6010 -5.5020 -5.3931 -5.2492 -5.0262 -4.6734 -4.2217
 -3.7697 -3.3741 -3.0551 -2.8044 -2.6038 -2.2192 -1.9054 -1.6331 -1.3955 -1.1855
 -0.9980 -0.8303 -0.6815 -0.5498 -0.4327 -0.3245 -0.2224 -0.1336 -0.0650 -0.0121
 -5.6958 -5.5347 -5.3936 -5.2692 -5.1541 -5.0416 -4.9184 -4.7555 -4.5075 -4.1480
 -3.7396 -3.3586 -3.0381 -2.7826 -2.5767 -2.1890 -1.8774 -1.6067 -1.3729 -1.1682
 -0.9861 -0.8234 -0.6802 -0.5542 -0.4436 -0.3446 -0.2532 -0.1679 -0.0946 -0.0414
 -0.0031
 -5.5562 -5.3604 -5.1838 -5.0245 -4.8803 -4.7481 -4.6201 -4.4822 -4.3004 -4.0374
 -3.6945 -3.3397 -3.0266 -2.7686 -2.5585 -2.1674 -1.8584 -1.5884 -1.3555 -1.1547
 -0.9773 -0.8196 -0.6807 -0.5596 -0.4536 -0.3601 -0.2776 -0.2031 -0.1347 -0.0766
 -0.0373
 -5.5354 -5.2173 -4.9711 -4.7845 -4.6413 -4.5111 -4.3757 -4.2331 -4.0778 -3.8805
 -3.6157 -3.3071 -3.0110 -2.7564 -2.5455 -2.1520 -1.8463 -1.5766 -1.3427 -1.1431
 -0.9696 -0.8160 -0.6812 -0.5644 -0.4632 -0.3749 -0.2978 -0.2308 -0.1720 -0.1202
 -0.0770
 -5.6580 -5.2594 -4.9181 -4.6376 -4.4155 -4.2412 -4.1018 -3.9802 -3.8541 -3.7020
 -3.5051 -3.2584 -2.9953 -2.7526 -2.5438 -2.1484 -1.8459 -1.5782 -1.3419 -1.1407
 -0.9687 -0.8183 -0.6867 -0.5731 -0.4756 -0.3915 -0.3192 -0.2570 -0.2044 -0.1605
 -0.1245
 -5.8880 -5.4194 -5.0085 -4.6535 -4.3540 -4.1071 -3.9050 -3.7362 -3.5902 -3.4553
 -3.3143 -3.1453 -2.9441 -2.7346 -2.5400 -2.1529 -1.8538 -1.5892 -1.3511 -1.1461
 -0.9729 -0.8240 -0.6947 -0.5833 -0.4885 -0.4079 -0.3397 -0.2818 -0.2339 -0.1955
 -0.1656
 -6.2527 -5.6981 -5.2136 -4.7910 -4.4254 -4.1129 -3.8493 -3.6275 -3.4379 -3.2703
 -3.1162 -2.9679 -2.8159 -2.6585 -2.5341 -2.1655 -1.8700 -1.6096 -1.3703
