 [Fe/H] = -2.50 [alpha/Fe] = 0.00 BC value =  R   
 -1.8779 -1.5295 -1.1503 -0.8326 -0.6814 -0.6854 -1.0821 -1.0193 -0.9435 -0.8498
 -0.7457 -0.6743 -0.5522 -0.4314 -0.3181 -0.1030  0.0486  0.1460  0.2041
 -1.6020 -1.3634 -1.1928 -1.0834 -1.0177 -0.9580 -0.8925 -0.8255 -0.7594 -0.6929
 -0.6172 -0.5283 -0.4307 -0.3351 -0.2470 -0.0664  0.0610  0.1427  0.1927  0.2226
 -1.4704 -1.2511 -1.0730 -0.9346 -0.8345 -0.7715 -0.7352 -0.6969 -0.6434 -0.5785
 -0.5133 -0.4448 -0.3657 -0.2825 -0.2046 -0.0452  0.0649  0.1351  0.1786  0.2055
  0.2213
 -1.3675 -1.1716 -1.0060 -0.8678 -0.7558 -0.6698 -0.6070 -0.5638 -0.5306 -0.4890
 -0.4336 -0.3758 -0.3132 -0.2438 -0.1751 -0.0315  0.0669  0.1278  0.1652  0.1890
  0.2037  0.2118
 -1.2589 -1.0917 -0.9467 -0.8199 -0.7094 -0.6166 -0.5420 -0.4834 -0.4365 -0.3970
 -0.3571 -0.3112 -0.2629 -0.2080 -0.1504 -0.0213  0.0694  0.1232  0.1544  0.1743
  0.1870  0.1943  0.1972  0.1976
 -1.1405 -1.0007 -0.8789 -0.7691 -0.6687 -0.5780 -0.4992 -0.4340 -0.3805 -0.3343
 -0.2919 -0.2506 -0.2108 -0.1678 -0.1214 -0.0107  0.0738  0.1235  0.1487  0.1632
  0.1724  0.1776  0.1794  0.1783  0.1748  0.1679  0.1564  0.1394  0.1161  0.0863
 -1.0191 -0.9001 -0.7992 -0.7077 -0.6214 -0.5394 -0.4631 -0.3956 -0.3385 -0.2903
 -0.2469 -0.2058 -0.1665 -0.1287 -0.0896  0.0045  0.0810  0.1287  0.1500  0.1584
  0.1622  0.1636  0.1628  0.1601  0.1558  0.1514  0.1443  0.1318  0.1115  0.0828
  0.0494
 -0.8969 -0.7959 -0.7109 -0.6349 -0.5633 -0.4933 -0.4245 -0.3596 -0.3018 -0.2519
 -0.2090 -0.1699 -0.1325 -0.0968 -0.0611  0.0227  0.0910  0.1372  0.1575  0.1613
  0.1589  0.1547  0.1497  0.1438  0.1373  0.1301  0.1233  0.1142  0.0998  0.0777
  0.0464
 -0.7785 -0.6932 -0.6187 -0.5540 -0.4944 -0.4360 -0.3773 -0.3192 -0.2640 -0.2144
 -0.1714 -0.1340 -0.0999 -0.0675 -0.0353  0.0415  0.1039  0.1472  0.1684  0.1708
  0.1635  0.1529  0.1420  0.1313  0.1210  0.1110  0.1009  0.0888  0.0745  0.0583
  0.0402
 -0.6640 -0.5920 -0.5298 -0.4720 -0.4202 -0.3713 -0.3225 -0.2729 -0.2238 -0.1771
 -0.1348 -0.0982 -0.0664 -0.0376 -0.0099  0.0585  0.1165  0.1574  0.1793  0.1831
  0.1745  0.1594  0.1423  0.1256  0.1100  0.0956  0.0821  0.0690  0.0513  0.0372
  0.0259
 -0.5534 -0.4923 -0.4442 -0.3941 -0.3458 -0.3024 -0.2610 -0.2196 -0.1779 -0.1366
 -0.0973 -0.0618 -0.0312 -0.0050  0.0188  0.0759  0.1292  0.1679  0.1897  0.1951
  0.1875  0.1713  0.1503  0.1278  0.1062  0.0862  0.0677  0.0507  0.0347  0.0189
  0.0022
 -0.4466 -0.3941 -0.3619 -0.3213 -0.2761 -0.2354 -0.1980 -0.1622 -0.1269 -0.0919
 -0.0575 -0.0250  0.0042  0.0291  0.0508  0.0937  0.1420  0.1787  0.1996
 [Fe/H] = -2.00 [alpha/Fe] = 0.00 BC value =  R   
 -2.1932 -1.9330 -1.6586 -1.4074 -1.2185 -1.0943 -1.1201 -1.0122 -0.9068 -0.8005
 -0.6915 -0.5937 -0.4810 -0.3746 -0.2769 -0.0811  0.0604  0.1554  0.2126
 -1.8894 -1.6489 -1.4669 -1.3046 -1.1584 -1.0337 -0.9286 -0.8377 -0.7540 -0.6721
 -0.5875 -0.4966 -0.4016 -0.3100 -0.2259 -0.0535  0.0697  0.1510  0.2012  0.2322
 -1.7396 -1.4577 -1.2327 -1.0671 -0.9599 -0.8818 -0.8027 -0.7219 -0.6459 -0.5754
 -0.5070 -0.4353 -0.3555 -0.2736 -0.1968 -0.0394  0.0716  0.1440  0.1881  0.2150
  0.2308
 -1.6554 -1.3754 -1.1441 -0.9612 -0.8227 -0.7233 -0.6610 -0.6202 -0.5724 -0.5111
 -0.4464 -0.3843 -0.3196 -0.2487 -0.1798 -0.0327  0.0704  0.1367  0.1759  0.1997
  0.2142  0.2221
 -1.5878 -1.3246 -1.1033 -0.9224 -0.7772 -0.6636 -0.5775 -0.5143 -0.4722 -0.4389
 -0.3953 -0.3425 -0.2865 -0.2265 -0.1645 -0.0286  0.0691  0.1313  0.1663  0.1863
  0.1986  0.2055  0.2079  0.2064
 -1.5137 -1.2744 -1.0708 -0.9008 -0.7589 -0.6412 -0.5456 -0.4697 -0.4097 -0.3624
 -0.3248 -0.2878 -0.2466 -0.1993 -0.1471 -0.0234  0.0696  0.1294  0.1610  0.1765
  0.1851  0.1897  0.1909  0.1891  0.1846  0.1772  0.1659  0.1488  0.1223  0.0917
 -1.4278 -1.2133 -1.0305 -0.8756 -0.7431 -0.6288 -0.5304 -0.4475 -0.3792 -0.3228
 -0.2748 -0.2329 -0.1961 -0.1594 -0.1185 -0.0137  0.0735  0.1317  0.1615  0.1725
  0.1760  0.1766  0.1751  0.1717  0.1665  0.1595  0.1500  0.1370  0.1181  0.0889
  0.0552
 -1.3329 -1.1419 -0.9791 -0.8401 -0.7195 -0.6129 -0.5177 -0.4328 -0.3595 -0.2976
 -0.2449 -0.1987 -0.1577 -0.1203 -0.0845  0.0046  0.0818  0.1378  0.1671  0.1753
  0.1732  0.1683  0.1626  0.1560  0.1487  0.1406  0.1310  0.1197  0.1055  0.0841
  0.0521
 -1.2314 -1.0618 -0.9166 -0.7923 -0.6842 -0.5871 -0.4982 -0.4162 -0.3420 -0.2766
 -0.2205 -0.1724 -0.1295 -0.0910 -0.0550  0.0272  0.0959  0.1473  0.1765  0.1839
  0.1778  0.1669  0.1554  0.1441  0.1330  0.1222  0.1110  0.0992  0.0858  0.0693
  0.0463
 -1.1327 -0.9821 -0.8517 -0.7397 -0.6420 -0.5539 -0.4723 -0.3956 -0.3238 -0.2580
 -0.1995 -0.1490 -0.1056 -0.0673 -0.0323  0.0468  0.1111  0.1582  0.1870  0.1956
  0.1885  0.1734  0.1560  0.1387  0.1225  0.1073  0.0928  0.0788  0.0645  0.0490
  0.0324
 -1.0407 -0.9049 -0.7862 -0.6842 -0.5949 -0.5144 -0.4395 -0.3686 -0.3011 -0.2374
 -0.1788 -0.1264 -0.0814 -0.0432 -0.0096  0.0643  0.1257  0.1701  0.1975  0.2075
  0.2016  0.1853  0.1639  0.1410  0.1188  0.0981  0.0788  0.0609  0.0439  0.0270
  0.0093
 -0.9575 -0.8342 -0.7254 -0.6300 -0.5467 -0.4721 -0.4028 -0.3369 -0.2738 -0.2136
 -0.1567 -0.1044 -0.0575 -0.0176  0.0131  0.0797  0.1397  0.1830  0.2080
 [Fe/H] = -1.50 [alpha/Fe] = 0.00 BC value =  R   
 -2.6163 -2.4059 -2.1950 -1.9864 -1.7818 -1.5780 -1.3718 -1.1650 -0.9754 -0.8109
 -0.6681 -0.5421 -0.4288 -0.3288 -0.2399 -0.0580  0.0756  0.1684  0.2261
 -2.4316 -2.1994 -1.9690 -1.7455 -1.5352 -1.3417 -1.1621 -0.9917 -0.8381 -0.7041
 -0.5859 -0.4784 -0.3783 -0.2871 -0.2053 -0.0387  0.0811  0.1628  0.2142  0.2447
 -2.2037 -1.9533 -1.7447 -1.5494 -1.3587 -1.1812 -1.0194 -0.8721 -0.7410 -0.6267
 -0.5265 -0.4347 -0.3467 -0.2631 -0.1868 -0.0309  0.0805  0.1557  0.2024  0.2298
  0.2455
 -2.0745 -1.7674 -1.5071 -1.2951 -1.1337 -1.0147 -0.9018 -0.7847 -0.6708 -0.5681
 -0.4783 -0.3986 -0.3228 -0.2476 -0.1764 -0.0289  0.0770  0.1481  0.1916  0.2163
  0.2303  0.2376
 -2.0099 -1.6834 -1.3990 -1.1651 -0.9785 -0.8358 -0.7325 -0.6574 -0.5947 -0.5215
 -0.4420 -0.3673 -0.2994 -0.2335 -0.1683 -0.0284  0.0732  0.1416  0.1827  0.2048
  0.2165  0.2224  0.2239  0.2214
 -1.9700 -1.6436 -1.3554 -1.1156 -0.9220 -0.7678 -0.6463 -0.5517 -0.4813 -0.4327
 -0.3888 -0.3357 -0.2765 -0.2168 -0.1581 -0.0266  0.0713  0.1376  0.1770  0.1964
  0.2049  0.2082  0.2083  0.2054  0.1997  0.1917  0.1791  0.1592  0.1319  0.1019
 -1.9268 -1.6138 -1.3332 -1.0968 -0.9031 -0.7456 -0.6179 -0.5145 -0.4315 -0.3650
 -0.3137 -0.2738 -0.2349 -0.1911 -0.1422 -0.0217  0.0725  0.1371  0.1753  0.1925
  0.1971  0.1967  0.1940  0.1893  0.1829  0.1744  0.1633  0.1487  0.1283  0.0984
  0.0646
 -1.8677 -1.5753 -1.3106 -1.0841 -0.8960 -0.7404 -0.6114 -0.5034 -0.4133 -0.3387
 -0.2766 -0.2248 -0.1827 -0.1466 -0.1102 -0.0107  0.0773  0.1401  0.1778  0.1937
  0.1949  0.1897  0.1828  0.1749  0.1663  0.1567  0.1455  0.1325  0.1166  0.0939
  0.0612
 -1.7897 -1.5206 -1.2761 -1.0639 -0.8850 -0.7353 -0.6088 -0.5005 -0.4070 -0.3268
 -0.2586 -0.2005 -0.1507 -0.1087 -0.0724  0.0116  0.0880  0.1473  0.1843  0.1999
  0.1987  0.1888  0.1765  0.1640  0.1517  0.1395  0.1267  0.1133  0.0982  0.0791
  0.0558
 -1.7035 -1.4595 -1.2363 -1.0400 -0.8716 -0.7287 -0.6064 -0.5001 -0.4064 -0.3236
 -0.2509 -0.1881 -0.1340 -0.0875 -0.0472  0.0354  0.1040  0.1574  0.1931  0.2093
  0.2080  0.1951  0.1776  0.1594  0.1420  0.1256  0.1096  0.0940  0.0781  0.0609
  0.0428
 -1.6144 -1.3915 -1.1888 -1.0092 -0.8531 -0.7180 -0.6003 -0.4966 -0.4042 -0.3212
 -0.2467 -0.1804 -0.1226 -0.0730 -0.0303  0.0553  0.1212  0.1706  0.2038  0.2203
  0.2201  0.2065  0.1856  0.1621  0.1389  0.1171  0.0964  0.0770  0.0584  0.0400
  0.0208
 -1.5314 -1.3232 -1.1376 -0.9732 -0.8298 -0.7038 -0.5916 -0.4909 -0.3998 -0.3173
 -0.2423 -0.1745 -0.1108 -0.0582 -0.0217  0.0713  0.1396  0.1869  0.2164
 [Fe/H] = -1.00 [alpha/Fe] = 0.00 BC value =  R   
 -3.1471 -2.9481 -2.7595 -2.5695 -2.3711 -2.1366 -1.8372 -1.4777 -1.1493 -0.8810
 -0.6755 -0.5194 -0.3957 -0.2941 -0.2072 -0.0337  0.0941  0.1849  0.2447
 -2.9428 -2.7262 -2.5197 -2.3139 -2.1025 -1.8745 -1.6037 -1.3057 -1.0318 -0.8013
 -0.6175 -0.4740 -0.3598 -0.2648 -0.1831 -0.0201  0.0977  0.1798  0.2334  0.2652
 -2.7849 -2.5607 -2.3424 -2.1239 -1.9032 -1.6799 -1.4415 -1.1886 -0.9532 -0.7500
 -0.5826 -0.4485 -0.3401 -0.2495 -0.1714 -0.0159  0.0958  0.1729  0.2228  0.2522
  0.2680
 -2.5669 -2.3399 -2.1429 -1.9475 -1.7412 -1.5286 -1.3137 -1.0966 -0.8916 -0.7102
 -0.5570 -0.4312 -0.3280 -0.2413 -0.1661 -0.0163  0.0914  0.1655  0.2130  0.2407
  0.2549  0.2612
 -2.4348 -2.1397 -1.8861 -1.6701 -1.4881 -1.3318 -1.1755 -1.0048 -0.8327 -0.6735
 -0.5337 -0.4157 -0.3177 -0.2349 -0.1627 -0.0177  0.0868  0.1589  0.2048  0.2309
  0.2434  0.2482  0.2483  0.2442
 -2.3807 -2.0553 -1.7570 -1.4986 -1.2820 -1.1019 -0.9525 -0.8289 -0.7229 -0.6158
 -0.5050 -0.3994 -0.3064 -0.2273 -0.1584 -0.0182  0.0836  0.1541  0.1987  0.2235
  0.2341  0.2367  0.2351  0.2305  0.2228  0.2117  0.1967  0.1751  0.1463  0.1160
 -2.3671 -2.0267 -1.7054 -1.4223 -1.1854 -0.9903 -0.8290 -0.6942 -0.5825 -0.4946
 -0.4256 -0.3597 -0.2888 -0.2171 -0.1514 -0.0165  0.0826  0.1518  0.1955  0.2191
  0.2279  0.2276  0.2233  0.2167  0.2082  0.1974  0.1839  0.1666  0.1437  0.1127
  0.0790
 -2.3586 -2.0210 -1.6934 -1.3983 -1.1481 -0.9431 -0.7754 -0.6369 -0.5210 -0.4246
 -0.3456 -0.2840 -0.2349 -0.1872 -0.1365 -0.0116  0.0845  0.1523  0.1955  0.2184
  0.2256  0.2224  0.2144  0.2046  0.1938  0.1819  0.1682  0.1525  0.1336  0.1091
  0.0756
 -2.3322 -2.0065 -1.6859 -1.3915 -1.1375 -0.9272 -0.7551 -0.6133 -0.4950 -0.3955
 -0.3115 -0.2410 -0.1832 -0.1371 -0.0977  0.0007  0.0908  0.1568  0.1993  0.2218
  0.2279  0.2220  0.2099  0.1957  0.1812  0.1666  0.1513  0.1352  0.1175  0.0960
  0.0706
 -2.2944 -1.9835 -1.6759 -1.3924 -1.1423 -0.9301 -0.7560 -0.6119 -0.4914 -0.3890
 -0.3012 -0.2260 -0.1620 -0.1081 -0.0635  0.0241  0.1016  0.1637  0.2056  0.2284
  0.2344  0.2271  0.2113  0.1923  0.1731  0.1544  0.1360  0.1179  0.0993  0.0795
  0.0572
 -2.2480 -1.9473 -1.6554 -1.3861 -1.1452 -0.9384 -0.7648 -0.6196 -0.4976 -0.3932
 -0.3025 -0.2234 -0.1549 -0.0960 -0.0460  0.0480  0.1186  0.1750  0.2147  0.2375
  0.2441  0.2366  0.2186  0.1954  0.1709  0.1471  0.1243  0.1026  0.0816  0.0605
  0.0388
 -2.1977 -1.9046 -1.6274 -1.3727 -1.1455 -0.9473 -0.7771 -0.6321 -0.5087 -0.4026
 -0.3098 -0.2281 -0.1558 -0.0926 -0.0452  0.0724  0.1418  0.1907  0.2266
 [Fe/H] = -0.75 [alpha/Fe] = 0.00 BC value =  R   
 -3.4529 -3.2452 -3.0523 -2.8626 -2.6756 -2.4439 -2.1159 -1.6871 -1.2770 -0.9435
 -0.6966 -0.5189 -0.3863 -0.2809 -0.1925 -0.0211  0.1046  0.1945  0.2559
 -3.2185 -2.9968 -2.7930 -2.5965 -2.3976 -2.1753 -1.8784 -1.5186 -1.1713 -0.8786
 -0.6511 -0.4824 -0.3559 -0.2560 -0.1726 -0.0098  0.1075  0.1898  0.2445  0.2776
 -3.0527 -2.8195 -2.6030 -2.3947 -2.1872 -1.9702 -1.7094 -1.4041 -1.1050 -0.8431
 -0.6303 -0.4665 -0.3421 -0.2445 -0.1637 -0.0068  0.1053  0.1831  0.2343  0.2653
  0.2816
 -2.8651 -2.6519 -2.4432 -2.2344 -2.0222 -1.8049 -1.5728 -1.3119 -1.0520 -0.8173
 -0.6190 -0.4603 -0.3368 -0.2399 -0.1605 -0.0079  0.1008  0.1760  0.2249  0.2544
  0.2695  0.2757
 -2.7002 -2.4348 -2.1900 -2.0091 -1.8372 -1.6517 -1.4456 -1.2240 -0.9999 -0.7911
 -0.6086 -0.4567 -0.3349 -0.2383 -0.1596 -0.0101  0.0959  0.1694  0.2169  0.2451
  0.2590  0.2640  0.2636  0.2588
 -2.5857 -2.2576 -1.9884 -1.7570 -1.5591 -1.3872 -1.2342 -1.0817 -0.9180 -0.7497
 -0.5908 -0.4506 -0.3327 -0.2370 -0.1588 -0.0116  0.0922  0.1644  0.2109  0.2379
  0.2506  0.2538  0.2518  0.2464  0.2376  0.2258  0.2092  0.1858  0.1560  0.1254
 -2.5343 -2.2046 -1.8975 -1.6250 -1.3928 -1.1959 -1.0254 -0.8743 -0.7431 -0.6325
 -0.5305 -0.4270 -0.3253 -0.2340 -0.1566 -0.0114  0.0905  0.1616  0.2073  0.2335
  0.2449  0.2460  0.2415  0.2341  0.2245  0.2124  0.1974  0.1787  0.1542  0.1224
  0.0888
 -2.5400 -2.2016 -1.8740 -1.5748 -1.3161 -1.1000 -0.9192 -0.7647 -0.6303 -0.5150
 -0.4209 -0.3471 -0.2825 -0.2170 -0.1503 -0.0089  0.0913  0.1612  0.2067  0.2323
  0.2425  0.2416  0.2339  0.2234  0.2115  0.1983  0.1833  0.1659  0.1454  0.1194
  0.0853
 -2.5419 -2.2064 -1.8755 -1.5640 -1.2892 -1.0584 -0.8679 -0.7097 -0.5758 -0.4612
 -0.3633 -0.2818 -0.2167 -0.1648 -0.1182 -0.0015  0.0959  0.1645  0.2095  0.2347
  0.2440  0.2411  0.2302  0.2158  0.2003  0.1843  0.1676  0.1500  0.1306  0.1083
  0.0808
 -2.5348 -2.2098 -1.8838 -1.5734 -1.2933 -1.0535 -0.8557 -0.6919 -0.5559 -0.4407
 -0.3421 -0.2576 -0.1860 -0.1268 -0.0786  0.0172  0.1032  0.1701  0.2146  0.2400
  0.2492  0.2452  0.2317  0.2131  0.1931  0.1733  0.1536  0.1340  0.1139  0.0924
  0.0685
 -2.5208 -2.1987 -1.8840 -1.5813 -1.3056 -1.0650 -0.8627 -0.6945 -0.5553 -0.4381
 -0.3377 -0.2509 -0.1759 -0.1117 -0.0575  0.0423  0.1180  0.1791  0.2224  0.2479
  0.2574  0.2532  0.2381  0.2161  0.1915  0.1669  0.1429  0.1199  0.0974  0.0748
  0.0514
 -2.5059 -2.1845 -1.8754 -1.5828 -1.3169 -1.0818 -0.8799 -0.7095 -0.5670 -0.4469
 -0.3441 -0.2548 -0.1766 -0.1086 -0.0549  0.0738  0.1403  0.1915  0.2329
 [Fe/H] = -0.50 [alpha/Fe] = 0.00 BC value =  R   
 -3.7693 -3.5558 -3.3565 -3.1614 -2.9759 -2.7402 -2.3888 -1.9074 -1.4230 -1.0233
 -0.7336 -0.5293 -0.3826 -0.2711 -0.1808 -0.0083  0.1160  0.2055  0.2672
 -3.5052 -3.2772 -3.0705 -2.8758 -2.6836 -2.4671 -2.1579 -1.7504 -1.3329 -0.9738
 -0.6990 -0.5008 -0.3577 -0.2499 -0.1631  0.0013  0.1187  0.2013  0.2567  0.2913
 -3.3193 -3.0771 -2.8586 -2.6554 -2.4599 -2.2550 -1.9873 -1.6419 -1.2812 -0.9554
 -0.6925 -0.4948 -0.3502 -0.2421 -0.1565  0.0035  0.1164  0.1951  0.2472  0.2796
  0.2970
 -3.1622 -2.9196 -2.6960 -2.4851 -2.2810 -2.0765 -1.8440 -1.5512 -1.2389 -0.9459
 -0.6969 -0.5006 -0.3527 -0.2421 -0.1559  0.0018  0.1119  0.1884  0.2384  0.2694
  0.2859  0.2923
 -2.9111 -2.6946 -2.5057 -2.3204 -2.1285 -1.9268 -1.7120 -1.4635 -1.1941 -0.9331
 -0.7017 -0.5103 -0.3603 -0.2461 -0.1581 -0.0012  0.1069  0.1820  0.2308  0.2606
  0.2763  0.2819  0.2811  0.2756
 -2.7413 -2.4666 -2.2359 -2.0437 -1.8788 -1.7242 -1.5553 -1.3552 -1.1324 -0.9075
 -0.6989 -0.5178 -0.3691 -0.2523 -0.1615 -0.0038  0.1027  0.1768  0.2250  0.2538
  0.2685  0.2729  0.2709  0.2648  0.2550  0.2416  0.2233  0.1986  0.1678  0.1366
 -2.6811 -2.3670 -2.0861 -1.8430 -1.6365 -1.4567 -1.2927 -1.1353 -0.9802 -0.8243
 -0.6655 -0.5116 -0.3740 -0.2582 -0.1652 -0.0053  0.1002  0.1734  0.2212  0.2494
  0.2631  0.2662  0.2622  0.2542  0.2435  0.2301  0.2137  0.1932  0.1669  0.1341
  0.1001
 -2.6821 -2.3477 -2.0342 -1.7509 -1.5060 -1.2973 -1.1159 -0.9510 -0.7978 -0.6612
 -0.5459 -0.4461 -0.3503 -0.2553 -0.1674 -0.0051  0.0999  0.1723  0.2200  0.2478
  0.2606  0.2622  0.2558  0.2451  0.2322  0.2176  0.2010  0.1820  0.1597  0.1319
  0.0970
 -2.7031 -2.3618 -2.0335 -1.7255 -1.4509 -1.2163 -1.0185 -0.8488 -0.6988 -0.5647
 -0.4477 -0.3507 -0.2735 -0.2088 -0.1471 -0.0019  0.1031  0.1746  0.2219  0.2495
  0.2615  0.2615  0.2526  0.2386  0.2224  0.2053  0.1871  0.1678  0.1466  0.1224
  0.0932
 -2.7242 -2.3884 -2.0562 -1.7386 -1.4468 -1.1929 -0.9795 -0.8013 -0.6507 -0.5204
 -0.4065 -0.3080 -0.2253 -0.1581 -0.1036  0.0091  0.1076  0.1788  0.2258  0.2536
  0.2655  0.2645  0.2537  0.2364  0.2164  0.1956  0.1746  0.1534  0.1315  0.1082
  0.0825
 -2.7421 -2.4048 -2.0793 -1.7598 -1.4637 -1.2002 -0.9752 -0.7881 -0.6327 -0.5017
 -0.3893 -0.2918 -0.2075 -0.1357 -0.0757  0.0337  0.1182  0.1858  0.2324  0.2603
  0.2724  0.2710  0.2590  0.2392  0.2153  0.1903  0.1653  0.1408  0.1167  0.0922
  0.0669
 -2.7610 -2.4191 -2.0918 -1.7796 -1.4856 -1.2217 -0.9921 -0.7984 -0.6369 -0.5021
 -0.3880 -0.2897 -0.2042 -0.1299 -0.0634  0.0719  0.1349  0.1956  0.2417
 [Fe/H] = -0.25 [alpha/Fe] = 0.00 BC value =  R   
 -4.0582 -3.8531 -3.6592 -3.4670 -3.2797 -3.0319 -2.6526 -2.1265 -1.5894 -1.1332
 -0.7961 -0.5598 -0.3935 -0.2715 -0.1757  0.0005  0.1254  0.2152  0.2775
 -3.7788 -3.5539 -3.3499 -3.1589 -2.9705 -2.7545 -2.4330 -1.9893 -1.5155 -1.0950
 -0.7715 -0.5387 -0.3737 -0.2536 -0.1606  0.0087  0.1276  0.2114  0.2678  0.3041
 -3.5763 -3.3322 -3.1140 -2.9149 -2.7281 -2.5325 -2.2632 -1.8909 -1.4785 -1.0922
 -0.7778 -0.5426 -0.3730 -0.2499 -0.1565  0.0101  0.1253  0.2056  0.2588  0.2926
  0.3116
 -3.4210 -3.1647 -2.9342 -2.7242 -2.5289 -2.3390 -2.1141 -1.8030 -1.4481 -1.0988
 -0.7973 -0.5602 -0.3839 -0.2551 -0.1588  0.0077  0.1206  0.1991  0.2505  0.2828
  0.3009  0.3084
 -3.2212 -2.9931 -2.7752 -2.5679 -2.3689 -2.1741 -1.9715 -1.7140 -1.4103 -1.0999
 -0.8176 -0.5835 -0.4017 -0.2660 -0.1649  0.0039  0.1154  0.1928  0.2433  0.2744
  0.2918  0.2987  0.2984  0.2932
 -2.9467 -2.7061 -2.5124 -2.3482 -2.1897 -2.0204 -1.8315 -1.6144 -1.3583 -1.0873
 -0.8296 -0.6050 -0.4220 -0.2805 -0.1736  0.0000  0.1107  0.1873  0.2375  0.2678
  0.2844  0.2905  0.2892  0.2830  0.2730  0.2588  0.2395  0.2133  0.1818  0.1499
 -2.8233 -2.5287 -2.2789 -2.0734 -1.9028 -1.7538 -1.6102 -1.4488 -1.2567 -1.0413
 -0.8216 -0.6172 -0.4402 -0.2964 -0.1841 -0.0031  0.1074  0.1833  0.2334  0.2634
  0.2790  0.2842  0.2815  0.2738  0.2628  0.2489  0.2316  0.2097  0.1818  0.1481
  0.1137
 -2.7981 -2.4715 -2.1782 -1.9231 -1.7076 -1.5239 -1.3592 -1.1995 -1.0381 -0.8818
 -0.7317 -0.5842 -0.4400 -0.3078 -0.1953 -0.0058  0.1061  0.1813  0.2313  0.2613
  0.2762  0.2801  0.2758  0.2660  0.2531  0.2379  0.2203  0.2003  0.1764  0.1469
  0.1111
 -2.8193 -2.4784 -2.1591 -1.8678 -1.6117 -1.3926 -1.2041 -1.0345 -0.8738 -0.7210
 -0.5834 -0.4669 -0.3681 -0.2782 -0.1906 -0.0065  0.1079  0.1828  0.2324  0.2622
  0.2764  0.2789  0.2728  0.2604  0.2447  0.2272  0.2081  0.1876  0.1649  0.1392
  0.1082
 -2.8631 -2.5169 -2.1867 -1.8750 -1.5898 -1.3403 -1.1274 -0.9451 -0.7847 -0.6390
 -0.5066 -0.3900 -0.2924 -0.2130 -0.1471 -0.0041  0.1103  0.1858  0.2353  0.2653
  0.2794  0.2810  0.2732  0.2585  0.2397  0.2189  0.1972  0.1749  0.1516  0.1267
  0.0992
 -2.9082 -2.5589 -2.2262 -1.9055 -1.6060 -1.3359 -1.1025 -0.9055 -0.7385 -0.5947
 -0.4680 -0.3561 -0.2585 -0.1759 -0.1077  0.0177  0.1161  0.1912  0.2409  0.2710
  0.2852  0.2864  0.2774  0.2607  0.2389  0.2145  0.1893  0.1639  0.1384  0.1125
  0.0855
 -2.9570 -2.6007 -2.2633 -1.9423 -1.6368 -1.3579 -1.1118 -0.9018 -0.7256 -0.5777
 -0.4515 -0.3420 -0.2463 -0.1631 -0.0724  0.0589  0.1253  0.1990  0.2492
 [Fe/H] =  0.00 [alpha/Fe] = 0.00 BC value =  R   
 -4.2708 -4.0878 -3.9157 -3.7448 -3.5523 -3.2828 -2.8646 -2.2915 -1.7324 -1.2358
 -0.8589 -0.5919 -0.4046 -0.2684 -0.1657  0.0165  0.1416  0.2313  0.2940
 -3.9972 -3.7890 -3.6011 -3.4262 -3.2478 -3.0265 -2.6737 -2.1864 -1.6752 -1.2093
 -0.8436 -0.5779 -0.3895 -0.2542 -0.1526  0.0238  0.1440  0.2287  0.2859  0.3230
 -3.7928 -3.5587 -3.3504 -3.1626 -2.9869 -2.7956 -2.5131 -2.1086 -1.6563 -1.2218
 -0.8624 -0.5916 -0.3959 -0.2553 -0.1513  0.0247  0.1421  0.2239  0.2782  0.3127
  0.3326
 -3.6383 -3.3831 -3.1550 -2.9506 -2.7654 -2.5868 -2.3625 -2.0331 -1.6425 -1.2456
 -0.8968 -0.6214 -0.4161 -0.2669 -0.1575  0.0215  0.1377  0.2182  0.2710  0.3041
  0.3232  0.3312
 -3.4414 -3.2313 -2.9968 -2.7823 -2.5853 -2.4018 -2.2108 -1.9472 -1.6168 -1.2633
 -0.9334 -0.6582 -0.4447 -0.2859 -0.1689  0.0165  0.1323  0.2122  0.2646  0.2968
  0.3151  0.3228  0.3224  0.3159
 -3.1999 -2.9916 -2.8013 -2.6147 -2.4300 -2.2463 -2.0611 -1.8462 -1.5720 -1.2644
 -0.9616 -0.6946 -0.4772 -0.3098 -0.1844  0.0109  0.1271  0.2065  0.2590  0.2909
  0.3085  0.3157  0.3148  0.3080  0.2968  0.2814  0.2599  0.2311  0.1983  0.1649
 -2.9754 -2.7087 -2.4952 -2.3256 -2.1834 -2.0480 -1.8998 -1.7210 -1.4999 -1.2416
 -0.9735 -0.7231 -0.5088 -0.3362 -0.2030  0.0049  0.1229  0.2019  0.2547  0.2867
  0.3037  0.3101  0.3083  0.3005  0.2886  0.2736  0.2545  0.2300  0.1994  0.1644
  0.1286
 -2.9009 -2.5878 -2.3189 -2.0968 -1.9167 -1.7659 -1.6294 -1.4902 -1.3287 -1.1425
 -0.9380 -0.7285 -0.5317 -0.3617 -0.2237 -0.0014  0.1203  0.1992  0.2519  0.2842
  0.3009  0.3064  0.3034  0.2942  0.2809  0.2645  0.2453  0.2230  0.1968  0.1645
  0.1272
 -2.9060 -2.5677 -2.2618 -1.9935 -1.7661 -1.5757 -1.4112 -1.2572 -1.0998 -0.9378
 -0.7808 -0.6340 -0.4948 -0.3611 -0.2368 -0.0072  0.1202  0.1995  0.2520  0.2843
  0.3006  0.3051  0.3007  0.2898  0.2742  0.2560  0.2355  0.2129  0.1879  0.1595
  0.1257
 -2.9575 -2.6053 -2.2798 -1.9806 -1.7142 -1.4845 -1.2883 -1.1162 -0.9564 -0.8008
 -0.6509 -0.5145 -0.3970 -0.2969 -0.2087 -0.0145  0.1196  0.2010  0.2536  0.2862
  0.3026  0.3064  0.3008  0.2882  0.2704  0.2495  0.2268  0.2026  0.1771  0.1494
  0.1194
 -3.0212 -2.6639 -2.3268 -2.0122 -1.7210 -1.4606 -1.2348 -1.0411 -0.8724 -0.7205
 -0.5799 -0.4507 -0.3361 -0.2384 -0.1572 -0.0019  0.1201  0.2043  0.2577  0.2906
  0.3073  0.3108  0.3042  0.2900  0.2700  0.2464  0.2205  0.1937  0.1663  0.1379
  0.1082
 -3.0923 -2.7273 -2.3841 -2.0603 -1.7564 -1.4773 -1.2297 -1.0160 -0.8337 -0.6772
 -0.5401 -0.4176 -0.3083 -0.2125 -0.0823  0.0306  0.1217  0.2094  0.2643
 [Fe/H] =  0.25 [alpha/Fe] = 0.00 BC value =  R   
 -4.3968 -4.2444 -4.1080 -3.9186 -3.6573 -3.3216 -2.9102 -2.4224 -1.8772 -1.3619
 -0.9481 -0.6473 -0.4342 -0.2815 -0.1661  0.0273  0.1553  0.2453  0.3091
 -4.1405 -3.9609 -3.8044 -3.6633 -3.5131 -3.2870 -2.9065 -2.3651 -1.8364 -1.3438
 -0.9396 -0.6393 -0.4242 -0.2699 -0.1561  0.0332  0.1570  0.2436  0.3026  0.3405
 -3.9456 -3.7349 -3.5511 -3.3901 -3.2389 -3.0582 -2.7626 -2.3166 -1.8316 -1.3660
 -0.9687 -0.6619 -0.4379 -0.2762 -0.1579  0.0333  0.1552  0.2396  0.2960  0.3317
  0.3536
 -3.7986 -3.5595 -3.3475 -3.1613 -2.9966 -2.8333 -2.6097 -2.2570 -1.8344 -1.4021
 -1.0153 -0.7027 -0.4672 -0.2946 -0.1686  0.0291  0.1508  0.2343  0.2896  0.3240
  0.3440  0.3530
 -3.6734 -3.4176 -3.1861 -2.9783 -2.7944 -2.6261 -2.4454 -2.1763 -1.8222 -1.4345
 -1.0651 -0.7520 -0.5065 -0.3222 -0.1863  0.0226  0.1451  0.2284  0.2835  0.3173
  0.3366  0.3454  0.3455  0.3389
 -3.4751 -3.2485 -3.0292 -2.8220 -2.6286 -2.4491 -2.2781 -2.0693 -1.7846 -1.4486
 -1.1070 -0.8022 -0.5508 -0.3560 -0.2095  0.0144  0.1393  0.2224  0.2778  0.3118
  0.3305  0.3387  0.3386  0.3320  0.3205  0.3041  0.2815  0.2507  0.2171  0.1823
 -3.1498 -2.9309 -2.7497 -2.5964 -2.4449 -2.2878 -2.1228 -1.9433 -1.7169 -1.4361
 -1.1326 -0.8442 -0.5948 -0.3932 -0.2370  0.0050  0.1341  0.2173  0.2731  0.3075
  0.3259  0.3334  0.3327  0.3256  0.3138  0.2980  0.2778  0.2522  0.2194  0.1833
  0.1462
 -2.9989 -2.7100 -2.4736 -2.2883 -2.1425 -2.0205 -1.9047 -1.7730 -1.6016 -1.3836
 -1.1306 -0.8709 -0.6325 -0.4300 -0.2670 -0.0061  0.1299  0.2137  0.2696  0.3046
  0.3230  0.3298  0.3283  0.3202  0.3074  0.2911  0.2712  0.2476  0.2194  0.1847
  0.1462
 -2.9689 -2.6424 -2.3555 -2.1153 -1.9209 -1.7638 -1.6299 -1.5038 -1.3673 -1.2076
 -1.0276 -0.8351 -0.6394 -0.4548 -0.2936 -0.0176  0.1277  0.2130  0.2688  0.3039
  0.3224  0.3285  0.3258  0.3165  0.3022  0.2844  0.2635  0.2399  0.2131  0.1825
  0.1461
 -3.0114 -2.6644 -2.3469 -2.0650 -1.8235 -1.6219 -1.4531 -1.3042 -1.1597 -1.0076
 -0.8513 -0.6976 -0.5540 -0.4203 -0.2951 -0.0334  0.1240  0.2132  0.2694  0.3048
  0.3237  0.3295  0.3258  0.3152  0.2993  0.2795  0.2567  0.2319  0.2049  0.1753
  0.1427
 -3.0847 -2.7265 -2.3923 -2.0855 -1.8097 -1.5689 -1.3631 -1.1865 -1.0287 -0.8790
 -0.7310 -0.5875 -0.4553 -0.3391 -0.2388 -0.0349  0.1194  0.2145  0.2722  0.3081
  0.3273  0.3332  0.3288  0.3168  0.2992  0.2773  0.2521  0.2250  0.1963  0.1661
  0.1342
 -3.1725 -2.8041 -2.4608 -2.1376 -1.8424 -1.5740 -1.3377 -1.1337 -0.9570 -0.8012
 -0.6583 -0.5247 -0.4009 -0.2897 -0.1247 -0.0221  0.1139  0.2169  0.2772
 [Fe/H] =  0.50 [alpha/Fe] = 0.00 BC value =  R   
 -4.4458 -4.5496 -4.5024 -4.3196 -4.0152 -3.6013 -3.0884 -2.5198 -2.0044 -1.4937
 -1.0521 -0.7184 -0.4786 -0.3049 -0.1768  0.0350  0.1672  0.2592  0.3242
 -4.2078 -4.0638 -3.9480 -3.8514 -3.7312 -3.5034 -3.0896 -2.5047 -1.9765 -1.4790
 -1.0482 -0.7164 -0.4734 -0.2977 -0.1685  0.0394  0.1688  0.2585  0.3206  0.3609
 -4.0246 -3.8457 -3.6984 -3.5774 -3.4645 -3.3053 -2.9944 -2.4995 -1.9873 -1.5076
 -1.0851 -0.7471 -0.4944 -0.3095 -0.1741  0.0383  0.1672  0.2551  0.3142  0.3517
  0.3748
 -3.8878 -3.6760 -3.4927 -3.3387 -3.2076 -3.0691 -2.8462 -2.4658 -2.0062 -1.5528
 -1.1392 -0.7973 -0.5326 -0.3353 -0.1902  0.0329  0.1626  0.2500  0.3084  0.3449
  0.3660  0.3758
 -3.7813 -3.5436 -3.3306 -3.1441 -2.9870 -2.8423 -2.6726 -2.3954 -2.0117 -1.5956
 -1.1991 -0.8570 -0.5820 -0.3717 -0.2148  0.0240  0.1565  0.2441  0.3026  0.3388
  0.3593  0.3688  0.3696  0.3631
 -3.6535 -3.4145 -3.1915 -2.9871 -2.8035 -2.6410 -2.4878 -2.2828 -1.9849 -1.6231
 -1.2538 -0.9178 -0.6374 -0.4156 -0.2465  0.0126  0.1499  0.2379  0.2969  0.3334
  0.3536  0.3627  0.3634  0.3572  0.3454  0.3284  0.3046  0.2733  0.2381  0.2018
 -3.3710 -3.1400 -2.9951 -2.8176 -2.6428 -2.4739 -2.3130 -2.1445 -1.9182 -1.6219
 -1.2920 -0.9728 -0.6926 -0.4632 -0.2834 -0.0015  0.1434  0.2323  0.2917  0.3290
  0.3492  0.3577  0.3580  0.3516  0.3401  0.3241  0.3031  0.2762  0.2415  0.2046
  0.1660
 -3.0989 -2.8504 -2.6573 -2.5098 -2.3872 -2.2692 -2.1406 -1.9941 -1.8152 -1.5824
 -1.3028 -1.0117 -0.7415 -0.5108 -0.3232 -0.0186  0.1372  0.2279  0.2876  0.3256
  0.3462  0.3543  0.3539  0.3469  0.3349  0.3188  0.2986  0.2741  0.2442  0.2073
  0.1678
 -3.0148 -2.7110 -2.4535 -2.2474 -2.0883 -1.9634 -1.8584 -1.7571 -1.6357 -1.4705
 -1.2589 -1.0162 -0.7714 -0.5486 -0.3594 -0.0367  0.1322  0.2262  0.2860  0.3243
  0.3453  0.3531  0.3517  0.3437  0.3307  0.3137  0.2930  0.2688  0.2408  0.2080
  0.1691
 -3.0339 -2.7002 -2.3994 -2.1409 -1.9283 -1.7581 -1.6200 -1.4996 -1.3821 -1.2512
 -1.0973 -0.9248 -0.7427 -0.5610 -0.3897 -0.0604  0.1244  0.2247  0.2856  0.3243
  0.3459  0.3539  0.3518  0.3428  0.3285  0.3101  0.2881  0.2631  0.2351  0.2039
  0.1689
 -3.1057 -2.7542 -2.4295 -2.1356 -1.8794 -1.6631 -1.4838 -1.3325 -1.1965 -1.0620
 -0.9198 -0.7716 -0.6242 -0.4848 -0.3553 -0.0788  0.1144  0.2238  0.2872  0.3265
  0.3487  0.3570  0.3546  0.3445  0.3288  0.3088  0.2849  0.2581  0.2289  0.1974
  0.1635
 -3.1983 -2.8380 -2.4977 -2.1846 -1.8995 -1.6477 -1.4305 -1.2455 -1.0856 -0.9411
 -0.8022 -0.6644 -0.5295 -0.4035 -0.2562 -0.0919  0.1022  0.2235  0.2908
 [Fe/H] =  0.75 [alpha/Fe] = 0.00 BC value =  R   
 -4.4376 -4.3760 -4.2340 -4.0198 -3.7411 -3.4044 -3.0155 -2.5794 -2.1052 -1.6198
 -1.1667 -0.8040 -0.5364 -0.3418 -0.1965  0.0387  0.1778  0.2724  0.3394
 -4.2143 -4.1078 -4.0410 -3.9920 -3.8780 -3.6288 -3.1910 -2.6005 -2.0930 -1.6096
 -1.1679 -0.8082 -0.5375 -0.3384 -0.1917  0.0406  0.1789  0.2722  0.3363  0.3781
 -4.0388 -3.8952 -3.7939 -3.7192 -3.6515 -3.5237 -3.1982 -2.6436 -2.1192 -1.6416
 -1.2080 -0.8460 -0.5658 -0.3567 -0.2020  0.0379  0.1766  0.2693  0.3316  0.3716
  0.3949
 -3.9073 -3.7305 -3.5853 -3.4738 -3.3861 -3.2817 -3.0700 -2.6576 -2.1576 -1.6929
 -1.2670 -0.9035 -0.6122 -0.3902 -0.2242  0.0303  0.1716  0.2645  0.3265  0.3657
  0.3884  0.3990
 -3.8126 -3.6039 -3.4215 -3.2691 -3.1510 -3.0403 -2.8889 -2.6034 -2.1839 -1.7439
 -1.3332 -0.9707 -0.6709 -0.4353 -0.2563  0.0186  0.1649  0.2584  0.3209  0.3602
  0.3825  0.3929  0.3943  0.3881
 -3.7248 -3.4992 -3.2924 -3.1081 -2.9500 -2.8177 -2.6886 -2.4884 -2.1744 -1.7853
 -1.3950 -1.0396 -0.7356 -0.4888 -0.2968  0.0028  0.1572  0.2520  0.3151  0.3551
  0.3774  0.3876  0.3889  0.3831  0.3712  0.3537  0.3285  0.2957  0.2611  0.2233
 -3.5402 -3.3431 -3.1505 -2.9639 -2.7897 -2.6323 -2.4916 -2.3371 -2.1099 -1.7965
 -1.4439 -1.1024 -0.7991 -0.5461 -0.3431 -0.0172  0.1490  0.2459  0.3096  0.3504
  0.3731  0.3831  0.3841  0.3783  0.3670  0.3508  0.3294  0.3011  0.2655  0.2280
  0.1878
 -3.2055 -3.0209 -2.8648 -2.7310 -2.6012 -2.4617 -2.3187 -2.1741 -2.0003 -1.7630
 -1.4651 -1.1511 -0.8588 -0.6032 -0.3922 -0.0414  0.1400  0.2406  0.3049  0.3466
  0.3700  0.3799  0.3805  0.3743  0.3629  0.3470  0.3268  0.3017  0.2705  0.2320
  0.1916
 -3.0477 -2.7808 -2.5656 -2.3992 -2.2760 -2.1787 -2.0878 -1.9853 -1.8538 -1.6750
 -1.4410 -1.1698 -0.8975 -0.6495 -0.4370 -0.0668  0.1312  0.2377  0.3027  0.3446
  0.3687  0.3786  0.3786  0.3717  0.3596  0.3433  0.3230  0.2987  0.2699  0.2355
  0.1945
 -3.0284 -2.7191 -2.4459 -2.2182 -2.0395 -1.9023 -1.7942 -1.7024 -1.6119 -1.5000
 -1.3436 -1.1417 -0.9138 -0.6875 -0.4814 -0.0984  0.1184  0.2342  0.3013  0.3437
  0.3686  0.3791  0.3788  0.3711  0.3581  0.3408  0.3197  0.2950  0.2667  0.2341
  0.1974
 -3.0844 -2.7530 -2.4454 -2.1721 -1.9407 -1.7527 -1.6023 -1.4787 -1.3691 -1.2599
 -1.1377 -0.9932 -0.8304 -0.6590 -0.4898 -0.1293  0.1024  0.2303  0.3017  0.3450
  0.3704  0.3816  0.3814  0.3729  0.3588  0.3403  0.3178  0.2920  0.2629  0.2307
  0.1949
 -3.1785 -2.8329 -2.5065 -2.2061 -1.9370 -1.7052 -1.5112 -1.3501 -1.2128 -1.0881
 -0.9644 -0.8336 -0.6975 -0.5592 -0.4622 -0.1595  0.0832  0.2260  0.3039
 [Fe/H] =  1.00 [alpha/Fe] = 0.00 BC value =  R   
 -4.3939 -4.3442 -4.2154 -4.0157 -3.7524 -3.4321 -3.0603 -2.6422 -2.1910 -1.7377
 -1.2853 -0.9004 -0.6066 -0.3890 -0.2268  0.0348  0.1872  0.2845  0.3545
 -4.1778 -4.6137 -4.7764 -4.6939 -4.3907 -3.8887 -3.2537 -2.6789 -2.1936 -1.7324
 -1.2909 -0.9118 -0.6152 -0.3925 -0.2264  0.0346  0.1858  0.2847  0.3512  0.3959
 -4.0015 -4.2200 -3.8488 -3.8223 -3.7982 -3.7056 -3.3340 -2.7449 -2.2320 -1.7648
 -1.3335 -0.9557 -0.6512 -0.4179 -0.2427  0.0299  0.1822  0.2810  0.3472  0.3902
  0.4157
 -3.8683 -3.7325 -3.6317 -3.5679 -3.5269 -3.4611 -3.2680 -2.8169 -2.2908 -1.8205
 -1.3955 -1.0191 -0.7053 -0.4594 -0.2718  0.0193  0.1763  0.2761  0.3425  0.3851
  0.4101  0.4221
 -3.7769 -3.6041 -3.4601 -3.3507 -3.2788 -3.2091 -3.0839 -2.7954 -2.3413 -1.8805
 -1.4628 -1.0899 -0.7715 -0.5130 -0.3119  0.0036  0.1685  0.2699  0.3371  0.3801
  0.4050  0.4168  0.4189  0.4129
 -3.7088 -3.5101 -3.3323 -3.1809 -3.0611 -2.9694 -2.8717 -2.6824 -2.3511 -1.9345
 -1.5302 -1.1636 -0.8430 -0.5751 -0.3612 -0.0175  0.1592  0.2631  0.3313  0.3752
  0.4003  0.4121  0.4143  0.4091  0.3977  0.3790  0.3524  0.3203  0.2854  0.2463
 -3.6040 -3.4059 -3.2198 -3.0465 -2.8930 -2.7636 -2.6548 -2.5203 -2.2926 -1.9588
 -1.5866 -1.2324 -0.9130 -0.6409 -0.4165 -0.0443  0.1484  0.2564  0.3255  0.3704
  0.3963  0.4083  0.4103  0.4052  0.3947  0.3784  0.3557  0.3261  0.2907  0.2529
  0.2113
 -3.3157 -3.1743 -3.0296 -2.8828 -2.7370 -2.5955 -2.4634 -2.3393 -2.1749 -1.9332
 -1.6182 -1.2867 -0.9780 -0.7054 -0.4740 -0.0764  0.1357  0.2500  0.3204  0.3662
  0.3931  0.4053  0.4073  0.4020  0.3910  0.3753  0.3552  0.3294  0.2969  0.2582
  0.2173
 -3.0686 -2.8514 -2.6874 -2.5649 -2.4697 -2.3780 -2.2748 -2.1583 -2.0229 -1.8438
 -1.6013 -1.3135 -1.0238 -0.7579 -0.5263 -0.1096  0.1220  0.2455  0.3176  0.3638
  0.3914  0.4041  0.4058  0.4001  0.3887  0.3728  0.3527  0.3287  0.2994  0.2637
  0.2217
 -2.9988 -2.7252 -2.4891 -2.3011 -2.1607 -2.0573 -1.9782 -1.9077 -1.8271 -1.7109
 -1.5368 -1.3090 -1.0547 -0.8054 -0.5785 -0.1492  0.1031  0.2393  0.3153  0.3622
  0.3906  0.4041  0.4061  0.3998  0.3878  0.3714  0.3510  0.3268  0.2986  0.2654
  0.2273
 -3.0287 -2.7249 -2.4445 -2.2005 -2.0005 -1.8441 -1.7238 -1.6283 -1.5460 -1.4638
 -1.3627 -1.2182 -1.0295 -0.8193 -0.6119 -0.1885  0.0806  0.2317  0.3142  0.3626
  0.3917  0.4060  0.4083  0.4018  0.3890  0.3717  0.3503  0.3254  0.2969  0.2646
  0.2282
 -3.1138 -2.7924 -2.4880 -2.2076 -1.9610 -1.7542 -1.5862 -1.4508 -1.3384 -1.2373
 -1.1370 -1.0262 -0.8949 -0.7446 -0.6265 -0.2275  0.0545  0.2227  0.3143
