 [Fe/H] = -2.50 [alpha/Fe] = 0.00 BC value =  V   
 -2.4965 -1.9421 -1.6709 -1.6770 -1.9603 -2.3282 -2.6208 -2.4694 -2.3211 -2.1630
 -1.9963 -1.8606 -1.6819 -1.5051 -1.3414 -0.9856 -0.6865 -0.4711 -0.3064
 -3.3052 -2.9641 -2.7153 -2.5496 -2.4397 -2.3371 -2.2258 -2.1106 -1.9948 -1.8767
 -1.7454 -1.5966 -1.4386 -1.2857 -1.1443 -0.8395 -0.6009 -0.4242 -0.2982 -0.2057
 -3.0829 -2.7623 -2.5086 -2.3097 -2.1580 -2.0498 -1.9724 -1.8898 -1.7862 -1.6686
 -1.5508 -1.4280 -1.2927 -1.1566 -1.0306 -0.7662 -0.5616 -0.4090 -0.2981 -0.2150
 -0.1498
 -2.9075 -2.6190 -2.3816 -2.1844 -2.0203 -1.8852 -1.7752 -1.6872 -1.6095 -1.5187
 -1.4100 -1.2996 -1.1847 -1.0648 -0.9505 -0.7124 -0.5330 -0.4000 -0.3021 -0.2270
 -0.1668 -0.1167
 -2.7413 -2.4890 -2.2754 -2.0914 -1.9311 -1.7915 -1.6702 -1.5648 -1.4717 -1.3868
 -1.2999 -1.2041 -1.1048 -0.9994 -0.8958 -0.6757 -0.5122 -0.3936 -0.3070 -0.2396
 -0.1845 -0.1379 -0.0973 -0.0599
 -2.5777 -2.3591 -2.1714 -2.0055 -1.8564 -1.7220 -1.6005 -1.4910 -1.3920 -1.3004
 -1.2131 -1.1268 -1.0410 -0.9506 -0.8582 -0.6518 -0.4973 -0.3872 -0.3096 -0.2501
 -0.2009 -0.1587 -0.1213 -0.0878 -0.0563 -0.0285 -0.0064  0.0081  0.0139  0.0102
 -2.4253 -2.2308 -2.0659 -1.9185 -1.7836 -1.6588 -1.5431 -1.4358 -1.3367 -1.2447
 -1.1574 -1.0730 -0.9909 -0.9097 -0.8279 -0.6376 -0.4875 -0.3806 -0.3079 -0.2555
 -0.2133 -0.1766 -0.1438 -0.1138 -0.0858 -0.0581 -0.0333 -0.0148 -0.0052 -0.0058
 -0.0155
 -2.2867 -2.1111 -1.9619 -1.8295 -1.7083 -1.5948 -1.4872 -1.3859 -1.2907 -1.2008
 -1.1159 -1.0346 -0.9557 -0.8786 -0.8026 -0.6266 -0.4823 -0.3753 -0.3031 -0.2548
 -0.2190 -0.1890 -0.1620 -0.1370 -0.1132 -0.0903 -0.0668 -0.0458 -0.0310 -0.0255
 -0.0311
 -2.1661 -2.0045 -1.8632 -1.7403 -1.6296 -1.5260 -1.4275 -1.3334 -1.2439 -1.1587
 -1.0774 -0.9997 -0.9249 -0.8522 -0.7805 -0.6143 -0.4764 -0.3711 -0.2971 -0.2490
 -0.2170 -0.1935 -0.1735 -0.1548 -0.1365 -0.1182 -0.1001 -0.0842 -0.0709 -0.0599
 -0.0510
 -2.0635 -1.9110 -1.7790 -1.6589 -1.5530 -1.4568 -1.3662 -1.2795 -1.1964 -1.1169
 -1.0407 -0.9674 -0.8968 -0.8286 -0.7619 -0.6044 -0.4715 -0.3679 -0.2929 -0.2426
 -0.2108 -0.1909 -0.1769 -0.1652 -0.1537 -0.1415 -0.1287 -0.1155 -0.1074 -0.0951
 -0.0799
 -1.9789 -1.8306 -1.7093 -1.5894 -1.4826 -1.3883 -1.3026 -1.2221 -1.1451 -1.0714
 -1.0006 -0.9326 -0.8669 -0.8032 -0.7413 -0.5943 -0.4656 -0.3638 -0.2887 -0.2367
 -0.2034 -0.1837 -0.1731 -0.1672 -0.1626 -0.1574 -0.1512 -0.1437 -0.1352 -0.1266
 -0.1190
 -1.9123 -1.7633 -1.6541 -1.5325 -1.4223 -1.3255 -1.2399 -1.1624 -1.0901 -1.0217
 -0.9561 -0.8934 -0.8330 -0.7745 -0.7187 -0.5840 -0.4587 -0.3588 -0.2845
 [Fe/H] = -2.00 [alpha/Fe] = 0.00 BC value =  V   
 -3.9596 -3.3839 -2.9669 -2.7011 -2.5804 -2.5328 -2.4980 -2.3411 -2.1862 -2.0268
 -1.8599 -1.7006 -1.5290 -1.3673 -1.2200 -0.9065 -0.6501 -0.4535 -0.3019
 -3.6839 -3.2760 -2.9823 -2.7351 -2.5214 -2.3418 -2.1891 -2.0535 -1.9247 -1.7948
 -1.6575 -1.5095 -1.3565 -1.2109 -1.0782 -0.8020 -0.5853 -0.4173 -0.2929 -0.1989
 -3.3716 -2.9409 -2.6185 -2.3856 -2.2297 -2.1091 -1.9853 -1.8590 -1.7378 -1.6221
 -1.5059 -1.3824 -1.2478 -1.1134 -0.9899 -0.7375 -0.5469 -0.4009 -0.2915 -0.2086
 -0.1432
 -3.2033 -2.7894 -2.4690 -2.2229 -2.0354 -1.8943 -1.7943 -1.7153 -1.6222 -1.5114
 -1.3988 -1.2887 -1.1733 -1.0513 -0.9362 -0.6963 -0.5217 -0.3913 -0.2940 -0.2192
 -0.1590 -0.1087
 -3.0856 -2.6989 -2.3935 -2.1516 -1.9585 -1.8039 -1.6790 -1.5773 -1.4963 -1.4209
 -1.3284 -1.2252 -1.1197 -1.0105 -0.9017 -0.6720 -0.5057 -0.3853 -0.2975 -0.2302
 -0.1753 -0.1287 -0.0883 -0.0528
 -2.9813 -2.6262 -2.3407 -2.1097 -1.9196 -1.7613 -1.6283 -1.5149 -1.4160 -1.3285
 -1.2494 -1.1674 -1.0776 -0.9802 -0.8801 -0.6584 -0.4958 -0.3805 -0.2993 -0.2392
 -0.1903 -0.1483 -0.1112 -0.0781 -0.0481 -0.0215  0.0007  0.0162  0.0205  0.0161
 -2.8818 -2.5568 -2.2927 -2.0747 -1.8914 -1.7347 -1.5993 -1.4811 -1.3762 -1.2810
 -1.1926 -1.1096 -1.0303 -0.9482 -0.8605 -0.6511 -0.4897 -0.3757 -0.2978 -0.2436
 -0.2014 -0.1651 -0.1327 -0.1031 -0.0758 -0.0505 -0.0282 -0.0098  0.0018  0.0008
 -0.0090
 -2.7905 -2.4913 -2.2458 -2.0402 -1.8645 -1.7117 -1.5772 -1.4574 -1.3500 -1.2523
 -1.1613 -1.0753 -0.9940 -0.9153 -0.8371 -0.6458 -0.4866 -0.3715 -0.2938 -0.2426
 -0.2064 -0.1767 -0.1501 -0.1256 -0.1022 -0.0800 -0.0593 -0.0408 -0.0255 -0.0186
 -0.0247
 -2.7106 -2.4312 -2.1991 -2.0034 -1.8348 -1.6864 -1.5539 -1.4346 -1.3267 -1.2281
 -1.1370 -1.0513 -0.9696 -0.8912 -0.8151 -0.6362 -0.4836 -0.3676 -0.2880 -0.2368
 -0.2041 -0.1807 -0.1610 -0.1426 -0.1248 -0.1071 -0.0899 -0.0734 -0.0588 -0.0479
 -0.0443
 -2.6540 -2.3896 -2.1647 -1.9736 -1.8087 -1.6631 -1.5324 -1.4138 -1.3059 -1.2074
 -1.1167 -1.0322 -0.9523 -0.8756 -0.8014 -0.6287 -0.4815 -0.3663 -0.2841 -0.2304
 -0.1978 -0.1779 -0.1642 -0.1528 -0.1416 -0.1299 -0.1179 -0.1055 -0.0933 -0.0827
 -0.0727
 -2.6176 -2.3650 -2.1433 -1.9527 -1.7873 -1.6420 -1.5116 -1.3932 -1.2852 -1.1863
 -1.0958 -1.0123 -0.9343 -0.8602 -0.7889 -0.6222 -0.4786 -0.3647 -0.2810 -0.2246
 -0.1900 -0.1705 -0.1602 -0.1546 -0.1503 -0.1456 -0.1400 -0.1332 -0.1256 -0.1179
 -0.1112
 -2.5968 -2.3546 -2.1380 -1.9451 -1.7758 -1.6270 -1.4945 -1.3747 -1.2655 -1.1658
 -1.0745 -0.9911 -0.9126 -0.8404 -0.7776 -0.6167 -0.4749 -0.3628 -0.2787
 [Fe/H] = -1.50 [alpha/Fe] = 0.00 BC value =  V   
 -5.1545 -4.5971 -4.1168 -3.7038 -3.3473 -3.0295 -2.7336 -2.4521 -2.1992 -1.9763
 -1.7747 -1.5884 -1.4159 -1.2615 -1.1239 -0.8390 -0.6139 -0.4342 -0.2930
 -4.7072 -4.1582 -3.6818 -3.2786 -2.9404 -2.6537 -2.4024 -2.1732 -1.9681 -1.7846
 -1.6147 -1.4516 -1.2948 -1.1505 -1.0212 -0.7590 -0.5607 -0.4047 -0.2837 -0.1914
 -4.1541 -3.6593 -3.2775 -2.9500 -2.6565 -2.4007 -2.1782 -1.9809 -1.8054 -1.6482
 -1.5028 -1.3613 -1.2198 -1.0839 -0.9600 -0.7101 -0.5273 -0.3878 -0.2806 -0.1979
 -0.1324
 -3.8405 -3.3077 -2.8946 -2.5815 -2.3504 -2.1769 -2.0142 -1.8502 -1.6937 -1.5508
 -1.4202 -1.2966 -1.1720 -1.0459 -0.9270 -0.6834 -0.5083 -0.3789 -0.2813 -0.2064
 -0.1464 -0.0963
 -3.6899 -3.1506 -2.7281 -2.4020 -2.1501 -1.9588 -1.8163 -1.7053 -1.6048 -1.4890
 -1.3666 -1.2494 -1.1371 -1.0234 -0.9105 -0.6711 -0.4987 -0.3747 -0.2837 -0.2152
 -0.1606 -0.1145 -0.0745 -0.0397
 -3.6120 -3.0795 -2.6581 -2.3301 -2.0747 -1.8738 -1.7139 -1.5847 -1.4808 -1.3981
 -1.3152 -1.2177 -1.1125 -1.0069 -0.9018 -0.6673 -0.4947 -0.3726 -0.2856 -0.2224
 -0.1734 -0.1320 -0.0957 -0.0633 -0.0344 -0.0081  0.0130  0.0261  0.0300  0.0264
 -3.5569 -3.0429 -2.6296 -2.3044 -2.0481 -1.8432 -1.6771 -1.5398 -1.4241 -1.3241
 -1.2379 -1.1611 -1.0807 -0.9906 -0.8945 -0.6681 -0.4939 -0.3711 -0.2857 -0.2263
 -0.1827 -0.1470 -0.1154 -0.0867 -0.0604 -0.0364 -0.0155  0.0015  0.0120  0.0107
  0.0009
 -3.5036 -3.0165 -2.6178 -2.2985 -2.0434 -1.8368 -1.6668 -1.5239 -1.4017 -1.2950
 -1.1990 -1.1118 -1.0331 -0.9576 -0.8776 -0.6696 -0.4952 -0.3699 -0.2838 -0.2260
 -0.1868 -0.1571 -0.1313 -0.1077 -0.0854 -0.0644 -0.0453 -0.0282 -0.0142 -0.0084
 -0.0149
 -3.4447 -2.9900 -2.6102 -2.2993 -2.0465 -1.8392 -1.6663 -1.5194 -1.3924 -1.2808
 -1.1806 -1.0887 -1.0036 -0.9246 -0.8497 -0.6643 -0.4960 -0.3680 -0.2798 -0.2217
 -0.1849 -0.1604 -0.1410 -0.1236 -0.1068 -0.0902 -0.0744 -0.0594 -0.0463 -0.0378
 -0.0342
 -3.3956 -2.9780 -2.6178 -2.3149 -2.0628 -1.8529 -1.6760 -1.5247 -1.3933 -1.2774
 -1.1737 -1.0793 -0.9918 -0.9099 -0.8327 -0.6562 -0.4978 -0.3690 -0.2772 -0.2166
 -0.1794 -0.1576 -0.1437 -0.1329 -0.1226 -0.1120 -0.1012 -0.0901 -0.0795 -0.0704
 -0.0619
 -3.3578 -2.9737 -2.6347 -2.3412 -2.0903 -1.8765 -1.6936 -1.5361 -1.3992 -1.2786
 -1.1713 -1.0744 -0.9856 -0.9028 -0.8249 -0.6488 -0.4968 -0.3707 -0.2760 -0.2118
 -0.1723 -0.1505 -0.1397 -0.1344 -0.1308 -0.1269 -0.1224 -0.1169 -0.1107 -0.1044
 -0.0991
 -3.3363 -2.9790 -2.6602 -2.3771 -2.1291 -1.9119 -1.7223 -1.5567 -1.4118 -1.2847
 -1.1723 -1.0719 -0.9776 -0.8942 -0.8263 -0.6421 -0.4930 -0.3731 -0.2762
 [Fe/H] = -1.00 [alpha/Fe] = 0.00 BC value =  V   
 -6.0811 -5.5816 -5.1204 -4.6852 -4.2611 -3.8181 -3.3276 -2.8024 -2.3601 -2.0115
 -1.7407 -1.5241 -1.3425 -1.1877 -1.0531 -0.7831 -0.5778 -0.4131 -0.2797
 -5.7115 -5.1577 -4.6543 -4.1969 -3.7758 -3.3707 -2.9463 -2.5250 -2.1622 -1.8652
 -1.6245 -1.4259 -1.2565 -1.1090 -0.9794 -0.7211 -0.5319 -0.3857 -0.2690 -0.1771
 -5.3918 -4.8352 -4.3195 -3.8519 -3.4328 -3.0546 -2.6918 -2.3398 -2.0302 -1.7696
 -1.5524 -1.3689 -1.2088 -1.0668 -0.9405 -0.6874 -0.5059 -0.3702 -0.2642 -0.1811
 -0.1153
 -4.8678 -4.3627 -3.9357 -3.5423 -3.1678 -2.8199 -2.5001 -2.2006 -1.9316 -1.6996
 -1.5024 -1.3330 -1.1830 -1.0470 -0.9237 -0.6727 -0.4933 -0.3628 -0.2636 -0.1869
 -0.1265 -0.0768
 -4.5178 -3.9561 -3.4877 -3.1037 -2.7960 -2.5480 -2.3145 -2.0768 -1.8486 -1.6430
 -1.4630 -1.3063 -1.1668 -1.0385 -0.9192 -0.6697 -0.4891 -0.3603 -0.2653 -0.1933
 -0.1377 -0.0921 -0.0531 -0.0195
 -4.3678 -3.7466 -3.2380 -2.8328 -2.5101 -2.2521 -2.0443 -1.8746 -1.7282 -1.5805
 -1.4292 -1.2851 -1.1539 -1.0336 -0.9201 -0.6736 -0.4903 -0.3606 -0.2675 -0.1990
 -0.1475 -0.1065 -0.0713 -0.0404 -0.0131  0.0103  0.0293  0.0409  0.0435  0.0398
 -4.3291 -3.6824 -3.1462 -2.7180 -2.3814 -2.1146 -1.8994 -1.7222 -1.5750 -1.4555
 -1.3548 -1.2526 -1.1416 -1.0292 -0.9216 -0.6809 -0.4949 -0.3623 -0.2692 -0.2028
 -0.1549 -0.1185 -0.0880 -0.0609 -0.0364 -0.0145  0.0042  0.0187  0.0268  0.0248
  0.0152
 -4.3281 -3.6801 -3.1304 -2.6854 -2.3340 -2.0579 -1.8374 -1.6577 -1.5075 -1.3804
 -1.2718 -1.1800 -1.0979 -1.0118 -0.9190 -0.6892 -0.5017 -0.3650 -0.2700 -0.2042
 -0.1587 -0.1265 -0.1013 -0.0792 -0.0588 -0.0399 -0.0231 -0.0086  0.0022  0.0066
 -0.0003
 -4.3147 -3.6878 -3.1423 -2.6916 -2.3305 -2.0451 -1.8175 -1.6326 -1.4790 -1.3485
 -1.2353 -1.1355 -1.0472 -0.9684 -0.8928 -0.6927 -0.5079 -0.3673 -0.2690 -0.2023
 -0.1581 -0.1293 -0.1092 -0.0929 -0.0779 -0.0634 -0.0499 -0.0374 -0.0270 -0.0209
 -0.0192
 -4.2916 -3.7042 -3.1759 -2.7299 -2.3633 -2.0675 -1.8309 -1.6383 -1.4785 -1.3427
 -1.2250 -1.1211 -1.0276 -0.9427 -0.8653 -0.6873 -0.5157 -0.3729 -0.2699 -0.2002
 -0.1551 -0.1277 -0.1116 -0.1010 -0.0921 -0.0834 -0.0748 -0.0660 -0.0580 -0.0515
 -0.0478
 -4.2550 -3.7135 -3.2169 -2.7843 -2.4172 -2.1145 -1.8673 -1.6645 -1.4959 -1.3530
 -1.2293 -1.1205 -1.0231 -0.9347 -0.8534 -0.6760 -0.5184 -0.3793 -0.2722 -0.1982
 -0.1505 -0.1226 -0.1085 -0.1024 -0.0994 -0.0971 -0.0945 -0.0910 -0.0871 -0.0834
 -0.0806
 -4.2169 -3.7201 -3.2616 -2.8505 -2.4916 -2.1849 -1.9267 -1.7107 -1.5300 -1.3770
 -1.2453 -1.1303 -1.0280 -0.9360 -0.8571 -0.6588 -0.5160 -0.3865 -0.2759
 [Fe/H] = -0.75 [alpha/Fe] = 0.00 BC value =  V   
 -6.4438 -5.9881 -5.5674 -5.1679 -4.7731 -4.3220 -3.7531 -3.0796 -2.5050 -2.0684
 -1.7488 -1.5099 -1.3207 -1.1628 -1.0272 -0.7595 -0.5598 -0.4019 -0.2714
 -6.0860 -5.5762 -5.1112 -4.6827 -4.2752 -3.8513 -3.3461 -2.8020 -2.3252 -1.9457
 -1.6540 -1.4293 -1.2488 -1.0972 -0.9659 -0.7065 -0.5187 -0.3748 -0.2610 -0.1690
 -5.8322 -5.2871 -4.7860 -4.3268 -3.9061 -3.5038 -3.0725 -2.6196 -2.2119 -1.8733
 -1.6027 -1.3878 -1.2128 -1.0648 -0.9360 -0.6794 -0.4965 -0.3613 -0.2558 -0.1719
 -0.1053
 -5.4594 -4.9723 -4.5005 -4.0506 -3.6288 -3.2378 -2.8617 -2.4793 -2.1260 -1.8227
 -1.5717 -1.3669 -1.1972 -1.0525 -0.9255 -0.6695 -0.4866 -0.3549 -0.2549 -0.1767
 -0.1152 -0.0652
 -5.0832 -4.5165 -4.0186 -3.6577 -3.3286 -3.0023 -2.6750 -2.3531 -2.0488 -1.7786
 -1.5478 -1.3543 -1.1911 -1.0504 -0.9257 -0.6703 -0.4848 -0.3533 -0.2563 -0.1822
 -0.1249 -0.0789 -0.0400 -0.0068
 -4.7956 -4.1300 -3.6353 -3.2345 -2.9058 -2.6308 -2.3955 -2.1737 -1.9480 -1.7258
 -1.5217 -1.3426 -1.1875 -1.0521 -0.9309 -0.6773 -0.4884 -0.3546 -0.2587 -0.1874
 -0.1336 -0.0916 -0.0565 -0.0260  0.0004  0.0234  0.0409  0.0508  0.0525  0.0485
 -4.6549 -4.0082 -3.4631 -3.0196 -2.6639 -2.3747 -2.1331 -1.9263 -1.7508 -1.6022
 -1.4630 -1.3211 -1.1819 -1.0536 -0.9369 -0.6873 -0.4955 -0.3578 -0.2610 -0.1912
 -0.1402 -0.1020 -0.0713 -0.0447 -0.0211 -0.0003  0.0170  0.0302  0.0368  0.0340
  0.0246
 -4.6696 -3.9978 -3.4171 -2.9389 -2.5557 -2.2507 -2.0039 -1.7985 -1.6236 -1.4746
 -1.3504 -1.2468 -1.1489 -1.0460 -0.9402 -0.6982 -0.5049 -0.3626 -0.2630 -0.1932
 -0.1441 -0.1092 -0.0831 -0.0614 -0.0418 -0.0241 -0.0085  0.0045  0.0138  0.0167
  0.0094
 -4.6930 -4.0227 -3.4294 -2.9289 -2.5234 -2.2014 -1.9448 -1.7364 -1.5629 -1.4154
 -1.2883 -1.1789 -1.0852 -1.0025 -0.9208 -0.7058 -0.5137 -0.3675 -0.2639 -0.1927
 -0.1443 -0.1120 -0.0902 -0.0737 -0.0594 -0.0460 -0.0338 -0.0228 -0.0139 -0.0084
 -0.0089
 -4.7010 -4.0631 -3.4750 -2.9678 -2.5474 -2.2089 -1.9397 -1.7223 -1.5441 -1.3944
 -1.2659 -1.1536 -1.0544 -0.9666 -0.8879 -0.7046 -0.5247 -0.3756 -0.2671 -0.1924
 -0.1429 -0.1115 -0.0927 -0.0811 -0.0725 -0.0647 -0.0572 -0.0499 -0.0433 -0.0384
 -0.0363
 -4.6840 -4.0849 -3.5281 -3.0287 -2.6042 -2.2539 -1.9705 -1.7410 -1.5536 -1.3972
 -1.2639 -1.1479 -1.0454 -0.9535 -0.8704 -0.6922 -0.5303 -0.3848 -0.2717 -0.1925
 -0.1401 -0.1080 -0.0906 -0.0826 -0.0794 -0.0775 -0.0758 -0.0735 -0.0710 -0.0688
 -0.0677
 -4.6578 -4.1016 -3.5788 -3.1021 -2.6847 -2.3288 -2.0327 -1.7888 -1.5880 -1.4209
 -1.2793 -1.1569 -1.0494 -0.9537 -0.8683 -0.6686 -0.5305 -0.3951 -0.2777
 [Fe/H] = -0.50 [alpha/Fe] = 0.00 BC value =  V   
 -6.7084 -6.2931 -5.9136 -5.5607 -5.2290 -4.8144 -4.2067 -3.4043 -2.6886 -2.1534
 -1.7798 -1.5119 -1.3094 -1.1462 -1.0087 -0.7399 -0.5433 -0.3898 -0.2634
 -6.3585 -5.8933 -5.4742 -5.0942 -4.7346 -4.3375 -3.7927 -3.1347 -2.5308 -2.0543
 -1.7033 -1.4465 -1.2503 -1.0918 -0.9575 -0.6950 -0.5067 -0.3653 -0.2523 -0.1602
 -6.1300 -5.6215 -5.1592 -4.7417 -4.3581 -3.9736 -3.5061 -2.9576 -2.4392 -2.0069
 -1.6724 -1.4197 -1.2252 -1.0681 -0.9350 -0.6735 -0.4878 -0.3523 -0.2469 -0.1622
 -0.0945
 -5.9050 -5.3962 -4.9177 -4.4745 -4.0659 -3.6810 -3.2774 -2.8174 -2.3692 -1.9790
 -1.6622 -1.4141 -1.2197 -1.0627 -0.9300 -0.6677 -0.4805 -0.3466 -0.2457 -0.1661
 -0.1030 -0.0522
 -5.4244 -4.9824 -4.5863 -4.2023 -3.8199 -3.4431 -3.0746 -2.6875 -2.3016 -1.9527
 -1.6574 -1.4173 -1.2244 -1.0673 -0.9348 -0.6717 -0.4809 -0.3458 -0.2470 -0.1709
 -0.1114 -0.0643 -0.0253  0.0076
 -5.0529 -4.5197 -4.0818 -3.7218 -3.4139 -3.1315 -2.8443 -2.5352 -2.2168 -1.9149
 -1.6472 -1.4203 -1.2322 -1.0764 -0.9444 -0.6813 -0.4866 -0.3482 -0.2495 -0.1756
 -0.1191 -0.0754 -0.0398 -0.0096  0.0161  0.0376  0.0536  0.0626  0.0634  0.0586
 -4.9137 -4.3075 -3.7951 -3.3746 -3.0306 -2.7398 -2.4842 -2.2509 -2.0314 -1.8187
 -1.6094 -1.4121 -1.2370 -1.0857 -0.9555 -0.6938 -0.4961 -0.3530 -0.2524 -0.1795
 -0.1253 -0.0845 -0.0528 -0.0264 -0.0035  0.0162  0.0324  0.0439  0.0489  0.0451
  0.0353
 -4.9156 -4.2618 -3.6925 -3.2172 -2.8310 -2.5161 -2.2518 -2.0211 -1.8149 -1.6356
 -1.4843 -1.3502 -1.2189 -1.0882 -0.9651 -0.7072 -0.5079 -0.3600 -0.2557 -0.1821
 -0.1293 -0.0912 -0.0632 -0.0411 -0.0222 -0.0055  0.0087  0.0201  0.0279  0.0289
  0.0207
 -4.9697 -4.2940 -3.6908 -3.1746 -2.7499 -2.4069 -2.1289 -1.8977 -1.6994 -1.5265
 -1.3771 -1.2514 -1.1460 -1.0509 -0.9553 -0.7180 -0.5191 -0.3673 -0.2585 -0.1829
 -0.1304 -0.0942 -0.0696 -0.0521 -0.0380 -0.0256 -0.0147 -0.0053  0.0019  0.0056
  0.0034
 -5.0177 -4.3609 -3.7458 -3.2071 -2.7530 -2.3832 -2.0862 -1.8456 -1.6466 -1.4779
 -1.3321 -1.2057 -1.0965 -1.0024 -0.9195 -0.7231 -0.5329 -0.3782 -0.2641 -0.1845
 -0.1305 -0.0949 -0.0726 -0.0591 -0.0500 -0.0427 -0.0363 -0.0305 -0.0255 -0.0224
 -0.0222
 -5.0345 -4.4072 -3.8160 -3.2719 -2.8040 -2.4144 -2.0975 -1.8422 -1.6346 -1.4621
 -1.3157 -1.1890 -1.0781 -0.9803 -0.8936 -0.7112 -0.5424 -0.3899 -0.2714 -0.1868
 -0.1297 -0.0932 -0.0718 -0.0610 -0.0564 -0.0544 -0.0535 -0.0525 -0.0515 -0.0510
 -0.0517
 -5.0307 -4.4373 -3.8733 -3.3522 -2.8847 -2.4852 -2.1523 -1.8803 -1.6582 -1.4755
 -1.3222 -1.1911 -1.0770 -0.9762 -0.8776 -0.6823 -0.5476 -0.4024 -0.2804
 [Fe/H] = -0.25 [alpha/Fe] = 0.00 BC value =  V   
 -6.8819 -6.5050 -6.1676 -5.8651 -5.6062 -5.2490 -4.6394 -3.7543 -2.9175 -2.2826
 -1.8431 -1.5376 -1.3149 -1.1419 -0.9992 -0.7266 -0.5305 -0.3795 -0.2564
 -6.5383 -6.1150 -5.7421 -5.4155 -5.1159 -4.7746 -4.2398 -3.5052 -2.7819 -2.2022
 -1.7835 -1.4858 -1.2672 -1.0974 -0.9575 -0.6891 -0.4987 -0.3573 -0.2454 -0.1530
 -6.3205 -5.8520 -5.4345 -5.0680 -4.7417 -4.4085 -3.9508 -3.3385 -2.7123 -2.1785
 -1.7715 -1.4734 -1.2526 -1.0818 -0.9418 -0.6729 -0.4830 -0.3458 -0.2402 -0.1548
 -0.0855
 -6.1567 -5.6628 -5.2106 -4.8046 -4.4413 -4.1004 -3.7099 -3.1993 -2.6603 -2.1743
 -1.7821 -1.4832 -1.2578 -1.0836 -0.9421 -0.6708 -0.4781 -0.3414 -0.2392 -0.1583
 -0.0933 -0.0410
 -5.8541 -5.4163 -4.9915 -4.5865 -4.2046 -3.8445 -3.4872 -3.0644 -2.6031 -2.1682
 -1.7980 -1.5029 -1.2740 -1.0956 -0.9516 -0.6777 -0.4808 -0.3416 -0.2407 -0.1628
 -0.1011 -0.0520 -0.0120  0.0220
 -5.3583 -4.9116 -4.5462 -4.2298 -3.9246 -3.6075 -3.2732 -2.9171 -2.5287 -2.1472
 -1.8068 -1.5227 -1.2944 -1.1130 -0.9664 -0.6899 -0.4888 -0.3453 -0.2436 -0.1675
 -0.1084 -0.0622 -0.0252  0.0056  0.0316  0.0527  0.0681  0.0759  0.0762  0.0708
 -5.1157 -4.5739 -4.1245 -3.7606 -3.4594 -3.1950 -2.9450 -2.6819 -2.3913 -2.0869
 -1.7940 -1.5334 -1.3129 -1.1320 -0.9834 -0.7045 -0.5007 -0.3520 -0.2475 -0.1718
 -0.1146 -0.0709 -0.0370 -0.0095  0.0136  0.0331  0.0487  0.0591  0.0628  0.0584
  0.0481
 -5.0703 -4.4627 -3.9379 -3.5014 -3.1448 -2.8475 -2.5871 -2.3449 -2.1125 -1.8956
 -1.6932 -1.4993 -1.3142 -1.1463 -1.0005 -0.7204 -0.5148 -0.3613 -0.2523 -0.1753
 -0.1191 -0.0775 -0.0466 -0.0228 -0.0033  0.0132  0.0267  0.0374  0.0436  0.0433
  0.0345
 -5.1243 -4.4796 -3.9012 -3.4051 -2.9935 -2.6559 -2.3747 -2.1302 -1.9080 -1.7049
 -1.5264 -1.3756 -1.2451 -1.1232 -1.0027 -0.7341 -0.5280 -0.3710 -0.2571 -0.1773
 -0.1210 -0.0811 -0.0528 -0.0328 -0.0175 -0.0050  0.0054  0.0138  0.0197  0.0220
  0.0181
 -5.2144 -4.5617 -3.9560 -3.4191 -2.9616 -2.5842 -2.2756 -2.0198 -1.8015 -1.6095
 -1.4396 -1.2918 -1.1667 -1.0610 -0.9675 -0.7455 -0.5438 -0.3842 -0.2651 -0.1808
 -0.1227 -0.0830 -0.0565 -0.0396 -0.0285 -0.0205 -0.0144 -0.0094 -0.0057 -0.0041
 -0.0056
 -5.2736 -4.6423 -4.0400 -3.4848 -2.9996 -2.5897 -2.2529 -1.9787 -1.7524 -1.5620
 -1.3978 -1.2548 -1.1302 -1.0226 -0.9296 -0.7361 -0.5570 -0.3980 -0.2748 -0.1853
 -0.1237 -0.0829 -0.0571 -0.0422 -0.0347 -0.0314 -0.0301 -0.0296 -0.0298 -0.0307
 -0.0329
 -5.3026 -4.6980 -4.1167 -3.5723 -3.0769 -2.6484 -2.2887 -1.9931 -1.7517 -1.5528
 -1.3858 -1.2428 -1.1185 -1.0097 -0.8890 -0.7059 -0.5676 -0.4124 -0.2862
 [Fe/H] =  0.00 [alpha/Fe] = 0.00 BC value =  V   
 -6.9745 -6.6337 -6.3382 -6.0870 -5.8531 -5.5417 -4.9552 -4.0323 -3.1368 -2.4193
 -1.9192 -1.5754 -1.3303 -1.1436 -0.9949 -0.7155 -0.5178 -0.3676 -0.2460
 -6.6375 -6.2539 -5.9265 -5.6542 -5.4121 -5.1227 -4.6029 -3.8250 -3.0228 -2.3562
 -1.8737 -1.5347 -1.2912 -1.1071 -0.9596 -0.6834 -0.4895 -0.3465 -0.2346 -0.1419
 -6.4246 -5.9944 -5.6214 -5.3073 -5.0397 -4.7624 -4.3306 -3.6842 -2.9789 -2.3552
 -1.8793 -1.5354 -1.2859 -1.0983 -0.9490 -0.6706 -0.4757 -0.3357 -0.2290 -0.1426
 -0.0717
 -6.2864 -5.8200 -5.4028 -5.0407 -4.7316 -4.4476 -4.0907 -3.5603 -2.9507 -2.3763
 -1.9102 -1.5601 -1.3015 -1.1069 -0.9539 -0.6711 -0.4723 -0.3316 -0.2274 -0.1449
 -0.0780 -0.0241
 -6.0427 -5.6575 -5.2286 -4.8381 -4.4900 -4.1761 -3.8579 -3.4282 -2.9105 -2.3941
 -1.9481 -1.5963 -1.3293 -1.1267 -0.9683 -0.6800 -0.4764 -0.3322 -0.2284 -0.1484
 -0.0846 -0.0335  0.0074  0.0408
 -5.6759 -5.2979 -4.9495 -4.6109 -4.2786 -3.9529 -3.6333 -3.2771 -2.8454 -2.3927
 -1.9785 -1.6342 -1.3629 -1.1531 -0.9887 -0.6939 -0.4860 -0.3367 -0.2312 -0.1524
 -0.0908 -0.0422 -0.0038  0.0272  0.0526  0.0729  0.0865  0.0921  0.0910  0.0842
 -5.2934 -4.8264 -4.4531 -4.1548 -3.9000 -3.6552 -3.3924 -3.0916 -2.7426 -2.3607
 -1.9903 -1.6644 -1.3960 -1.1822 -1.0125 -0.7109 -0.4995 -0.3448 -0.2354 -0.1564
 -0.0964 -0.0499 -0.0140  0.0143  0.0373  0.0562  0.0703  0.0783  0.0795  0.0737
  0.0619
 -5.1671 -4.6167 -4.1532 -3.7773 -3.4747 -3.2199 -2.9887 -2.7586 -2.5062 -2.2312
 -1.9460 -1.6693 -1.4204 -1.2101 -1.0379 -0.7294 -0.5155 -0.3558 -0.2414 -0.1604
 -0.1008 -0.0560 -0.0224  0.0030  0.0228  0.0386  0.0507  0.0592  0.0633  0.0605
  0.0500
 -5.1924 -4.5885 -4.0561 -3.6054 -3.2346 -2.9299 -2.6700 -2.4326 -2.2004 -1.9723
 -1.7587 -1.5641 -1.3831 -1.2124 -1.0551 -0.7467 -0.5308 -0.3678 -0.2481 -0.1636
 -0.1034 -0.0597 -0.0282 -0.0057  0.0106  0.0230  0.0323  0.0388  0.0424  0.0421
  0.0355
 -5.2998 -4.6681 -4.0923 -3.5842 -3.1528 -2.7948 -2.4978 -2.2440 -2.0160 -1.8028
 -1.6051 -1.4297 -1.2797 -1.1506 -1.0338 -0.7655 -0.5491 -0.3836 -0.2587 -0.1691
 -0.1064 -0.0626 -0.0324 -0.0122  0.0009  0.0094  0.0149  0.0184  0.0199  0.0187
  0.0148
 -5.4003 -4.7780 -4.1837 -3.6439 -3.1685 -2.7649 -2.4293 -2.1505 -1.9143 -1.7080
 -1.5230 -1.3575 -1.2129 -1.0892 -0.9837 -0.7642 -0.5665 -0.4002 -0.2713 -0.1762
 -0.1095 -0.0641 -0.0342 -0.0155 -0.0051 -0.0003  0.0010  0.0004 -0.0015 -0.0047
 -0.0097
 -5.4661 -4.8663 -4.2853 -3.7378 -3.2405 -2.8055 -2.4371 -2.1310 -1.8771 -1.6643
 -1.4821 -1.3230 -1.1834 -1.0615 -0.9048 -0.7428 -0.5830 -0.4176 -0.2859
 [Fe/H] =  0.25 [alpha/Fe] = 0.00 BC value =  V   
 -7.0092 -6.7067 -6.4569 -6.2165 -5.9244 -5.5266 -4.9799 -4.2494 -3.3728 -2.5975
 -2.0325 -1.6424 -1.3672 -1.1640 -1.0027 -0.7121 -0.5101 -0.3596 -0.2392
 -6.6803 -6.3383 -6.0593 -5.8417 -5.6561 -5.4076 -4.9132 -4.1067 -3.2783 -2.5466
 -1.9977 -1.6110 -1.3362 -1.1328 -0.9740 -0.6854 -0.4859 -0.3400 -0.2269 -0.1339
 -6.4694 -6.0792 -5.7529 -5.4935 -5.2842 -5.0603 -4.6654 -4.0023 -3.2522 -2.5612
 -2.0185 -1.6236 -1.3400 -1.1304 -0.9681 -0.6756 -0.4742 -0.3301 -0.2214 -0.1336
 -0.0604
 -6.3403 -5.9068 -5.5294 -5.2162 -4.9643 -4.7375 -4.4255 -3.8969 -3.2458 -2.6015
 -2.0672 -1.6624 -1.3660 -1.1464 -0.9776 -0.6783 -0.4722 -0.3266 -0.2197 -0.1354
 -0.0664 -0.0103
 -6.2336 -5.7805 -5.3701 -5.0104 -4.7090 -4.4496 -4.1810 -3.7706 -3.2228 -2.6413
 -2.1244 -1.7148 -1.4059 -1.1747 -0.9977 -0.6891 -0.4777 -0.3278 -0.2206 -0.1384
 -0.0723 -0.0188  0.0241  0.0584
 -5.9741 -5.5756 -5.1929 -4.8347 -4.5067 -4.2115 -3.9393 -3.6116 -3.1666 -2.6588
 -2.1748 -1.7707 -1.4531 -1.2109 -1.0248 -0.7052 -0.4887 -0.3333 -0.2236 -0.1420
 -0.0780 -0.0268  0.0139  0.0463  0.0722  0.0923  0.1053  0.1096  0.1076  0.0994
 -5.4809 -5.1026 -4.7869 -4.5188 -4.2588 -3.9941 -3.7200 -3.4276 -3.0688 -2.6412
 -2.2062 -1.8189 -1.5011 -1.2513 -1.0567 -0.7248 -0.5038 -0.3427 -0.2285 -0.1461
 -0.0833 -0.0340  0.0046  0.0348  0.0587  0.0775  0.0910  0.0984  0.0979  0.0910
  0.0779
 -5.2409 -4.7537 -4.3590 -4.0512 -3.8077 -3.6007 -3.4019 -3.1799 -2.9037 -2.5691
 -2.2029 -1.8498 -1.5429 -1.2914 -1.0908 -0.7465 -0.5214 -0.3556 -0.2357 -0.1505
 -0.0878 -0.0399 -0.0033  0.0246  0.0460  0.0626  0.0747  0.0822  0.0846  0.0797
  0.0680
 -5.2063 -4.6514 -4.1732 -3.7806 -3.4661 -3.2119 -2.9936 -2.7885 -2.5729 -2.3313
 -2.0713 -1.8069 -1.5507 -1.3187 -1.1207 -0.7678 -0.5386 -0.3695 -0.2441 -0.1547
 -0.0909 -0.0437 -0.0088  0.0167  0.0354  0.0491  0.0587  0.0646  0.0668  0.0644
  0.0554
 -5.2990 -4.7033 -4.1665 -3.7030 -3.3162 -2.9988 -2.7354 -2.5052 -2.2875 -2.0676
 -1.8502 -1.6440 -1.4562 -1.2848 -1.1264 -0.7930 -0.5591 -0.3873 -0.2570 -0.1621
 -0.0951 -0.0474 -0.0134  0.0104  0.0266  0.0372  0.0435  0.0468  0.0471  0.0444
  0.0379
 -5.4277 -4.8218 -4.2531 -3.7418 -3.2975 -2.9221 -2.6092 -2.3458 -2.1156 -1.9038
 -1.7022 -1.5136 -1.3444 -1.1978 -1.0708 -0.8035 -0.5799 -0.4060 -0.2721 -0.1716
 -0.1001 -0.0504 -0.0162  0.0065  0.0206  0.0283  0.0312  0.0309  0.0283  0.0236
  0.0164
 -5.5358 -4.9417 -4.3729 -3.8362 -3.3573 -2.9378 -2.5813 -2.2822 -2.0295 -1.8119
 -1.6178 -1.4419 -1.2832 -1.1432 -0.9539 -0.7993 -0.6010 -0.4256 -0.2894
 [Fe/H] =  0.50 [alpha/Fe] = 0.00 BC value =  V   
 -6.9874 -7.1848 -7.1575 -6.9287 -6.5189 -5.9459 -5.2257 -4.4032 -3.5903 -2.7977
 -2.1740 -1.7343 -1.4257 -1.1994 -1.0259 -0.7167 -0.5089 -0.3551 -0.2346
 -6.6717 -6.3783 -6.1511 -5.9890 -5.8726 -5.6413 -5.1293 -4.3135 -3.5076 -2.7507
 -2.1461 -1.7110 -1.4011 -1.1743 -1.0006 -0.6945 -0.4876 -0.3369 -0.2180 -0.1222
 -6.4641 -6.1147 -5.8427 -5.6396 -5.4857 -5.3084 -4.9401 -4.2620 -3.4983 -2.7748
 -2.1788 -1.7342 -1.4133 -1.1779 -0.9988 -0.6872 -0.4774 -0.3279 -0.2162 -0.1266
 -0.0515
 -6.3378 -5.9427 -5.6102 -5.3494 -5.1541 -4.9796 -4.7053 -4.1853 -3.5086 -2.8285
 -2.2395 -1.7855 -1.4494 -1.2011 -1.0132 -0.6914 -0.4766 -0.3249 -0.2144 -0.1278
 -0.0566  0.0020
 -6.2579 -5.8285 -5.4487 -5.1298 -4.8811 -4.6756 -4.4522 -4.0690 -3.5053 -2.8827
 -2.3123 -1.8520 -1.5010 -1.2383 -1.0392 -0.7040 -0.4830 -0.3267 -0.2152 -0.1302
 -0.0617 -0.0056  0.0397  0.0756
 -6.1250 -5.7046 -5.3157 -4.9667 -4.6656 -4.4154 -4.1946 -3.9019 -3.4605 -2.9181
 -2.3816 -1.9230 -1.5617 -1.2849 -1.0739 -0.7225 -0.4951 -0.3329 -0.2182 -0.1336
 -0.0668 -0.0129  0.0303  0.0646  0.0916  0.1121  0.1248  0.1288  0.1255  0.1159
 -5.7249 -5.3286 -5.0651 -4.7649 -4.4775 -4.2077 -3.9586 -3.7046 -3.3627 -2.9149
 -2.4313 -1.9893 -1.6238 -1.3366 -1.1146 -0.7452 -0.5115 -0.3434 -0.2236 -0.1375
 -0.0718 -0.0196  0.0218  0.0542  0.0797  0.0993  0.1128  0.1196  0.1178  0.1098
  0.0953
 -5.3201 -4.9045 -4.5820 -4.3337 -4.1272 -3.9322 -3.7257 -3.4947 -3.2161 -2.8596
 -2.4456 -2.0374 -1.6803 -1.3893 -1.1583 -0.7711 -0.5305 -0.3578 -0.2319 -0.1423
 -0.0763 -0.0254  0.0143  0.0449  0.0684  0.0863  0.0989  0.1062  0.1075  0.1008
  0.0880
 -5.1991 -4.6975 -4.2802 -3.9498 -3.6950 -3.4937 -3.3224 -3.1563 -2.9610 -2.7037
 -2.3874 -2.0432 -1.7153 -1.4315 -1.1982 -0.7970 -0.5495 -0.3731 -0.2418 -0.1474
 -0.0797 -0.0292  0.0090  0.0377  0.0590  0.0747  0.0853  0.0914  0.0928  0.0887
  0.0776
 -5.2512 -4.6954 -4.2055 -3.7936 -3.4594 -3.1927 -2.9751 -2.7848 -2.6003 -2.3999
 -2.1730 -1.9287 -1.6823 -1.4469 -1.2329 -0.8283 -0.5725 -0.3926 -0.2567 -0.1564
 -0.0849 -0.0334  0.0042  0.0315  0.0509  0.0642  0.0722  0.0762  0.0762  0.0721
  0.0635
 -5.3856 -4.8012 -4.2657 -3.7922 -3.3894 -3.0551 -2.7802 -2.5490 -2.3430 -2.1441
 -1.9411 -1.7373 -1.5416 -1.3618 -1.1982 -0.8535 -0.5967 -0.4133 -0.2740 -0.1682
 -0.0917 -0.0376  0.0005  0.0271  0.0449  0.0559  0.0613  0.0624  0.0600  0.0544
  0.0455
 -5.5208 -4.9413 -4.3863 -3.8788 -3.4265 -3.0371 -2.7084 -2.4327 -2.1975 -1.9887
 -1.7935 -1.6064 -1.4295 -1.2688 -1.0941 -0.8726 -0.6221 -0.4352 -0.2937
 [Fe/H] =  0.75 [alpha/Fe] = 0.00 BC value =  V   
 -6.9106 -6.9250 -6.7973 -6.5424 -6.1733 -5.7014 -5.1368 -4.4886 -3.7645 -3.0021
 -2.3396 -1.8511 -1.5052 -1.2547 -1.0632 -0.7305 -0.5142 -0.3556 -0.2322
 -6.6123 -6.3734 -6.2095 -6.1057 -6.0004 -5.7541 -5.2338 -4.4439 -3.6969 -2.9578
 -2.3180 -1.8352 -1.4874 -1.2336 -1.0420 -0.7130 -0.4956 -0.3391 -0.2200 -0.1237
 -6.4092 -6.0825 -5.8982 -5.7541 -5.6527 -5.5158 -5.1610 -4.4499 -3.7013 -2.9847
 -2.3560 -1.8674 -1.5075 -1.2432 -1.0440 -0.7075 -0.4872 -0.3309 -0.2149 -0.1228
 -0.0459
 -6.2843 -5.9345 -5.6540 -5.4507 -5.3116 -5.1838 -4.9463 -4.4283 -3.7305 -3.0446
 -2.4249 -1.9287 -1.5529 -1.2736 -1.0632 -0.7129 -0.4871 -0.3282 -0.2130 -0.1235
 -0.0496  0.0117
 -6.2151 -5.8210 -5.4828 -5.2128 -5.0196 -4.8662 -4.6838 -4.3250 -3.7477 -3.1067
 -2.5076 -2.0061 -1.6155 -1.3195 -1.0955 -0.7270 -0.4939 -0.3303 -0.2136 -0.1254
 -0.0540  0.0050  0.0531  0.0913
 -6.1470 -5.7359 -5.3645 -5.0434 -4.7827 -4.5834 -4.4106 -4.1513 -3.7200 -3.1571
 -2.5873 -2.0894 -1.6880 -1.3764 -1.1382 -0.7480 -0.5065 -0.3369 -0.2166 -0.1281
 -0.0585 -0.0015  0.0447  0.0813  0.1098  0.1310  0.1436  0.1473  0.1442  0.1334
 -5.9071 -5.5493 -5.2107 -4.8925 -4.6055 -4.3585 -4.1523 -3.9390 -3.6216 -3.1672
 -2.6515 -2.1677 -1.7617 -1.4394 -1.1881 -0.7746 -0.5238 -0.3480 -0.2223 -0.1319
 -0.0629 -0.0077  0.0367  0.0718  0.0992  0.1199  0.1341  0.1406  0.1385  0.1298
  0.1139
 -5.4230 -5.0976 -4.8231 -4.5898 -4.3721 -4.1507 -3.9327 -3.7189 -3.4662 -3.1175
 -2.6791 -2.2301 -1.8329 -1.5037 -1.2417 -0.8056 -0.5445 -0.3633 -0.2314 -0.1368
 -0.0673 -0.0132  0.0297  0.0632  0.0891  0.1086  0.1222  0.1300  0.1307  0.1231
  0.1092
 -5.1901 -4.7505 -4.4007 -4.1312 -3.9296 -3.7693 -3.6223 -3.4635 -3.2643 -2.9945
 -2.6459 -2.2544 -1.8801 -1.5567 -1.2911 -0.8370 -0.5656 -0.3798 -0.2424 -0.1427
 -0.0709 -0.0170  0.0246  0.0565  0.0807  0.0985  0.1107  0.1177  0.1191  0.1141
  0.1015
 -5.1776 -4.6694 -4.2330 -3.8762 -3.5976 -3.3830 -3.2127 -3.0674 -2.9244 -2.7508
 -2.5140 -2.2190 -1.9015 -1.6020 -1.3416 -0.8747 -0.5916 -0.4008 -0.2588 -0.1530
 -0.0769 -0.0216  0.0197  0.0504  0.0730  0.0890  0.0994  0.1048  0.1053  0.1005
  0.0908
 -5.2889 -4.7410 -4.2451 -3.8161 -3.4599 -3.1723 -2.9418 -2.7514 -2.5822 -2.4155
 -2.2331 -2.0242 -1.7979 -1.5695 -1.3527 -0.9114 -0.6195 -0.4232 -0.2778 -0.1667
 -0.0851 -0.0267  0.0153  0.0457  0.0671  0.0814  0.0897  0.0930  0.0918  0.0861
  0.0758
 -5.4437 -4.8815 -4.3539 -3.8775 -3.4608 -3.1085 -2.8164 -2.5744 -2.3684 -2.1830
 -2.0027 -1.8180 -1.6322 -1.4502 -1.3244 -0.9471 -0.6493 -0.4470 -0.2994
 [Fe/H] =  1.00 [alpha/Fe] = 0.00 BC value =  V   
 -6.7934 -6.8005 -6.6792 -6.4430 -6.1037 -5.6716 -5.1559 -4.5646 -3.9060 -3.2002
 -2.5206 -1.9888 -1.6050 -1.3264 -1.1166 -0.7577 -0.5262 -0.3615 -0.2320
 -6.5078 -6.8752 -6.9806 -6.8511 -6.5102 -5.9788 -5.2883 -4.5384 -3.8516 -3.1571
 -2.5031 -1.9808 -1.5949 -1.3119 -1.0992 -0.7431 -0.5117 -0.3470 -0.2236 -0.1242
 -6.3045 -6.3914 -5.9241 -5.8429 -5.7902 -5.6885 -5.2971 -4.5702 -3.8645 -3.1796
 -2.5445 -2.0206 -1.6229 -1.3277 -1.1058 -0.7388 -0.5053 -0.3406 -0.2191 -0.1231
 -0.0437
 -6.1770 -5.8821 -5.6633 -5.5236 -5.4407 -5.3550 -5.1472 -4.6150 -3.9133 -3.2398
 -2.6175 -2.0902 -1.6768 -1.3654 -1.1301 -0.7453 -0.5056 -0.3383 -0.2172 -0.1234
 -0.0470  0.0174
 -6.1120 -5.7628 -5.4759 -5.2640 -5.1296 -5.0262 -4.8802 -4.5430 -3.9545 -3.3080
 -2.7012 -2.1737 -1.7488 -1.4198 -1.1691 -0.7609 -0.5123 -0.3402 -0.2175 -0.1252
 -0.0506  0.0116  0.0629  0.1036
 -6.0750 -5.6928 -5.3559 -5.0776 -4.8685 -4.7232 -4.5949 -4.3662 -3.9436 -3.3689
 -2.7870 -2.2646 -1.8305 -1.4863 -1.2198 -0.7847 -0.5251 -0.3467 -0.2201 -0.1273
 -0.0543  0.0059  0.0552  0.0949  0.1259  0.1478  0.1606  0.1654  0.1624  0.1510
 -5.9616 -5.5910 -5.2512 -4.9433 -4.6811 -4.4733 -4.3151 -4.1406 -3.8466 -3.3902
 -2.8584 -2.3519 -1.9138 -1.5596 -1.2788 -0.8157 -0.5433 -0.3581 -0.2258 -0.1305
 -0.0581  0.0005  0.0482  0.0863  0.1164  0.1387  0.1533  0.1600  0.1587  0.1497
  0.1329
 -5.5518 -5.2763 -5.0091 -4.7506 -4.5052 -4.2778 -4.0774 -3.9014 -3.6792 -3.3460
 -2.8969 -2.4219 -1.9932 -1.6336 -1.3418 -0.8526 -0.5658 -0.3740 -0.2352 -0.1355
 -0.0620 -0.0046  0.0417  0.0784  0.1069  0.1284  0.1436  0.1520  0.1528  0.1455
  0.1309
 -5.1873 -4.8180 -4.5377 -4.3253 -4.1570 -4.0013 -3.8396 -3.6680 -3.4745 -3.2196
 -2.8705 -2.4562 -2.0505 -1.6951 -1.4001 -0.8902 -0.5895 -0.3912 -0.2471 -0.1417
 -0.0655 -0.0081  0.0370  0.0723  0.0994  0.1196  0.1336  0.1420  0.1441  0.1390
  0.1258
 -5.0915 -4.6405 -4.2621 -3.9645 -3.7410 -3.5741 -3.4451 -3.3324 -3.2099 -3.0387
 -2.7825 -2.4507 -2.0908 -1.7531 -1.4602 -0.9348 -0.6191 -0.4136 -0.2644 -0.1530
 -0.0721 -0.0128  0.0320  0.0664  0.0923  0.1111  0.1238  0.1311  0.1329  0.1285
  0.1182
 -5.1588 -4.6556 -4.2076 -3.8290 -3.5229 -3.2834 -3.0979 -2.9497 -2.8221 -2.6960
 -2.5432 -2.3298 -2.0599 -1.7717 -1.5005 -0.9793 -0.6512 -0.4379 -0.2847 -0.1681
 -0.0814 -0.0186  0.0273  0.0614  0.0864  0.1040  0.1152  0.1210  0.1216  0.1169
  0.1069
 -5.3094 -4.7786 -4.2877 -3.8491 -3.4734 -3.1627 -2.9107 -2.7066 -2.5363 -2.3835
 -2.2335 -2.0711 -1.8847 -1.6790 -1.5210 -1.0237 -0.6858 -0.4641 -0.3080
