 [Fe/H] = -2.00 [alpha/Fe] =-0.40 BC value =  r   
 -2.3133 -2.2625 -2.4616 -2.3946 -2.2096 -1.9752 -1.7245 -1.5518 -1.4001 -1.2437
 -1.0987 -0.9654 -0.8451 -0.7357 -0.6361 -0.4293 -0.2518 -0.0936 -0.0257
 -2.3202 -2.1174 -1.9540 -1.8459 -1.7879 -1.6991 -1.5509 -1.3892 -1.2412 -1.1031
 -0.9732 -0.8530 -0.7431 -0.6429 -0.5514 -0.3568 -0.2085 -0.1047 -0.0363  0.0088
 -2.1311 -1.9332 -1.7546 -1.6031 -1.4827 -1.4058 -1.3474 -1.2528 -1.1297 -1.0013
 -0.8832 -0.7744 -0.6746 -0.5835 -0.5006 -0.3263 -0.1964 -0.1063 -0.0465 -0.0060
  0.0219
 -1.9804 -1.8015 -1.6293 -1.4728 -1.3365 -1.2213 -1.1301 -1.0667 -1.0036 -0.9172
 -0.8158 -0.7166 -0.6259 -0.5429 -0.4669 -0.3069 -0.1890 -0.1093 -0.0566 -0.0205
  0.0053  0.0235
 -1.8498 -1.6930 -1.5357 -1.3849 -1.2478 -1.1272 -1.0230 -0.9341 -0.8660 -0.8070
 -0.7429 -0.6666 -0.5868 -0.5111 -0.4417 -0.2934 -0.1835 -0.1112 -0.0648 -0.0335
 -0.0106  0.0061  0.0177  0.0247
 -1.7353 -1.5950 -1.4562 -1.3165 -1.1840 -1.0635 -0.9576 -0.8656 -0.7865 -0.7191
 -0.6606 -0.6045 -0.5439 -0.4801 -0.4177 -0.2816 -0.1778 -0.1099 -0.0686 -0.0432
 -0.0246 -0.0106 -0.0006  0.0061  0.0100  0.0102  0.0054 -0.0052 -0.0224 -0.0464
 -1.6380 -1.5075 -1.3824 -1.2565 -1.1320 -1.0150 -0.9091 -0.8162 -0.7367 -0.6679
 -0.6066 -0.5502 -0.4971 -0.4444 -0.3912 -0.2679 -0.1704 -0.1036 -0.0665 -0.0470
 -0.0343 -0.0247 -0.0178 -0.0131 -0.0105 -0.0081 -0.0085 -0.0148 -0.0293 -0.0527
 -0.0810
 -1.5585 -1.4327 -1.3142 -1.1988 -1.0847 -0.9738 -0.8701 -0.7767 -0.6960 -0.6272
 -0.5674 -0.5128 -0.4608 -0.4113 -0.3633 -0.2521 -0.1610 -0.0959 -0.0594 -0.0438
 -0.0374 -0.0339 -0.0316 -0.0304 -0.0304 -0.0313 -0.0319 -0.0349 -0.0436 -0.0604
 -0.0870
 -1.4978 -1.3726 -1.2553 -1.1412 -1.0366 -0.9337 -0.8346 -0.7424 -0.6604 -0.5900
 -0.5302 -0.4779 -0.4296 -0.3830 -0.3377 -0.2342 -0.1492 -0.0868 -0.0492 -0.0347
 -0.0329 -0.0359 -0.0398 -0.0438 -0.0479 -0.0519 -0.0563 -0.0615 -0.0697 -0.0812
 -0.0956
 -1.4568 -1.3291 -1.2097 -1.0979 -0.9930 -0.8945 -0.8015 -0.7127 -0.6308 -0.5584
 -0.4966 -0.4442 -0.3983 -0.3549 -0.3133 -0.2180 -0.1374 -0.0775 -0.0394 -0.0232
 -0.0226 -0.0300 -0.0401 -0.0505 -0.0602 -0.0689 -0.0771 -0.0849 -0.0930 -0.1024
 -0.1128
 -1.4310 -1.2980 -1.1750 -1.0612 -0.9558 -0.8580 -0.7674 -0.6829 -0.6032 -0.5303
 -0.4662 -0.4118 -0.3657 -0.3255 -0.2884 -0.2014 -0.1253 -0.0677 -0.0304 -0.0121
 -0.0102 -0.0188 -0.0330 -0.0492 -0.0652 -0.0798 -0.0932 -0.1054 -0.1167 -0.1279
 -0.1400
 -1.4000 -1.2554 -1.1287 -1.0164 -0.9151 -0.8221 -0.7350 -0.6524 -0.5749 -0.5035
 -0.4390 -0.3823 -0.3343 -0.2938 -0.2588 -0.1820 -0.1127 -0.0576 -0.0209
 [Fe/H] = -1.50 [alpha/Fe] =-0.40 BC value =  r   
 -2.6753 -2.5977 -2.4755 -2.2455 -1.9892 -1.7517 -1.5554 -1.3930 -1.2468 -1.1097
 -0.9804 -0.8601 -0.7495 -0.6484 -0.5565 -0.3662 -0.2139 -0.0896 -0.0157
 -2.3812 -2.1915 -2.0852 -2.0203 -1.8614 -1.6485 -1.4492 -1.2844 -1.1430 -1.0130
 -0.8913 -0.7788 -0.6761 -0.5832 -0.4993 -0.3241 -0.1894 -0.0904 -0.0228  0.0223
 -2.2222 -2.0095 -1.8301 -1.6955 -1.6243 -1.5382 -1.3798 -1.2122 -1.0700 -0.9464
 -0.8319 -0.7263 -0.6302 -0.5433 -0.4652 -0.3028 -0.1797 -0.0911 -0.0312  0.0090
  0.0365
 -2.1120 -1.9060 -1.7161 -1.5455 -1.4056 -1.3076 -1.2432 -1.1506 -1.0201 -0.8983
 -0.7891 -0.6898 -0.5994 -0.5177 -0.4441 -0.2912 -0.1756 -0.0936 -0.0394 -0.0035
  0.0215  0.0391
 -2.0257 -1.8332 -1.6480 -1.4772 -1.3248 -1.1910 -1.0816 -0.9998 -0.9363 -0.8538
 -0.7565 -0.6612 -0.5754 -0.4985 -0.4290 -0.2838 -0.1736 -0.0958 -0.0459 -0.0144
  0.0074  0.0231  0.0339  0.0391
 -1.9611 -1.7757 -1.5996 -1.4318 -1.2777 -1.1395 -1.0167 -0.9101 -0.8231 -0.7584
 -0.6999 -0.6305 -0.5543 -0.4807 -0.4147 -0.2770 -0.1712 -0.0962 -0.0493 -0.0221
 -0.0045  0.0081  0.0170  0.0225  0.0260  0.0259  0.0204  0.0079 -0.0121 -0.0376
 -1.9033 -1.7272 -1.5609 -1.3993 -1.2469 -1.1078 -0.9831 -0.8726 -0.7757 -0.6939
 -0.6271 -0.5721 -0.5175 -0.4586 -0.3987 -0.2682 -0.1668 -0.0937 -0.0485 -0.0249
 -0.0125 -0.0044  0.0012  0.0046  0.0060  0.0063  0.0035 -0.0044 -0.0193 -0.0421
 -0.0724
 -1.8579 -1.6858 -1.5290 -1.3741 -1.2256 -1.0867 -0.9611 -0.8489 -0.7502 -0.6638
 -0.5902 -0.5276 -0.4735 -0.4239 -0.3745 -0.2556 -0.1595 -0.0884 -0.0437 -0.0222
 -0.0147 -0.0122 -0.0113 -0.0115 -0.0127 -0.0131 -0.0147 -0.0202 -0.0316 -0.0507
 -0.0784
 -1.8308 -1.6557 -1.5010 -1.3525 -1.2085 -1.0716 -0.9454 -0.8314 -0.7305 -0.6424
 -0.5664 -0.5014 -0.4445 -0.3933 -0.3463 -0.2387 -0.1479 -0.0798 -0.0355 -0.0144
 -0.0101 -0.0134 -0.0185 -0.0238 -0.0291 -0.0345 -0.0406 -0.0489 -0.0594 -0.0720
 -0.0864
 -1.8286 -1.6420 -1.4827 -1.3380 -1.1988 -1.0649 -0.9385 -0.8227 -0.7192 -0.6280
 -0.5492 -0.4821 -0.4243 -0.3730 -0.3258 -0.2223 -0.1360 -0.0703 -0.0263 -0.0040
 -0.0002 -0.0072 -0.0182 -0.0297 -0.0405 -0.0506 -0.0603 -0.0697 -0.0795 -0.0906
 -0.1027
 -1.8553 -1.6457 -1.4758 -1.3296 -1.1937 -1.0629 -0.9380 -0.8206 -0.7141 -0.6193
 -0.5365 -0.4656 -0.4056 -0.3540 -0.3077 -0.2068 -0.1237 -0.0600 -0.0167  0.0069
  0.0121  0.0041 -0.0107 -0.0279 -0.0450 -0.0609 -0.0757 -0.0893 -0.1022 -0.1150
 -0.1287
 -1.9055 -1.6667 -1.4804 -1.3268 -1.1922 -1.0648 -0.9422 -0.8253 -0.7159 -0.6168
 -0.5296 -0.4539 -0.3894 -0.3351 -0.2886 -0.1916 -0.1115 -0.0495 -0.0069
 [Fe/H] = -1.00 [alpha/Fe] =-0.40 BC value =  r   
 -2.8759 -2.6993 -2.4033 -2.1039 -1.8244 -1.5894 -1.4132 -1.2637 -1.1276 -1.0029
 -0.8858 -0.7761 -0.6740 -0.5799 -0.4938 -0.3139 -0.1764 -0.0718  0.0031
 -2.4653 -2.3846 -2.2842 -2.0415 -1.7783 -1.5391 -1.3457 -1.1921 -1.0575 -0.9364
 -0.8236 -0.7185 -0.6214 -0.5326 -0.4521 -0.2862 -0.1615 -0.0687 -0.0026  0.0423
 -2.3029 -2.0937 -1.9750 -1.9153 -1.7434 -1.5176 -1.3124 -1.1468 -1.0109 -0.8924
 -0.7835 -0.6828 -0.5900 -0.5054 -0.4291 -0.2724 -0.1553 -0.0694 -0.0092  0.0311
  0.0580
 -2.2275 -1.9932 -1.7958 -1.6494 -1.5696 -1.4766 -1.3022 -1.1257 -0.9806 -0.8614
 -0.7556 -0.6585 -0.5695 -0.4886 -0.4157 -0.2660 -0.1539 -0.0722 -0.0159  0.0209
  0.0451  0.0616
 -2.1815 -1.9484 -1.7363 -1.5509 -1.3975 -1.2834 -1.2092 -1.1078 -0.9673 -0.8392
 -0.7340 -0.6399 -0.5540 -0.4762 -0.4062 -0.2624 -0.1543 -0.0754 -0.0217  0.0122
  0.0335  0.0479  0.0574  0.0636
 -2.1535 -1.9245 -1.7113 -1.5175 -1.3446 -1.1955 -1.0728 -0.9793 -0.9080 -0.8195
 -0.7174 -0.6239 -0.5402 -0.4651 -0.3976 -0.2590 -0.1543 -0.0775 -0.0256  0.0060
  0.0240  0.0352  0.0427  0.0466  0.0485  0.0466  0.0389  0.0237  0.0014 -0.0235
 -2.1408 -1.9149 -1.7025 -1.5069 -1.3298 -1.1724 -1.0336 -0.9127 -0.8123 -0.7348
 -0.6702 -0.6019 -0.5268 -0.4537 -0.3880 -0.2541 -0.1525 -0.0774 -0.0268  0.0031
  0.0180  0.0253  0.0293  0.0310  0.0305  0.0289  0.0242  0.0140 -0.0038 -0.0293
 -0.0585
 -2.1388 -1.9173 -1.7059 -1.5090 -1.3293 -1.1674 -1.0232 -0.8953 -0.7832 -0.6867
 -0.6072 -0.5452 -0.4907 -0.4346 -0.3761 -0.2467 -0.1483 -0.0748 -0.0248  0.0041
  0.0164  0.0195  0.0190  0.0170  0.0139  0.0094  0.0046 -0.0027 -0.0154 -0.0355
 -0.0644
 -2.1527 -1.9262 -1.7181 -1.5206 -1.3375 -1.1722 -1.0241 -0.8921 -0.7751 -0.6723
 -0.5835 -0.5095 -0.4491 -0.3978 -0.3501 -0.2346 -0.1399 -0.0684 -0.0191  0.0094
  0.0202  0.0193  0.0136  0.0066 -0.0006 -0.0081 -0.0165 -0.0271 -0.0400 -0.0549
 -0.0717
 -2.1910 -1.9537 -1.7401 -1.5455 -1.3607 -1.1904 -1.0375 -0.9011 -0.7799 -0.6726
 -0.5788 -0.4983 -0.4310 -0.3744 -0.3253 -0.2200 -0.1292 -0.0601 -0.0114  0.0175
  0.0283  0.0252  0.0148  0.0021 -0.0105 -0.0225 -0.0345 -0.0462 -0.0584 -0.0720
 -0.0885
 -2.2639 -1.9852 -1.7679 -1.5753 -1.3940 -1.2212 -1.0622 -0.9197 -0.7935 -0.6814
 -0.5827 -0.4970 -0.4241 -0.3630 -0.3107 -0.2045 -0.1181 -0.0495 -0.0018  0.0275
  0.0392  0.0358  0.0224  0.0046 -0.0138 -0.0315 -0.0484 -0.0642 -0.0794 -0.0947
 -0.1107
 -2.3808 -2.0502 -1.8076 -1.6097 -1.4288 -1.2592 -1.0995 -0.9503 -0.8168 -0.6986
 -0.5944 -0.5031 -0.4244 -0.3577 -0.3016 -0.1919 -0.1066 -0.0392  0.0088
 [Fe/H] = -0.75 [alpha/Fe] =-0.40 BC value =  r   
 -2.9157 -2.6625 -2.3349 -2.0359 -1.7628 -1.5312 -1.3553 -1.2101 -1.0808 -0.9597
 -0.8474 -0.7421 -0.6438 -0.5527 -0.4688 -0.2918 -0.1578 -0.0577  0.0158
 -2.5591 -2.5032 -2.2854 -1.9981 -1.7310 -1.4915 -1.3030 -1.1522 -1.0223 -0.9041
 -0.7950 -0.6934 -0.5990 -0.5120 -0.4324 -0.2676 -0.1449 -0.0545  0.0104  0.0551
 -2.3341 -2.1639 -2.1117 -1.9673 -1.7201 -1.4842 -1.2790 -1.1172 -0.9844 -0.8677
 -0.7615 -0.6632 -0.5723 -0.4889 -0.4129 -0.2561 -0.1401 -0.0555  0.0044  0.0451
  0.0718
 -2.2667 -2.0248 -1.8455 -1.7535 -1.6750 -1.4855 -1.2796 -1.1019 -0.9605 -0.8424
 -0.7383 -0.6428 -0.5550 -0.4746 -0.4016 -0.2512 -0.1397 -0.0585 -0.0018  0.0359
  0.0600  0.0761
 -2.2401 -1.9864 -1.7652 -1.5864 -1.4573 -1.3801 -1.2721 -1.1061 -0.9506 -0.8249
 -0.7206 -0.6273 -0.5419 -0.4642 -0.3937 -0.2487 -0.1408 -0.0620 -0.0075  0.0280
  0.0497  0.0635  0.0724  0.0777
 -2.2350 -1.9784 -1.7474 -1.5442 -1.3725 -1.2314 -1.1256 -1.0476 -0.9458 -0.8182
 -0.7069 -0.6139 -0.5304 -0.4548 -0.3866 -0.2464 -0.1416 -0.0646 -0.0116  0.0222
  0.0415  0.0525  0.0591  0.0623  0.0622  0.0581  0.0492  0.0343  0.0127 -0.0141
 -2.2472 -1.9888 -1.7526 -1.5410 -1.3547 -1.1933 -1.0549 -0.9388 -0.8487 -0.7753
 -0.6915 -0.6026 -0.5196 -0.4453 -0.3789 -0.2427 -0.1408 -0.0654 -0.0133  0.0191
  0.0362  0.0439  0.0473  0.0481  0.0466  0.0425  0.0355  0.0241  0.0066 -0.0195
 -0.0496
 -2.2704 -2.0142 -1.7741 -1.5561 -1.3619 -1.1912 -1.0415 -0.9108 -0.7979 -0.7029
 -0.6269 -0.5636 -0.5006 -0.4344 -0.3700 -0.2370 -0.1377 -0.0637 -0.0124  0.0193
  0.0348  0.0393  0.0385  0.0356  0.0314  0.0257  0.0193  0.0103 -0.0039 -0.0252
 -0.0547
 -2.3086 -2.0466 -1.8069 -1.5840 -1.3825 -1.2043 -1.0473 -0.9091 -0.7877 -0.6817
 -0.5909 -0.5155 -0.4554 -0.4029 -0.3512 -0.2275 -0.1309 -0.0585 -0.0078  0.0235
  0.0378  0.0395  0.0342  0.0265  0.0182  0.0094 -0.0004 -0.0111 -0.0238 -0.0406
 -0.0615
 -2.3688 -2.0914 -1.8516 -1.6285 -1.4211 -1.2344 -1.0698 -0.9248 -0.7969 -0.6843
 -0.5861 -0.5019 -0.4317 -0.3739 -0.3244 -0.2156 -0.1220 -0.0515 -0.0012  0.0303
  0.0446  0.0448  0.0357  0.0229  0.0094 -0.0039 -0.0171 -0.0303 -0.0441 -0.0593
 -0.0773
 -2.4628 -2.1502 -1.9019 -1.6798 -1.4727 -1.2798 -1.1061 -0.9529 -0.8182 -0.6992
 -0.5947 -0.5040 -0.4267 -0.3623 -0.3082 -0.2005 -0.1118 -0.0417  0.0077  0.0394
  0.0543  0.0543  0.0430  0.0257  0.0067 -0.0120 -0.0300 -0.0472 -0.0638 -0.0806
 -0.0979
 -2.6066 -2.2345 -1.9622 -1.7353 -1.5296 -1.3367 -1.1572 -0.9948 -0.8514 -0.7250
 -0.6138 -0.5164 -0.4324 -0.3612 -0.3017 -0.1882 -0.1015 -0.0318  0.0182
 [Fe/H] = -0.50 [alpha/Fe] =-0.40 BC value =  r   
 -2.9410 -2.6010 -2.2682 -1.9781 -1.7220 -1.4943 -1.3163 -1.1680 -1.0407 -0.9231
 -0.8143 -0.7127 -0.6178 -0.5294 -0.4476 -0.2724 -0.1393 -0.0401  0.0307
 -2.6957 -2.5451 -2.2516 -1.9536 -1.6922 -1.4603 -1.2733 -1.1219 -0.9917 -0.8762
 -0.7698 -0.6711 -0.5792 -0.4940 -0.4155 -0.2506 -0.1277 -0.0385  0.0254  0.0699
 -2.3749 -2.2924 -2.2035 -1.9551 -1.6889 -1.4542 -1.2542 -1.0939 -0.9608 -0.8455
 -0.7414 -0.6453 -0.5562 -0.4739 -0.3983 -0.2406 -0.1238 -0.0396  0.0199  0.0609
  0.0877
 -2.2915 -2.0591 -1.9371 -1.8825 -1.6980 -1.4649 -1.2567 -1.0822 -0.9418 -0.8246
 -0.7217 -0.6278 -0.5412 -0.4615 -0.3885 -0.2364 -0.1238 -0.0427  0.0140  0.0526
  0.0772  0.0927
 -2.2802 -2.0103 -1.7924 -1.6419 -1.5642 -1.4611 -1.2724 -1.0886 -0.9347 -0.8107
 -0.7069 -0.6144 -0.5298 -0.4524 -0.3816 -0.2346 -0.1254 -0.0464  0.0087  0.0453
  0.0680  0.0816  0.0898  0.0939
 -2.2978 -2.0144 -1.7693 -1.5654 -1.4058 -1.2910 -1.2110 -1.0958 -0.9432 -0.8060
 -0.6958 -0.6032 -0.5199 -0.4442 -0.3754 -0.2328 -0.1266 -0.0492  0.0045  0.0398
  0.0607  0.0721  0.0781  0.0806  0.0802  0.0755  0.0649  0.0470  0.0228 -0.0028
 -2.3371 -2.0442 -1.7852 -1.5611 -1.3716 -1.2146 -1.0856 -0.9857 -0.9045 -0.8059
 -0.6914 -0.5938 -0.5106 -0.4361 -0.3687 -0.2299 -0.1265 -0.0506  0.0025  0.0367
  0.0561  0.0649  0.0680  0.0680  0.0654  0.0601  0.0520  0.0391  0.0192 -0.0078
 -0.0373
 -2.3892 -2.0936 -1.8242 -1.5864 -1.3811 -1.2054 -1.0562 -0.9280 -0.8199 -0.7325
 -0.6580 -0.5799 -0.5015 -0.4276 -0.3613 -0.2254 -0.1243 -0.0498  0.0028  0.0365
  0.0546  0.0612  0.0607  0.0571  0.0518  0.0449  0.0356  0.0241  0.0087 -0.0127
 -0.0428
 -2.4563 -2.1536 -1.8786 -1.6302 -1.4116 -1.2229 -1.0606 -0.9203 -0.7984 -0.6927
 -0.6033 -0.5291 -0.4671 -0.4085 -0.3496 -0.2176 -0.1188 -0.0455  0.0064  0.0397
  0.0570  0.0614  0.0574  0.0495  0.0402  0.0301  0.0189  0.0064 -0.0080 -0.0256
 -0.0491
 -2.5435 -2.2239 -1.9474 -1.6948 -1.4653 -1.2634 -1.0889 -0.9379 -0.8066 -0.6920
 -0.5922 -0.5064 -0.4346 -0.3761 -0.3252 -0.2085 -0.1118 -0.0397  0.0119  0.0453
  0.0625  0.0659  0.0591  0.0467  0.0326  0.0183  0.0037 -0.0111 -0.0266 -0.0437
 -0.0635
 -2.6601 -2.3081 -2.0226 -1.7686 -1.5353 -1.3232 -1.1359 -0.9733 -0.8321 -0.7089
 -0.6012 -0.5079 -0.4278 -0.3609 -0.3054 -0.1951 -0.1027 -0.0315  0.0197  0.0533
  0.0708  0.0740  0.0656  0.0496  0.0306  0.0112 -0.0080 -0.0265 -0.0448 -0.0634
 -0.0821
 -2.8241 -2.4149 -2.1068 -1.8467 -1.6124 -1.3971 -1.2007 -1.0261 -0.8736 -0.7407
 -0.6245 -0.5233 -0.4359 -0.3616 -0.2995 -0.1829 -0.0942 -0.0221  0.0293
 [Fe/H] = -0.25 [alpha/Fe] =-0.40 BC value =  r   
 -2.9490 -2.5730 -2.2346 -1.9478 -1.6957 -1.4716 -1.2922 -1.1366 -1.0070 -0.8932
 -0.7866 -0.6874 -0.5952 -0.5093 -0.4294 -0.2560 -0.1221 -0.0241  0.0464
 -2.6997 -2.5546 -2.2260 -1.9242 -1.6633 -1.4365 -1.2521 -1.0977 -0.9668 -0.8529
 -0.7482 -0.6515 -0.5617 -0.4782 -0.4007 -0.2356 -0.1110 -0.0211  0.0422  0.0865
 -2.4782 -2.4376 -2.2237 -1.9335 -1.6637 -1.4277 -1.2339 -1.0741 -0.9409 -0.8266
 -0.7236 -0.6291 -0.5416 -0.4605 -0.3854 -0.2264 -0.1073 -0.0221  0.0373  0.0784
  0.1056
 -2.3159 -2.1270 -2.0815 -1.9350 -1.6837 -1.4435 -1.2360 -1.0653 -0.9258 -0.8088
 -0.7066 -0.6138 -0.5283 -0.4494 -0.3766 -0.2226 -0.1074 -0.0251  0.0320  0.0710
  0.0963  0.1117
 -2.3036 -2.0282 -1.8350 -1.7480 -1.6678 -1.4672 -1.2558 -1.0719 -0.9211 -0.7975
 -0.6940 -0.6020 -0.5181 -0.4411 -0.3703 -0.2210 -0.1090 -0.0287  0.0269  0.0644
  0.0882  0.1021  0.1097  0.1132
 -2.3398 -2.0329 -1.7826 -1.5921 -1.4659 -1.3908 -1.2701 -1.0930 -0.9298 -0.7948
 -0.6848 -0.5923 -0.5093 -0.4337 -0.3646 -0.2195 -0.1106 -0.0318  0.0229  0.0593
  0.0818  0.0939  0.0997  0.1013  0.0996  0.0933  0.0812  0.0621  0.0368  0.0104
 -2.4060 -2.0782 -1.8008 -1.5715 -1.3884 -1.2469 -1.1422 -1.0574 -0.9425 -0.8041
 -0.6824 -0.5845 -0.5012 -0.4264 -0.3586 -0.2170 -0.1108 -0.0335  0.0206  0.0561
  0.0775  0.0879  0.0912  0.0905  0.0870  0.0805  0.0705  0.0556  0.0342  0.0061
 -0.0238
 -2.4936 -2.1520 -1.8537 -1.6006 -1.3900 -1.2166 -1.0742 -0.9559 -0.8603 -0.7769
 -0.6832 -0.5812 -0.4943 -0.4192 -0.3520 -0.2130 -0.1092 -0.0333  0.0203  0.0554
  0.0758  0.0846  0.0852  0.0814  0.0752  0.0671  0.0564  0.0432  0.0258  0.0022
 -0.0288
 -2.5921 -2.2401 -1.9301 -1.6575 -1.4251 -1.2307 -1.0683 -0.9309 -0.8128 -0.7116
 -0.6267 -0.5521 -0.4792 -0.4094 -0.3434 -0.2063 -0.1045 -0.0299  0.0231  0.0579
  0.0774  0.0846  0.0826  0.0751  0.0652  0.0541  0.0416  0.0279  0.0117 -0.0087
 -0.0342
 -2.7108 -2.3419 -2.0250 -1.7422 -1.4916 -1.2772 -1.0966 -0.9439 -0.8133 -0.6997
 -0.6008 -0.5159 -0.4436 -0.3828 -0.3273 -0.1993 -0.0990 -0.0252  0.0276  0.0625
  0.0818  0.0881  0.0839  0.0730  0.0589  0.0438  0.0280  0.0117 -0.0058 -0.0241
 -0.0469
 -2.8556 -2.4562 -2.1276 -1.8395 -1.5801 -1.3497 -1.1508 -0.9818 -0.8377 -0.7136
 -0.6056 -0.5117 -0.4305 -0.3617 -0.3048 -0.1887 -0.0914 -0.0184  0.0342  0.0694
  0.0890  0.0949  0.0895  0.0758  0.0576  0.0379  0.0179 -0.0021 -0.0221 -0.0427
 -0.0632
 -3.0409 -2.5885 -2.2389 -1.9422 -1.6786 -1.4407 -1.2283 -1.0429 -0.8838 -0.7470
 -0.6288 -0.5263 -0.4375 -0.3613 -0.2970 -0.1767 -0.0842 -0.0100  0.0426
 [Fe/H] =  0.00 [alpha/Fe] =-0.40 BC value =  r   
 -2.8359 -2.4691 -2.1560 -1.8930 -1.6510 -1.4370 -1.2659 -1.1151 -0.9821 -0.8687
 -0.7639 -0.6664 -0.5762 -0.4922 -0.4141 -0.2427 -0.1084 -0.0078  0.0639
 -2.7557 -2.4935 -2.1663 -1.8790 -1.6311 -1.4103 -1.2337 -1.0800 -0.9470 -0.8337
 -0.7301 -0.6347 -0.5464 -0.4645 -0.3882 -0.2232 -0.0958 -0.0035  0.0606  0.1051
 -2.6091 -2.4799 -2.1948 -1.8987 -1.6362 -1.4069 -1.2164 -1.0595 -0.9253 -0.8108
 -0.7085 -0.6148 -0.5285 -0.4486 -0.3743 -0.2143 -0.0918 -0.0040  0.0564  0.0978
  0.1253
 -2.4199 -2.2475 -2.1715 -1.9280 -1.6620 -1.4245 -1.2198 -1.0518 -0.9130 -0.7954
 -0.6936 -0.6012 -0.5166 -0.4384 -0.3660 -0.2105 -0.0917 -0.0065  0.0518  0.0912
  0.1172  0.1328
 -2.3068 -2.0480 -1.9209 -1.8745 -1.6877 -1.4532 -1.2406 -1.0589 -0.9095 -0.7863
 -0.6826 -0.5908 -0.5074 -0.4308 -0.3602 -0.2090 -0.0931 -0.0098  0.0472  0.0855
  0.1102  0.1246  0.1318  0.1347
 -2.3539 -2.0371 -1.7973 -1.6432 -1.5740 -1.4652 -1.2693 -1.0804 -0.9182 -0.7848
 -0.6749 -0.5823 -0.4993 -0.4239 -0.3547 -0.2075 -0.0947 -0.0129  0.0434  0.0807
  0.1044  0.1176  0.1233  0.1242  0.1213  0.1143  0.1009  0.0797  0.0534  0.0257
 -2.4456 -2.0898 -1.8043 -1.5807 -1.4172 -1.3089 -1.2291 -1.1015 -0.9399 -0.7942
 -0.6739 -0.5757 -0.4921 -0.4170 -0.3489 -0.2050 -0.0952 -0.0150  0.0408  0.0776
  0.1003  0.1123  0.1162  0.1152  0.1109  0.1034  0.0919  0.0750  0.0518  0.0226
 -0.0082
 -2.5692 -2.1841 -1.8637 -1.6030 -1.3947 -1.2323 -1.1057 -1.0072 -0.9189 -0.8083
 -0.6834 -0.5745 -0.4863 -0.4107 -0.3427 -0.2012 -0.0939 -0.0153  0.0399  0.0765
  0.0985  0.1091  0.1112  0.1076  0.1010  0.0919  0.0800  0.0652  0.0457  0.0198
 -0.0124
 -2.7056 -2.3022 -1.9578 -1.6667 -1.4271 -1.2333 -1.0767 -0.9472 -0.8380 -0.7456
 -0.6615 -0.5727 -0.4819 -0.4038 -0.3353 -0.1949 -0.0897 -0.0126  0.0420  0.0782
  0.0994  0.1088  0.1089  0.1025  0.0927  0.0809  0.0673  0.0515  0.0334  0.0112
 -0.0167
 -2.8518 -2.4385 -2.0789 -1.7679 -1.5011 -1.2793 -1.0978 -0.9480 -0.8216 -0.7120
 -0.6167 -0.5343 -0.4603 -0.3914 -0.3275 -0.1892 -0.0850 -0.0088  0.0455  0.0818
  0.1028  0.1113  0.1098  0.1009  0.0877  0.0723  0.0557  0.0379  0.0187 -0.0026
 -0.0269
 -3.0226 -2.5874 -2.2113 -1.8888 -1.6055 -1.3602 -1.1538 -0.9825 -0.8394 -0.7174
 -0.6114 -0.5186 -0.4376 -0.3674 -0.3077 -0.1814 -0.0788 -0.0031  0.0510  0.0877
  0.1089  0.1171  0.1144  0.1035  0.0870  0.0677  0.0472  0.0261  0.0044 -0.0182
 -0.0411
 -3.2181 -2.7488 -2.3525 -2.0180 -1.7250 -1.4669 -1.2406 -1.0473 -0.8849 -0.7476
 -0.6302 -0.5285 -0.4397 -0.3626 -0.2759 -0.1715 -0.0711  0.0045  0.0585
 [Fe/H] =  0.25 [alpha/Fe] =-0.40 BC value =  r   
 -2.7791 -2.4169 -2.1146 -1.8664 -1.6259 -1.4184 -1.2447 -1.0958 -0.9627 -0.8503
 -0.7458 -0.6492 -0.5601 -0.4776 -0.4009 -0.2316 -0.0971  0.0060  0.0820
 -2.8094 -2.4516 -2.1276 -1.8494 -1.6106 -1.3952 -1.2165 -1.0656 -0.9315 -0.8189
 -0.7156 -0.6208 -0.5335 -0.4526 -0.3773 -0.2129 -0.0827  0.0133  0.0798  0.1250
 -2.5883 -2.4831 -2.1591 -1.8716 -1.6170 -1.3929 -1.2039 -1.0483 -0.9130 -0.7987
 -0.6964 -0.6030 -0.5173 -0.4381 -0.3644 -0.2041 -0.0782  0.0135  0.0764  0.1187
  0.1466
 -2.4138 -2.3847 -2.1916 -1.9102 -1.6426 -1.4105 -1.2083 -1.0421 -0.9037 -0.7853
 -0.6832 -0.5908 -0.5064 -0.4288 -0.3567 -0.2003 -0.0776  0.0116  0.0725  0.1131
  0.1396  0.1558
 -2.3106 -2.0989 -2.0587 -1.9243 -1.6791 -1.4387 -1.2279 -1.0487 -0.9013 -0.7777
 -0.6736 -0.5816 -0.4980 -0.4217 -0.3511 -0.1986 -0.0788  0.0087  0.0685  0.1080
  0.1335  0.1486  0.1558  0.1572
 -2.3514 -2.0387 -1.8290 -1.7457 -1.6715 -1.4715 -1.2585 -1.0699 -0.9095 -0.7771
 -0.6670 -0.5740 -0.4908 -0.4152 -0.3459 -0.1971 -0.0803  0.0057  0.0649  0.1037
  0.1283  0.1425  0.1486  0.1491  0.1458  0.1371  0.1216  0.0995  0.0723  0.0434
 -2.4585 -2.0853 -1.8033 -1.5988 -1.4757 -1.4086 -1.2815 -1.0995 -0.9310 -0.7864
 -0.6666 -0.5683 -0.4842 -0.4088 -0.3403 -0.1945 -0.0808  0.0035  0.0621  0.1007
  0.1245  0.1377  0.1426  0.1415  0.1367  0.1290  0.1166  0.0978  0.0719  0.0417
  0.0096
 -2.6132 -2.1911 -1.8584 -1.5998 -1.4036 -1.2628 -1.1655 -1.0797 -0.9542 -0.8075
 -0.6766 -0.5679 -0.4792 -0.4029 -0.3344 -0.1907 -0.0797  0.0028  0.0608  0.0992
  0.1225  0.1346  0.1382  0.1353  0.1285  0.1190  0.1063  0.0895  0.0677  0.0402
  0.0068
 -2.7930 -2.3377 -1.9631 -1.6613 -1.4224 -1.2363 -1.0921 -0.9774 -0.8831 -0.7929
 -0.6881 -0.5753 -0.4772 -0.3970 -0.3275 -0.1844 -0.0755  0.0051  0.0621  0.1002
  0.1230  0.1341  0.1361  0.1312  0.1219  0.1100  0.0956  0.0786  0.0588  0.0343
  0.0038
 -2.9779 -2.5082 -2.1087 -1.7725 -1.4959 -1.2737 -1.0969 -0.9547 -0.8365 -0.7345
 -0.6451 -0.5617 -0.4774 -0.3950 -0.3236 -0.1794 -0.0712  0.0083  0.0648  0.1028
  0.1256  0.1359  0.1366  0.1299  0.1181  0.1032  0.0861  0.0673  0.0465  0.0228
 -0.0036
 -3.1924 -2.6998 -2.2764 -1.9155 -1.6108 -1.3558 -1.1476 -0.9791 -0.8409 -0.7240
 -0.6220 -0.5321 -0.4522 -0.3795 -0.3132 -0.1738 -0.0660  0.0132  0.0695  0.1077
  0.1307  0.1408  0.1405  0.1322  0.1179  0.0998  0.0793  0.0576  0.0346  0.0101
 -0.0157
 -3.4366 -2.9124 -2.4460 -2.0727 -1.7510 -1.4736 -1.2377 -1.0415 -0.8801 -0.7459
 -0.6319 -0.5327 -0.4452 -0.3680 -0.2963 -0.1676 -0.0599  0.0198  0.0762
 [Fe/H] =  0.50 [alpha/Fe] =-0.40 BC value =  r   
 -2.6924 -2.3637 -2.0826 -1.8445 -1.6026 -1.4016 -1.2315 -1.0832 -0.9529 -0.8370
 -0.7323 -0.6361 -0.5476 -0.4656 -0.3895 -0.2226 -0.0812  0.0245  0.0999
 -2.7706 -2.4052 -2.0930 -1.8289 -1.5936 -1.3821 -1.2064 -1.0561 -0.9218 -0.8084
 -0.7049 -0.6102 -0.5233 -0.4431 -0.3685 -0.2047 -0.0722  0.0282  0.0985  0.1455
 -2.7731 -2.4597 -2.1353 -1.8479 -1.6053 -1.3824 -1.1956 -1.0411 -0.9041 -0.7900
 -0.6875 -0.5940 -0.5085 -0.4297 -0.3565 -0.1961 -0.0672  0.0294  0.0962  0.1405
  0.1692
 -2.4651 -2.4518 -2.1823 -1.8898 -1.6263 -1.3997 -1.2000 -1.0361 -0.8976 -0.7781
 -0.6756 -0.5829 -0.4984 -0.4209 -0.3492 -0.1922 -0.0662  0.0281  0.0930  0.1358
  0.1633  0.1799
 -2.3253 -2.2130 -2.1559 -1.9278 -1.6658 -1.4269 -1.2202 -1.0425 -0.8961 -0.7718
 -0.6672 -0.5747 -0.4907 -0.4142 -0.3437 -0.1903 -0.0670  0.0255  0.0893  0.1313
  0.1578  0.1737  0.1812  0.1823
 -2.3392 -2.0479 -1.9049 -1.8692 -1.6944 -1.4639 -1.2492 -1.0622 -0.9041 -0.7725
 -0.6616 -0.5680 -0.4842 -0.4082 -0.3387 -0.1886 -0.0682  0.0227  0.0860  0.1273
  0.1532  0.1682  0.1750  0.1753  0.1710  0.1623  0.1461  0.1214  0.0936  0.0632
 -2.4472 -2.0728 -1.8070 -1.6423 -1.5811 -1.4774 -1.2836 -1.0921 -0.9246 -0.7809
 -0.6622 -0.5631 -0.4784 -0.4024 -0.3334 -0.1860 -0.0687  0.0205  0.0832  0.1243
  0.1496  0.1638  0.1696  0.1690  0.1639  0.1550  0.1416  0.1221  0.0944  0.0633
  0.0298
 -2.6273 -2.1776 -1.8456 -1.5986 -1.4264 -1.3247 -1.2517 -1.1193 -0.9536 -0.8019
 -0.6715 -0.5633 -0.4740 -0.3969 -0.3277 -0.1820 -0.0674  0.0196  0.0815  0.1226
  0.1475  0.1609  0.1656  0.1637  0.1572  0.1474  0.1341  0.1169  0.0936  0.0631
  0.0288
 -2.8380 -2.3426 -1.9493 -1.6480 -1.4177 -1.2467 -1.1235 -1.0325 -0.9426 -0.8226
 -0.6898 -0.5709 -0.4726 -0.3915 -0.3211 -0.1756 -0.0632  0.0217  0.0824  0.1232
  0.1478  0.1603  0.1638  0.1604  0.1520  0.1403  0.1257  0.1080  0.0865  0.0602
  0.0271
 -3.1065 -2.5568 -2.1113 -1.7598 -1.4824 -1.2662 -1.0995 -0.9698 -0.8645 -0.7733
 -0.6834 -0.5851 -0.4825 -0.3927 -0.3184 -0.1707 -0.0589  0.0247  0.0845  0.1251
  0.1498  0.1618  0.1643  0.1595  0.1492  0.1351  0.1182  0.0990  0.0770  0.0531
  0.0222
 -3.4656 -2.8202 -2.3088 -1.9182 -1.5996 -1.3424 -1.1382 -0.9766 -0.8467 -0.7375
 -0.6419 -0.5557 -0.4740 -0.3935 -0.3171 -0.1665 -0.0540  0.0292  0.0886  0.1291
  0.1541  0.1661  0.1678  0.1617  0.1495  0.1329  0.1132  0.0913  0.0675  0.0415
  0.0132
 -3.9152 -3.1328 -2.5195 -2.1055 -1.7551 -1.4645 -1.2249 -1.0309 -0.8743 -0.7458
 -0.6372 -0.5419 -0.4568 -0.3798 -0.3172 -0.1630 -0.0485  0.0352  0.0947
 [Fe/H] =  0.75 [alpha/Fe] =-0.40 BC value =  r   
 -2.6344 -2.3249 -2.0577 -1.8288 -1.5869 -1.3944 -1.2289 -1.0795 -0.9458 -0.8275
 -0.7228 -0.6267 -0.5385 -0.4569 -0.3812 -0.2155 -0.0735  0.0346  0.1156
 -2.7159 -2.3643 -2.0656 -1.8147 -1.5814 -1.3756 -1.2022 -1.0494 -0.9158 -0.8004
 -0.6977 -0.6029 -0.5161 -0.4361 -0.3619 -0.1986 -0.0642  0.0401  0.1155  0.1657
 -2.7805 -2.4292 -2.1069 -1.8289 -1.5944 -1.3751 -1.1923 -1.0379 -0.8993 -0.7850
 -0.6818 -0.5880 -0.5024 -0.4236 -0.3507 -0.1903 -0.0589  0.0424  0.1142  0.1619
  0.1921
 -2.6845 -2.4696 -2.1634 -1.8703 -1.6144 -1.3937 -1.1961 -1.0336 -0.8953 -0.7743
 -0.6713 -0.5780 -0.4931 -0.4154 -0.3436 -0.1864 -0.0576  0.0416  0.1117  0.1580
  0.1872  0.2046
 -2.3812 -2.3517 -2.1881 -1.9186 -1.6526 -1.4191 -1.2148 -1.0400 -0.8942 -0.7692
 -0.6638 -0.5706 -0.4861 -0.4091 -0.3384 -0.1843 -0.0582  0.0395  0.1085  0.1540
  0.1825  0.1993  0.2073  0.2081
 -2.3293 -2.0835 -2.0353 -1.9262 -1.6935 -1.4551 -1.2436 -1.0589 -0.9019 -0.7709
 -0.6592 -0.5648 -0.4802 -0.4036 -0.3336 -0.1824 -0.0591  0.0368  0.1053  0.1504
  0.1783  0.1945  0.2019  0.2025  0.1977  0.1878  0.1705  0.1448  0.1167  0.0848
 -2.4214 -2.0621 -1.8277 -1.7360 -1.6770 -1.4890 -1.2784 -1.0872 -0.9209 -0.7789
 -0.6604 -0.5607 -0.4751 -0.3983 -0.3286 -0.1796 -0.0593  0.0347  0.1025  0.1474
  0.1750  0.1904  0.1972  0.1972  0.1920  0.1827  0.1688  0.1476  0.1186  0.0869
  0.0519
 -2.6127 -2.1518 -1.8331 -1.6083 -1.4790 -1.4218 -1.3010 -1.1211 -0.9494 -0.7986
 -0.6693 -0.5613 -0.4713 -0.3933 -0.3232 -0.1756 -0.0579  0.0338  0.1007  0.1455
  0.1729  0.1877  0.1936  0.1927  0.1867  0.1768  0.1637  0.1455  0.1204  0.0881
  0.0530
 -2.8366 -2.3222 -1.9251 -1.6337 -1.4192 -1.2731 -1.1842 -1.1040 -0.9747 -0.8240
 -0.6863 -0.5684 -0.4700 -0.3882 -0.3168 -0.1690 -0.0534  0.0360  0.1014  0.1459
  0.1731  0.1873  0.1921  0.1900  0.1826  0.1713  0.1567  0.1386  0.1163  0.0881
  0.0528
 -3.1824 -2.5689 -2.0915 -1.7367 -1.4664 -1.2619 -1.1109 -1.0004 -0.9130 -0.8221
 -0.7103 -0.5898 -0.4810 -0.3900 -0.3146 -0.1640 -0.0488  0.0390  0.1032  0.1473
  0.1747  0.1887  0.1928  0.1895  0.1806  0.1675  0.1511  0.1318  0.1093  0.0829
  0.0518
 -3.6461 -2.8919 -2.3160 -1.9007 -1.5775 -1.3252 -1.1297 -0.9789 -0.8609 -0.7630
 -0.6749 -0.5871 -0.4947 -0.4004 -0.3171 -0.1603 -0.0439  0.0434  0.1069  0.1508
  0.1784  0.1925  0.1961  0.1917  0.1813  0.1663  0.1476  0.1262  0.1021  0.0753
  0.0452
 -4.2279 -3.2912 -2.5730 -2.1131 -1.7403 -1.4439 -1.2070 -1.0194 -0.8707 -0.7505
 -0.6492 -0.5594 -0.4767 -0.3976 -0.3243 -0.1579 -0.0387  0.0492  0.1125
 [Fe/H] =  1.00 [alpha/Fe] =-0.40 BC value =  r   
 -2.5804 -2.3088 -2.0566 -1.8221 -1.5858 -1.3775 -1.2006 -1.0495 -0.9191 -0.8054
 -0.7048 -0.6139 -0.5303 -0.4516 -0.3765 -0.2105 -0.0681  0.0479  0.1304
 -2.6877 -2.3374 -2.0478 -1.8130 -1.5797 -1.3760 -1.2026 -1.0488 -0.9140 -0.7987
 -0.6942 -0.5990 -0.5121 -0.4321 -0.3581 -0.1949 -0.0591  0.0506  0.1301  0.1839
 -2.7734 -2.3999 -2.0841 -1.8204 -1.5916 -1.3741 -1.1938 -1.0379 -0.8988 -0.7837
 -0.6798 -0.5854 -0.4993 -0.4204 -0.3475 -0.1870 -0.0538  0.0518  0.1290  0.1811
  0.2140
 -2.7593 -2.4644 -2.1425 -1.8545 -1.6115 -1.3915 -1.1960 -1.0346 -0.8956 -0.7739
 -0.6701 -0.5762 -0.4907 -0.4126 -0.3407 -0.1831 -0.0522  0.0515  0.1271  0.1780
  0.2100  0.2286
 -2.5129 -2.4370 -2.1921 -1.9061 -1.6424 -1.4192 -1.2140 -1.0404 -0.8953 -0.7689
 -0.6635 -0.5696 -0.4843 -0.4068 -0.3357 -0.1808 -0.0525  0.0497  0.1244  0.1746
  0.2061  0.2244  0.2330  0.2340
 -2.3336 -2.1769 -2.1419 -1.9415 -1.6873 -1.4484 -1.2436 -1.0579 -0.9030 -0.7723
 -0.6596 -0.5646 -0.4791 -0.4017 -0.3311 -0.1787 -0.0532  0.0473  0.1214  0.1714
  0.2025  0.2203  0.2287  0.2297  0.2250  0.2138  0.1949  0.1692  0.1409  0.1078
 -2.3939 -2.0610 -1.8854 -1.8563 -1.7094 -1.4884 -1.2743 -1.0870 -0.9207 -0.7800
 -0.6620 -0.5612 -0.4746 -0.3970 -0.3264 -0.1757 -0.0531  0.0453  0.1186  0.1685
  0.1995  0.2169  0.2247  0.2254  0.2204  0.2106  0.1956  0.1732  0.1439  0.1119
  0.0756
 -2.5697 -2.1248 -1.8274 -1.6395 -1.5762 -1.4922 -1.3093 -1.1192 -0.9486 -0.7986
 -0.6702 -0.5625 -0.4714 -0.3925 -0.3215 -0.1716 -0.0514  0.0446  0.1167  0.1665
  0.1974  0.2145  0.2217  0.2218  0.2163  0.2063  0.1922  0.1733  0.1475  0.1145
  0.0789
 -2.7968 -2.2854 -1.8986 -1.6240 -1.4340 -1.3297 -1.2676 -1.1425 -0.9782 -0.8225
 -0.6851 -0.5690 -0.4704 -0.3877 -0.3154 -0.1650 -0.0466  0.0470  0.1175  0.1667
  0.1975  0.2141  0.2206  0.2197  0.2132  0.2024  0.1877  0.1693  0.1464  0.1169
  0.0803
 -3.2007 -2.5491 -2.0576 -1.7103 -1.4533 -1.2658 -1.1386 -1.0558 -0.9723 -0.8516
 -0.7151 -0.5894 -0.4809 -0.3897 -0.3134 -0.1599 -0.0417  0.0501  0.1191  0.1678
  0.1987  0.2154  0.2213  0.2195  0.2119  0.1998  0.1838  0.1647  0.1421  0.1148
  0.0822
 -3.7481 -2.9159 -2.2968 -1.8695 -1.5514 -1.3093 -1.1263 -0.9905 -0.8894 -0.8047
 -0.7154 -0.6122 -0.5024 -0.4017 -0.3168 -0.1564 -0.0365  0.0549  0.1229  0.1709
  0.2020  0.2188  0.2245  0.2219  0.2130  0.1994  0.1817  0.1610  0.1371  0.1099
  0.0787
 -4.4387 -3.3858 -2.6162 -2.0928 -1.7125 -1.4183 -1.1890 -1.0107 -0.8726 -0.7635
 -0.6717 -0.5874 -0.5030 -0.4160 -0.3256 -0.1545 -0.0310  0.0614  0.1289
