 [Fe/H] = -4.00 [alpha/Fe] = 0.40 BC value = F814W
 -2.0075 -1.0808  0.0883  0.4634 -0.3812 -2.2944 -1.5486 -0.3196  0.4090  0.4400
  0.4995  0.4628  0.0465 -0.4527 -0.7299 -0.6296
 -1.8099 -1.4031 -0.8275 -0.5856 -0.8393 -1.6742 -1.3446 -0.7983 -0.4052 -0.2746
 -0.1765 -0.1664 -0.3356 -0.5527 -0.6731 -0.5996 -0.5538 -0.5386 -0.6024
 -1.4866 -1.3749 -1.1765 -1.0387 -0.9987 -1.1851 -1.0958 -0.9532 -0.8047 -0.6793
 -0.5942 -0.5635 -0.5863 -0.6274 -0.6458 -0.5919 -0.5759 -0.5665 -0.5912 -0.6193
 -0.6234
 -1.0376 -0.9962 -0.9587 -0.8959 -0.8593 -0.8271 -0.8022 -0.7843 -0.7894 -0.7742
 -0.7536 -0.7286 -0.7057 -0.6769 -0.6480 -0.6065 -0.5829 -0.5820 -0.5958 -0.6189
 -0.6469 -0.6787 -0.7128
 -0.8416 -0.8331 -0.8230 -0.7998 -0.7807 -0.7602 -0.7410 -0.7246 -0.7119 -0.7017
 -0.6910 -0.6776 -0.6639 -0.6482 -0.6305 -0.6022 -0.5955 -0.6022 -0.6179 -0.6399
 -0.6665 -0.6965 -0.7291 -0.7647 -0.8039
 -0.6611 -0.6778 -0.6899 -0.6958 -0.6950 -0.6891 -0.6799 -0.6696 -0.6597 -0.6509
 -0.6435 -0.6368 -0.6290 -0.6221 -0.6128 -0.5958 -0.5996 -0.6137 -0.6333 -0.6566
 -0.6833 -0.7127 -0.7445 -0.7785 -0.8148 -0.8542
 -0.4961 -0.5303 -0.5594 -0.5839 -0.6023 -0.6138 -0.6189 -0.6193 -0.6170 -0.6132
 -0.6091 -0.6051 -0.6015 -0.5990 -0.5949 -0.5873 -0.5952 -0.6165 -0.6420 -0.6690
 -0.6973 -0.7273 -0.7591 -0.7924 -0.8273 -0.8644 -0.9042 -0.9490 -1.0000 -1.0533
 -0.3466 -0.3906 -0.4315 -0.4696 -0.5034 -0.5313 -0.5520 -0.5659 -0.5740 -0.5782
 -0.5798 -0.5798 -0.5791 -0.5784 -0.5779 -0.5769 -0.5863 -0.6103 -0.6417 -0.6745
 -0.7068 -0.7391 -0.7721 -0.8059 -0.8405 -0.8764 -0.9135 -0.9541 -1.0002 -1.0526
 -1.1080
 -0.2209 -0.2672 -0.3134 -0.3596 -0.4035 -0.4437 -0.4784 -0.5060 -0.5262 -0.5403
 -0.5494 -0.5552 -0.5587 -0.5609 -0.5620 -0.5657 -0.5758 -0.5989 -0.6329 -0.6711
 -0.7092 -0.7460 -0.7818 -0.8174 -0.8531 -0.8891 -0.9261 -0.9641 -1.0054 -1.0522
 -1.1060
 -0.1162 -0.1631 -0.2114 -0.2609 -0.3101 -0.3577 -0.4019 -0.4408 -0.4729 -0.4974
 -0.5153 -0.5280 -0.5369 -0.5431 -0.5471 -0.5540 -0.5654 -0.5865 -0.6196 -0.6603
 -0.7036 -0.7462 -0.7870 -0.8261 -0.8642 -0.9016 -0.9391 -0.9772 -1.0167 -1.0596
 -1.1061
 -0.0353 -0.0795 -0.1260 -0.1745 -0.2247 -0.2753 -0.3246 -0.3710 -0.4126 -0.4474
 -0.4748 -0.4957 -0.5113 -0.5227 -0.5307 -0.5430 -0.5548 -0.5749 -0.6054 -0.6449
 -0.6903 -0.7376 -0.7838 -0.8279 -0.8700 -0.9103 -0.9497 -0.9886 -1.0278 -1.0682
 -1.1107
  0.0223 -0.0164 -0.0583 -0.1031 -0.1514 -0.2012 -0.2520 -0.3019 -0.3492 -0.3909
 -0.4264 -0.4560 -0.4799 -0.4984 -0.5119 -0.5317 -0.5453 -0.5643 -0.5927 -0.6301
 -0.6745 -0.7231 -0.7733 -0.8225 -0.8695 -0.9141 -0.9568 -0.9981 -1.0385 -1.0789
 -1.1202
  0.0567  0.0263 -0.0083 -0.0467 -0.0902 -0.1354 -0.1873 -0.2376 -0.2869 -0.3324
 -0.3736 -0.4110 -0.4447 -0.4702 -0.4906 -0.5201 -0.5369 -0.5547 -0.5815
 [Fe/H] = -3.00 [alpha/Fe] = 0.40 BC value = F814W
 -0.9263 -0.8591 -0.8280 -0.8348 -0.8932 -1.1245 -1.0424 -0.9451 -0.8675 -0.8086
 -0.7202 -0.6397 -0.6380 -0.6727 -0.6770 -0.5721
 -0.9558 -0.8906 -0.8511 -0.8389 -0.8627 -0.9849 -0.9575 -0.9161 -0.8759 -0.8382
 -0.7862 -0.7349 -0.7113 -0.7014 -0.6800 -0.5877 -0.5438 -0.5342 -0.5446
 -0.9602 -0.9009 -0.8585 -0.8343 -0.8333 -0.8782 -0.8818 -0.8757 -0.8615 -0.8409
 -0.8152 -0.7855 -0.7529 -0.7182 -0.6823 -0.6013 -0.5653 -0.5594 -0.5708 -0.5930
 -0.6218
 -0.9395 -0.8900 -0.8502 -0.8210 -0.8049 -0.8044 -0.8153 -0.8238 -0.8243 -0.8167
 -0.8071 -0.7916 -0.7629 -0.7232 -0.6839 -0.6129 -0.5829 -0.5806 -0.5933 -0.6150
 -0.6423 -0.6739 -0.7086
 -0.8937 -0.8579 -0.8262 -0.7990 -0.7775 -0.7635 -0.7580 -0.7604 -0.7642 -0.7656
 -0.7620 -0.7532 -0.7413 -0.7163 -0.6848 -0.6225 -0.5966 -0.5978 -0.6122 -0.6339
 -0.6604 -0.6905 -0.7237 -0.7599 -0.7998
 -0.8228 -0.8046 -0.7865 -0.7683 -0.7511 -0.7365 -0.7257 -0.7192 -0.7167 -0.7166
 -0.7147 -0.7093 -0.7045 -0.6953 -0.6772 -0.6276 -0.6047 -0.6092 -0.6269 -0.6498
 -0.6764 -0.7060 -0.7382 -0.7728 -0.8098 -0.8498
 -0.7295 -0.7289 -0.7268 -0.7216 -0.7140 -0.7050 -0.6961 -0.6884 -0.6827 -0.6786
 -0.6746 -0.6699 -0.6641 -0.6618 -0.6532 -0.6243 -0.6062 -0.6132 -0.6351 -0.6615
 -0.6898 -0.7200 -0.7521 -0.7860 -0.8218 -0.8596 -0.9001 -0.9456 -0.9970 -1.0505
 -0.6219 -0.6353 -0.6476 -0.6567 -0.6612 -0.6618 -0.6595 -0.6557 -0.6514 -0.6474
 -0.6436 -0.6391 -0.6334 -0.6301 -0.6255 -0.6098 -0.6006 -0.6096 -0.6351 -0.6666
 -0.6988 -0.7312 -0.7646 -0.7991 -0.8345 -0.8712 -0.9098 -0.9509 -0.9971 -1.0498
 -1.1053
 -0.5243 -0.5374 -0.5546 -0.5754 -0.5922 -0.6042 -0.6112 -0.6146 -0.6156 -0.6150
 -0.6134 -0.6112 -0.6079 -0.6041 -0.6014 -0.5914 -0.5889 -0.5998 -0.6272 -0.6634
 -0.6983 -0.7380 -0.7742 -0.8103 -0.8467 -0.8834 -0.9212 -0.9621 -1.0064 -1.0535
 -1.1033
 -0.3869 -0.4321 -0.4640 -0.4842 -0.5102 -0.5326 -0.5501 -0.5627 -0.5713 -0.5767
 -0.5798 -0.5812 -0.5814 -0.5805 -0.5799 -0.5739 -0.5747 -0.5875 -0.6149 -0.6533
 -0.6959 -0.7384 -0.7793 -0.8189 -0.8576 -0.8957 -0.9340 -0.9728 -1.0129 -1.0557
 -1.1033
 -0.2769 -0.3272 -0.3638 -0.3878 -0.4205 -0.4502 -0.4768 -0.4990 -0.5167 -0.5302
 -0.5399 -0.5469 -0.5517 -0.5550 -0.5574 -0.5581 -0.5610 -0.5746 -0.6009 -0.6385
 -0.6832 -0.7302 -0.7765 -0.8210 -0.8635 -0.9044 -0.9445 -0.9840 -1.0238 -1.0647
 -1.1078
 -0.1762 -0.2230 -0.2652 -0.3032 -0.3404 -0.3761 -0.4091 -0.4255 -0.4520 -0.4741
 -0.4921 -0.5063 -0.5172 -0.5256 -0.5321 -0.5427 -0.5481 -0.5624 -0.5879 -0.6238
 -0.6677 -0.7163 -0.7665 -0.8159 -0.8633 -0.9083 -0.9516 -0.9934 -1.0344 -1.0753
 -1.1171
 -0.0849 -0.1193 -0.1683 -0.2304 -0.2699 -0.3104 -0.3239 -0.3588 -0.3908 -0.4100
 -0.4361 -0.4583 -0.4766 -0.4914 -0.5040 -0.5277 -0.5360 -0.5509 -0.5759
 [Fe/H] = -2.50 [alpha/Fe] = 0.40 BC value = F814W
 -0.9081 -0.9497 -1.0567 -1.0984 -1.0409 -0.9767 -0.9957 -1.0597 -1.0810 -1.0299
 -0.9530 -0.8653 -0.7899 -0.7324 -0.6775 -0.5711
 -0.9156 -0.9000 -0.9313 -0.9459 -0.9287 -0.9136 -0.9309 -0.9624 -0.9729 -0.9498
 -0.9085 -0.8533 -0.7942 -0.7395 -0.6887 -0.5924 -0.5439 -0.5317 -0.5343
 -0.9208 -0.8688 -0.8489 -0.8416 -0.8438 -0.8545 -0.8693 -0.8821 -0.8876 -0.8830
 -0.8662 -0.8357 -0.7925 -0.7439 -0.6980 -0.6111 -0.5666 -0.5566 -0.5646 -0.5854
 -0.6171
 -0.9237 -0.8561 -0.8095 -0.7855 -0.7862 -0.7994 -0.8109 -0.8188 -0.8251 -0.8295
 -0.8261 -0.8125 -0.7848 -0.7456 -0.7054 -0.6272 -0.5862 -0.5777 -0.5888 -0.6099
 -0.6370 -0.6687 -0.7043
 -0.9243 -0.8619 -0.8131 -0.7776 -0.7559 -0.7483 -0.7557 -0.7725 -0.7854 -0.7893
 -0.7882 -0.7837 -0.7711 -0.7446 -0.7109 -0.6407 -0.6027 -0.5950 -0.6069 -0.6281
 -0.6545 -0.6847 -0.7182 -0.7545 -0.7945
 -0.9037 -0.8533 -0.8113 -0.7769 -0.7506 -0.7329 -0.7241 -0.7235 -0.7308 -0.7419
 -0.7482 -0.7484 -0.7462 -0.7346 -0.7107 -0.6497 -0.6143 -0.6074 -0.6208 -0.6431
 -0.6698 -0.6996 -0.7321 -0.7672 -0.8049 -0.8456
 -0.8564 -0.8216 -0.7915 -0.7648 -0.7414 -0.7222 -0.7082 -0.6997 -0.6959 -0.6959
 -0.6988 -0.7019 -0.7036 -0.7043 -0.6957 -0.6519 -0.6200 -0.6136 -0.6290 -0.6540
 -0.6824 -0.7129 -0.7454 -0.7800 -0.8163 -0.8548 -0.8960 -0.9421 -0.9939 -1.0474
 -0.7841 -0.7654 -0.7493 -0.7341 -0.7188 -0.7040 -0.6909 -0.6802 -0.6727 -0.6677
 -0.6643 -0.6620 -0.6603 -0.6620 -0.6614 -0.6421 -0.6188 -0.6135 -0.6300 -0.6588
 -0.6908 -0.7237 -0.7575 -0.7924 -0.8285 -0.8659 -0.9053 -0.9470 -0.9937 -1.0468
 -1.1023
 -0.6934 -0.6886 -0.6857 -0.6829 -0.6785 -0.6721 -0.6643 -0.6561 -0.6488 -0.6430
 -0.6383 -0.6340 -0.6300 -0.6270 -0.6269 -0.6183 -0.6087 -0.6072 -0.6244 -0.6561
 -0.6930 -0.7300 -0.7666 -0.8033 -0.8402 -0.8777 -0.9162 -0.9563 -0.9989 -1.0461
 -1.1005
 -0.5913 -0.5980 -0.6057 -0.6136 -0.6198 -0.6234 -0.6239 -0.6219 -0.6186 -0.6150
 -0.6116 -0.6084 -0.6049 -0.6013 -0.5998 -0.5934 -0.5911 -0.5957 -0.6139 -0.6472
 -0.6882 -0.7305 -0.7716 -0.8116 -0.8508 -0.8896 -0.9285 -0.9681 -1.0089 -1.0523
 -1.1004
 -0.4851 -0.5001 -0.5160 -0.5316 -0.5466 -0.5592 -0.5690 -0.5751 -0.5784 -0.5798
 -0.5801 -0.5798 -0.5790 -0.5777 -0.5766 -0.5727 -0.5727 -0.5814 -0.6008 -0.6336
 -0.6762 -0.7226 -0.7690 -0.8136 -0.8566 -0.8980 -0.9387 -0.9790 -1.0195 -1.0610
 -1.1047
 -0.3764 -0.3984 -0.4206 -0.4422 -0.4631 -0.4830 -0.5006 -0.5151 -0.5263 -0.5347
 -0.5407 -0.5451 -0.5485 -0.5508 -0.5526 -0.5546 -0.5563 -0.5669 -0.5876 -0.6194
 -0.6613 -0.7092 -0.7593 -0.8088 -0.8564 -0.9019 -0.9457 -0.9882 -1.0298 -1.0713
 -1.1137
 -0.2652 -0.2929 -0.3231 -0.3486 -0.3743 -0.3991 -0.4225 -0.4439 -0.4627 -0.4786
 -0.4917 -0.5024 -0.5113 -0.5186 -0.5278 -0.5391 -0.5419 -0.5522 -0.5743
 [Fe/H] = -2.00 [alpha/Fe] = 0.40 BC value = F814W
 -1.2943 -1.2466 -1.2146 -1.1962 -1.1775 -1.1574 -1.1297 -1.0937 -1.0491 -0.9975
 -0.9386 -0.8745 -0.8109 -0.7510 -0.6873 -0.5809
 -1.1333 -1.0865 -1.0571 -1.0398 -1.0308 -1.0245 -1.0156 -1.0002 -0.9776 -0.9479
 -0.9091 -0.8612 -0.8072 -0.7534 -0.7009 -0.6042 -0.5474 -0.5290 -0.5363
 -1.0306 -0.9733 -0.9389 -0.9219 -0.9164 -0.9173 -0.9198 -0.9186 -0.9121 -0.8993
 -0.8776 -0.8454 -0.8030 -0.7564 -0.7120 -0.6243 -0.5723 -0.5543 -0.5611 -0.5814
 -0.6098
 -0.9862 -0.9070 -0.8600 -0.8425 -0.8342 -0.8357 -0.8423 -0.8489 -0.8526 -0.8517
 -0.8441 -0.8271 -0.7983 -0.7600 -0.7206 -0.6412 -0.5934 -0.5758 -0.5821 -0.6019
 -0.6286 -0.6605 -0.6970
 -0.9804 -0.8872 -0.8263 -0.7934 -0.7808 -0.7812 -0.7884 -0.7971 -0.8032 -0.8069
 -0.8070 -0.8017 -0.7874 -0.7602 -0.7267 -0.6549 -0.6107 -0.5935 -0.5993 -0.6189
 -0.6452 -0.6757 -0.7097 -0.7467 -0.7876
 -0.9878 -0.9013 -0.8329 -0.7863 -0.7585 -0.7451 -0.7426 -0.7478 -0.7581 -0.7693
 -0.7731 -0.7721 -0.7667 -0.7529 -0.7276 -0.6639 -0.6231 -0.6069 -0.6126 -0.6327
 -0.6594 -0.6896 -0.7227 -0.7586 -0.7972 -0.8388
 -0.9807 -0.9024 -0.8386 -0.7880 -0.7497 -0.7231 -0.7073 -0.7009 -0.7027 -0.7128
 -0.7256 -0.7339 -0.7372 -0.7339 -0.7204 -0.6674 -0.6303 -0.6152 -0.6213 -0.6426
 -0.6709 -0.7020 -0.7353 -0.7705 -0.8078 -0.8473 -0.8896 -0.9366 -0.9888 -1.0422
 -0.9505 -0.8852 -0.8304 -0.7857 -0.7492 -0.7204 -0.6991 -0.6850 -0.6773 -0.6743
 -0.6756 -0.6810 -0.6880 -0.6945 -0.6953 -0.6644 -0.6317 -0.6181 -0.6246 -0.6476
 -0.6785 -0.7120 -0.7465 -0.7822 -0.8192 -0.8576 -0.8981 -0.9409 -0.9884 -1.0417
 -1.0972
 -0.8955 -0.8455 -0.8027 -0.7670 -0.7371 -0.7117 -0.6903 -0.6733 -0.6611 -0.6531
 -0.6478 -0.6447 -0.6439 -0.6470 -0.6522 -0.6475 -0.6271 -0.6158 -0.6226 -0.6465
 -0.6806 -0.7177 -0.7550 -0.7924 -0.8302 -0.8685 -0.9082 -0.9494 -0.9930 -1.0409
 -1.0956
 -0.8167 -0.7820 -0.7529 -0.7284 -0.7075 -0.6892 -0.6724 -0.6573 -0.6446 -0.6346
 -0.6270 -0.6212 -0.6164 -0.6134 -0.6141 -0.6158 -0.6124 -0.6082 -0.6162 -0.6404
 -0.6769 -0.7181 -0.7596 -0.8002 -0.8401 -0.8798 -0.9198 -0.9604 -1.0024 -1.0467
 -1.0955
 -0.7232 -0.7027 -0.6860 -0.6720 -0.6605 -0.6505 -0.6409 -0.6312 -0.6217 -0.6131
 -0.6058 -0.5999 -0.5949 -0.5906 -0.5879 -0.5868 -0.5893 -0.5944 -0.6057 -0.6297
 -0.6666 -0.7109 -0.7569 -0.8019 -0.8454 -0.8877 -0.9293 -0.9707 -1.0122 -1.0549
 -1.0994
 -0.6244 -0.6127 -0.6060 -0.6012 -0.5980 -0.5960 -0.5941 -0.5916 -0.5879 -0.5836
 -0.5791 -0.5753 -0.5720 -0.5691 -0.5666 -0.5641 -0.5669 -0.5767 -0.5925 -0.6171
 -0.6533 -0.6985 -0.7476 -0.7971 -0.8451 -0.8912 -0.9359 -0.9793 -1.0219 -1.0646
 -1.1079
 -0.5221 -0.5194 -0.5192 -0.5211 -0.5246 -0.5290 -0.5338 -0.5381 -0.5412 -0.5431
 -0.5437 -0.5438 -0.5438 -0.5439 -0.5502 -0.5477 -0.5452 -0.5551 -0.5766
 [Fe/H] = -1.50 [alpha/Fe] = 0.40 BC value = F814W
 -1.6259 -1.5649 -1.5103 -1.4570 -1.4074 -1.3466 -1.2678 -1.1711 -1.0845 -1.0094
 -0.9398 -0.8738 -0.8119 -0.7545 -0.7027 -0.5992
 -1.4456 -1.3793 -1.3263 -1.2811 -1.2413 -1.1987 -1.1450 -1.0797 -1.0214 -0.9693
 -0.9179 -0.8644 -0.8101 -0.7584 -0.7115 -0.6180 -0.5569 -0.5281 -0.5288
 -1.3057 -1.2329 -1.1784 -1.1369 -1.1037 -1.0742 -1.0403 -0.9994 -0.9627 -0.9288
 -0.8932 -0.8526 -0.8074 -0.7618 -0.7194 -0.6346 -0.5798 -0.5538 -0.5537 -0.5711
 -0.5987
 -1.2062 -1.1257 -1.0666 -1.0244 -0.9946 -0.9730 -0.9537 -0.9302 -0.9084 -0.8879
 -0.8657 -0.8384 -0.8038 -0.7647 -0.7264 -0.6490 -0.5991 -0.5750 -0.5740 -0.5903
 -0.6164 -0.6479 -0.6842
 -1.1415 -1.0448 -0.9768 -0.9358 -0.9077 -0.8897 -0.8779 -0.8664 -0.8551 -0.8446
 -0.8329 -0.8174 -0.7949 -0.7644 -0.7309 -0.6600 -0.6141 -0.5918 -0.5905 -0.6060
 -0.6315 -0.6623 -0.6969 -0.7349 -0.7770
 -1.1118 -1.0009 -0.9187 -0.8618 -0.8271 -0.8120 -0.8109 -0.8101 -0.8069 -0.8024
 -0.7967 -0.7891 -0.7775 -0.7581 -0.7312 -0.6671 -0.6249 -0.6043 -0.6034 -0.6186
 -0.6441 -0.6748 -0.7087 -0.7456 -0.7853 -0.8285
 -1.1110 -0.9983 -0.9065 -0.8353 -0.7846 -0.7523 -0.7377 -0.7387 -0.7478 -0.7572
 -0.7612 -0.7590 -0.7528 -0.7428 -0.7254 -0.6701 -0.6313 -0.6127 -0.6125 -0.6279
 -0.6542 -0.6857 -0.7199 -0.7563 -0.7948 -0.8357 -0.8796 -0.9280 -0.9809 -1.0340
 -1.1084 -0.9988 -0.9078 -0.8347 -0.7782 -0.7374 -0.7107 -0.6956 -0.6897 -0.6924
 -0.7021 -0.7131 -0.7191 -0.7182 -0.7106 -0.6685 -0.6336 -0.6169 -0.6177 -0.6336
 -0.6610 -0.6943 -0.7297 -0.7666 -0.8049 -0.8447 -0.8868 -0.9315 -0.9801 -1.0337
 -1.0887
 -1.0934 -0.9915 -0.9051 -0.8343 -0.7780 -0.7344 -0.7021 -0.6796 -0.6656 -0.6580
 -0.6551 -0.6572 -0.6641 -0.6721 -0.6772 -0.6612 -0.6316 -0.6170 -0.6187 -0.6352
 -0.6612 -0.6991 -0.7370 -0.7756 -0.8146 -0.8545 -0.8957 -0.9381 -0.9832 -1.0327
 -1.0875
 -1.0532 -0.9671 -0.8888 -0.8243 -0.7717 -0.7298 -0.6967 -0.6711 -0.6522 -0.6394
 -0.6309 -0.6257 -0.6232 -0.6245 -0.6294 -0.6367 -0.6243 -0.6130 -0.6157 -0.6326
 -0.6619 -0.6998 -0.7408 -0.7823 -0.8235 -0.8646 -0.9061 -0.9484 -0.9920 -1.0378
 -1.0875
 -0.9902 -0.9198 -0.8553 -0.8000 -0.7540 -0.7166 -0.6862 -0.6614 -0.6413 -0.6257
 -0.6141 -0.6057 -0.5996 -0.5955 -0.5940 -0.6001 -0.6051 -0.6042 -0.6089 -0.6258
 -0.6549 -0.6940 -0.7383 -0.7835 -0.8280 -0.8715 -0.9146 -0.9574 -1.0006 -1.0449
 -1.0909
 -0.9114 -0.8546 -0.8035 -0.7583 -0.7206 -0.6897 -0.6643 -0.6431 -0.6253 -0.6102
 -0.5979 -0.5883 -0.5809 -0.5753 -0.5713 -0.5697 -0.5772 -0.5872 -0.5982 -0.6160
 -0.6446 -0.6837 -0.7299 -0.7788 -0.8273 -0.8744 -0.9203 -0.9651 -1.0092 -1.0534
 -1.0982
 -0.8226 -0.7773 -0.7370 -0.7017 -0.6722 -0.6481 -0.6286 -0.6126 -0.5991 -0.5873
 -0.5771 -0.5685 -0.5615 -0.5562 -0.5613 -0.5455 -0.5406 -0.5620 -0.5836
 [Fe/H] = -1.00 [alpha/Fe] = 0.40 BC value = F814W
 -2.1463 -2.0796 -2.0089 -1.9280 -1.8399 -1.7184 -1.5449 -1.3301 -1.1653 -1.0230
 -0.9349 -0.8653 -0.8062 -0.7536 -0.7059 -0.6094
 -1.9004 -1.8313 -1.7669 -1.6998 -1.6261 -1.5309 -1.3986 -1.2341 -1.0951 -0.9950
 -0.9208 -0.8593 -0.8049 -0.7561 -0.7123 -0.6245 -0.5628 -0.5288 -0.5202
 -1.7031 -1.6273 -1.5635 -1.5044 -1.4429 -1.3703 -1.2735 -1.1512 -1.0460 -0.9664
 -0.9048 -0.8518 -0.8030 -0.7582 -0.7178 -0.6372 -0.5829 -0.5527 -0.5454 -0.5573
 -0.5824
 -1.5544 -1.4676 -1.3987 -1.3418 -1.2902 -1.2367 -1.1696 -1.0814 -1.0008 -0.9372
 -0.8869 -0.8428 -0.8005 -0.7599 -0.7224 -0.6475 -0.5980 -0.5710 -0.5647 -0.5756
 -0.5992 -0.6301 -0.6668
 -1.4453 -1.3480 -1.2708 -1.2100 -1.1609 -1.1181 -1.0736 -1.0138 -0.9536 -0.9038
 -0.8638 -0.8289 -0.7944 -0.7592 -0.7250 -0.6552 -0.6095 -0.5851 -0.5799 -0.5902
 -0.6129 -0.6432 -0.6785 -0.7174 -0.7608
 -1.3371 -1.2386 -1.1632 -1.1029 -1.0540 -1.0148 -0.9816 -0.9446 -0.9026 -0.8653
 -0.8347 -0.8084 -0.7824 -0.7543 -0.7247 -0.6602 -0.6177 -0.5956 -0.5915 -0.6019
 -0.6240 -0.6540 -0.6885 -0.7265 -0.7675 -0.8125
 -1.2831 -1.1607 -1.0641 -0.9924 -0.9433 -0.9123 -0.8911 -0.8720 -0.8480 -0.8228
 -0.8006 -0.7816 -0.7634 -0.7434 -0.7201 -0.6623 -0.6229 -0.6028 -0.5998 -0.6108
 -0.6328 -0.6629 -0.6976 -0.7352 -0.7754 -0.8183 -0.8644 -0.9147 -0.9691 -1.0224
 -1.2661 -1.1358 -1.0269 -0.9393 -0.8726 -0.8249 -0.7938 -0.7774 -0.7701 -0.7657
 -0.7595 -0.7503 -0.7386 -0.7253 -0.7094 -0.6611 -0.6250 -0.6070 -0.6050 -0.6166
 -0.6390 -0.6697 -0.7052 -0.7434 -0.7834 -0.8254 -0.8696 -0.9165 -0.9672 -1.0220
 -1.0765
 -1.2605 -1.1279 -1.0151 -0.9218 -0.8467 -0.7894 -0.7479 -0.7198 -0.7021 -0.6928
 -0.6914 -0.6951 -0.6986 -0.6975 -0.6905 -0.6562 -0.6241 -0.6080 -0.6070 -0.6191
 -0.6421 -0.6736 -0.7107 -0.7504 -0.7912 -0.8331 -0.8766 -0.9217 -0.9696 -1.0202
 -1.0754
 -1.2548 -1.1226 -1.0099 -0.9151 -0.8374 -0.7758 -0.7286 -0.6941 -0.6703 -0.6547
 -0.6451 -0.6407 -0.6414 -0.6458 -0.6503 -0.6441 -0.6192 -0.6056 -0.6060 -0.6187
 -0.6423 -0.6748 -0.7136 -0.7555 -0.7984 -0.8415 -0.8852 -0.9298 -0.9757 -1.0238
 -1.0751
 -1.2378 -1.1144 -1.0045 -0.9111 -0.8333 -0.7704 -0.7209 -0.6828 -0.6545 -0.6344
 -0.6206 -0.6114 -0.6057 -0.6030 -0.6038 -0.6127 -0.6095 -0.5999 -0.6017 -0.6148
 -0.6385 -0.6715 -0.7117 -0.7561 -0.8016 -0.8469 -0.8920 -0.9370 -0.9825 -1.0291
 -1.0774
 -1.2005 -1.0890 -0.9891 -0.9005 -0.8252 -0.7635 -0.7141 -0.6751 -0.6448 -0.6217
 -0.6046 -0.5923 -0.5837 -0.5776 -0.5737 -0.5751 -0.5844 -0.5894 -0.5940 -0.6079
 -0.6316 -0.6647 -0.7057 -0.7520 -0.8005 -0.8487 -0.8963 -0.9431 -0.9894 -1.0358
 -1.0828
 -1.1444 -1.0463 -0.9567 -0.8772 -0.8074 -0.7490 -0.7017 -0.6637 -0.6337 -0.6100
 -0.5913 -0.5771 -0.5664 -0.5587 -0.5600 -0.5313 -0.5439 -0.5741 -0.5829
 [Fe/H] = -0.75 [alpha/Fe] = 0.30 BC value = F814W
 -2.3502 -2.2842 -2.2108 -2.1217 -2.0176 -1.8678 -1.6519 -1.3848 -1.1835 -1.0233
 -0.9293 -0.8588 -0.8003 -0.7495 -0.7034 -0.6091
 -2.0874 -2.0179 -1.9504 -1.8760 -1.7884 -1.6700 -1.5029 -1.2947 -1.1205 -1.0007
 -0.9180 -0.8539 -0.7994 -0.7516 -0.7088 -0.6228 -0.5629 -0.5270 -0.5150
 -1.8728 -1.7954 -1.7282 -1.6627 -1.5898 -1.4989 -1.3744 -1.2163 -1.0788 -0.9783
 -0.9058 -0.8482 -0.7981 -0.7534 -0.7134 -0.6340 -0.5797 -0.5483 -0.5389 -0.5489
 -0.5720
 -1.7064 -1.6167 -1.5442 -1.4818 -1.4217 -1.3545 -1.2664 -1.1496 -1.0408 -0.9561
 -0.8927 -0.8417 -0.7964 -0.7549 -0.7172 -0.6427 -0.5929 -0.5649 -0.5571 -0.5665
 -0.5891 -0.6201 -0.6574
 -1.5833 -1.4804 -1.3983 -1.3323 -1.2767 -1.2241 -1.1647 -1.0831 -0.9992 -0.9295
 -0.8753 -0.8314 -0.7920 -0.7545 -0.7196 -0.6493 -0.6030 -0.5776 -0.5712 -0.5805
 -0.6021 -0.6322 -0.6674 -0.7072 -0.7518
 -1.4648 -1.3660 -1.2825 -1.2131 -1.1560 -1.1085 -1.0651 -1.0124 -0.9513 -0.8964
 -0.8519 -0.8156 -0.7829 -0.7509 -0.7195 -0.6536 -0.6103 -0.5871 -0.5819 -0.5914
 -0.6125 -0.6420 -0.6768 -0.7153 -0.7575 -0.8034
 -1.3703 -1.2493 -1.1568 -1.0892 -1.0405 -1.0024 -0.9695 -0.9369 -0.8971 -0.8569
 -0.8221 -0.7933 -0.7677 -0.7422 -0.7158 -0.6555 -0.6150 -0.5938 -0.5896 -0.5996
 -0.6206 -0.6500 -0.6847 -0.7229 -0.7639 -0.8076 -0.8549 -0.9067 -0.9619 -1.0157
 -1.3386 -1.2031 -1.0911 -1.0029 -0.9364 -0.8885 -0.8571 -0.8385 -0.8236 -0.8058
 -0.7857 -0.7654 -0.7463 -0.7274 -0.7071 -0.6546 -0.6170 -0.5977 -0.5945 -0.6050
 -0.6263 -0.6559 -0.6913 -0.7300 -0.7709 -0.8138 -0.8593 -0.9074 -0.9593 -1.0149
 -1.0698
 -1.3290 -1.1880 -1.0686 -0.9700 -0.8916 -0.8316 -0.7877 -0.7570 -0.7367 -0.7247
 -0.7199 -0.7181 -0.7139 -0.7050 -0.6918 -0.6504 -0.6163 -0.5989 -0.5966 -0.6075
 -0.6292 -0.6594 -0.6958 -0.7358 -0.7775 -0.8205 -0.8651 -0.9115 -0.9603 -1.0124
 -1.0687
 -1.3255 -1.1827 -1.0606 -0.9581 -0.8743 -0.8077 -0.7567 -0.7191 -0.6923 -0.6738
 -0.6617 -0.6558 -0.6555 -0.6580 -0.6589 -0.6408 -0.6121 -0.5969 -0.5959 -0.6073
 -0.6296 -0.6606 -0.6983 -0.7401 -0.7836 -0.8277 -0.8726 -0.9184 -0.9655 -1.0150
 -1.0676
 -1.3200 -1.1813 -1.0588 -0.9552 -0.8691 -0.7994 -0.7444 -0.7021 -0.6706 -0.6479
 -0.6318 -0.6207 -0.6135 -0.6102 -0.6106 -0.6151 -0.6042 -0.5919 -0.5922 -0.6040
 -0.6264 -0.6578 -0.6966 -0.7403 -0.7861 -0.8322 -0.8784 -0.9246 -0.9713 -1.0192
 -1.0688
 -1.2995 -1.1691 -1.0530 -0.9508 -0.8651 -0.7946 -0.7381 -0.6936 -0.6591 -0.6329
 -0.6135 -0.5994 -0.5892 -0.5818 -0.5770 -0.5770 -0.5833 -0.5830 -0.5854 -0.5979
 -0.6203 -0.6519 -0.6913 -0.7365 -0.7847 -0.8334 -0.8818 -0.9297 -0.9771 -1.0248
 -1.0732
 -1.2614 -1.1423 -1.0343 -0.9389 -0.8559 -0.7866 -0.7303 -0.6853 -0.6498 -0.6220
 -0.6003 -0.5838 -0.5714 -0.5622 -0.5581 -0.5265 -0.5494 -0.5702 -0.5755
 [Fe/H] = -0.50 [alpha/Fe] = 0.20 BC value = F814W
 -2.5561 -2.4939 -2.4210 -2.3268 -2.2035 -2.0197 -1.7557 -1.4483 -1.1961 -1.0314
 -0.9217 -0.8505 -0.7930 -0.7435 -0.7000 -0.6094
 -2.2829 -2.2146 -2.1458 -2.0654 -1.9625 -1.8170 -1.6097 -1.3525 -1.1416 -1.0030
 -0.9127 -0.8467 -0.7925 -0.7457 -0.7044 -0.6209 -0.5615 -0.5241 -0.5092
 -2.0557 -1.9772 -1.9073 -1.8356 -1.7506 -1.6387 -1.4817 -1.2823 -1.1097 -0.9870
 -0.9041 -0.8427 -0.7918 -0.7475 -0.7082 -0.6302 -0.5760 -0.5431 -0.5314 -0.5392
 -0.5606
 -1.8745 -1.7817 -1.7055 -1.6374 -1.5677 -1.4847 -1.3717 -1.2220 -1.0808 -0.9727
 -0.8959 -0.8385 -0.7909 -0.7489 -0.7114 -0.6373 -0.5872 -0.5578 -0.5483 -0.5561
 -0.5776 -0.6086 -0.6458
 -1.7376 -1.6291 -1.5419 -1.4704 -1.4072 -1.3432 -1.2658 -1.1587 -1.0472 -0.9543
 -0.8847 -0.8319 -0.7880 -0.7489 -0.7134 -0.6427 -0.5958 -0.5691 -0.5612 -0.5692
 -0.5898 -0.6196 -0.6553 -0.6957 -0.7406
 -1.6168 -1.5074 -1.4138 -1.3362 -1.2715 -1.2152 -1.1595 -1.0881 -1.0046 -0.9286
 -0.8680 -0.8209 -0.7817 -0.7463 -0.7135 -0.6464 -0.6021 -0.5776 -0.5710 -0.5795
 -0.5995 -0.6285 -0.6634 -0.7025 -0.7453 -0.7923
 -1.4783 -1.3617 -1.2745 -1.2079 -1.1521 -1.1022 -1.0568 -1.0101 -0.9526 -0.8944
 -0.8444 -0.8042 -0.7705 -0.7399 -0.7107 -0.6481 -0.6063 -0.5837 -0.5781 -0.5870
 -0.6070 -0.6356 -0.6703 -0.7089 -0.7507 -0.7956 -0.8442 -0.8971 -0.9532 -1.0076
 -1.4232 -1.2831 -1.1702 -1.0832 -1.0182 -0.9715 -0.9387 -0.9134 -0.8845 -0.8490
 -0.8130 -0.7810 -0.7535 -0.7285 -0.7040 -0.6475 -0.6082 -0.5875 -0.5828 -0.5920
 -0.6122 -0.6408 -0.6757 -0.7148 -0.7563 -0.8003 -0.8470 -0.8964 -0.9498 -1.0064
 -1.0619
 -1.4058 -1.2564 -1.1309 -1.0286 -0.9478 -0.8862 -0.8403 -0.8072 -0.7841 -0.7675
 -0.7551 -0.7430 -0.7281 -0.7107 -0.6920 -0.6440 -0.6076 -0.5887 -0.5849 -0.5944
 -0.6149 -0.6439 -0.6795 -0.7194 -0.7617 -0.8057 -0.8516 -0.8992 -0.9494 -1.0031
 -1.0603
 -1.4020 -1.2484 -1.1172 -1.0077 -0.9184 -0.8478 -0.7934 -0.7526 -0.7223 -0.6999
 -0.6845 -0.6763 -0.6735 -0.6717 -0.6666 -0.6362 -0.6040 -0.5871 -0.5846 -0.5945
 -0.6154 -0.6450 -0.6815 -0.7229 -0.7667 -0.8117 -0.8578 -0.9050 -0.9536 -1.0044
 -1.0584
 -1.4048 -1.2502 -1.1163 -1.0031 -0.9093 -0.8335 -0.7736 -0.7272 -0.6923 -0.6663
 -0.6470 -0.6332 -0.6242 -0.6198 -0.6191 -0.6166 -0.5974 -0.5827 -0.5814 -0.5917
 -0.6127 -0.6427 -0.6800 -0.7227 -0.7684 -0.8151 -0.8623 -0.9098 -0.9580 -1.0073
 -1.0584
 -1.3984 -1.2490 -1.1173 -1.0026 -0.9070 -0.8284 -0.7654 -0.7156 -0.6770 -0.6476
 -0.6254 -0.6089 -0.5966 -0.5875 -0.5816 -0.5795 -0.5811 -0.5750 -0.5754 -0.5864
 -0.6074 -0.6375 -0.6753 -0.7191 -0.7666 -0.8155 -0.8648 -0.9137 -0.9625 -1.0117
 -1.0616
 -1.3775 -1.2371 -1.1105 -0.9997 -0.9037 -0.8245 -0.7600 -0.7084 -0.6678 -0.6360
 -0.6112 -0.5922 -0.5777 -0.5668 -0.5541 -0.5249 -0.5551 -0.5640 -0.5666
 [Fe/H] = -0.25 [alpha/Fe] = 0.10 BC value = F814W
 -2.7615 -2.7030 -2.6326 -2.5357 -2.3862 -2.1585 -1.8449 -1.4678 -1.2020 -1.0252
 -0.9176 -0.8432 -0.7851 -0.7349 -0.6949 -0.6079
 -2.4848 -2.4173 -2.3480 -2.2626 -2.1416 -1.9635 -1.7098 -1.4005 -1.1575 -1.0019
 -0.9055 -0.8383 -0.7846 -0.7391 -0.6991 -0.6182 -0.5601 -0.5213 -0.5032
 -2.2510 -2.1706 -2.0977 -2.0196 -1.9215 -1.7854 -1.5885 -1.3444 -1.1353 -0.9921
 -0.9001 -0.8357 -0.7846 -0.7409 -0.7025 -0.6262 -0.5722 -0.5377 -0.5234 -0.5284
 -0.5487
 -2.0601 -1.9629 -1.8817 -1.8067 -1.7258 -1.6241 -1.4810 -1.2940 -1.1178 -0.9856
 -0.8963 -0.8336 -0.7843 -0.7422 -0.7051 -0.6319 -0.5814 -0.5503 -0.5386 -0.5444
 -0.5645 -0.5949 -0.6324
 -1.9128 -1.7970 -1.7030 -1.6242 -1.5516 -1.4736 -1.3739 -1.2372 -1.0942 -0.9763
 -0.8912 -0.8302 -0.7828 -0.7424 -0.7068 -0.6362 -0.5886 -0.5601 -0.5502 -0.5566
 -0.5760 -0.6053 -0.6412 -0.6820 -0.7280
 -1.7885 -1.6659 -1.5619 -1.4753 -1.4018 -1.3346 -1.2633 -1.1693 -1.0597 -0.9598
 -0.8818 -0.8240 -0.7790 -0.7409 -0.7070 -0.6391 -0.5939 -0.5676 -0.5590 -0.5660
 -0.5850 -0.6134 -0.6483 -0.6879 -0.7314 -0.7794
 -1.6160 -1.5045 -1.4181 -1.3435 -1.2749 -1.2123 -1.1540 -1.0905 -1.0123 -0.9331
 -0.8657 -0.8131 -0.7716 -0.7365 -0.7050 -0.6404 -0.5975 -0.5732 -0.5656 -0.5729
 -0.5918 -0.6197 -0.6542 -0.6932 -0.7356 -0.7815 -0.8313 -0.8858 -0.9428 -0.9981
 -1.5263 -1.3820 -1.2692 -1.1845 -1.1217 -1.0749 -1.0357 -0.9970 -0.9495 -0.8940
 -0.8409 -0.7960 -0.7594 -0.7282 -0.6999 -0.6399 -0.5991 -0.5767 -0.5700 -0.5776
 -0.5966 -0.6242 -0.6587 -0.6978 -0.7400 -0.7849 -0.8325 -0.8836 -0.9387 -0.9962
 -1.0524
 -1.4973 -1.3381 -1.2059 -1.1002 -1.0181 -0.9553 -0.9077 -0.8724 -0.8449 -0.8196
 -0.7941 -0.7674 -0.7403 -0.7148 -0.6908 -0.6370 -0.5986 -0.5780 -0.5723 -0.5801
 -0.5992 -0.6271 -0.6617 -0.7014 -0.7440 -0.7889 -0.8359 -0.8849 -0.9367 -0.9920
 -1.0503
 -1.4913 -1.3246 -1.1833 -1.0664 -0.9720 -0.8977 -0.8402 -0.7957 -0.7612 -0.7342
 -0.7149 -0.7026 -0.6942 -0.6852 -0.6724 -0.6305 -0.5953 -0.5765 -0.5722 -0.5804
 -0.5998 -0.6282 -0.6635 -0.7040 -0.7478 -0.7934 -0.8406 -0.8892 -0.9394 -0.9918
 -1.0475
 -1.4993 -1.3275 -1.1811 -1.0578 -0.9562 -0.8744 -0.8097 -0.7594 -0.7205 -0.6903
 -0.6669 -0.6497 -0.6384 -0.6323 -0.6293 -0.6163 -0.5897 -0.5726 -0.5695 -0.5782
 -0.5976 -0.6263 -0.6621 -0.7036 -0.7487 -0.7956 -0.8437 -0.8925 -0.9422 -0.9932
 -1.0460
 -1.5040 -1.3347 -1.1859 -1.0589 -0.9531 -0.8666 -0.7972 -0.7424 -0.6997 -0.6666
 -0.6410 -0.6212 -0.6061 -0.5951 -0.5878 -0.5824 -0.5773 -0.5659 -0.5642 -0.5735
 -0.5930 -0.6217 -0.6580 -0.7001 -0.7465 -0.7953 -0.8450 -0.8950 -0.9452 -0.9959
 -1.0475
 -1.4981 -1.3352 -1.1893 -1.0624 -0.9538 -0.8645 -0.7921 -0.7343 -0.6887 -0.6529
 -0.6248 -0.6029 -0.5859 -0.5727 -0.5479 -0.5288 -0.5581 -0.5564 -0.5563
 [Fe/H] =  0.00 [alpha/Fe] = 0.00 BC value = F814W
 -2.9725 -2.9115 -2.8408 -2.6686 -2.4094 -2.1024 -1.7797 -1.4682 -1.1987 -1.0160
 -0.9063 -0.8323 -0.7726 -0.7265 -0.6848 -0.5963
 -2.6991 -2.6278 -2.5549 -2.4625 -2.3249 -2.0997 -1.7862 -1.4290 -1.1635 -0.9968
 -0.8967 -0.8290 -0.7765 -0.7318 -0.6932 -0.6150 -0.5582 -0.5192 -0.4978
 -2.4640 -2.3772 -2.2980 -2.2111 -2.0967 -1.9302 -1.6837 -1.3915 -1.1512 -0.9922
 -0.8939 -0.8278 -0.7769 -0.7340 -0.6966 -0.6222 -0.5687 -0.5328 -0.5155 -0.5171
 -0.5362
 -2.2700 -2.1632 -2.0731 -1.9878 -1.8922 -1.7666 -1.5855 -1.3559 -1.1453 -0.9927
 -0.8938 -0.8274 -0.7772 -0.7353 -0.6989 -0.6268 -0.5762 -0.5433 -0.5287 -0.5319
 -0.5502 -0.5798 -0.6172
 -2.1181 -1.9899 -1.8845 -1.7942 -1.7080 -1.6113 -1.4828 -1.3106 -1.1341 -0.9923
 -0.8938 -0.8267 -0.7768 -0.7358 -0.7003 -0.6302 -0.5820 -0.5515 -0.5389 -0.5430
 -0.5608 -0.5893 -0.6252 -0.6666 -0.7139
 -1.9585 -1.8512 -1.7333 -1.6339 -1.5477 -1.4651 -1.3726 -1.2501 -1.1106 -0.9858
 -0.8914 -0.8244 -0.7750 -0.7350 -0.7005 -0.6324 -0.5864 -0.5580 -0.5467 -0.5514
 -0.5691 -0.5966 -0.6316 -0.6715 -0.7154 -0.7647
 -1.7938 -1.6819 -1.5861 -1.4961 -1.4121 -1.3346 -1.2601 -1.1748 -1.0716 -0.9688
 -0.8834 -0.8191 -0.7708 -0.7322 -0.6990 -0.6332 -0.5893 -0.5630 -0.5526 -0.5577
 -0.5753 -0.6023 -0.6366 -0.6758 -0.7189 -0.7654 -0.8165 -0.8727 -0.9306 -0.9868
 -1.6592 -1.5083 -1.3942 -1.3105 -1.2479 -1.1952 -1.1428 -1.0853 -1.0156 -0.9383
 -0.8668 -0.8086 -0.7632 -0.7266 -0.6953 -0.6326 -0.5905 -0.5662 -0.5568 -0.5620
 -0.5796 -0.6064 -0.6404 -0.6794 -0.7220 -0.7674 -0.8161 -0.8688 -0.9256 -0.9841
 -1.0412
 -1.6138 -1.4406 -1.2998 -1.1894 -1.1049 -1.0402 -0.9906 -0.9520 -0.9162 -0.8763
 -0.8325 -0.7891 -0.7503 -0.7172 -0.6886 -0.6299 -0.5898 -0.5673 -0.5593 -0.5646
 -0.5821 -0.6090 -0.6428 -0.6820 -0.7248 -0.7702 -0.8181 -0.8685 -0.9218 -0.9790
 -1.0383
 -1.6039 -1.4194 -1.2648 -1.1385 -1.0379 -0.9592 -0.8976 -0.8487 -0.8090 -0.7770
 -0.7520 -0.7329 -0.7157 -0.6968 -0.6756 -0.6243 -0.5865 -0.5658 -0.5594 -0.5653
 -0.5829 -0.6101 -0.6443 -0.6840 -0.7274 -0.7733 -0.8212 -0.8710 -0.9227 -0.9769
 -1.0344
 -1.6156 -1.4229 -1.2598 -1.1238 -1.0129 -0.9242 -0.8542 -0.7991 -0.7552 -0.7197
 -0.6913 -0.6703 -0.6562 -0.6474 -0.6403 -0.6142 -0.5815 -0.5622 -0.5571 -0.5637
 -0.5813 -0.6085 -0.6430 -0.6832 -0.7274 -0.7742 -0.8228 -0.8727 -0.9238 -0.9766
 -1.0311
 -1.6287 -1.4358 -1.2667 -1.1249 -1.0072 -0.9117 -0.8355 -0.7752 -0.7277 -0.6901
 -0.6601 -0.6364 -0.6180 -0.6047 -0.5959 -0.5854 -0.5720 -0.5561 -0.5523 -0.5597
 -0.5773 -0.6044 -0.6392 -0.6799 -0.7249 -0.7730 -0.8229 -0.8737 -0.9252 -0.9775
 -1.0309
 -1.6337 -1.4458 -1.2779 -1.1323 -1.0099 -0.9096 -0.8287 -0.7644 -0.7136 -0.6734
 -0.6415 -0.6162 -0.5960 -0.5800 -0.5424 -0.5379 -0.5580 -0.5475 -0.5450
 [Fe/H] =  0.25 [alpha/Fe] = 0.00 BC value = F814W
 -3.1280 -3.0973 -3.0615 -2.7776 -2.3300 -1.9278 -1.6628 -1.5110 -1.2287 -1.0242
 -0.8981 -0.8192 -0.7616 -0.7106 -0.6712 -0.5898
 -2.8713 -2.8307 -2.7897 -2.6537 -2.4290 -2.1464 -1.8317 -1.5061 -1.2061 -1.0071
 -0.8900 -0.8165 -0.7631 -0.7197 -0.6816 -0.6063 -0.5518 -0.5151 -0.4914
 -2.6445 -2.5875 -2.5365 -2.4730 -2.3682 -2.1736 -1.8729 -1.5010 -1.2058 -1.0085
 -0.8901 -0.8164 -0.7640 -0.7218 -0.6854 -0.6132 -0.5615 -0.5261 -0.5072 -0.5059
 -0.5214
 -2.4476 -2.3677 -2.3019 -2.2355 -2.1477 -2.0095 -1.7865 -1.4880 -1.2142 -1.0180
 -0.8948 -0.8179 -0.7649 -0.7232 -0.6877 -0.6174 -0.5677 -0.5347 -0.5182 -0.5186
 -0.5336 -0.5608 -0.5980
 -2.2863 -2.1803 -2.0948 -2.0200 -1.9412 -1.8376 -1.6817 -1.4568 -1.2198 -1.0296
 -0.9019 -0.8204 -0.7655 -0.7238 -0.6889 -0.6204 -0.5726 -0.5415 -0.5268 -0.5283
 -0.5441 -0.5711 -0.6065 -0.6483 -0.6957
 -2.1564 -2.0283 -1.9224 -1.8338 -1.7542 -1.6691 -1.5599 -1.4015 -1.2108 -1.0372
 -0.9089 -0.8233 -0.7657 -0.7235 -0.6891 -0.6223 -0.5764 -0.5471 -0.5336 -0.5358
 -0.5516 -0.5779 -0.6121 -0.6523 -0.6972 -0.7473
 -2.0060 -1.8874 -1.7775 -1.6797 -1.5932 -1.5132 -1.4293 -1.3212 -1.1802 -1.0333
 -0.9118 -0.8251 -0.7651 -0.7220 -0.6879 -0.6230 -0.5789 -0.5515 -0.5391 -0.5416
 -0.5574 -0.5832 -0.6166 -0.6558 -0.6993 -0.7467 -0.7989 -0.8567 -0.9154 -0.9728
 -1.7918 -1.6737 -1.5829 -1.5125 -1.4441 -1.3734 -1.3013 -1.2236 -1.1261 -1.0125
 -0.9064 -0.8231 -0.7627 -0.7189 -0.6850 -0.6221 -0.5799 -0.5545 -0.5432 -0.5458
 -0.5615 -0.5871 -0.6201 -0.6587 -0.7013 -0.7474 -0.7971 -0.8509 -0.9095 -0.9691
 -1.0272
 -1.7011 -1.5402 -1.4138 -1.3191 -1.2487 -1.1947 -1.1485 -1.1009 -1.0427 -0.9681
 -0.8869 -0.8139 -0.7566 -0.7133 -0.6799 -0.6194 -0.5790 -0.5555 -0.5458 -0.5487
 -0.5641 -0.5896 -0.6224 -0.6607 -0.7030 -0.7485 -0.7970 -0.8486 -0.9036 -0.9628
 -1.0233
 -1.6733 -1.4936 -1.3434 -1.2227 -1.1284 -1.0551 -0.9967 -0.9496 -0.9084 -0.8676
 -0.8242 -0.7804 -0.7387 -0.7020 -0.6713 -0.6141 -0.5758 -0.5541 -0.5461 -0.5499
 -0.5653 -0.5908 -0.6237 -0.6621 -0.7046 -0.7502 -0.7985 -0.8492 -0.9024 -0.9585
 -1.0182
 -1.6799 -1.4881 -1.3239 -1.1873 -1.0763 -0.9879 -0.9177 -0.8611 -0.8139 -0.7730
 -0.7379 -0.7089 -0.6860 -0.6672 -0.6499 -0.6064 -0.5711 -0.5507 -0.5443 -0.5490
 -0.5644 -0.5897 -0.6227 -0.6612 -0.7040 -0.7499 -0.7985 -0.8490 -0.9014 -0.9559
 -1.0126
 -1.7016 -1.5023 -1.3282 -1.1810 -1.0588 -0.9594 -0.8798 -0.8162 -0.7649 -0.7226
 -0.6870 -0.6576 -0.6347 -0.6180 -0.6062 -0.5860 -0.5633 -0.5451 -0.5399 -0.5458
 -0.5614 -0.5864 -0.6194 -0.6582 -0.7014 -0.7480 -0.7973 -0.8484 -0.9009 -0.9549
 -1.0101
 -1.7242 -1.5237 -1.3451 -1.1890 -1.0592 -0.9517 -0.8646 -0.7948 -0.7392 -0.6947
 -0.6586 -0.6292 -0.6053 -0.5865 -0.5402 -0.5529 -0.5524 -0.5373 -0.5329
 [Fe/H] =  0.50 [alpha/Fe] = 0.00 BC value = F814W
 -3.2212 -3.4862 -3.4077 -3.0609 -2.6346 -2.2189 -1.8466 -1.5454 -1.2634 -1.0383
 -0.8933 -0.8060 -0.7464 -0.6985 -0.6534 -0.5738
 -2.9856 -3.0666 -3.0343 -2.9004 -2.6752 -2.3679 -1.9863 -1.5727 -1.2545 -1.0255
 -0.8869 -0.8040 -0.7481 -0.7044 -0.6677 -0.5942 -0.5429 -0.5081 -0.4837
 -2.7709 -2.7488 -2.7303 -2.6998 -2.5945 -2.3797 -2.0347 -1.5998 -1.2659 -1.0327
 -0.8903 -0.8056 -0.7497 -0.7072 -0.6715 -0.6012 -0.5513 -0.5171 -0.4985 -0.4954
 -0.5071
 -2.5771 -2.5327 -2.4957 -2.4591 -2.3925 -2.2544 -1.9918 -1.6219 -1.2905 -1.0516
 -0.9008 -0.8098 -0.7515 -0.7090 -0.6740 -0.6054 -0.5567 -0.5239 -0.5063 -0.5041
 -0.5168 -0.5423 -0.5789
 -2.4129 -2.3368 -2.2802 -2.2314 -2.1716 -2.0720 -1.8933 -1.6140 -1.3141 -1.0758
 -0.9154 -0.8164 -0.7538 -0.7100 -0.6754 -0.6085 -0.5612 -0.5298 -0.5134 -0.5124
 -0.5260 -0.5514 -0.5861 -0.6281 -0.6767
 -2.2802 -2.1759 -2.0935 -2.0267 -1.9644 -1.8855 -1.7647 -1.5705 -1.3237 -1.0979
 -0.9324 -0.8251 -0.7568 -0.7106 -0.6757 -0.6105 -0.5648 -0.5348 -0.5194 -0.5189
 -0.5326 -0.5576 -0.5911 -0.6314 -0.6769 -0.7281
 -2.1585 -2.0399 -1.9383 -1.8528 -1.7786 -1.7059 -1.6181 -1.4882 -1.3061 -1.1098
 -0.9479 -0.8346 -0.7605 -0.7109 -0.6750 -0.6111 -0.5672 -0.5389 -0.5245 -0.5243
 -0.5379 -0.5625 -0.5952 -0.6342 -0.6780 -0.7261 -0.7795 -0.8381 -0.8981 -0.9568
 -1.9621 -1.8401 -1.7802 -1.6991 -1.6206 -1.5454 -1.4697 -1.3797 -1.2553 -1.1021
 -0.9558 -0.8426 -0.7638 -0.7107 -0.6732 -0.6101 -0.5681 -0.5417 -0.5286 -0.5285
 -0.5419 -0.5662 -0.5983 -0.6365 -0.6791 -0.7255 -0.7760 -0.8311 -0.8913 -0.9517
 -1.0111
 -1.7861 -1.6514 -1.5533 -1.4851 -1.4327 -1.3825 -1.3246 -1.2573 -1.1746 -1.0672
 -0.9486 -0.8441 -0.7651 -0.7096 -0.6702 -0.6074 -0.5672 -0.5428 -0.5313 -0.5316
 -0.5446 -0.5686 -0.6004 -0.6380 -0.6800 -0.7254 -0.7743 -0.8268 -0.8833 -0.9444
 -1.0058
 -1.7299 -1.5638 -1.4279 -1.3227 -1.2439 -1.1841 -1.1365 -1.0944 -1.0484 -0.9880
 -0.9109 -0.8296 -0.7590 -0.7048 -0.6649 -0.6022 -0.5639 -0.5413 -0.5318 -0.5332
 -0.5461 -0.5698 -0.6016 -0.6391 -0.6808 -0.7259 -0.7742 -0.8254 -0.8799 -0.9378
 -0.9995
 -1.7240 -1.5411 -1.3844 -1.2546 -1.1509 -1.0697 -1.0053 -0.9519 -0.9058 -0.8630
 -0.8185 -0.7723 -0.7278 -0.6882 -0.6547 -0.5957 -0.5592 -0.5380 -0.5302 -0.5330
 -0.5459 -0.5690 -0.6006 -0.6381 -0.6797 -0.7247 -0.7728 -0.8235 -0.8768 -0.9328
 -0.9914
 -1.7448 -1.5492 -1.3790 -1.2339 -1.1135 -1.0160 -0.9379 -0.8749 -0.8224 -0.7767
 -0.7356 -0.6988 -0.6673 -0.6416 -0.6209 -0.5825 -0.5522 -0.5327 -0.5262 -0.5304
 -0.5437 -0.5665 -0.5977 -0.6352 -0.6770 -0.7222 -0.7705 -0.8214 -0.8744 -0.9295
 -0.9865
 -1.7755 -1.5746 -1.3937 -1.2379 -1.1057 -0.9963 -0.9073 -0.8356 -0.7775 -0.7297
 -0.6890 -0.6539 -0.6241 -0.6002 -0.5635 -0.5626 -0.5429 -0.5254 -0.5198
 [Fe/H] =  0.75 [alpha/Fe] = 0.00 BC value = F814W
 -3.2759 -3.0220 -2.5655 -2.0336 -1.7018 -1.5840 -1.5852 -1.5778 -1.2957 -1.0595
 -0.8932 -0.7937 -0.7295 -0.6827 -0.6411 -0.5677
 -3.0563 -2.9789 -2.8511 -2.6783 -2.4650 -2.2155 -1.9335 -1.6221 -1.3029 -1.0517
 -0.8896 -0.7932 -0.7318 -0.6872 -0.6504 -0.5782 -0.5303 -0.4976 -0.4745
 -2.8509 -2.8585 -2.8781 -2.8815 -2.7666 -2.5147 -2.1324 -1.6770 -1.3282 -1.0663
 -0.8977 -0.7975 -0.7349 -0.6904 -0.6548 -0.5858 -0.5375 -0.5051 -0.4855 -0.4797
 -0.4894
 -2.6597 -2.6607 -2.6464 -2.6433 -2.6065 -2.4814 -2.1819 -1.7384 -1.3687 -1.0948
 -0.9143 -0.8054 -0.7386 -0.6931 -0.6578 -0.5905 -0.5427 -0.5107 -0.4925 -0.4884
 -0.4992 -0.5236 -0.5592
 -2.4921 -2.4498 -2.4269 -2.4107 -2.3791 -2.2956 -2.1056 -1.7717 -1.4122 -1.1313
 -0.9375 -0.8173 -0.7435 -0.6953 -0.6597 -0.5940 -0.5472 -0.5157 -0.4984 -0.4951
 -0.5065 -0.5303 -0.5642 -0.6064 -0.6561
 -2.3567 -2.2829 -2.2316 -2.1948 -2.1592 -2.0970 -1.9742 -1.7472 -1.4432 -1.1676
 -0.9652 -0.8328 -0.7503 -0.6975 -0.6606 -0.5963 -0.5510 -0.5205 -0.5036 -0.5007
 -0.5120 -0.5355 -0.5684 -0.6085 -0.6549 -0.7075
 -2.2449 -2.1457 -2.0670 -2.0058 -1.9544 -1.8988 -1.8152 -1.6680 -1.4441 -1.1967
 -0.9929 -0.8509 -0.7592 -0.7004 -0.6609 -0.5970 -0.5536 -0.5246 -0.5085 -0.5056
 -0.5166 -0.5397 -0.5718 -0.6107 -0.6550 -0.7040 -0.7587 -0.8187 -0.8785 -0.9387
 -2.0988 -2.0069 -1.9225 -1.8458 -1.7783 -1.7157 -1.6472 -1.5504 -1.4002 -1.2045
 -1.0150 -0.8688 -0.7690 -0.7040 -0.6609 -0.5962 -0.5547 -0.5275 -0.5127 -0.5100
 -0.5205 -0.5430 -0.5744 -0.6124 -0.6552 -0.7022 -0.7534 -0.8097 -0.8711 -0.9321
 -0.9930
 -1.8723 -1.7840 -1.7162 -1.6641 -1.6133 -1.5532 -1.4878 -1.4144 -1.3157 -1.1788
 -1.0212 -0.8819 -0.7789 -0.7080 -0.6606 -0.5935 -0.5539 -0.5286 -0.5156 -0.5134
 -0.5235 -0.5453 -0.5762 -0.6134 -0.6553 -0.7009 -0.7503 -0.8034 -0.8613 -0.9238
 -0.9860
 -1.7733 -1.6302 -1.5203 -1.4405 -1.3862 -1.3469 -1.3098 -1.2631 -1.1995 -1.1115
 -0.9983 -0.8806 -0.7820 -0.7094 -0.6590 -0.5887 -0.5505 -0.5273 -0.5163 -0.5155
 -0.5255 -0.5468 -0.5773 -0.6142 -0.6555 -0.7004 -0.7487 -0.8003 -0.8555 -0.9149
 -0.9785
 -1.7481 -1.5816 -1.4399 -1.3252 -1.2371 -1.1708 -1.1192 -1.0763 -1.0365 -0.9907
 -0.9288 -0.8513 -0.7726 -0.7064 -0.6562 -0.5831 -0.5457 -0.5242 -0.5150 -0.5158
 -0.5260 -0.5466 -0.5764 -0.6129 -0.6540 -0.6984 -0.7461 -0.7967 -0.8505 -0.9077
 -0.9679
 -1.7591 -1.5780 -1.4185 -1.2824 -1.1704 -1.0810 -1.0105 -0.9532 -0.9039 -0.8589
 -0.8152 -0.7691 -0.7214 -0.6767 -0.6386 -0.5746 -0.5390 -0.5189 -0.5112 -0.5137
 -0.5248 -0.5450 -0.5741 -0.6102 -0.6511 -0.6954 -0.7429 -0.7932 -0.8462 -0.9020
 -0.9606
 -1.7916 -1.5994 -1.4268 -1.2766 -1.1487 -1.0428 -0.9568 -0.8874 -0.8304 -0.7816
 -0.7376 -0.6970 -0.6602 -0.6275 -0.6062 -0.5632 -0.5304 -0.5114 -0.5049
 [Fe/H] =  1.00 [alpha/Fe] = 0.00 BC value = F814W
 -3.3086 -2.0126 -0.8086 -0.4788 -0.6458 -1.1962 -1.7221 -1.6299 -1.3330 -1.0838
 -0.8992 -0.7835 -0.7121 -0.6625 -0.6246 -0.5504
 -3.1002 -3.0372 -2.9190 -2.7517 -2.5403 -2.2893 -2.0026 -1.6838 -1.3542 -1.0863
 -0.8992 -0.7857 -0.7159 -0.6679 -0.6306 -0.5602 -0.5136 -0.4833 -0.4639
 -2.8984 -3.3708 -3.5690 -3.5211 -3.2517 -2.7826 -2.2004 -1.7502 -1.3941 -1.1096
 -0.9133 -0.7938 -0.7211 -0.6724 -0.6355 -0.5675 -0.5201 -0.4891 -0.4711 -0.4644
 -0.4723
 -2.7032 -3.0135 -2.7584 -2.7868 -2.7800 -2.6762 -2.3155 -1.8291 -1.4486 -1.1475
 -0.9377 -0.8069 -0.7277 -0.6766 -0.6394 -0.5723 -0.5255 -0.4944 -0.4765 -0.4712
 -0.4797 -0.5024 -0.5374
 -2.5287 -2.5222 -2.5343 -2.5515 -2.5509 -2.4917 -2.3013 -1.9122 -1.5108 -1.1957
 -0.9706 -0.8255 -0.7364 -0.6807 -0.6423 -0.5764 -0.5301 -0.4990 -0.4813 -0.4766
 -0.4854 -0.5076 -0.5409 -0.5833 -0.6341
 -2.3870 -2.3474 -2.3305 -2.3276 -2.3238 -2.2862 -2.1724 -1.9214 -1.5644 -1.2460
 -1.0084 -0.8487 -0.7484 -0.6857 -0.6445 -0.5792 -0.5344 -0.5036 -0.4861 -0.4812
 -0.4900 -0.5117 -0.5439 -0.5842 -0.6313 -0.6855
 -2.2759 -2.2050 -2.1568 -2.1268 -2.1056 -2.0753 -2.0055 -1.8497 -1.5866 -1.2913
 -1.0486 -0.8763 -0.7636 -0.6924 -0.6467 -0.5804 -0.5376 -0.5080 -0.4908 -0.4858
 -0.4941 -0.5151 -0.5465 -0.5853 -0.6297 -0.6801 -0.7366 -0.7966 -0.8569 -0.9186
 -2.1678 -2.0824 -2.0125 -1.9568 -1.9134 -1.8738 -1.8214 -1.7260 -1.5537 -1.3155
 -1.0841 -0.9050 -0.7812 -0.7011 -0.6493 -0.5798 -0.5390 -0.5113 -0.4951 -0.4901
 -0.4977 -0.5179 -0.5484 -0.5861 -0.6289 -0.6765 -0.7293 -0.7872 -0.8488 -0.9103
 -0.9727
 -1.9617 -1.9086 -1.8549 -1.8008 -1.7477 -1.6959 -1.6420 -1.5749 -1.4668 -1.3017
 -1.1047 -0.9294 -0.7995 -0.7111 -0.6528 -0.5776 -0.5384 -0.5128 -0.4983 -0.4940
 -0.5010 -0.5202 -0.5497 -0.5866 -0.6287 -0.6748 -0.7246 -0.7788 -0.8380 -0.9011
 -0.9639
 -1.8029 -1.6927 -1.6186 -1.5725 -1.5441 -1.5150 -1.4734 -1.4173 -1.3435 -1.2365
 -1.0927 -0.9399 -0.8123 -0.7193 -0.6558 -0.5736 -0.5351 -0.5117 -0.4993 -0.4965
 -0.5035 -0.5219 -0.5506 -0.5868 -0.6282 -0.6734 -0.7220 -0.7738 -0.8298 -0.8906
 -0.9552
 -1.7528 -1.6087 -1.4892 -1.3979 -1.3335 -1.2896 -1.2582 -1.2300 -1.1923 -1.1326
 -1.0425 -0.9288 -0.8168 -0.7258 -0.6592 -0.5696 -0.5303 -0.5087 -0.4983 -0.4973
 -0.5049 -0.5225 -0.5501 -0.5854 -0.6261 -0.6705 -0.7182 -0.7689 -0.8229 -0.8808
 -0.9424
 -1.7499 -1.5880 -1.4453 -1.3247 -1.2277 -1.1531 -1.0964 -1.0510 -1.0117 -0.9731
 -0.9277 -0.8666 -0.7911 -0.7166 -0.6550 -0.5643 -0.5239 -0.5035 -0.4948 -0.4957
 -0.5045 -0.5219 -0.5484 -0.5829 -0.6230 -0.6670 -0.7141 -0.7641 -0.8169 -0.8730
 -0.9323
 -1.7758 -1.6001 -1.4425 -1.3042 -1.1864 -1.0895 -1.0118 -0.9497 -0.8983 -0.8524
 -0.8089 -0.7657 -0.7201 -0.6730 -0.6432 -0.5577 -0.5159 -0.4961 -0.4888
