 [Fe/H] = -4.00 [alpha/Fe] = 0.40 BC value = F606W
  1.0593  2.9130  4.0370  2.8691 -0.3051 -4.6020 -3.6216 -1.7932 -0.6672 -0.5059
 -0.3273 -0.2481 -0.6178 -1.1040 -1.2527 -0.8318
 -1.8979 -0.9956 -0.2413 -0.4771 -1.5898 -3.4539 -3.0100 -2.1562 -1.4950 -1.2034
 -0.9722 -0.8557 -0.9622 -1.1314 -1.1531 -0.7893 -0.5497 -0.4117 -0.4002
 -3.0611 -2.7183 -2.2848 -2.0731 -2.0848 -2.4791 -2.3303 -2.0598 -1.7605 -1.4977
 -1.2976 -1.1762 -1.1288 -1.1021 -1.0395 -0.7410 -0.5342 -0.4056 -0.3459 -0.2982
 -0.2075
 -2.4303 -2.2551 -2.0935 -1.9189 -1.7900 -1.6777 -1.5825 -1.5040 -1.4635 -1.3887
 -1.3035 -1.2094 -1.1176 -1.0159 -0.9119 -0.6869 -0.5194 -0.4042 -0.3250 -0.2701
 -0.2295 -0.1975 -0.1710
 -2.1342 -2.0055 -1.8813 -1.7505 -1.6351 -1.5284 -1.4326 -1.3482 -1.2740 -1.2059
 -1.1368 -1.0624 -0.9863 -0.9078 -0.8272 -0.6432 -0.5048 -0.4079 -0.3391 -0.2885
 -0.2499 -0.2192 -0.1936 -0.1729 -0.1574
 -1.8505 -1.7604 -1.6692 -1.5748 -1.4792 -1.3861 -1.2982 -1.2169 -1.1429 -1.0755
 -1.0128 -0.9516 -0.8883 -0.8257 -0.7602 -0.6081 -0.4908 -0.4082 -0.3490 -0.3040
 -0.2687 -0.2402 -0.2162 -0.1959 -0.1789 -0.1660
 -1.5792 -1.5198 -1.4572 -1.3918 -1.3224 -1.2508 -1.1793 -1.1101 -1.0442 -0.9822
 -0.9243 -0.8696 -0.8166 -0.7649 -0.7109 -0.5816 -0.4774 -0.4051 -0.3547 -0.3166
 -0.2859 -0.2605 -0.2389 -0.2200 -0.2035 -0.1896 -0.1789 -0.1757 -0.1825 -0.1961
 -1.3203 -1.2837 -1.2453 -1.2053 -1.1621 -1.1147 -1.0640 -1.0120 -0.9596 -0.9079
 -0.8576 -0.8091 -0.7625 -0.7174 -0.6728 -0.5616 -0.4670 -0.3988 -0.3541 -0.3230
 -0.2985 -0.2777 -0.2597 -0.2437 -0.2290 -0.2159 -0.2039 -0.1965 -0.1973 -0.2083
 -0.2270
 -1.0865 -1.0652 -1.0444 -1.0242 -1.0022 -0.9770 -0.9478 -0.9148 -0.8786 -0.8403
 -0.8003 -0.7598 -0.7197 -0.6802 -0.6410 -0.5449 -0.4582 -0.3922 -0.3486 -0.3218
 -0.3037 -0.2892 -0.2764 -0.2646 -0.2534 -0.2427 -0.2332 -0.2243 -0.2197 -0.2237
 -0.2389
 -0.8758 -0.8685 -0.8623 -0.8571 -0.8508 -0.8427 -0.8315 -0.8163 -0.7966 -0.7724
 -0.7446 -0.7137 -0.6810 -0.6474 -0.6133 -0.5281 -0.4487 -0.3848 -0.3409 -0.3147
 -0.3006 -0.2925 -0.2863 -0.2803 -0.2741 -0.2674 -0.2607 -0.2546 -0.2501 -0.2501
 -0.2548
 -0.6884 -0.6948 -0.7004 -0.7053 -0.7104 -0.7144 -0.7164 -0.7156 -0.7109 -0.7010
 -0.6858 -0.6660 -0.6425 -0.6162 -0.5877 -0.5123 -0.4396 -0.3780 -0.3337 -0.3059
 -0.2922 -0.2879 -0.2878 -0.2885 -0.2886 -0.2874 -0.2855 -0.2829 -0.2805 -0.2794
 -0.2791
 -0.5345 -0.5441 -0.5557 -0.5692 -0.5828 -0.5950 -0.6065 -0.6159 -0.6224 -0.6241
 -0.6206 -0.6124 -0.5994 -0.5821 -0.5607 -0.4968 -0.4299 -0.3710 -0.3264 -0.2976
 -0.2825 -0.2784 -0.2816 -0.2881 -0.2949 -0.3003 -0.3044 -0.3071 -0.3087 -0.3102
 -0.3126
 -0.4141 -0.4163 -0.4282 -0.4488 -0.4680 -0.4845 -0.5034 -0.5200 -0.5341 -0.5442
 -0.5503 -0.5526 -0.5515 -0.5451 -0.5324 -0.4816 -0.4196 -0.3638 -0.3190
 [Fe/H] = -3.00 [alpha/Fe] = 0.40 BC value = F606W
 -2.7628 -2.4248 -2.2168 -2.1275 -2.1351 -2.4435 -2.2035 -1.9878 -1.8246 -1.6955
 -1.5208 -1.3467 -1.2695 -1.2414 -1.1718 -0.8407
 -2.6853 -2.3517 -2.1219 -1.9870 -1.9326 -2.0555 -1.9184 -1.7850 -1.6680 -1.5616
 -1.4366 -1.3103 -1.2186 -1.1448 -1.0545 -0.7720 -0.5570 -0.4098 -0.3095
 -2.5949 -2.2740 -2.0344 -1.8687 -1.7680 -1.7591 -1.6825 -1.6022 -1.5184 -1.4314
 -1.3415 -1.2488 -1.1537 -1.0562 -0.9565 -0.7147 -0.5319 -0.4037 -0.3152 -0.2533
 -0.2082
 -2.4916 -2.1917 -1.9543 -1.7726 -1.6414 -1.5543 -1.4958 -1.4393 -1.3757 -1.3049
 -1.2356 -1.1622 -1.0749 -0.9754 -0.8778 -0.6688 -0.5120 -0.4007 -0.3228 -0.2668
 -0.2250 -0.1926 -0.1659
 -2.3754 -2.1048 -1.8816 -1.6987 -1.5527 -1.4411 -1.3583 -1.2964 -1.2400 -1.1821
 -1.1189 -1.0504 -0.9822 -0.9025 -0.8184 -0.6343 -0.4973 -0.4008 -0.3322 -0.2815
 -0.2428 -0.2120 -0.1871 -0.1670 -0.1521
 -2.2463 -2.0133 -1.8163 -1.6470 -1.5019 -1.3813 -1.2848 -1.2082 -1.1449 -1.0885
 -1.0311 -0.9686 -0.9074 -0.8429 -0.7718 -0.6084 -0.4853 -0.4005 -0.3409 -0.2960
 -0.2607 -0.2322 -0.2086 -0.1888 -0.1725 -0.1600
 -2.0960 -1.9015 -1.7360 -1.5899 -1.4578 -1.3396 -1.2376 -1.1531 -1.0828 -1.0213
 -0.9636 -0.9064 -0.8480 -0.7939 -0.7334 -0.5885 -0.4748 -0.3974 -0.3459 -0.3076
 -0.2770 -0.2517 -0.2304 -0.2121 -0.1964 -0.1834 -0.1736 -0.1711 -0.1784 -0.1922
 -1.9318 -1.7712 -1.6356 -1.5155 -1.4036 -1.2978 -1.1992 -1.1119 -1.0374 -0.9734
 -0.9156 -0.8601 -0.8050 -0.7534 -0.7007 -0.5717 -0.4656 -0.3915 -0.3449 -0.3135
 -0.2890 -0.2684 -0.2508 -0.2353 -0.2214 -0.2092 -0.1993 -0.1922 -0.1928 -0.2044
 -0.2233
 -1.6533 -1.5978 -1.5203 -1.4233 -1.3327 -1.2446 -1.1574 -1.0742 -0.9990 -0.9335
 -0.8757 -0.8225 -0.7711 -0.7211 -0.6732 -0.5560 -0.4575 -0.3847 -0.3373 -0.3121
 -0.2906 -0.2797 -0.2672 -0.2560 -0.2455 -0.2355 -0.2268 -0.2224 -0.2226 -0.2270
 -0.2352
 -1.5630 -1.4572 -1.3766 -1.3186 -1.2457 -1.1750 -1.1034 -1.0310 -0.9604 -0.8954
 -0.8377 -0.7863 -0.7384 -0.6923 -0.6479 -0.5397 -0.4476 -0.3775 -0.3312 -0.3049
 -0.2910 -0.2831 -0.2771 -0.2716 -0.2660 -0.2600 -0.2542 -0.2488 -0.2450 -0.2446
 -0.2510
 -1.4065 -1.3212 -1.2564 -1.2101 -1.1511 -1.0936 -1.0368 -0.9779 -0.9175 -0.8577
 -0.8016 -0.7514 -0.7063 -0.6641 -0.6237 -0.5251 -0.4383 -0.3705 -0.3238 -0.2960
 -0.2828 -0.2788 -0.2789 -0.2800 -0.2806 -0.2801 -0.2788 -0.2770 -0.2753 -0.2747
 -0.2751
 -1.2336 -1.1898 -1.1436 -1.0951 -1.0529 -1.0137 -0.9725 -0.9128 -0.8644 -0.8141
 -0.7637 -0.7160 -0.6728 -0.6337 -0.5972 -0.5100 -0.4283 -0.3631 -0.3165 -0.2875
 -0.2730 -0.2695 -0.2732 -0.2800 -0.2872 -0.2932 -0.2979 -0.3011 -0.3034 -0.3055
 -0.3084
 -1.0444 -1.0631 -1.0379 -0.9736 -0.9513 -0.9353 -0.8898 -0.8555 -0.8176 -0.7613
 -0.7198 -0.6781 -0.6381 -0.6014 -0.5684 -0.4944 -0.4176 -0.3553 -0.3093
 [Fe/H] = -2.50 [alpha/Fe] = 0.40 BC value = F606W
 -3.8120 -3.6004 -3.4454 -3.1276 -2.6639 -2.2785 -2.1162 -2.0796 -2.0143 -1.8709
 -1.6995 -1.5195 -1.3623 -1.2320 -1.1047 -0.8152
 -3.3760 -3.0632 -2.8312 -2.5672 -2.2732 -2.0324 -1.8940 -1.8155 -1.7339 -1.6253
 -1.5032 -1.3706 -1.2391 -1.1171 -1.0013 -0.7482 -0.5491 -0.4045 -0.2938
 -3.0503 -2.6733 -2.3892 -2.1556 -1.9652 -1.8152 -1.6973 -1.6005 -1.5138 -1.4290
 -1.3403 -1.2425 -1.1343 -1.0233 -0.9183 -0.6948 -0.5231 -0.3978 -0.3063 -0.2425
 -0.2027
 -2.8349 -2.4307 -2.1194 -1.8928 -1.7399 -1.6269 -1.5261 -1.4346 -1.3540 -1.2820
 -1.2108 -1.1352 -1.0479 -0.9506 -0.8557 -0.6550 -0.5040 -0.3943 -0.3168 -0.2608
 -0.2187 -0.1864 -0.1613
 -2.7298 -2.3354 -2.0218 -1.7788 -1.5973 -1.4675 -1.3804 -1.3178 -1.2545 -1.1843
 -1.1147 -1.0487 -0.9799 -0.8990 -0.8135 -0.6288 -0.4918 -0.3940 -0.3252 -0.2746
 -0.2358 -0.2051 -0.1805 -0.1600 -0.1450
 -2.6558 -2.2849 -1.9846 -1.7444 -1.5546 -1.4084 -1.2992 -1.2186 -1.1588 -1.1077
 -1.0500 -0.9856 -0.9235 -0.8574 -0.7831 -0.6117 -0.4836 -0.3941 -0.3329 -0.2879
 -0.2528 -0.2245 -0.2013 -0.1820 -0.1664 -0.1546
 -2.5705 -2.2335 -1.9568 -1.7304 -1.5445 -1.3925 -1.2708 -1.1757 -1.1011 -1.0398
 -0.9859 -0.9320 -0.8753 -0.8188 -0.7555 -0.5990 -0.4771 -0.3924 -0.3373 -0.2986
 -0.2682 -0.2433 -0.2224 -0.2047 -0.1896 -0.1772 -0.1682 -0.1664 -0.1740 -0.1880
 -2.4595 -2.1612 -1.9143 -1.7093 -1.5365 -1.3889 -1.2632 -1.1580 -1.0727 -1.0026
 -0.9418 -0.8857 -0.8311 -0.7799 -0.7263 -0.5864 -0.4706 -0.3885 -0.3366 -0.3038
 -0.2795 -0.2593 -0.2422 -0.2272 -0.2140 -0.2024 -0.1934 -0.1871 -0.1883 -0.2002
 -0.2192
 -2.3276 -2.0670 -1.8506 -1.6697 -1.5152 -1.3796 -1.2584 -1.1507 -1.0576 -0.9797
 -0.9136 -0.8546 -0.7994 -0.7467 -0.6975 -0.5714 -0.4632 -0.3827 -0.3317 -0.3023
 -0.2841 -0.2701 -0.2581 -0.2473 -0.2375 -0.2283 -0.2203 -0.2143 -0.2115 -0.2152
 -0.2312
 -2.1791 -1.9551 -1.7670 -1.6092 -1.4739 -1.3534 -1.2429 -1.1403 -1.0463 -0.9630
 -0.8915 -0.8297 -0.7740 -0.7214 -0.6726 -0.5544 -0.4533 -0.3756 -0.3240 -0.2954
 -0.2812 -0.2734 -0.2678 -0.2627 -0.2576 -0.2523 -0.2472 -0.2427 -0.2397 -0.2399
 -0.2469
 -2.0294 -1.8397 -1.6756 -1.5367 -1.4181 -1.3126 -1.2149 -1.1218 -1.0330 -0.9499
 -0.8748 -0.8093 -0.7521 -0.7005 -0.6525 -0.5401 -0.4435 -0.3687 -0.3168 -0.2866
 -0.2731 -0.2692 -0.2696 -0.2711 -0.2721 -0.2722 -0.2716 -0.2705 -0.2696 -0.2698
 -0.2708
 -1.8824 -1.7232 -1.5810 -1.4575 -1.3512 -1.2581 -1.1724 -1.0902 -1.0101 -0.9324
 -0.8585 -0.7908 -0.7311 -0.6789 -0.6321 -0.5265 -0.4337 -0.3610 -0.3097 -0.2781
 -0.2632 -0.2601 -0.2641 -0.2712 -0.2788 -0.2853 -0.2905 -0.2945 -0.2975 -0.3002
 -0.3038
 -1.7381 -1.6056 -1.4868 -1.3769 -1.2803 -1.1954 -1.1186 -1.0463 -0.9756 -0.9060
 -0.8376 -0.7721 -0.7113 -0.6574 -0.6114 -0.5136 -0.4239 -0.3525 -0.3027
 [Fe/H] = -2.00 [alpha/Fe] = 0.40 BC value = F606W
 -4.5217 -4.0686 -3.7052 -3.4444 -3.1633 -2.8821 -2.5908 -2.3070 -2.0445 -1.8225
 -1.6310 -1.4627 -1.3130 -1.1791 -1.0266 -0.7717
 -4.2647 -3.7970 -3.3865 -3.0309 -2.7266 -2.4600 -2.2172 -1.9901 -1.7861 -1.6121
 -1.4595 -1.3195 -1.1879 -1.0664 -0.9455 -0.7143 -0.5335 -0.3963 -0.2978
 -3.9647 -3.4869 -3.0640 -2.7019 -2.3994 -2.1487 -1.9379 -1.7503 -1.5869 -1.4471
 -1.3237 -1.2077 -1.0937 -0.9838 -0.8823 -0.6704 -0.5092 -0.3886 -0.3017 -0.2395
 -0.1933
 -3.6217 -3.1383 -2.7377 -2.4574 -2.1816 -1.9481 -1.7529 -1.5876 -1.4469 -1.3275
 -1.2236 -1.1273 -1.0304 -0.9313 -0.8370 -0.6400 -0.4930 -0.3848 -0.3072 -0.2511
 -0.2086 -0.1769 -0.1527
 -3.3561 -2.8686 -2.4830 -2.1863 -1.9564 -1.7724 -1.6167 -1.4767 -1.3502 -1.2403
 -1.1463 -1.0631 -0.9827 -0.8968 -0.8096 -0.6231 -0.4849 -0.3849 -0.3143 -0.2635
 -0.2249 -0.1945 -0.1703 -0.1505 -0.1365
 -3.2571 -2.7650 -2.3610 -2.0459 -1.8044 -1.6193 -1.4759 -1.3620 -1.2673 -1.1813
 -1.0939 -1.0136 -0.9410 -0.8692 -0.7912 -0.6138 -0.4812 -0.3864 -0.3211 -0.2752
 -0.2405 -0.2127 -0.1900 -0.1715 -0.1568 -0.1459
 -3.2165 -2.7262 -2.3209 -1.9954 -1.7375 -1.5350 -1.3781 -1.2582 -1.1676 -1.0997
 -1.0401 -0.9751 -0.9080 -0.8423 -0.7745 -0.6077 -0.4789 -0.3872 -0.3256 -0.2845
 -0.2544 -0.2302 -0.2101 -0.1931 -0.1790 -0.1677 -0.1598 -0.1590 -0.1671 -0.1809
 -3.1726 -2.7051 -2.3104 -1.9894 -1.7317 -1.5253 -1.3601 -1.2289 -1.1259 -1.0441
 -0.9778 -0.9218 -0.8677 -0.8123 -0.7541 -0.6016 -0.4760 -0.3861 -0.3265 -0.2894
 -0.2645 -0.2451 -0.2287 -0.2146 -0.2024 -0.1919 -0.1840 -0.1789 -0.1810 -0.1931
 -0.2122
 -3.1018 -2.6665 -2.2953 -1.9886 -1.7383 -1.5347 -1.3675 -1.2293 -1.1161 -1.0241
 -0.9481 -0.8834 -0.8263 -0.7745 -0.7249 -0.5912 -0.4717 -0.3829 -0.3239 -0.2888
 -0.2687 -0.2550 -0.2438 -0.2339 -0.2249 -0.2167 -0.2100 -0.2052 -0.2036 -0.2081
 -0.2245
 -2.9898 -2.5934 -2.2544 -1.9698 -1.7350 -1.5407 -1.3779 -1.2393 -1.1207 -1.0201
 -0.9356 -0.8640 -0.8014 -0.7451 -0.6946 -0.5736 -0.4634 -0.3769 -0.3179 -0.2833
 -0.2662 -0.2581 -0.2529 -0.2486 -0.2443 -0.2400 -0.2360 -0.2327 -0.2310 -0.2323
 -0.2401
 -2.8460 -2.5026 -2.1987 -1.9386 -1.7209 -1.5389 -1.3842 -1.2499 -1.1316 -1.0272
 -0.9357 -0.8570 -0.7892 -0.7293 -0.6754 -0.5571 -0.4536 -0.3706 -0.3116 -0.2757
 -0.2589 -0.2540 -0.2546 -0.2566 -0.2583 -0.2593 -0.2597 -0.2598 -0.2601 -0.2615
 -0.2636
 -2.6834 -2.3910 -2.1253 -1.8920 -1.6929 -1.5239 -1.3789 -1.2517 -1.1376 -1.0341
 -0.9403 -0.8566 -0.7832 -0.7192 -0.6627 -0.5433 -0.4430 -0.3631 -0.3049 -0.2676
 -0.2494 -0.2452 -0.2491 -0.2567 -0.2648 -0.2720 -0.2782 -0.2832 -0.2873 -0.2913
 -0.2960
 -2.5044 -2.2613 -2.0392 -1.8369 -1.6560 -1.4983 -1.3631 -1.2433 -1.1349 -1.0353
 -0.9430 -0.8580 -0.7809 -0.7125 -0.6565 -0.5322 -0.4316 -0.3544 -0.2978
 [Fe/H] = -1.50 [alpha/Fe] = 0.40 BC value = F606W
 -5.4355 -5.1051 -4.7803 -4.4472 -4.1262 -3.7491 -3.2821 -2.7294 -2.2535 -1.8878
 -1.6133 -1.4060 -1.2421 -1.1066 -0.9890 -0.7467
 -5.0985 -4.6806 -4.2941 -3.9291 -3.5852 -3.2297 -2.8268 -2.3818 -2.0025 -1.7035
 -1.4718 -1.2900 -1.1423 -1.0177 -0.9092 -0.6876 -0.5167 -0.3850 -0.2878
 -4.8237 -4.3568 -3.9290 -3.5381 -3.1783 -2.8385 -2.4889 -2.1265 -1.8168 -1.5663
 -1.3666 -1.2052 -1.0709 -0.9553 -0.8538 -0.6474 -0.4923 -0.3755 -0.2892 -0.2265
 -0.1798
 -4.6111 -4.1337 -3.6850 -3.2742 -2.9054 -2.5755 -2.2684 -1.9635 -1.6964 -1.4762
 -1.2977 -1.1516 -1.0279 -0.9194 -0.8228 -0.6261 -0.4804 -0.3725 -0.2937 -0.2367
 -0.1945 -0.1620 -0.1376
 -4.2747 -3.8028 -3.4239 -3.0581 -2.7108 -2.3920 -2.1080 -1.8455 -1.6099 -1.4111
 -1.2476 -1.1132 -0.9994 -0.8983 -0.8062 -0.6163 -0.4761 -0.3737 -0.2999 -0.2473
 -0.2086 -0.1787 -0.1552 -0.1364 -0.1235
 -3.9668 -3.4837 -3.0768 -2.7328 -2.4393 -2.1860 -1.9601 -1.7426 -1.5394 -1.3603
 -1.2085 -1.0822 -0.9762 -0.8832 -0.7967 -0.6125 -0.4756 -0.3766 -0.3064 -0.2573
 -0.2222 -0.1951 -0.1732 -0.1558 -0.1421 -0.1331
 -3.8620 -3.3365 -2.8866 -2.5115 -2.2031 -1.9492 -1.7418 -1.5731 -1.4298 -1.2989
 -1.1729 -1.0572 -0.9558 -0.8682 -0.7885 -0.6111 -0.4764 -0.3793 -0.3116 -0.2655
 -0.2341 -0.2105 -0.1915 -0.1757 -0.1629 -0.1531 -0.1470 -0.1477 -0.1565 -0.1701
 -3.8565 -3.3057 -2.8259 -2.4262 -2.1001 -1.8360 -1.6215 -1.4462 -1.3029 -1.1883
 -1.0967 -1.0148 -0.9331 -0.8532 -0.7783 -0.6098 -0.4769 -0.3807 -0.3145 -0.2707
 -0.2427 -0.2235 -0.2083 -0.1955 -0.1846 -0.1757 -0.1695 -0.1668 -0.1698 -0.1823
 -0.2008
 -3.8736 -3.3227 -2.8310 -2.4140 -2.0728 -1.7978 -1.5758 -1.3953 -1.2481 -1.1276
 -1.0290 -0.9493 -0.8833 -0.8218 -0.7602 -0.6067 -0.4762 -0.3804 -0.3144 -0.2721
 -0.2438 -0.2321 -0.2217 -0.2131 -0.2055 -0.1990 -0.1940 -0.1900 -0.1899 -0.1970
 -0.2134
 -3.8509 -3.3253 -2.8416 -2.4252 -2.0782 -1.7964 -1.5689 -1.3834 -1.2311 -1.1055
 -1.0015 -0.9147 -0.8417 -0.7798 -0.7253 -0.5949 -0.4722 -0.3771 -0.3111 -0.2691
 -0.2457 -0.2348 -0.2297 -0.2265 -0.2236 -0.2208 -0.2186 -0.2171 -0.2172 -0.2203
 -0.2291
 -3.7761 -3.2899 -2.8400 -2.4376 -2.0967 -1.8151 -1.5857 -1.3971 -1.2410 -1.1101
 -0.9996 -0.9063 -0.8269 -0.7586 -0.6993 -0.5764 -0.4653 -0.3733 -0.3067 -0.2638
 -0.2405 -0.2316 -0.2311 -0.2336 -0.2365 -0.2389 -0.2410 -0.2428 -0.2449 -0.2482
 -0.2520
 -3.6510 -3.2151 -2.8071 -2.4308 -2.1061 -1.8327 -1.6059 -1.4182 -1.2610 -1.1273
 -1.0122 -0.9126 -0.8266 -0.7524 -0.6879 -0.5591 -0.4544 -0.3669 -0.3012 -0.2571
 -0.2327 -0.2240 -0.2261 -0.2336 -0.2425 -0.2509 -0.2586 -0.2651 -0.2709 -0.2766
 -0.2831
 -3.4773 -3.1022 -2.7435 -2.4047 -2.1027 -1.8426 -1.6230 -1.4384 -1.2821 -1.1480
 -1.0309 -0.9277 -0.8364 -0.7562 -0.6911 -0.5430 -0.4395 -0.3579 -0.2946
 [Fe/H] = -1.00 [alpha/Fe] = 0.40 BC value = F606W
 -5.9949 -5.7242 -5.4687 -5.2184 -5.0499 -4.7572 -4.2122 -3.4054 -2.7357 -2.0562
 -1.6614 -1.3936 -1.2036 -1.0572 -0.9372 -0.7043
 -5.6257 -5.3004 -5.0060 -4.7330 -4.4949 -4.1908 -3.7090 -3.0348 -2.4049 -1.9096
 -1.5538 -1.3040 -1.1247 -0.9877 -0.8756 -0.6579 -0.4952 -0.3689 -0.2718
 -5.3587 -4.9846 -4.6488 -4.3448 -4.0580 -3.7486 -3.3261 -2.7639 -2.2399 -1.8106
 -1.4851 -1.2476 -1.0741 -0.9421 -0.8348 -0.6275 -0.4747 -0.3597 -0.2731 -0.2089
 -0.1620
 -5.1939 -4.7768 -4.3971 -4.0538 -3.7393 -3.4305 -3.0635 -2.5927 -2.1422 -1.7592
 -1.4553 -1.2244 -1.0518 -0.9204 -0.8148 -0.6131 -0.4663 -0.3577 -0.2772 -0.2177
 -0.1742 -0.1414 -0.1174
 -5.0410 -4.6172 -4.2161 -3.8429 -3.4993 -3.1793 -2.8560 -2.4635 -2.0716 -1.7268
 -1.4427 -1.2183 -1.0455 -0.9127 -0.8070 -0.6080 -0.4645 -0.3595 -0.2829 -0.2269
 -0.1863 -0.1561 -0.1332 -0.1155 -0.1041
 -4.6865 -4.3266 -3.9869 -3.6501 -3.3123 -2.9858 -2.6740 -2.3485 -2.0092 -1.6992
 -1.4348 -1.2188 -1.0472 -0.9128 -0.8061 -0.6079 -0.4661 -0.3630 -0.2890 -0.2356
 -0.1977 -0.1701 -0.1490 -0.1328 -0.1204 -0.1133
 -4.3742 -3.9525 -3.5973 -3.2931 -3.0193 -2.7575 -2.4909 -2.2164 -1.9345 -1.6641
 -1.4235 -1.2194 -1.0514 -0.9166 -0.8085 -0.6101 -0.4690 -0.3668 -0.2942 -0.2431
 -0.2076 -0.1828 -0.1644 -0.1501 -0.1391 -0.1314 -0.1280 -0.1306 -0.1410 -0.1549
 -4.2704 -3.7837 -3.3628 -3.0081 -2.7089 -2.4478 -2.2105 -1.9888 -1.7746 -1.5720
 -1.3816 -1.2067 -1.0519 -0.9209 -0.8121 -0.6128 -0.4719 -0.3698 -0.2979 -0.2484
 -0.2151 -0.1933 -0.1784 -0.1671 -0.1582 -0.1515 -0.1475 -0.1474 -0.1529 -0.1666
 -0.1848
 -4.2997 -3.7695 -3.2956 -2.8879 -2.5454 -2.2588 -2.0132 -1.7956 -1.5966 -1.4169
 -1.2636 -1.1347 -1.0200 -0.9127 -0.8131 -0.6153 -0.4742 -0.3718 -0.2997 -0.2509
 -0.2194 -0.2004 -0.1893 -0.1821 -0.1766 -0.1723 -0.1698 -0.1693 -0.1728 -0.1803
 -0.1962
 -4.3698 -3.8257 -3.3215 -2.8737 -2.4914 -2.1734 -1.9095 -1.6867 -1.4937 -1.3238
 -1.1752 -1.0496 -0.9475 -0.8634 -0.7878 -0.6143 -0.4741 -0.3713 -0.2987 -0.2501
 -0.2198 -0.2032 -0.1959 -0.1932 -0.1923 -0.1918 -0.1921 -0.1931 -0.1959 -0.2016
 -0.2125
 -4.4209 -3.8927 -3.3841 -2.9187 -2.5106 -2.1655 -1.8802 -1.6452 -1.4488 -1.2817
 -1.1378 -1.0140 -0.9090 -0.8216 -0.7492 -0.6032 -0.4738 -0.3708 -0.2971 -0.2475
 -0.2173 -0.2020 -0.1975 -0.1994 -0.2035 -0.2079 -0.2124 -0.2166 -0.2213 -0.2273
 -0.2357
 -4.4106 -3.9099 -3.4272 -2.9673 -2.5531 -2.1944 -1.8940 -1.6461 -1.4418 -1.2715
 -1.1271 -1.0035 -0.8973 -0.8064 -0.7290 -0.5826 -0.4669 -0.3687 -0.2943 -0.2434
 -0.2123 -0.1972 -0.1943 -0.1996 -0.2087 -0.2186 -0.2282 -0.2369 -0.2452 -0.2536
 -0.2627
 -4.3393 -3.8828 -3.4283 -2.9941 -2.5898 -2.2328 -1.9277 -1.6718 -1.4602 -1.2845
 -1.1366 -1.0104 -0.9016 -0.8073 -0.7272 -0.5525 -0.4534 -0.3650 -0.2903
 [Fe/H] = -0.75 [alpha/Fe] = 0.30 BC value = F606W
 -6.1177 -5.8587 -5.6163 -5.3869 -5.2651 -5.0012 -4.4426 -3.5842 -2.8422 -2.1060
 -1.6788 -1.3918 -1.1914 -1.0403 -0.9185 -0.6859
 -5.7489 -5.4407 -5.1657 -4.9179 -4.7160 -4.4393 -3.9533 -3.2316 -2.5307 -1.9753
 -1.5823 -1.3112 -1.1202 -0.9775 -0.8628 -0.6442 -0.4829 -0.3592 -0.2633
 -5.4838 -5.1290 -4.8154 -4.5379 -4.2811 -3.9974 -3.5759 -2.9718 -2.3821 -1.8928
 -1.5264 -1.2645 -1.0771 -0.9378 -0.8269 -0.6172 -0.4646 -0.3504 -0.2642 -0.1995
 -0.1515
 -5.3224 -4.9236 -4.5654 -4.2469 -3.9603 -3.6755 -3.3104 -2.8048 -2.2983 -1.8585
 -1.5111 -1.2517 -1.0621 -0.9212 -0.8108 -0.6049 -0.4571 -0.3482 -0.2676 -0.2075
 -0.1633 -0.1305 -0.1070
 -5.1937 -4.7762 -4.3878 -4.0329 -3.7114 -3.4119 -3.0949 -2.6749 -2.2365 -1.8408
 -1.5130 -1.2570 -1.0637 -0.9187 -0.8064 -0.6014 -0.4558 -0.3498 -0.2726 -0.2158
 -0.1744 -0.1440 -0.1204 -0.1034 -0.0934
 -4.9071 -4.5507 -4.2003 -3.8557 -3.5206 -3.2039 -2.8991 -2.5553 -2.1779 -1.8238
 -1.5184 -1.2695 -1.0743 -0.9247 -0.8090 -0.6028 -0.4579 -0.3531 -0.2780 -0.2237
 -0.1847 -0.1566 -0.1356 -0.1198 -0.1087 -0.1025
 -4.5256 -4.1390 -3.8173 -3.5373 -3.2734 -3.0037 -2.7181 -2.4246 -2.1081 -1.7976
 -1.5183 -1.2814 -1.0882 -0.9354 -0.8158 -0.6063 -0.4615 -0.3570 -0.2829 -0.2305
 -0.1936 -0.1679 -0.1496 -0.1357 -0.1255 -0.1184 -0.1162 -0.1207 -0.1319 -0.1465
 -4.3666 -3.9054 -3.5122 -3.1870 -2.9125 -2.6678 -2.4374 -2.2068 -1.9669 -1.7247
 -1.4925 -1.2814 -1.0992 -0.9476 -0.8250 -0.6107 -0.4654 -0.3605 -0.2865 -0.2353
 -0.2004 -0.1773 -0.1620 -0.1511 -0.1431 -0.1375 -0.1350 -0.1359 -0.1430 -0.1576
 -0.1762
 -4.3685 -3.8554 -3.4008 -3.0131 -2.6902 -2.4185 -2.1804 -1.9605 -1.7495 -1.5514
 -1.3774 -1.2232 -1.0813 -0.9504 -0.8334 -0.6154 -0.4689 -0.3633 -0.2886 -0.2379
 -0.2045 -0.1837 -0.1717 -0.1646 -0.1600 -0.1568 -0.1555 -0.1564 -0.1604 -0.1703
 -0.1883
 -4.4422 -3.9030 -3.4079 -2.9717 -2.6001 -2.2908 -2.0315 -1.8075 -1.6066 -1.4224
 -1.2574 -1.1174 -1.0029 -0.9061 -0.8174 -0.6182 -0.4702 -0.3638 -0.2884 -0.2374
 -0.2050 -0.1864 -0.1776 -0.1747 -0.1743 -0.1749 -0.1764 -0.1789 -0.1829 -0.1903
 -0.2027
 -4.5165 -3.9858 -3.4749 -3.0108 -2.6038 -2.2594 -1.9736 -1.7357 -1.5336 -1.3574
 -1.2016 -1.0653 -0.9495 -0.8540 -0.7754 -0.6132 -0.4722 -0.3646 -0.2878 -0.2356
 -0.2031 -0.1857 -0.1793 -0.1803 -0.1846 -0.1899 -0.1954 -0.2009 -0.2070 -0.2146
 -0.2245
 -4.5381 -4.0313 -3.5377 -3.0691 -2.6474 -2.2813 -1.9731 -1.7185 -1.5074 -1.3297
 -1.1771 -1.0448 -0.9302 -0.8319 -0.7489 -0.5933 -0.4690 -0.3642 -0.2862 -0.2324
 -0.1989 -0.1816 -0.1767 -0.1806 -0.1893 -0.1997 -0.2102 -0.2201 -0.2297 -0.2395
 -0.2502
 -4.4998 -4.0271 -3.5606 -3.1129 -2.6948 -2.3233 -2.0045 -1.7369 -1.5156 -1.3317
 -1.1766 -1.0439 -0.9290 -0.8292 -0.7379 -0.5585 -0.4606 -0.3626 -0.2836
 [Fe/H] = -0.50 [alpha/Fe] = 0.20 BC value = F606W
 -6.2385 -5.9864 -5.7518 -5.5354 -5.4454 -5.1955 -4.6224 -3.8128 -2.9330 -2.2284
 -1.6967 -1.3921 -1.1798 -1.0230 -0.8999 -0.6674
 -5.8682 -5.5709 -5.3093 -5.0803 -4.9060 -4.6504 -4.1618 -3.4034 -2.6432 -2.0377
 -1.6105 -1.3194 -1.1163 -0.9670 -0.8495 -0.6293 -0.4695 -0.3482 -0.2541
 -5.6029 -5.2611 -4.9638 -4.7078 -4.4765 -4.2174 -3.7998 -3.1618 -2.5160 -1.9699
 -1.5665 -1.2816 -1.0806 -0.9334 -0.8183 -0.6052 -0.4526 -0.3395 -0.2540 -0.1890
 -0.1401
 -5.4426 -5.0570 -4.7153 -4.4179 -4.1568 -3.8965 -3.5364 -3.0052 -2.4478 -1.9534
 -1.5647 -1.2787 -1.0727 -0.9222 -0.8063 -0.5951 -0.4459 -0.3370 -0.2566 -0.1961
 -0.1513 -0.1184 -0.0945
 -5.3291 -4.9179 -4.5408 -4.2025 -3.9025 -3.6258 -3.3178 -2.8783 -2.3985 -1.9523
 -1.5815 -1.2950 -1.0821 -0.9250 -0.8056 -0.5935 -0.4453 -0.3384 -0.2609 -0.2035
 -0.1613 -0.1304 -0.1076 -0.0913 -0.0813
 -5.1125 -4.7404 -4.3784 -4.0331 -3.7074 -3.4065 -3.1141 -2.7568 -2.3460 -1.9481
 -1.6010 -1.3194 -1.1015 -0.9371 -0.8122 -0.5964 -0.4482 -0.3416 -0.2656 -0.2106
 -0.1705 -0.1417 -0.1207 -0.1053 -0.0947 -0.0895
 -4.6928 -4.3377 -4.0393 -3.7688 -3.4997 -3.2198 -2.9283 -2.6254 -2.2802 -1.9314
 -1.6132 -1.3430 -1.1248 -0.9546 -0.8236 -0.6018 -0.4527 -0.3457 -0.2701 -0.2166
 -0.1785 -0.1518 -0.1331 -0.1196 -0.1100 -0.1041 -0.1032 -0.1090 -0.1212 -0.1366
 -4.4722 -4.0336 -3.6686 -3.3719 -3.1215 -2.8948 -2.6711 -2.4294 -2.1611 -1.8783
 -1.6040 -1.3571 -1.1466 -0.9747 -0.8385 -0.6083 -0.4578 -0.3499 -0.2738 -0.2211
 -0.1846 -0.1601 -0.1440 -0.1333 -0.1259 -0.1213 -0.1201 -0.1226 -0.1311 -0.1468
 -0.1661
 -4.4390 -3.9409 -3.5058 -3.1406 -2.8394 -2.5859 -2.3593 -2.1419 -1.9221 -1.7067
 -1.5069 -1.3205 -1.1461 -0.9893 -0.8544 -0.6156 -0.4625 -0.3536 -0.2763 -0.2236
 -0.1884 -0.1659 -0.1527 -0.1453 -0.1411 -0.1389 -0.1390 -0.1412 -0.1471 -0.1585
 -0.1776
 -4.5039 -3.9718 -3.4878 -3.0647 -2.7080 -2.4114 -2.1611 -1.9395 -1.7323 -1.5347
 -1.3543 -1.2001 -1.0708 -0.9566 -0.8500 -0.6219 -0.4656 -0.3553 -0.2769 -0.2236
 -0.1891 -0.1684 -0.1579 -0.1542 -0.1540 -0.1554 -0.1581 -0.1621 -0.1679 -0.1768
 -0.1909
 -4.5950 -4.0594 -3.5518 -3.0918 -2.6902 -2.3516 -2.0699 -1.8329 -1.6271 -1.4422
 -1.2740 -1.1251 -0.9983 -0.8943 -0.8077 -0.6239 -0.4698 -0.3575 -0.2775 -0.2227
 -0.1879 -0.1681 -0.1597 -0.1592 -0.1632 -0.1690 -0.1756 -0.1825 -0.1902 -0.1993
 -0.2111
 -4.6433 -4.1286 -3.6290 -3.1547 -2.7296 -2.3605 -2.0504 -1.7930 -1.5778 -1.3942
 -1.2336 -1.0919 -0.9682 -0.8622 -0.7733 -0.6061 -0.4707 -0.3589 -0.2771 -0.2205
 -0.1845 -0.1648 -0.1576 -0.1596 -0.1674 -0.1778 -0.1891 -0.2002 -0.2113 -0.2227
 -0.2350
 -4.6329 -4.1481 -3.6706 -3.2131 -2.7837 -2.4030 -2.0749 -1.7999 -1.5718 -1.3817
 -1.2206 -1.0815 -0.9601 -0.8543 -0.7468 -0.5685 -0.4683 -0.3595 -0.2757
 [Fe/H] = -0.25 [alpha/Fe] = 0.10 BC value = F606W
 -6.3768 -6.1228 -5.8896 -5.6775 -5.5974 -5.3412 -4.7555 -3.8707 -3.0032 -2.2685
 -1.7609 -1.4206 -1.1890 -1.0189 -0.8801 -0.6465
 -6.0025 -5.7076 -5.4516 -5.2328 -5.0736 -4.8264 -4.3272 -3.5364 -2.7391 -2.0906
 -1.6359 -1.3271 -1.1125 -0.9568 -0.8354 -0.6127 -0.4545 -0.3353 -0.2431
 -5.7345 -5.3977 -5.1085 -4.8658 -4.6525 -4.4102 -3.9863 -3.3243 -2.6295 -2.0371
 -1.6017 -1.2970 -1.0838 -0.9286 -0.8090 -0.5918 -0.4388 -0.3266 -0.2422 -0.1772
 -0.1283
 -5.5728 -5.1931 -4.8603 -4.5765 -4.3341 -4.0927 -3.7328 -3.1821 -2.5809 -2.0367
 -1.6117 -1.3027 -1.0823 -0.9224 -0.8009 -0.5838 -0.4329 -0.3240 -0.2440 -0.1835
 -0.1380 -0.1045 -0.0806
 -5.4671 -5.0585 -4.6875 -4.3602 -4.0768 -3.8197 -3.5166 -3.0627 -2.5457 -2.0522
 -1.6420 -1.3287 -1.0986 -0.9305 -0.8041 -0.5840 -0.4330 -0.3251 -0.2475 -0.1899
 -0.1469 -0.1155 -0.0926 -0.0763 -0.0672
 -5.2999 -4.9110 -4.5408 -4.1959 -3.8793 -3.5927 -3.3113 -2.9431 -2.5027 -2.0630
 -1.6758 -1.3639 -1.1258 -0.9482 -0.8148 -0.5888 -0.4367 -0.3284 -0.2517 -0.1960
 -0.1551 -0.1255 -0.1043 -0.0891 -0.0791 -0.0748
 -4.8829 -4.5491 -4.2564 -3.9765 -3.6947 -3.4088 -3.1208 -2.8114 -2.4420 -2.0571
 -1.7011 -1.3991 -1.1580 -0.9723 -0.8307 -0.5962 -0.4424 -0.3328 -0.2559 -0.2014
 -0.1622 -0.1344 -0.1152 -0.1018 -0.0927 -0.0879 -0.0882 -0.0954 -0.1086 -0.1249
 -4.5981 -4.1783 -3.8369 -3.5631 -3.3319 -3.1177 -2.8935 -2.6368 -2.3418 -2.0210
 -1.7074 -1.4261 -1.1894 -0.9994 -0.8509 -0.6051 -0.4488 -0.3377 -0.2597 -0.2056
 -0.1678 -0.1418 -0.1248 -0.1138 -0.1068 -0.1031 -0.1027 -0.1070 -0.1174 -0.1341
 -0.1544
 -4.5270 -4.0396 -3.6190 -3.2736 -2.9933 -2.7578 -2.5439 -2.3318 -2.1054 -1.8714
 -1.6394 -1.4151 -1.2065 -1.0245 -0.8733 -0.6152 -0.4554 -0.3426 -0.2629 -0.2083
 -0.1714 -0.1472 -0.1324 -0.1243 -0.1202 -0.1188 -0.1200 -0.1237 -0.1313 -0.1445
 -0.1648
 -4.5763 -4.0480 -3.5708 -3.1599 -2.8174 -2.5348 -2.2948 -2.0772 -1.8655 -1.6568
 -1.4641 -1.2950 -1.1464 -1.0098 -0.8822 -0.6250 -0.4602 -0.3456 -0.2643 -0.2087
 -0.1722 -0.1496 -0.1371 -0.1321 -0.1315 -0.1334 -0.1372 -0.1426 -0.1501 -0.1608
 -0.1769
 -4.6761 -4.1333 -3.6265 -3.1694 -2.7742 -2.4429 -2.1675 -1.9334 -1.7251 -1.5319
 -1.3520 -1.1916 -1.0551 -0.9421 -0.8455 -0.6343 -0.4668 -0.3496 -0.2661 -0.2086
 -0.1716 -0.1497 -0.1390 -0.1366 -0.1396 -0.1455 -0.1528 -0.1611 -0.1704 -0.1814
 -0.1951
 -4.7426 -4.2187 -3.7083 -3.2320 -2.8044 -2.4353 -2.1257 -1.8680 -1.6506 -1.4619
 -1.2934 -1.1426 -1.0098 -0.8967 -0.8022 -0.6211 -0.4719 -0.3529 -0.2673 -0.2076
 -0.1690 -0.1470 -0.1374 -0.1372 -0.1434 -0.1533 -0.1649 -0.1771 -0.1896 -0.2028
 -0.2170
 -4.7566 -4.2577 -3.7688 -3.2997 -2.8616 -2.4730 -2.1396 -1.8599 -1.6276 -1.4330
 -1.2665 -1.1213 -0.9934 -0.8815 -0.7523 -0.5854 -0.4755 -0.3555 -0.2679
 [Fe/H] =  0.00 [alpha/Fe] = 0.00 BC value = F606W
 -6.6231 -6.3490 -6.0900 -5.8326 -5.5274 -5.1255 -4.5878 -3.8826 -3.0427 -2.2963
 -1.7721 -1.4193 -1.1705 -1.0023 -0.8688 -0.6244
 -6.1847 -5.8788 -5.6142 -5.3917 -5.1923 -4.9386 -4.4363 -3.6147 -2.8008 -2.1272
 -1.6533 -1.3317 -1.1093 -0.9466 -0.8221 -0.5962 -0.4385 -0.3210 -0.2305
 -5.9102 -5.5653 -5.2709 -5.0282 -4.8195 -4.5788 -4.1290 -3.4380 -2.7095 -2.0848
 -1.6268 -1.3077 -1.0847 -0.9231 -0.7993 -0.5778 -0.4241 -0.3123 -0.2289 -0.1644
 -0.1157
 -5.7443 -5.3583 -5.0220 -4.7392 -4.5032 -4.2673 -3.8922 -3.3180 -2.6791 -2.0972
 -1.6456 -1.3198 -1.0883 -0.9210 -0.7943 -0.5714 -0.4187 -0.3095 -0.2299 -0.1696
 -0.1237 -0.0898 -0.0655
 -5.6399 -5.2245 -4.8496 -4.5223 -4.2445 -3.9960 -3.6851 -3.2127 -2.6614 -2.1279
 -1.6864 -1.3531 -1.1102 -0.9333 -0.8008 -0.5731 -0.4192 -0.3104 -0.2326 -0.1749
 -0.1314 -0.0993 -0.0762 -0.0603 -0.0522
 -5.4316 -5.0931 -4.7117 -4.3612 -4.0467 -3.7660 -3.4859 -3.1012 -2.6321 -2.1541
 -1.7326 -1.3969 -1.1435 -0.9557 -0.8151 -0.5797 -0.4236 -0.3136 -0.2362 -0.1802
 -0.1386 -0.1082 -0.0866 -0.0715 -0.0614 -0.0583
 -5.1049 -4.7746 -4.4687 -4.1693 -3.8736 -3.5820 -3.2954 -2.9744 -2.5808 -2.1616
 -1.7709 -1.4422 -1.1827 -0.9849 -0.8352 -0.5891 -0.4304 -0.3184 -0.2402 -0.1850
 -0.1449 -0.1162 -0.0963 -0.0827 -0.0739 -0.0694 -0.0711 -0.0800 -0.0941 -0.1116
 -4.7611 -4.3498 -4.0216 -3.7605 -3.5381 -3.3237 -3.0903 -2.8169 -2.4959 -2.1408
 -1.7915 -1.4802 -1.2223 -1.0180 -0.8597 -0.6005 -0.4384 -0.3240 -0.2441 -0.1888
 -0.1500 -0.1228 -0.1047 -0.0932 -0.0862 -0.0826 -0.0832 -0.0893 -0.1015 -0.1193
 -0.1407
 -4.6534 -4.1648 -3.7518 -3.4178 -3.1509 -2.9277 -2.7241 -2.5162 -2.2820 -2.0247
 -1.7559 -1.4926 -1.2536 -1.0512 -0.8875 -0.6134 -0.4467 -0.3299 -0.2479 -0.1916
 -0.1534 -0.1277 -0.1115 -0.1023 -0.0979 -0.0967 -0.0987 -0.1039 -0.1130 -0.1283
 -0.1499
 -4.6861 -4.1502 -3.6727 -3.2662 -2.9322 -2.6590 -2.4261 -2.2106 -1.9949 -1.7792
 -1.5760 -1.3908 -1.2189 -1.0569 -0.9078 -0.6265 -0.4535 -0.3346 -0.2502 -0.1926
 -0.1544 -0.1300 -0.1157 -0.1090 -0.1076 -0.1094 -0.1138 -0.1204 -0.1296 -0.1422
 -0.1605
 -4.7853 -4.2300 -3.7159 -3.2559 -2.8622 -2.5350 -2.2635 -2.0305 -1.8187 -1.6173
 -1.4282 -1.2595 -1.1156 -0.9932 -0.8846 -0.6422 -0.4626 -0.3404 -0.2535 -0.1935
 -0.1543 -0.1304 -0.1175 -0.1131 -0.1146 -0.1199 -0.1275 -0.1368 -0.1476 -0.1608
 -0.1763
 -4.8626 -4.3222 -3.7981 -3.3132 -2.8795 -2.5080 -2.1979 -1.9396 -1.7198 -1.5260
 -1.3499 -1.1909 -1.0516 -0.9330 -0.8337 -0.6367 -0.4717 -0.3458 -0.2563 -0.1936
 -0.1527 -0.1284 -0.1164 -0.1137 -0.1179 -0.1266 -0.1381 -0.1510 -0.1648 -0.1797
 -0.1960
 -4.8901 -4.3748 -3.8691 -3.3840 -2.9357 -2.5378 -2.1983 -1.9150 -1.6793 -1.4810
 -1.3098 -1.1588 -1.0253 -0.9086 -0.7551 -0.6100 -0.4808 -0.3508 -0.2586
 [Fe/H] =  0.25 [alpha/Fe] = 0.00 BC value = F606W
 -6.5635 -6.3232 -6.1112 -5.8464 -5.4092 -4.8219 -4.3348 -4.0082 -3.2336 -2.4728
 -1.8843 -1.4855 -1.2117 -1.0051 -0.8631 -0.6133
 -6.1936 -5.9230 -5.6995 -5.4956 -5.2536 -4.9194 -4.4492 -3.8079 -3.0221 -2.3024
 -1.7673 -1.3994 -1.1454 -0.9640 -0.8255 -0.5874 -0.4261 -0.3084 -0.2183
 -5.9270 -5.6194 -5.3682 -5.1747 -5.0179 -4.8180 -4.3984 -3.6886 -2.9466 -2.2692
 -1.7494 -1.3831 -1.1274 -0.9444 -0.8075 -0.5722 -0.4141 -0.3000 -0.2155 -0.1508
 -0.1006
 -5.7637 -5.4124 -5.1173 -4.8838 -4.7020 -4.5175 -4.1823 -3.5998 -2.9299 -2.2941
 -1.7817 -1.4062 -1.1398 -0.9485 -0.8066 -0.5678 -0.4096 -0.2974 -0.2160 -0.1548
 -0.1071 -0.0711 -0.0464
 -5.6700 -5.2816 -4.9407 -4.6568 -4.4318 -4.2382 -3.9729 -3.5090 -2.9293 -2.3404
 -1.8384 -1.4532 -1.1723 -0.9687 -0.8183 -0.5712 -0.4110 -0.2985 -0.2184 -0.1594
 -0.1147 -0.0812 -0.0573 -0.0413 -0.0328
 -5.5887 -5.1867 -4.8190 -4.4940 -4.2213 -3.9917 -3.7607 -3.4004 -2.9133 -2.3847
 -1.9018 -1.5125 -1.2180 -1.0005 -0.8393 -0.5798 -0.4163 -0.3020 -0.2218 -0.1642
 -0.1212 -0.0893 -0.0666 -0.0511 -0.0417 -0.0390
 -5.3620 -5.0116 -4.6726 -4.3529 -4.0584 -3.7935 -3.5534 -3.2646 -2.8679 -2.4074
 -1.9576 -1.5748 -1.2710 -1.0406 -0.8675 -0.5919 -0.4241 -0.3074 -0.2259 -0.1686
 -0.1270 -0.0967 -0.0753 -0.0610 -0.0522 -0.0484 -0.0509 -0.0613 -0.0763 -0.0951
 -4.9200 -4.5879 -4.3109 -4.0755 -3.8466 -3.6126 -3.3691 -3.1087 -2.7866 -2.3981
 -1.9950 -1.6292 -1.3252 -1.0857 -0.9014 -0.6068 -0.4335 -0.3140 -0.2304 -0.1725
 -0.1318 -0.1028 -0.0830 -0.0703 -0.0628 -0.0597 -0.0612 -0.0681 -0.0822 -0.1010
 -0.1237
 -4.7067 -4.2745 -3.9248 -3.6540 -3.4421 -3.2634 -3.0912 -2.8950 -2.6449 -2.3390
 -1.9997 -1.6669 -1.3735 -1.1313 -0.9390 -0.6245 -0.4436 -0.3213 -0.2351 -0.1758
 -0.1353 -0.1075 -0.0892 -0.0784 -0.0729 -0.0714 -0.0738 -0.0800 -0.0909 -0.1084
 -0.1311
 -4.6851 -4.1907 -3.7622 -3.4113 -3.1326 -2.9100 -2.7201 -2.5395 -2.3450 -2.1219
 -1.8798 -1.6312 -1.3876 -1.1647 -0.9736 -0.6431 -0.4528 -0.3273 -0.2387 -0.1775
 -0.1366 -0.1098 -0.0932 -0.0842 -0.0811 -0.0821 -0.0865 -0.0940 -0.1047 -0.1195
 -0.1401
 -4.7770 -4.2494 -3.7681 -3.3497 -3.0008 -2.7159 -2.4811 -2.2758 -2.0786 -1.8749
 -1.6705 -1.4750 -1.2963 -1.1330 -0.9820 -0.6673 -0.4651 -0.3349 -0.2436 -0.1798
 -0.1374 -0.1107 -0.0952 -0.0880 -0.0871 -0.0909 -0.0981 -0.1079 -0.1201 -0.1349
 -0.1530
 -4.8898 -4.3594 -3.8545 -3.3945 -2.9910 -2.6491 -2.3645 -2.1251 -1.9149 -1.7190
 -1.5296 -1.3500 -1.1878 -1.0470 -0.9258 -0.6766 -0.4790 -0.3426 -0.2481 -0.1816
 -0.1371 -0.1097 -0.0947 -0.0890 -0.0902 -0.0966 -0.1071 -0.1200 -0.1348 -0.1513
 -0.1698
 -4.9674 -4.4533 -3.9555 -3.4784 -3.0466 -2.6641 -2.3373 -2.0628 -1.8303 -1.6290
 -1.4478 -1.2814 -1.1299 -0.9953 -0.8050 -0.6710 -0.4945 -0.3504 -0.2522
 [Fe/H] =  0.50 [alpha/Fe] = 0.00 BC value = F606W
 -6.5014 -7.5365 -7.8658 -7.5383 -6.6181 -5.5370 -4.6522 -4.0858 -3.4036 -2.6592
 -2.0220 -1.5749 -1.2666 -1.0425 -0.8642 -0.5984
 -6.1529 -6.3403 -6.3282 -6.1371 -5.7852 -5.2885 -4.6610 -3.9415 -3.2210 -2.4948
 -1.9061 -1.4894 -1.2009 -0.9947 -0.8420 -0.5840 -0.4176 -0.2974 -0.2069
 -5.8990 -5.6364 -5.4327 -5.2901 -5.2014 -5.0179 -4.5830 -3.8702 -3.1551 -2.4632
 -1.8936 -1.4804 -1.1887 -0.9805 -0.8267 -0.5717 -0.4070 -0.2893 -0.2006 -0.1336
 -0.0838
 -5.7397 -5.4247 -5.1794 -4.9973 -4.8665 -4.7251 -4.4182 -3.8286 -3.1522 -2.4949
 -1.9365 -1.5138 -1.2098 -0.9910 -0.8303 -0.5692 -0.4034 -0.2869 -0.2029 -0.1403
 -0.0914 -0.0544 -0.0290
 -5.6508 -5.2958 -4.9945 -4.7577 -4.5849 -4.4403 -4.2123 -3.7622 -3.1651 -2.5516
 -2.0037 -1.5728 -1.2528 -1.0193 -0.8477 -0.5743 -0.4054 -0.2882 -0.2050 -0.1442
 -0.0982 -0.0634 -0.0383 -0.0218 -0.0138
 -5.5978 -5.2151 -4.8725 -4.5826 -4.3577 -4.1783 -3.9909 -3.6604 -3.1648 -2.6066
 -2.0805 -1.6456 -1.3106 -1.0611 -0.8760 -0.5853 -0.4115 -0.2921 -0.2083 -0.1484
 -0.1040 -0.0706 -0.0465 -0.0304 -0.0210 -0.0190
 -5.4886 -5.1175 -4.7705 -4.4562 -4.1835 -3.9587 -3.7676 -3.5145 -3.1275 -2.6434
 -2.1524 -1.7216 -1.3771 -1.1124 -0.9132 -0.6007 -0.4204 -0.2980 -0.2125 -0.1526
 -0.1093 -0.0773 -0.0545 -0.0392 -0.0299 -0.0263 -0.0296 -0.0404 -0.0567 -0.0769
 -5.1322 -4.7837 -4.5529 -4.2863 -4.0298 -3.7883 -3.5668 -3.3447 -3.0440 -2.6450
 -2.2049 -1.7925 -1.4448 -1.1693 -0.9572 -0.6202 -0.4312 -0.3054 -0.2175 -0.1565
 -0.1138 -0.0831 -0.0615 -0.0474 -0.0392 -0.0358 -0.0376 -0.0455 -0.0610 -0.0808
 -0.1049
 -4.7702 -4.4028 -4.1183 -3.9006 -3.7206 -3.5506 -3.3698 -3.1663 -2.9190 -2.6002
 -2.2241 -1.8451 -1.5067 -1.2276 -1.0054 -0.6437 -0.4434 -0.3138 -0.2230 -0.1602
 -0.1172 -0.0876 -0.0674 -0.0547 -0.0478 -0.0456 -0.0479 -0.0548 -0.0671 -0.0864
 -0.1102
 -4.6681 -4.2204 -3.8476 -3.5544 -3.3311 -3.1574 -3.0110 -2.8683 -2.6960 -2.4642
 -2.1760 -1.8570 -1.5476 -1.2757 -1.0504 -0.6688 -0.4553 -0.3212 -0.2277 -0.1627
 -0.1189 -0.0898 -0.0710 -0.0599 -0.0549 -0.0545 -0.0584 -0.0661 -0.0778 -0.0944
 -0.1174
 -4.7263 -4.2305 -3.7897 -3.4190 -3.1203 -2.8849 -2.6953 -2.5304 -2.3685 -2.1879
 -1.9793 -1.7523 -1.5205 -1.2963 -1.0903 -0.7008 -0.4715 -0.3306 -0.2340 -0.1661
 -0.1204 -0.0910 -0.0730 -0.0634 -0.0602 -0.0620 -0.0681 -0.0776 -0.0904 -0.1067
 -0.1269
 -4.8520 -4.3358 -3.8567 -3.4290 -3.0645 -2.7632 -2.5174 -2.3121 -2.1287 -1.9491
 -1.7620 -1.5712 -1.3861 -1.2146 -1.0579 -0.7277 -0.4905 -0.3407 -0.2403 -0.1695
 -0.1213 -0.0907 -0.0729 -0.0644 -0.0629 -0.0669 -0.0755 -0.0876 -0.1026 -0.1202
 -0.1406
 -4.9636 -4.4586 -3.9686 -3.5145 -3.1056 -2.7519 -2.4533 -2.2035 -1.9907 -1.8008
 -1.6212 -1.4463 -1.2787 -1.1251 -0.9532 -0.7495 -0.5123 -0.3515 -0.2466
 [Fe/H] =  0.75 [alpha/Fe] = 0.00 BC value = F606W
 -6.3868 -6.8151 -6.7902 -6.2902 -5.4959 -4.7592 -4.3224 -4.1256 -3.5319 -2.8467
 -2.1784 -1.6833 -1.3381 -1.0948 -0.9035 -0.6034
 -6.0646 -6.0932 -5.9949 -5.7831 -5.4691 -5.0634 -4.5749 -4.0116 -3.3765 -2.6871
 -2.0659 -1.6016 -1.2750 -1.0430 -0.8706 -0.5869 -0.4127 -0.2891 -0.1963
 -5.8261 -5.6138 -5.4691 -5.3816 -5.3053 -5.1103 -4.6698 -3.9821 -3.3240 -2.6568
 -2.0589 -1.5998 -1.2700 -1.0332 -0.8594 -0.5784 -0.4038 -0.2815 -0.1919 -0.1243
 -0.0715
 -5.6713 -5.3768 -5.2127 -5.0858 -5.0044 -4.8998 -4.6071 -3.9928 -3.3332 -2.6893
 -2.1060 -1.6423 -1.2996 -1.0507 -0.8679 -0.5779 -0.4014 -0.2794 -0.1919 -0.1271
 -0.0776 -0.0398 -0.0129
 -5.5847 -5.2710 -5.0170 -4.8331 -4.7129 -4.6117 -4.4184 -3.9753 -3.3626 -2.7499
 -2.1798 -1.7113 -1.3526 -1.0875 -0.8916 -0.5850 -0.4042 -0.2808 -0.1937 -0.1304
 -0.0826 -0.0464 -0.0199 -0.0027  0.0050
 -5.5449 -5.1932 -4.8873 -4.6412 -4.4675 -4.3366 -4.1877 -3.8833 -3.3800 -2.8103
 -2.2644 -1.7943 -1.4219 -1.1391 -0.9278 -0.5987 -0.4110 -0.2850 -0.1969 -0.1340
 -0.0877 -0.0528 -0.0272 -0.0099 -0.0004  0.0011
 -5.4985 -5.1353 -4.8023 -4.5110 -4.2735 -4.0954 -3.9496 -3.7295 -3.3565 -2.8591
 -2.3441 -1.8814 -1.5002 -1.2017 -0.9745 -0.6182 -0.4209 -0.2913 -0.2012 -0.1379
 -0.0924 -0.0587 -0.0343 -0.0178 -0.0079 -0.0042 -0.0081 -0.0198 -0.0358 -0.0574
 -5.2910 -4.9770 -4.6767 -4.3917 -4.1328 -3.9098 -3.7274 -3.5442 -3.2698 -2.8708
 -2.4079 -1.9622 -1.5788 -1.2702 -1.0289 -0.6433 -0.4333 -0.2993 -0.2065 -0.1419
 -0.0966 -0.0640 -0.0407 -0.0251 -0.0159 -0.0121 -0.0139 -0.0224 -0.0386 -0.0591
 -0.0846
 -4.8581 -4.5726 -4.3313 -4.1258 -3.9334 -3.7369 -3.5432 -3.3553 -3.1348 -2.8288
 -2.4372 -2.0265 -1.6542 -1.3399 -1.0875 -0.6738 -0.4481 -0.3087 -0.2127 -0.1459
 -0.1000 -0.0681 -0.0460 -0.0316 -0.0234 -0.0203 -0.0222 -0.0291 -0.0422 -0.0628
 -0.0875
 -4.6520 -4.2608 -3.9502 -3.7125 -3.5370 -3.3990 -3.2728 -3.1354 -2.9609 -2.7225
 -2.4111 -2.0544 -1.7055 -1.3980 -1.1423 -0.7061 -0.4635 -0.3175 -0.2183 -0.1491
 -0.1019 -0.0703 -0.0493 -0.0362 -0.0295 -0.0277 -0.0307 -0.0380 -0.0501 -0.0679
 -0.0926
 -4.6517 -4.1969 -3.8044 -3.4846 -3.2380 -3.0510 -2.9052 -2.7819 -2.6597 -2.5073
 -2.2949 -2.0262 -1.7315 -1.4481 -1.1980 -0.7460 -0.4844 -0.3289 -0.2258 -0.1535
 -0.1041 -0.0717 -0.0513 -0.0394 -0.0341 -0.0340 -0.0386 -0.0472 -0.0600 -0.0774
 -0.0990
 -4.7622 -4.2750 -3.8284 -3.4401 -3.1189 -2.8623 -2.6595 -2.4940 -2.3476 -2.2015
 -2.0378 -1.8466 -1.6363 -1.4209 -1.2138 -0.7859 -0.5091 -0.3417 -0.2336 -0.1581
 -0.1061 -0.0721 -0.0515 -0.0405 -0.0366 -0.0382 -0.0448 -0.0553 -0.0697 -0.0877
 -0.1097
 -4.8998 -4.4068 -3.9370 -3.5076 -3.1295 -2.8104 -2.5475 -2.3317 -2.1490 -1.9842
 -1.8219 -1.6525 -1.4794 -1.3074 -1.1897 -0.8258 -0.5376 -0.3559 -0.2417
 [Fe/H] =  1.00 [alpha/Fe] = 0.00 BC value = F606W
 -6.2434 -5.4180 -4.4433 -4.1030 -4.0604 -4.2198 -4.3255 -4.1305 -3.6375 -3.0107
 -2.3457 -1.8049 -1.4219 -1.1500 -0.9522 -0.6138
 -5.9429 -5.9629 -5.8697 -5.6750 -5.3893 -5.0216 -4.5800 -4.0717 -3.5009 -2.8710
 -2.2388 -1.7326 -1.3674 -1.1056 -0.9132 -0.6004 -0.4112 -0.2837 -0.1866
 -5.7147 -6.0329 -6.1288 -6.0251 -5.7421 -5.2972 -4.7124 -4.0601 -3.4599 -2.8406
 -2.2353 -1.7392 -1.3708 -1.1034 -0.9067 -0.5945 -0.4060 -0.2770 -0.1843 -0.1140
 -0.0604
 -5.5588 -5.6281 -5.2206 -5.1534 -5.1188 -5.0467 -4.7227 -4.0957 -3.4765 -2.8673
 -2.2845 -1.7896 -1.4095 -1.1287 -0.9214 -0.5961 -0.4054 -0.2763 -0.1844 -0.1164
 -0.0649 -0.0255  0.0025
 -5.4700 -5.2065 -5.0092 -4.8850 -4.8183 -4.7566 -4.5907 -4.1378 -3.5242 -2.9267
 -2.3609 -1.8667 -1.4721 -1.1744 -0.9521 -0.6058 -0.4091 -0.2780 -0.1860 -0.1192
 -0.0694 -0.0313 -0.0034  0.0148  0.0228
 -5.4360 -5.1246 -4.8652 -4.6724 -4.5541 -4.4706 -4.3556 -4.0727 -3.5633 -2.9917
 -2.4446 -1.9550 -1.5513 -1.2360 -0.9968 -0.6229 -0.4167 -0.2824 -0.1891 -0.1226
 -0.0737 -0.0369 -0.0096  0.0089  0.0191  0.0203
 -5.4217 -5.0840 -4.7811 -4.5278 -4.3373 -4.2098 -4.1058 -3.9151 -3.5536 -3.0492
 -2.5282 -2.0483 -1.6388 -1.3090 -1.0532 -0.6472 -0.4278 -0.2889 -0.1933 -0.1261
 -0.0778 -0.0420 -0.0158  0.0023  0.0134  0.0169  0.0125  0.0016 -0.0145 -0.0370
 -5.3314 -5.0066 -4.7047 -4.4275 -4.1891 -4.0008 -3.8632 -3.7167 -3.4663 -3.0696
 -2.5970 -2.1360 -1.7261 -1.3881 -1.1178 -0.6788 -0.4423 -0.2975 -0.1988 -0.1299
 -0.0815 -0.0466 -0.0215 -0.0042  0.0067  0.0112  0.0090 -0.0001 -0.0158 -0.0366
 -0.0631
 -4.9694 -4.7296 -4.4947 -4.2654 -4.0461 -3.8419 -3.6623 -3.5095 -3.3186 -3.0306
 -2.6345 -2.2056 -1.8082 -1.4671 -1.1864 -0.7172 -0.4604 -0.3079 -0.2054 -0.1342
 -0.0848 -0.0504 -0.0261 -0.0099 -0.0002  0.0038  0.0027 -0.0042 -0.0179 -0.0384
 -0.0637
 -4.6433 -4.3173 -4.0706 -3.8845 -3.7381 -3.6025 -3.4607 -3.3099 -3.1409 -2.9193
 -2.6126 -2.2410 -1.8677 -1.5329 -1.2500 -0.7574 -0.4803 -0.3180 -0.2117 -0.1377
 -0.0869 -0.0524 -0.0290 -0.0139 -0.0054 -0.0023 -0.0043 -0.0108 -0.0228 -0.0413
 -0.0666
 -4.5654 -4.1625 -3.8237 -3.5590 -3.3632 -3.2194 -3.1101 -3.0150 -2.9107 -2.7618
 -2.5361 -2.2393 -1.9103 -1.5943 -1.3149 -0.8054 -0.5067 -0.3319 -0.2202 -0.1429
 -0.0896 -0.0540 -0.0309 -0.0168 -0.0094 -0.0076 -0.0107 -0.0182 -0.0302 -0.0476
 -0.0702
 -4.6391 -4.1900 -3.7855 -3.4434 -3.1691 -2.9577 -2.7968 -2.6705 -2.5626 -2.4553
 -2.3222 -2.1313 -1.8852 -1.6169 -1.3594 -0.8540 -0.5375 -0.3481 -0.2295 -0.1486
 -0.0924 -0.0550 -0.0314 -0.0178 -0.0115 -0.0110 -0.0157 -0.0246 -0.0377 -0.0553
 -0.0774
 -4.7802 -4.3123 -3.8723 -3.4747 -3.1335 -2.8533 -2.6287 -2.4493 -2.3013 -2.1688
 -2.0378 -1.8929 -1.7228 -1.5315 -1.3835 -0.9032 -0.5727 -0.3666 -0.2396
