 [Fe/H] = -4.00 [alpha/Fe] = 0.40 BC value = F438W
 -4.5489 -2.5286 -0.6642 -0.9269 -3.7992 -9.0573 -6.7681 -3.4409 -1.6782 -1.7608
 -1.6531 -1.5497 -2.1462 -2.7974 -2.9452 -1.9383
 -6.2057 -5.0779 -3.9080 -3.7018 -4.6581 -7.0359 -6.0758 -4.5902 -3.5650 -3.2107
 -2.8830 -2.6805 -2.8062 -2.9509 -2.8412 -1.8874 -1.2745 -0.8853 -0.7722
 -6.5931 -6.0232 -5.3640 -4.9488 -4.8487 -5.3862 -5.1168 -4.6806 -4.2053 -3.7672
 -3.4106 -3.1681 -3.0146 -2.8531 -2.6097 -1.7617 -1.1334 -0.7722 -0.5628 -0.3739
 -0.0667
 -5.7111 -5.3645 -5.0322 -4.6679 -4.3713 -4.1083 -3.8911 -3.7120 -3.5991 -3.4303
 -3.2360 -3.0124 -2.7714 -2.5040 -2.2507 -1.5612 -1.0589 -0.6963 -0.4298 -0.2254
 -0.0602  0.0805  0.2027
 -5.2841 -4.9913 -4.7001 -4.3912 -4.0999 -3.8231 -3.5725 -3.3530 -3.1612 -2.9856
 -2.8089 -2.6175 -2.4122 -2.1953 -1.9736 -1.4221 -0.9685 -0.6435 -0.4069 -0.2240
 -0.0742  0.0549  0.1694  0.2730  0.3687
 -4.8544 -4.6069 -4.3539 -4.0919 -3.8220 -3.5528 -3.2939 -3.0564 -2.8444 -2.6549
 -2.4796 -2.3078 -2.1293 -1.9453 -1.7562 -1.3044 -0.9027 -0.6071 -0.3929 -0.2274
 -0.0910  0.0275  0.1341  0.2320  0.3224  0.4067
 -4.4221 -4.2113 -3.9936 -3.7700 -3.5377 -3.2974 -3.0553 -2.8222 -2.6069 -2.4127
 -2.2376 -2.0753 -1.9182 -1.7604 -1.5985 -1.2081 -0.8615 -0.5871 -0.3878 -0.2356
 -0.1106 -0.0017  0.0968  0.1881  0.2737  0.3539  0.4277  0.4987  0.5641  0.6042
 -3.9872 -3.8045 -3.6192 -3.4318 -3.2390 -3.0384 -2.8303 -2.6210 -2.4186 -2.2307
 -2.0599 -1.9043 -1.7603 -1.6218 -1.4840 -1.1430 -0.8360 -0.5813 -0.3892 -0.2449
 -0.1290 -0.0292  0.0610  0.1450  0.2245  0.2999  0.3705  0.4363  0.4978  0.5513
  0.5822
 -3.5654 -3.4083 -3.2513 -3.0946 -2.9366 -2.7749 -2.6071 -2.4331 -2.2569 -2.0861
 -1.9257 -1.7783 -1.6431 -1.5171 -1.3957 -1.0990 -0.8216 -0.5847 -0.3970 -0.2547
 -0.1440 -0.0519  0.0300  0.1059  0.1782  0.2474  0.3133  0.3763  0.4344  0.4851
  0.5270
 -3.1770 -3.0379 -2.9037 -2.7741 -2.6454 -2.5165 -2.3844 -2.2473 -2.1044 -1.9583
 -1.8152 -1.6795 -1.5528 -1.4352 -1.3243 -1.0621 -0.8099 -0.5885 -0.4070 -0.2644
 -0.1545 -0.0671  0.0072  0.0747  0.1386  0.2003  0.2598  0.3168  0.3707  0.4195
  0.4631
 -2.8202 -2.7036 -2.5905 -2.4807 -2.3755 -2.2720 -2.1685 -2.0628 -1.9527 -1.8363
 -1.7174 -1.5991 -1.4836 -1.3729 -1.2681 -1.0266 -0.8029 -0.5938 -0.4189 -0.2772
 -0.1658 -0.0791 -0.0092  0.0510  0.1063  0.1594  0.2109  0.2609  0.3092  0.3549
  0.3971
 -2.5027 -2.4054 -2.3104 -2.2176 -2.1300 -2.0450 -1.9628 -1.8808 -1.7966 -1.7060
 -1.6103 -1.5121 -1.4138 -1.3172 -1.2236 -1.0015 -0.7926 -0.5968 -0.4271 -0.2882
 -0.1767 -0.0889 -0.0201  0.0356  0.0837  0.1282  0.1709  0.2127  0.2536  0.2932
  0.3306
 -2.2245 -2.1433 -2.0634 -1.9848 -1.9089 -1.8355 -1.7719 -1.7063 -1.6402 -1.5709
 -1.4980 -1.4218 -1.3428 -1.2681 -1.1908 -0.9870 -0.7790 -0.5975 -0.4316
 [Fe/H] = -3.00 [alpha/Fe] = 0.40 BC value = F438W
 -5.6580 -5.3158 -5.0918 -5.0029 -5.0694 -5.6206 -5.2878 -4.9154 -4.5991 -4.3419
 -4.0091 -3.6776 -3.4938 -3.3455 -3.1109 -2.2611
 -5.5017 -5.1368 -4.8625 -4.6865 -4.6219 -4.8350 -4.6277 -4.3867 -4.1522 -3.9284
 -3.6673 -3.3993 -3.1791 -2.9672 -2.7166 -1.9833 -1.3655 -0.8997 -0.5521
 -5.3361 -4.9607 -4.6527 -4.4129 -4.2486 -4.2175 -4.0737 -3.9102 -3.7292 -3.5328
 -3.3227 -3.1005 -2.8676 -2.6253 -2.3747 -1.7443 -1.2053 -0.7921 -0.4866 -0.2540
 -0.0671
 -5.1612 -4.7875 -4.4624 -4.1821 -3.9495 -3.7681 -3.6258 -3.4859 -3.3302 -3.1550
 -2.9751 -2.7812 -2.5594 -2.3200 -2.0852 -1.5441 -1.0766 -0.7100 -0.4396 -0.2325
 -0.0649  0.0772  0.2042
 -4.9770 -4.6172 -4.2916 -3.9941 -3.7247 -3.4868 -3.2840 -3.1137 -2.9551 -2.7951
 -2.6246 -2.4414 -2.2544 -2.0512 -1.8481 -1.3827 -0.9794 -0.6534 -0.4110 -0.2250
 -0.0733  0.0569  0.1723  0.2765  0.3726
 -4.7835 -4.4498 -4.1403 -3.8489 -3.5742 -3.3189 -3.0865 -2.8802 -2.6985 -2.5339
 -2.3716 -2.2018 -2.0300 -1.8507 -1.6690 -1.2612 -0.9098 -0.6173 -0.3962 -0.2270
 -0.0886  0.0310  0.1383  0.2363  0.3268  0.4111
 -4.5740 -4.2713 -3.9878 -3.7153 -3.4520 -3.1993 -2.9606 -2.7397 -2.5401 -2.3602
 -2.1942 -2.0352 -1.8768 -1.7189 -1.5546 -1.1780 -0.8641 -0.5975 -0.3909 -0.2341
 -0.1070  0.0031  0.1022  0.1937  0.2790  0.3589  0.4325  0.5033  0.5685  0.6082
 -4.3613 -4.0860 -3.8287 -3.5816 -3.3384 -3.0999 -2.8682 -2.6477 -2.4417 -2.2537
 -2.0821 -1.9233 -1.7724 -1.6269 -1.4802 -1.1319 -0.8376 -0.5906 -0.3925 -0.2429
 -0.1245 -0.0235  0.0673  0.1515  0.2308  0.3057  0.3760  0.4414  0.5026  0.5559
  0.5862
 -4.2046 -3.9233 -3.6715 -3.4465 -3.2260 -3.0075 -2.7905 -2.5788 -2.3764 -2.1864
 -2.0112 -1.8508 -1.7024 -1.5624 -1.4263 -1.1066 -0.8263 -0.5924 -0.4014 -0.2524
 -0.1384 -0.0456  0.0369  0.1130  0.1850  0.2538  0.3193  0.3797  0.4349  0.4854
  0.5315
 -3.9545 -3.7654 -3.5510 -3.3142 -3.1117 -2.9127 -2.7143 -2.5173 -2.3239 -2.1380
 -1.9630 -1.8011 -1.6524 -1.5147 -1.3837 -1.0851 -0.8200 -0.5956 -0.4091 -0.2616
 -0.1493 -0.0606  0.0144  0.0821  0.1458  0.2071  0.2661  0.3226  0.3760  0.4251
  0.4676
 -3.8084 -3.6296 -3.4240 -3.1945 -3.0049 -2.8200 -2.6389 -2.4585 -2.2790 -2.1024
 -1.9319 -1.7708 -1.6212 -1.4835 -1.3550 -1.0685 -0.8184 -0.6013 -0.4207 -0.2741
 -0.1603 -0.0725 -0.0021  0.0583  0.1135  0.1663  0.2173  0.2669  0.3147  0.3599
  0.4016
 -3.7288 -3.5158 -3.3144 -3.1236 -2.9423 -2.7686 -2.5977 -2.3920 -2.2279 -2.0646
 -1.9035 -1.7473 -1.5990 -1.4609 -1.3330 -1.0523 -0.8142 -0.6057 -0.4293 -0.2851
 -0.1709 -0.0822 -0.0130  0.0427  0.0907  0.1349  0.1772  0.2186  0.2591  0.2983
  0.3352
 -3.7158 -3.4241 -3.2223 -3.1014 -2.9240 -2.7586 -2.5142 -2.3568 -2.2006 -2.0146
 -1.8665 -1.7203 -1.5778 -1.4420 -1.3177 -1.0365 -0.8074 -0.6088 -0.4349
 [Fe/H] = -2.50 [alpha/Fe] = 0.40 BC value = F438W
 -5.7548 -5.6593 -5.6622 -5.5153 -5.1816 -4.8973 -4.8565 -4.9091 -4.8236 -4.5553
 -4.2362 -3.9028 -3.5918 -3.3019 -3.0021 -2.2620
 -5.3207 -5.0875 -4.9472 -4.7746 -4.5497 -4.3594 -4.2701 -4.2166 -4.1041 -3.9086
 -3.6723 -3.4057 -3.1288 -2.8575 -2.5892 -1.9525 -1.3801 -0.9156 -0.5370
 -4.9965 -4.6687 -4.4259 -4.2234 -4.0519 -3.9084 -3.7839 -3.6633 -3.5305 -3.3758
 -3.1926 -2.9767 -2.7339 -2.4846 -2.2443 -1.6939 -1.2093 -0.8055 -0.4873 -0.2458
 -0.0711
 -4.7822 -4.4029 -4.0983 -3.8617 -3.6882 -3.5443 -3.3979 -3.2492 -3.1028 -2.9569
 -2.7971 -2.6158 -2.4071 -2.1832 -1.9674 -1.4862 -1.0726 -0.7214 -0.4477 -0.2371
 -0.0671  0.0762  0.2017
 -4.6778 -4.2901 -3.9644 -3.6895 -3.4586 -3.2671 -3.1121 -2.9743 -2.8210 -2.6519
 -2.4858 -2.3230 -2.1484 -1.9533 -1.7585 -1.3294 -0.9700 -0.6633 -0.4181 -0.2281
 -0.0741  0.0575  0.1737  0.2777  0.3734
 -4.6108 -4.2275 -3.8988 -3.6123 -3.3597 -3.1372 -2.9419 -2.7701 -2.6174 -2.4678
 -2.3006 -2.1252 -1.9580 -1.7865 -1.6102 -1.2191 -0.8979 -0.6255 -0.4028 -0.2289
 -0.0879  0.0331  0.1411  0.2395  0.3301  0.4141
 -4.5542 -4.1832 -3.8602 -3.5730 -3.3134 -3.0770 -2.8620 -2.6675 -2.4910 -2.3284
 -2.1734 -2.0148 -1.8507 -1.6868 -1.5175 -1.1472 -0.8513 -0.6032 -0.3972 -0.2352
 -0.1049  0.0065  0.1064  0.1981  0.2834  0.3631  0.4364  0.5071  0.5723  0.6117
 -4.4988 -4.1451 -3.8331 -3.5514 -3.2919 -3.0511 -2.8273 -2.6196 -2.4287 -2.2529
 -2.0890 -1.9329 -1.7799 -1.6301 -1.4743 -1.1097 -0.8250 -0.5926 -0.3980 -0.2435
 -0.1216 -0.0189  0.0725  0.1570  0.2362  0.3109  0.3808  0.4459  0.5068  0.5600
  0.5901
 -4.4493 -4.1105 -3.8109 -3.5384 -3.2837 -3.0438 -2.8167 -2.6028 -2.4027 -2.2172
 -2.0452 -1.8843 -1.7324 -1.5871 -1.4446 -1.1010 -0.8159 -0.5907 -0.4037 -0.2527
 -0.1355 -0.0403  0.0430  0.1194  0.1913  0.2599  0.3249  0.3860  0.4427  0.4941
  0.5357
 -4.4058 -4.0797 -3.7896 -3.5261 -3.2785 -3.0425 -2.8164 -2.6005 -2.3959 -2.2038
 -2.0248 -1.8584 -1.7033 -1.5577 -1.4188 -1.0950 -0.8173 -0.5930 -0.4106 -0.2613
 -0.1456 -0.0549  0.0210  0.0890  0.1528  0.2138  0.2723  0.3283  0.3811  0.4297
  0.4719
 -4.3776 -4.0653 -3.7791 -3.5200 -3.2785 -3.0477 -2.8258 -2.6112 -2.4053 -2.2098
 -2.0256 -1.8538 -1.6940 -1.5457 -1.4065 -1.0917 -0.8237 -0.6011 -0.4208 -0.2730
 -0.1564 -0.0666  0.0048  0.0655  0.1208  0.1734  0.2240  0.2731  0.3202  0.3648
  0.4061
 -4.3673 -4.0570 -3.7750 -3.5158 -3.2755 -3.0498 -2.8328 -2.6225 -2.4189 -2.2232
 -2.0367 -1.8608 -1.6965 -1.5440 -1.4020 -1.0883 -0.8277 -0.6086 -0.4296 -0.2835
 -0.1666 -0.0761 -0.0061  0.0501  0.0981  0.1422  0.1842  0.2250  0.2650  0.3036
  0.3399
 -4.3749 -4.0548 -3.7690 -3.5096 -3.2689 -3.0440 -2.8309 -2.6261 -2.4272 -2.2350
 -2.0498 -1.8731 -1.7061 -1.5498 -1.4053 -1.0848 -0.8293 -0.6155 -0.4370
 [Fe/H] = -2.00 [alpha/Fe] = 0.40 BC value = F438W
 -5.7875 -5.5610 -5.3841 -5.2370 -5.0824 -4.9280 -4.7631 -4.5831 -4.3808 -4.1575
 -3.9085 -3.6390 -3.3663 -3.0990 -2.8035 -2.1811
 -5.2537 -4.9857 -4.7702 -4.5932 -4.4415 -4.3004 -4.1568 -4.0009 -3.8282 -3.6363
 -3.4191 -3.1768 -2.9207 -2.6693 -2.4184 -1.8692 -1.3741 -0.9373 -0.5852
 -4.8495 -4.5362 -4.2850 -4.0862 -3.9242 -3.7828 -3.6486 -3.5086 -3.3580 -3.1923
 -3.0051 -2.7929 -2.5600 -2.3260 -2.1053 -1.6157 -1.1920 -0.8212 -0.5139 -0.2722
 -0.0776
 -4.5749 -4.2125 -3.9285 -3.7160 -3.5306 -3.3753 -3.2385 -3.1062 -2.9702 -2.8255
 -2.6665 -2.4873 -2.2842 -2.0691 -1.8642 -1.4206 -1.0511 -0.7323 -0.4625 -0.2467
 -0.0705  0.0734  0.2008
 -4.4425 -4.0432 -3.7272 -3.4832 -3.2897 -3.1263 -2.9758 -2.8276 -2.6842 -2.5440
 -2.4005 -2.2479 -2.0776 -1.8861 -1.6951 -1.2839 -0.9514 -0.6706 -0.4310 -0.2357
 -0.0772  0.0570  0.1748  0.2798  0.3761
 -4.4434 -4.0291 -3.6837 -3.4085 -3.1878 -3.0042 -2.8431 -2.6923 -2.5417 -2.3849
 -2.2261 -2.0741 -1.9224 -1.7582 -1.5820 -1.1934 -0.8851 -0.6304 -0.4138 -0.2347
 -0.0888  0.0350  0.1443  0.2434  0.3343  0.4174
 -4.4965 -4.0673 -3.7071 -3.4050 -3.1497 -2.9326 -2.7459 -2.5825 -2.4359 -2.2997
 -2.1543 -1.9909 -1.8286 -1.6709 -1.5090 -1.1368 -0.8438 -0.6060 -0.4061 -0.2395
 -0.1039  0.0105  0.1117  0.2039  0.2894  0.3688  0.4419  0.5125  0.5779  0.6174
 -4.5839 -4.1426 -3.7688 -3.4531 -3.1824 -2.9470 -2.7395 -2.5551 -2.3888 -2.2348
 -2.0888 -1.9450 -1.7939 -1.6375 -1.4756 -1.1051 -0.8200 -0.5929 -0.4041 -0.2469
 -0.1192 -0.0132  0.0797  0.1647  0.2439  0.3183  0.3876  0.4521  0.5130  0.5666
  0.5964
 -4.6934 -4.2447 -3.8596 -3.5304 -3.2457 -2.9951 -2.7708 -2.5681 -2.3839 -2.2149
 -2.0565 -1.9056 -1.7596 -1.6170 -1.4706 -1.0991 -0.8094 -0.5876 -0.4061 -0.2548
 -0.1325 -0.0334  0.0516  0.1286  0.2005  0.2688  0.3331  0.3935  0.4495  0.5008
  0.5427
 -4.8097 -4.3525 -3.9636 -3.6255 -3.3287 -3.0641 -2.8250 -2.6068 -2.4065 -2.2223
 -2.0513 -1.8911 -1.7391 -1.5945 -1.4560 -1.1087 -0.8112 -0.5863 -0.4087 -0.2614
 -0.1420 -0.0474  0.0306  0.0994  0.1632  0.2240  0.2819  0.3370  0.3889  0.4367
  0.4786
 -4.9232 -4.4738 -4.0819 -3.7384 -3.4329 -3.1566 -2.9038 -2.6711 -2.4562 -2.2577
 -2.0738 -1.9029 -1.7429 -1.5925 -1.4508 -1.1189 -0.8279 -0.5949 -0.4159 -0.2705
 -0.1521 -0.0589  0.0147  0.0765  0.1321  0.1845  0.2346  0.2829  0.3291  0.3727
  0.4129
 -5.0271 -4.5896 -4.1986 -3.8524 -3.5418 -3.2584 -2.9960 -2.7513 -2.5235 -2.3117
 -2.1153 -1.9332 -1.7640 -1.6062 -1.4584 -1.1256 -0.8425 -0.6084 -0.4246 -0.2793
 -0.1614 -0.0682  0.0040  0.0613  0.1098  0.1539  0.1954  0.2356  0.2747  0.3122
  0.3477
 -5.1200 -4.6916 -4.3064 -3.9599 -3.6455 -3.3571 -3.0895 -2.8383 -2.6012 -2.3787
 -2.1710 -1.9780 -1.7991 -1.6329 -1.4788 -1.1288 -0.8550 -0.6268 -0.4348
 [Fe/H] = -1.50 [alpha/Fe] = 0.40 BC value = F438W
 -6.0253 -5.8419 -5.6661 -5.4882 -5.3096 -5.0990 -4.8387 -4.5285 -4.2287 -3.9468
 -3.6700 -3.3970 -3.1340 -2.8841 -2.6472 -2.1056
 -5.4117 -5.2062 -5.0159 -4.8323 -4.6504 -4.4542 -4.2272 -3.9695 -3.7206 -3.4813
 -3.2397 -2.9906 -2.7407 -2.5022 -2.2802 -1.7886 -1.3549 -0.9630 -0.6223
 -4.9370 -4.6994 -4.4870 -4.2921 -4.1064 -3.9213 -3.7228 -3.5077 -3.2991 -3.0954
 -2.8866 -2.6651 -2.4341 -2.2084 -1.9988 -1.5460 -1.1648 -0.8320 -0.5396 -0.2938
 -0.0922
 -4.6012 -4.3215 -4.0794 -3.8676 -3.6775 -3.5004 -3.3255 -3.1431 -2.9642 -2.7891
 -2.6107 -2.4205 -2.2142 -2.0027 -1.8030 -1.3778 -1.0321 -0.7391 -0.4836 -0.2648
 -0.0841  0.0667  0.1962
 -4.4240 -4.0838 -3.8010 -3.5676 -3.3634 -3.1840 -3.0198 -2.8594 -2.7018 -2.5483
 -2.3942 -2.2326 -2.0555 -1.8632 -1.6730 -1.2662 -0.9437 -0.6768 -0.4479 -0.2503
 -0.0852  0.0539  0.1746  0.2817  0.3793
 -4.3875 -3.9897 -3.6613 -3.3910 -3.1684 -2.9846 -2.8271 -2.6724 -2.5198 -2.3724
 -2.2292 -2.0858 -1.9349 -1.7673 -1.5894 -1.1952 -0.8872 -0.6374 -0.4268 -0.2459
 -0.0933  0.0353  0.1475  0.2479  0.3394  0.4238
 -4.4581 -4.0236 -3.6512 -3.3383 -3.0808 -2.8708 -2.6999 -2.5583 -2.4278 -2.2908
 -2.1394 -1.9892 -1.8438 -1.6962 -1.5356 -1.1523 -0.8523 -0.6135 -0.4156 -0.2474
 -0.1055  0.0141  0.1180  0.2115  0.2974  0.3767  0.4497  0.5203  0.5856  0.6256
 -4.5968 -4.1253 -3.7219 -3.3818 -3.0973 -2.8611 -2.6652 -2.5000 -2.3562 -2.2272
 -2.1020 -1.9627 -1.8082 -1.6533 -1.5009 -1.1292 -0.8322 -0.5999 -0.4105 -0.2516
 -0.1183 -0.0069  0.0890  0.1751  0.2546  0.3287  0.3974  0.4613  0.5218  0.5761
  0.6065
 -4.8060 -4.2913 -3.8514 -3.4811 -3.1714 -2.9113 -2.6911 -2.5032 -2.3401 -2.1938
 -2.0575 -1.9266 -1.7947 -1.6517 -1.4980 -1.1212 -0.8226 -0.5930 -0.4090 -0.2567
 -0.1306 -0.0252  0.0632  0.1415  0.2137  0.2816  0.3450  0.4051  0.4608  0.5106
  0.5535
 -5.0658 -4.5113 -4.0317 -3.6281 -3.2890 -3.0031 -2.7590 -2.5477 -2.3623 -2.1970
 -2.0460 -1.9036 -1.7666 -1.6333 -1.4981 -1.1317 -0.8198 -0.5889 -0.4080 -0.2602
 -0.1380 -0.0383  0.0436  0.1142  0.1785  0.2389  0.2959  0.3500  0.4006  0.4472
  0.4890
 -5.3455 -4.7688 -4.2614 -3.8270 -3.4568 -3.1416 -2.8707 -2.6346 -2.4257 -2.2387
 -2.0692 -1.9128 -1.7657 -1.6254 -1.4907 -1.1545 -0.8375 -0.5938 -0.4119 -0.2661
 -0.1465 -0.0495  0.0283  0.0924  0.1488  0.2011  0.2504  0.2977  0.3426  0.3848
  0.4236
 -5.6143 -5.0321 -4.5135 -4.0552 -3.6600 -3.3174 -3.0191 -2.7565 -2.5228 -2.3131
 -2.1230 -1.9493 -1.7886 -1.6384 -1.4966 -1.1670 -0.8639 -0.6094 -0.4189 -0.2725
 -0.1541 -0.0581  0.0177  0.0776  0.1273  0.1716  0.2126  0.2519  0.2898  0.3260
  0.3600
 -5.8462 -5.2715 -4.7532 -4.2881 -3.8777 -3.5156 -3.1947 -2.9076 -2.6495 -2.4163
 -2.2049 -2.0123 -1.8358 -1.6727 -1.5158 -1.1692 -0.8990 -0.6357 -0.4290
 [Fe/H] = -1.00 [alpha/Fe] = 0.40 BC value = F438W
 -6.4359 -6.3055 -6.1682 -6.0107 -5.8428 -5.5912 -5.1993 -4.6843 -4.2404 -3.7903
 -3.4706 -3.1934 -2.9437 -2.7112 -2.4937 -2.0053
 -5.8004 -5.6549 -5.5074 -5.3465 -5.1655 -4.9267 -4.5913 -4.1614 -3.7506 -3.4083
 -3.1198 -2.8607 -2.6198 -2.3946 -2.1855 -1.7276 -1.3392 -0.9833 -0.6620
 -5.2734 -5.1080 -4.9463 -4.7792 -4.5936 -4.3722 -4.0884 -3.7339 -3.3931 -3.0971
 -2.8383 -2.5997 -2.3717 -2.1553 -1.9537 -1.5188 -1.1577 -0.8465 -0.5718 -0.3291
 -0.1215
 -4.8549 -4.6648 -4.4849 -4.3088 -4.1272 -3.9277 -3.6906 -3.4018 -3.1147 -2.8567
 -2.6261 -2.4104 -2.1994 -1.9933 -1.7983 -1.3789 -1.0395 -0.7553 -0.5098 -0.2936
 -0.1060  0.0521  0.1875
 -4.5634 -4.3363 -4.1295 -3.9365 -3.7509 -3.5646 -3.3649 -3.1312 -2.8892 -2.6643
 -2.4597 -2.2673 -2.0767 -1.8846 -1.6969 -1.2878 -0.9623 -0.6954 -0.4694 -0.2728
 -0.1015  0.0450  0.1710  0.2808  0.3806
 -4.4327 -4.1383 -3.8893 -3.6689 -3.4676 -3.2798 -3.0979 -2.9058 -2.7020 -2.5057
 -2.3238 -2.1526 -1.9833 -1.8089 -1.6315 -1.2302 -0.9129 -0.6576 -0.4447 -0.2624
 -0.1044  0.0315  0.1487  0.2521  0.3447  0.4304
 -4.4580 -4.0840 -3.7622 -3.4912 -3.2648 -3.0729 -2.8998 -2.7314 -2.5549 -2.3792
 -2.2133 -2.0574 -1.9061 -1.7511 -1.5880 -1.1958 -0.8822 -0.6343 -0.4306 -0.2588
 -0.1115  0.0150  0.1240  0.2203  0.3073  0.3870  0.4604  0.5315  0.5959  0.6357
 -4.5647 -4.1396 -3.7650 -3.4414 -3.1680 -2.9389 -2.7471 -2.5874 -2.4453 -2.3014
 -2.1486 -1.9950 -1.8470 -1.7029 -1.5560 -1.1778 -0.8643 -0.6205 -0.4233 -0.2590
 -0.1202 -0.0019  0.0994  0.1883  0.2688  0.3428  0.4107  0.4742  0.5347  0.5884
  0.6195
 -4.7489 -4.2709 -3.8512 -3.4876 -3.1763 -2.9143 -2.6954 -2.5124 -2.3569 -2.2207
 -2.0960 -1.9701 -1.8311 -1.6827 -1.5351 -1.1721 -0.8566 -0.6130 -0.4200 -0.2611
 -0.1286 -0.0173  0.0770  0.1586  0.2319  0.2996  0.3622  0.4203  0.4743  0.5245
  0.5661
 -5.0398 -4.4854 -4.0111 -3.6031 -3.2557 -2.9622 -2.7155 -2.5086 -2.3340 -2.1837
 -2.0496 -1.9251 -1.8043 -1.6785 -1.5398 -1.1738 -0.8548 -0.6084 -0.4171 -0.2623
 -0.1344 -0.0284  0.0597  0.1343  0.2000  0.2603  0.3164  0.3690  0.4180  0.4630
  0.5037
 -5.4247 -4.8100 -4.2681 -3.8041 -3.4110 -3.0802 -2.8023 -2.5678 -2.3684 -2.1973
 -2.0472 -1.9112 -1.7831 -1.6589 -1.5348 -1.1976 -0.8670 -0.6129 -0.4197 -0.2666
 -0.1415 -0.0387  0.0451  0.1139  0.1726  0.2252  0.2738  0.3197  0.3629  0.4030
  0.4398
 -5.8651 -5.2002 -4.6084 -4.0862 -3.6401 -3.2645 -2.9487 -2.6818 -2.4537 -2.2567
 -2.0840 -1.9299 -1.7890 -1.6564 -1.5285 -1.2155 -0.8970 -0.6257 -0.4258 -0.2718
 -0.1479 -0.0470  0.0343  0.0992  0.1521  0.1974  0.2382  0.2765  0.3127  0.3470
  0.3788
 -6.2847 -5.6100 -4.9841 -4.4238 -3.9313 -3.5103 -3.1533 -2.8494 -2.5886 -2.3620
 -2.1628 -1.9855 -1.8256 -1.6789 -1.5209 -1.2275 -0.9448 -0.6468 -0.4354
 [Fe/H] = -0.75 [alpha/Fe] = 0.30 BC value = F438W
 -6.6119 -6.4978 -6.3745 -6.2268 -6.0689 -5.8074 -5.3702 -4.7827 -4.2724 -3.7771
 -3.4435 -3.1642 -2.9167 -2.6898 -2.4775 -2.0008
 -5.9799 -5.8519 -5.7200 -5.5706 -5.3961 -5.1489 -4.7793 -4.2874 -3.8113 -3.4270
 -3.1201 -2.8566 -2.6177 -2.3968 -2.1914 -1.7409 -1.3551 -1.0087 -0.6926
 -5.4491 -5.3023 -5.1573 -5.0029 -4.8229 -4.5952 -4.2860 -3.8804 -3.4820 -3.1439
 -2.8627 -2.6162 -2.3884 -2.1749 -1.9759 -1.5448 -1.1854 -0.8745 -0.5995 -0.3552
 -0.1436
 -5.0195 -4.8490 -4.6864 -4.5237 -4.3492 -4.1464 -3.8903 -3.5617 -3.2263 -2.9278
 -2.6713 -2.4430 -2.2288 -2.0241 -1.8310 -1.4125 -1.0714 -0.7838 -0.5352 -0.3163
 -0.1242  0.0393  0.1803
 -4.7054 -4.5014 -4.3131 -4.1344 -3.9572 -3.7708 -3.5588 -3.2960 -3.0150 -2.7536
 -2.5219 -2.3130 -2.1149 -1.9216 -1.7349 -1.3252 -0.9958 -0.7239 -0.4928 -0.2924
 -0.1166  0.0353  0.1661  0.2806  0.3834
 -4.5361 -4.2765 -4.0487 -3.8426 -3.6503 -3.4651 -3.2773 -3.0664 -2.8331 -2.6061
 -2.3987 -2.2092 -2.0288 -1.8497 -1.6717 -1.2690 -0.9464 -0.6850 -0.4662 -0.2791
 -0.1165  0.0246  0.1461  0.2524  0.3472  0.4337
 -4.5216 -4.1739 -3.8805 -3.6347 -3.4245 -3.2338 -3.0528 -2.8716 -2.6763 -2.4792
 -2.2933 -2.1214 -1.9580 -1.7952 -1.6291 -1.2343 -0.9147 -0.6604 -0.4504 -0.2730
 -0.1210  0.0106  0.1241  0.2231  0.3116  0.3919  0.4665  0.5377  0.6017  0.6410
 -4.6100 -4.2016 -3.8420 -3.5339 -3.2729 -3.0519 -2.8650 -2.7045 -2.5494 -2.3841
 -2.2151 -2.0525 -1.8990 -1.7499 -1.5979 -1.2156 -0.8958 -0.6451 -0.4416 -0.2715
 -0.1275 -0.0043  0.1016  0.1936  0.2756  0.3502  0.4183  0.4820  0.5422  0.5953
  0.6260
 -4.7746 -4.3127 -3.9044 -3.5483 -3.2432 -2.9852 -2.7678 -2.5839 -2.4268 -2.2870
 -2.1550 -2.0181 -1.8710 -1.7213 -1.5747 -1.2092 -0.8874 -0.6367 -0.4372 -0.2726
 -0.1346 -0.0181  0.0809  0.1659  0.2409  0.3090  0.3714  0.4294  0.4836  0.5328
  0.5758
 -5.0347 -4.5059 -4.0434 -3.6423 -3.2979 -3.0051 -2.7584 -2.5511 -2.3756 -2.2242
 -2.0893 -1.9649 -1.8435 -1.7146 -1.5728 -1.2096 -0.8857 -0.6317 -0.4338 -0.2730
 -0.1396 -0.0283  0.0646  0.1429  0.2107  0.2718  0.3278  0.3799  0.4282  0.4724
  0.5124
 -5.4146 -4.8129 -4.2817 -3.8247 -3.4342 -3.1037 -2.8248 -2.5896 -2.3905 -2.2205
 -2.0720 -1.9380 -1.8125 -1.6907 -1.5679 -1.2288 -0.8978 -0.6366 -0.4363 -0.2771
 -0.1464 -0.0385  0.0502  0.1231  0.1844  0.2381  0.2869  0.3323  0.3748  0.4139
  0.4498
 -5.8633 -5.2034 -4.6133 -4.0939 -3.6499 -3.2735 -2.9564 -2.6886 -2.4610 -2.2658
 -2.0963 -1.9460 -1.8091 -1.6802 -1.5555 -1.2465 -0.9256 -0.6498 -0.4430 -0.2824
 -0.1529 -0.0469  0.0391  0.1083  0.1642  0.2111  0.2525  0.2905  0.3261  0.3595
  0.3901
 -6.3096 -5.6227 -4.9938 -4.4316 -3.9366 -3.5120 -3.1519 -2.8463 -2.5856 -2.3609
 -2.1650 -1.9922 -1.8372 -1.6953 -1.5356 -1.2627 -0.9691 -0.6713 -0.4539
 [Fe/H] = -0.50 [alpha/Fe] = 0.20 BC value = F438W
 -6.8357 -6.7279 -6.6086 -6.4623 -6.3062 -6.0272 -5.5416 -4.9329 -4.3130 -3.8274
 -3.4308 -3.1492 -2.9025 -2.6790 -2.4726 -2.0084
 -6.2001 -6.0804 -5.9557 -5.8113 -5.6389 -5.3806 -4.9760 -4.4225 -3.8821 -3.4580
 -3.1327 -2.8650 -2.6278 -2.4104 -2.2091 -1.7655 -1.3853 -1.0436 -0.7302
 -5.6605 -5.5242 -5.3891 -5.2426 -5.0660 -4.8321 -4.4979 -4.0405 -3.5829 -3.2006
 -2.8974 -2.6434 -2.4161 -2.2056 -2.0095 -1.5816 -1.2231 -0.9111 -0.6342 -0.3871
 -0.1713
 -5.2169 -5.0593 -4.9088 -4.7562 -4.5874 -4.3817 -4.1073 -3.7385 -3.3508 -3.0082
 -2.7249 -2.4844 -2.2674 -2.0646 -1.8738 -1.4567 -1.1132 -0.8213 -0.5679 -0.3449
 -0.1482  0.0220  0.1676
 -4.8805 -4.6929 -4.5189 -4.3518 -4.1821 -3.9959 -3.7719 -3.4793 -3.1558 -2.8531
 -2.5917 -2.3658 -2.1608 -1.9669 -1.7818 -1.3725 -1.0390 -0.7609 -0.5234 -0.3176
 -0.1370  0.0205  0.1561  0.2740  0.3790
 -4.6778 -4.4409 -4.2305 -4.0377 -3.8544 -3.6721 -3.4783 -3.2472 -2.9811 -2.7185
 -2.4816 -2.2721 -2.0805 -1.8975 -1.7196 -1.3165 -0.9889 -0.7208 -0.4948 -0.3014
 -0.1336  0.0130  0.1399  0.2501  0.3476  0.4361
 -4.6112 -4.2939 -4.0318 -3.8096 -3.6083 -3.4173 -3.2316 -3.0385 -2.8210 -2.5964
 -2.3848 -2.1928 -2.0156 -1.8453 -1.6768 -1.2811 -0.9557 -0.6942 -0.4769 -0.2928
 -0.1351  0.0020  0.1208  0.2239  0.3149  0.3971  0.4731  0.5446  0.6080  0.6471
 -4.6735 -4.2808 -3.9399 -3.6514 -3.4076 -3.1999 -3.0189 -2.8528 -2.6784 -2.4896
 -2.3012 -2.1244 -1.9601 -1.8027 -1.6458 -1.2609 -0.9352 -0.6771 -0.4664 -0.2894
 -0.1392 -0.0104  0.1009  0.1971  0.2817  0.3575  0.4261  0.4895  0.5508  0.6032
  0.6334
 -4.8170 -4.3678 -3.9707 -3.6256 -3.3303 -3.0801 -2.8668 -2.6844 -2.5257 -2.3783
 -2.2318 -2.0789 -1.9225 -1.7702 -1.6221 -1.2530 -0.9255 -0.6674 -0.4606 -0.2890
 -0.1447 -0.0224  0.0821  0.1716  0.2495  0.3189  0.3817  0.4390  0.4925  0.5424
  0.5848
 -5.0532 -4.5383 -4.0860 -3.6922 -3.3532 -3.0646 -2.8205 -2.6139 -2.4373 -2.2833
 -2.1455 -2.0183 -1.8924 -1.7573 -1.6124 -1.2520 -0.9236 -0.6617 -0.4563 -0.2886
 -0.1487 -0.0314  0.0671  0.1503  0.2214  0.2840  0.3403  0.3921  0.4397  0.4832
  0.5227
 -5.4201 -4.8242 -4.3024 -3.8517 -3.4656 -3.1376 -2.8602 -2.6260 -2.4276 -2.2578
 -2.1092 -1.9753 -1.8507 -1.7300 -1.6070 -1.2661 -0.9355 -0.6669 -0.4589 -0.2925
 -0.1553 -0.0412  0.0531  0.1311  0.1962  0.2520  0.3014  0.3466  0.3884  0.4267
  0.4614
 -5.8768 -5.2134 -4.6226 -4.1042 -3.6619 -3.2868 -2.9709 -2.7044 -2.4785 -2.2856
 -2.1185 -1.9709 -1.8366 -1.7103 -1.5883 -1.2825 -0.9605 -0.6809 -0.4662 -0.2982
 -0.1620 -0.0498  0.0419  0.1162  0.1763  0.2259  0.2684  0.3065  0.3416  0.3740
  0.4038
 -6.3409 -5.6450 -5.0080 -4.4394 -3.9387 -3.5120 -3.1508 -2.8458 -2.5871 -2.3657
 -2.1737 -2.0053 -1.8547 -1.7170 -1.5563 -1.3012 -0.9986 -0.7037 -0.4782
 [Fe/H] = -0.25 [alpha/Fe] = 0.10 BC value = F438W
 -7.0913 -6.9842 -6.8644 -6.7129 -6.5458 -6.2354 -5.6982 -5.0009 -4.3624 -3.8463
 -3.4724 -3.1792 -2.9308 -2.7051 -2.4807 -2.0240
 -6.4516 -6.3344 -6.2115 -6.0666 -5.8892 -5.6129 -5.1689 -4.5561 -3.9634 -3.5019
 -3.1603 -2.8881 -2.6519 -2.4381 -2.2394 -1.8004 -1.4244 -1.0857 -0.7738
 -5.9040 -5.7721 -5.6410 -5.4975 -5.3204 -5.0775 -4.7143 -4.2068 -3.6912 -3.2680
 -2.9441 -2.6832 -2.4563 -2.2484 -2.0549 -1.6296 -1.2705 -0.9563 -0.6765 -0.4255
 -0.2049
 -5.4485 -5.2973 -5.1529 -5.0056 -4.8394 -4.6292 -4.3344 -3.9247 -3.4841 -3.0971
 -2.7878 -2.5360 -2.3168 -2.1156 -1.9272 -1.5116 -1.1651 -0.8681 -0.6088 -0.3805
 -0.1787 -0.0028  0.1493
 -5.0943 -4.9156 -4.7497 -4.5898 -4.4248 -4.2372 -3.9994 -3.6755 -3.3068 -2.9605
 -2.6689 -2.4268 -2.2156 -2.0213 -1.8380 -1.4300 -1.0923 -0.8077 -0.5627 -0.3501
 -0.1638 -0.0004  0.1413  0.2654  0.3766
 -4.8633 -4.6406 -4.4415 -4.2575 -4.0804 -3.8992 -3.6975 -3.4438 -3.1420 -2.8401
 -2.5714 -2.3414 -2.1394 -1.9529 -1.7755 -1.3736 -1.0414 -0.7661 -0.5319 -0.3309
 -0.1567 -0.0043  0.1286  0.2439  0.3453  0.4369
 -4.7459 -4.4601 -4.2238 -4.0132 -3.8151 -3.6243 -3.4343 -3.2268 -2.9830 -2.7260
 -2.4846 -2.2702 -2.0790 -1.9018 -1.7313 -1.3361 -1.0062 -0.7374 -0.5119 -0.3197
 -0.1550 -0.0120  0.1128  0.2211  0.3159  0.4003  0.4768  0.5518  0.6147  0.6536
 -4.7709 -4.3927 -4.0715 -3.8044 -3.5802 -3.3859 -3.2055 -3.0273 -2.8309 -2.6162
 -2.4036 -2.2070 -2.0281 -1.8613 -1.6997 -1.3136 -0.9836 -0.7181 -0.4993 -0.3141
 -0.1567 -0.0214  0.0957  0.1974  0.2859  0.3640  0.4332  0.4979  0.5602  0.6120
  0.6416
 -4.8931 -4.4516 -4.0630 -3.7289 -3.4457 -3.2051 -2.9982 -2.8188 -2.6568 -2.4954
 -2.3270 -2.1548 -1.9871 -1.8286 -1.6761 -1.3035 -0.9722 -0.7065 -0.4919 -0.3123
 -0.1603 -0.0313  0.0793  0.1744  0.2565  0.3283  0.3922  0.4496  0.5032  0.5535
  0.5951
 -5.1084 -4.6001 -4.1534 -3.7650 -3.4312 -3.1476 -2.9070 -2.7012 -2.5229 -2.3650
 -2.2221 -2.0877 -1.9521 -1.8087 -1.6608 -1.3007 -0.9692 -0.6999 -0.4864 -0.3107
 -0.1631 -0.0389  0.0659  0.1549  0.2305  0.2959  0.3535  0.4054  0.4526  0.4956
  0.5347
 -5.4582 -4.8644 -4.3485 -3.9012 -3.5175 -3.1914 -2.9156 -2.6822 -2.4836 -2.3122
 -2.1614 -2.0257 -1.9001 -1.7786 -1.6534 -1.3108 -0.9806 -0.7053 -0.4889 -0.3143
 -0.1693 -0.0482  0.0526  0.1365  0.2066  0.2657  0.3168  0.3624  0.4038  0.4413
  0.4749
 -5.9133 -5.2445 -4.6508 -4.1347 -3.6928 -3.3182 -3.0026 -2.7367 -2.5116 -2.3196
 -2.1533 -2.0064 -1.8730 -1.7482 -1.6282 -1.3247 -1.0031 -0.7198 -0.4970 -0.3206
 -0.1764 -0.0570  0.0412  0.1216  0.1870  0.2406  0.2853  0.3242  0.3591  0.3907
  0.4194
 -6.3940 -5.6826 -5.0351 -4.4591 -3.9548 -3.5255 -3.1634 -2.8589 -2.6014 -2.3821
 -2.1929 -2.0274 -1.8799 -1.7450 -1.5852 -1.3424 -1.0367 -0.7434 -0.5107
 [Fe/H] =  0.00 [alpha/Fe] = 0.00 BC value = F438W
 -7.3953 -7.2858 -7.1593 -6.9364 -6.6062 -6.1781 -5.6602 -5.0600 -4.4193 -3.8844
 -3.4981 -3.2008 -2.9442 -2.7271 -2.5220 -2.0543
 -6.7491 -6.6260 -6.4962 -6.3424 -6.1371 -5.8288 -5.3423 -4.6761 -4.0482 -3.5594
 -3.2043 -2.9283 -2.6940 -2.4815 -2.2859 -1.8486 -1.4719 -1.1345 -0.8233
 -6.1953 -6.0583 -5.9225 -5.7734 -5.5877 -5.3273 -4.9241 -4.3641 -3.8007 -3.3442
 -3.0035 -2.7368 -2.5100 -2.3048 -2.1138 -1.6896 -1.3276 -1.0097 -0.7263 -0.4710
 -0.2447
 -5.7316 -5.5762 -5.4286 -5.2781 -5.1070 -4.8853 -4.5621 -4.1072 -3.6165 -3.1908
 -2.8597 -2.5987 -2.3776 -2.1782 -1.9921 -1.5778 -1.2270 -0.9240 -0.6584 -0.4239
 -0.2163 -0.0337  0.1246
 -5.3656 -5.1845 -5.0166 -4.8550 -4.6872 -4.4924 -4.2345 -3.8737 -3.4586 -3.0707
 -2.7521 -2.4962 -2.2799 -2.0856 -1.9042 -1.4979 -1.1559 -0.8640 -0.6112 -0.3909
 -0.1979 -0.0281  0.1200  0.2491  0.3681
 -5.1044 -4.8941 -4.6952 -4.5107 -4.3325 -4.1463 -3.9311 -3.6486 -3.3070 -2.9647
 -2.6654 -2.4171 -2.2061 -2.0170 -1.8401 -1.4404 -1.1043 -0.8214 -0.5787 -0.3689
 -0.1872 -0.0282  0.1109  0.2323  0.3376  0.4349
 -4.9556 -4.6923 -4.4647 -4.2532 -4.0525 -3.8574 -3.6583 -3.4302 -3.1545 -2.8613
 -2.5886 -2.3526 -2.1486 -1.9653 -1.7935 -1.3999 -1.0670 -0.7908 -0.5566 -0.3552
 -0.1823 -0.0322  0.0988  0.2132  0.3130  0.4000  0.4809  0.5587  0.6211  0.6604
 -4.9291 -4.5597 -4.2541 -4.0052 -3.7971 -3.6079 -3.4198 -3.2237 -3.0011 -2.7561
 -2.5149 -2.2959 -2.1018 -1.9258 -1.7601 -1.3741 -1.0416 -0.7691 -0.5417 -0.3474
 -0.1813 -0.0386  0.0851  0.1928  0.2864  0.3669  0.4388  0.5063  0.5704  0.6213
  0.6507
 -5.0278 -4.5842 -4.1987 -3.8716 -3.5975 -3.3656 -3.1656 -2.9887 -2.8176 -2.6341
 -2.4386 -2.2443 -2.0624 -1.8948 -1.7364 -1.3608 -1.0277 -0.7553 -0.5323 -0.3437
 -0.1830 -0.0461  0.0712  0.1725  0.2600  0.3358  0.4021  0.4609  0.5147  0.5658
  0.6066
 -5.2255 -4.7124 -4.2625 -3.8732 -3.5411 -3.2603 -3.0216 -2.8157 -2.6347 -2.4717
 -2.3203 -2.1737 -2.0242 -1.8706 -1.7186 -1.3556 -1.0227 -0.7473 -0.5254 -0.3407
 -0.1843 -0.0521  0.0598  0.1551  0.2365  0.3061  0.3662  0.4193  0.4665  0.5093
  0.5485
 -5.5619 -4.9598 -4.4379 -3.9864 -3.5999 -3.2724 -2.9959 -2.7616 -2.5608 -2.3857
 -2.2307 -2.0917 -1.9632 -1.8383 -1.7083 -1.3629 -1.0327 -0.7522 -0.5275 -0.3440
 -0.1901 -0.0608  0.0473  0.1379  0.2140  0.2778  0.3320  0.3789  0.4204  0.4574
  0.4902
 -6.0180 -5.3303 -4.7225 -4.2004 -3.7534 -3.3752 -3.0574 -2.7902 -2.5641 -2.3709
 -2.2031 -2.0548 -1.9207 -1.7963 -1.6772 -1.3737 -1.0532 -0.7670 -0.5364 -0.3509
 -0.1977 -0.0698  0.0359  0.1231  0.1948  0.2536  0.3020  0.3428  0.3782  0.4094
  0.4370
 -6.5103 -5.7730 -5.1028 -4.5097 -3.9971 -3.5621 -3.1969 -2.8908 -2.6332 -2.4143
 -2.2261 -2.0617 -1.9153 -1.7818 -1.6253 -1.3880 -1.0842 -0.7917 -0.5521
 [Fe/H] =  0.25 [alpha/Fe] = 0.00 BC value = F438W
 -7.6714 -7.5752 -7.4588 -7.1476 -6.6470 -6.0545 -5.5450 -5.1481 -4.5220 -3.9576
 -3.5344 -3.2239 -2.9731 -2.7416 -2.5429 -2.0909
 -7.0264 -6.9215 -6.8062 -6.6097 -6.3143 -5.9196 -5.4261 -4.8348 -4.1883 -3.6495
 -3.2594 -2.9697 -2.7341 -2.5271 -2.3338 -1.9015 -1.5226 -1.1863 -0.8793
 -6.4570 -6.3402 -6.2216 -6.0846 -5.9030 -5.6328 -5.1972 -4.5817 -3.9672 -3.4537
 -3.0742 -2.7911 -2.5619 -2.3606 -2.1745 -1.7551 -1.3896 -1.0667 -0.7797 -0.5220
 -0.2907
 -5.9632 -5.8313 -5.7050 -5.5724 -5.4132 -5.1941 -4.8582 -4.3587 -3.8055 -3.3183
 -2.9441 -2.6618 -2.4355 -2.2385 -2.0572 -1.6483 -1.2935 -0.9837 -0.7119 -0.4720
 -0.2628 -0.0784  0.0875
 -5.5532 -5.4009 -5.2598 -5.1223 -4.9742 -4.7909 -4.5319 -4.1418 -3.6683 -3.2154
 -2.8486 -2.5656 -2.3398 -2.1458 -1.9685 -1.5689 -1.2233 -0.9242 -0.6638 -0.4364
 -0.2374 -0.0620  0.0921  0.2277  0.3500
 -5.2408 -5.0584 -4.8935 -4.7397 -4.5887 -4.4223 -4.2146 -3.9181 -3.5302 -3.1256
 -2.7733 -2.4920 -2.2662 -2.0742 -1.9003 -1.5085 -1.1701 -0.8801 -0.6294 -0.4116
 -0.2227 -0.0576  0.0874  0.2148  0.3272  0.4296
 -5.0516 -4.8227 -4.6199 -4.4374 -4.2668 -4.0982 -3.9151 -3.6850 -3.3798 -3.0335
 -2.7072 -2.4337 -2.2092 -2.0189 -1.8481 -1.4633 -1.1295 -0.8467 -0.6047 -0.3948
 -0.2139 -0.0572  0.0798  0.1999  0.3052  0.3984  0.4832  0.5649  0.6271  0.6674
 -4.9341 -4.6390 -4.3988 -4.2013 -4.0162 -3.8337 -3.6506 -3.4548 -3.2158 -2.9314
 -2.6419 -2.3833 -2.1641 -1.9767 -1.8091 -1.4316 -1.1003 -0.8218 -0.5868 -0.3842
 -0.2096 -0.0596  0.0702  0.1836  0.2826  0.3692  0.4453  0.5146  0.5813  0.6314
  0.6611
 -4.9789 -4.5856 -4.2529 -3.9799 -3.7561 -3.5669 -3.3952 -3.2235 -3.0355 -2.8131
 -2.5700 -2.3354 -2.1268 -1.9444 -1.7808 -1.4122 -1.0826 -0.8050 -0.5746 -0.3779
 -0.2088 -0.0641  0.0598  0.1669  0.2598  0.3405  0.4103  0.4717  0.5273  0.5802
  0.6199
 -5.1266 -4.6645 -4.2599 -3.9124 -3.6191 -3.3720 -3.1596 -2.9740 -2.8032 -2.6343
 -2.4558 -2.2709 -2.0882 -1.9168 -1.7589 -1.4011 -1.0741 -0.7944 -0.5651 -0.3727
 -0.2082 -0.0679  0.0510  0.1524  0.2395  0.3143  0.3782  0.4335  0.4821  0.5253
  0.5652
 -5.4032 -4.8618 -4.3883 -3.9767 -3.6225 -3.3212 -3.0650 -2.8444 -2.6506 -2.4764
 -2.3168 -2.1678 -2.0260 -1.8862 -1.7454 -1.4023 -1.0805 -0.7977 -0.5658 -0.3745
 -0.2128 -0.0755  0.0400  0.1370  0.2191  0.2885  0.3469  0.3965  0.4391  0.4762
  0.5086
 -5.8262 -5.1890 -4.6318 -4.1497 -3.7342 -3.3791 -3.0775 -2.8213 -2.6021 -2.4117
 -2.2435 -2.0934 -1.9581 -1.8338 -1.7145 -1.4093 -1.0969 -0.8116 -0.5744 -0.3810
 -0.2200 -0.0844  0.0290  0.1229  0.2010  0.2657  0.3189  0.3629  0.3999  0.4314
  0.4582
 -6.3489 -5.6331 -4.9949 -4.4314 -3.9483 -3.5337 -3.1819 -2.8846 -2.6331 -2.4189
 -2.2342 -2.0729 -1.9298 -1.8009 -1.6662 -1.4221 -1.1233 -0.8361 -0.5909
 [Fe/H] =  0.50 [alpha/Fe] = 0.00 BC value = F438W
 -7.9230 -8.2602 -8.1741 -7.7272 -7.0582 -6.3484 -5.7271 -5.2237 -4.6429 -4.0650
 -3.6069 -3.2776 -3.0225 -2.8011 -2.5840 -2.1295
 -7.2903 -7.3472 -7.2497 -7.0139 -6.6539 -6.1822 -5.6096 -4.9670 -4.3411 -3.7727
 -3.3451 -3.0361 -2.7960 -2.5906 -2.4034 -1.9738 -1.5924 -1.2508 -0.9419
 -6.7170 -6.6257 -6.5202 -6.3939 -6.2057 -5.8954 -5.4099 -4.7631 -4.1387 -3.5884
 -3.1703 -2.8663 -2.6308 -2.4314 -2.2501 -1.8374 -1.4682 -1.1372 -0.8419 -0.5786
 -0.3437
 -6.2031 -6.0959 -5.9856 -5.8671 -5.7135 -5.4881 -5.1280 -4.5861 -3.9961 -3.4654
 -3.0503 -2.7430 -2.5071 -2.3104 -2.1334 -1.7330 -1.3754 -1.0570 -0.7771 -0.5301
 -0.3137 -0.1218  0.0516
 -5.7574 -5.6294 -5.5105 -5.3918 -5.2567 -5.0781 -4.8114 -4.3945 -3.8758 -3.3752
 -2.9630 -2.6513 -2.4119 -2.2155 -2.0416 -1.6515 -1.3048 -0.9977 -0.7285 -0.4928
 -0.2858 -0.1036  0.0572  0.1997  0.3307
 -5.3923 -5.2406 -5.1028 -4.9736 -4.8433 -4.6908 -4.4872 -4.1797 -3.7533 -3.2970
 -2.8965 -2.5816 -2.3376 -2.1397 -1.9674 -1.5862 -1.2485 -0.9517 -0.6922 -0.4654
 -0.2678 -0.0952  0.0564  0.1901  0.3090  0.4192
 -5.1345 -4.9432 -4.7757 -4.6244 -4.4818 -4.3363 -4.1673 -3.9375 -3.6094 -3.2163
 -2.8400 -2.5273 -2.2801 -2.0799 -1.9081 -1.5339 -1.2031 -0.9149 -0.6644 -0.4457
 -0.2554 -0.0906  0.0530  0.1793  0.2906  0.3897  0.4813  0.5649  0.6309  0.6734
 -4.9753 -4.7182 -4.5451 -4.3619 -4.1933 -4.0335 -3.8719 -3.6857 -3.4385 -3.1204
 -2.7837 -2.4831 -2.2358 -2.0340 -1.8624 -1.4942 -1.1684 -0.8858 -0.6431 -0.4318
 -0.2479 -0.0893  0.0478  0.1672  0.2720  0.3642  0.4455  0.5203  0.5907  0.6405
  0.6713
 -4.9354 -4.5983 -4.3280 -4.1170 -3.9427 -3.7822 -3.6178 -3.4449 -3.2486 -3.0018
 -2.7176 -2.4411 -2.2008 -2.0002 -1.8289 -1.4665 -1.1449 -0.8650 -0.6274 -0.4225
 -0.2443 -0.0907  0.0408  0.1543  0.2530  0.3393  0.4141  0.4796  0.5390  0.5945
  0.6333
 -5.0322 -4.6176 -4.2602 -3.9614 -3.7166 -3.5138 -3.3405 -3.1825 -3.0225 -2.8395
 -2.6215 -2.3876 -2.1664 -1.9721 -1.8034 -1.4475 -1.1306 -0.8505 -0.6149 -0.4147
 -0.2414 -0.0922  0.0347  0.1429  0.2360  0.3165  0.3855  0.4448  0.4961  0.5413
  0.5829
 -5.2467 -4.7601 -4.3344 -3.9657 -3.6516 -3.3870 -3.1624 -2.9666 -2.7913 -2.6276
 -2.4622 -2.2897 -2.1154 -1.9466 -1.7885 -1.4418 -1.1310 -0.8503 -0.6129 -0.4142
 -0.2444 -0.0985  0.0252  0.1295  0.2179  0.2934  0.3572  0.4111  0.4566  0.4950
  0.5280
 -5.6099 -5.0277 -4.5246 -4.0883 -3.7118 -3.3893 -3.1146 -2.8795 -2.6747 -2.4921
 -2.3254 -2.1710 -2.0266 -1.8906 -1.7598 -1.4439 -1.1417 -0.8614 -0.6201 -0.4196
 -0.2509 -0.1070  0.0146  0.1163  0.2012  0.2723  0.3314  0.3802  0.4203  0.4534
  0.4806
 -6.1202 -5.4408 -4.8420 -4.3261 -3.8809 -3.4991 -3.1728 -2.8947 -2.6569 -2.4513
 -2.2708 -2.1099 -1.9656 -1.8355 -1.7173 -1.4538 -1.1627 -0.8838 -0.6365
 [Fe/H] =  0.75 [alpha/Fe] = 0.00 BC value = F438W
 -8.1256 -7.8712 -7.3609 -6.7095 -6.1803 -5.8165 -5.5580 -5.2919 -4.7560 -4.1960
 -3.7091 -3.3567 -3.0931 -2.8777 -2.6735 -2.2117
 -7.5169 -7.3867 -7.1691 -6.8736 -6.5083 -6.0803 -5.5959 -5.0607 -4.4848 -3.9165
 -3.4582 -3.1260 -2.8771 -2.6727 -2.4884 -2.0619 -1.6766 -1.3264 -1.0111
 -6.9515 -6.8811 -6.8012 -6.6881 -6.4491 -6.0627 -5.5300 -4.8946 -4.2998 -3.7407
 -3.2912 -2.9622 -2.7162 -2.5161 -2.3390 -1.9349 -1.5614 -1.2210 -0.9186 -0.6494
 -0.4059
 -6.4294 -6.3546 -6.2571 -6.1529 -6.0029 -5.7638 -5.3604 -4.7653 -4.1714 -3.6245
 -3.1763 -2.8424 -2.5929 -2.3935 -2.2199 -1.8307 -1.4724 -1.1446 -0.8543 -0.5987
 -0.3715 -0.1689  0.0118
 -5.9610 -5.8565 -5.7592 -5.6577 -5.5320 -5.3518 -5.0705 -4.6194 -4.0673 -3.5415
 -3.0948 -2.7537 -2.4969 -2.2947 -2.1225 -1.7445 -1.4000 -1.0857 -0.8062 -0.5608
 -0.3444 -0.1537  0.0144  0.1657  0.3059
 -5.5566 -5.4308 -5.3170 -5.2085 -5.0940 -4.9493 -4.7435 -4.4205 -3.9608 -3.4703
 -3.0341 -2.6869 -2.4220 -2.2145 -2.0415 -1.6718 -1.3389 -1.0373 -0.7683 -0.5318
 -0.3243 -0.1424  0.0173  0.1576  0.2845  0.4035
 -5.2359 -5.0804 -4.9427 -4.8174 -4.6970 -4.5682 -4.4076 -4.1756 -3.8283 -3.3990
 -2.9828 -2.6356 -2.3638 -2.1503 -1.9749 -1.6105 -1.2869 -0.9960 -0.7375 -0.5093
 -0.3091 -0.1345  0.0176  0.1508  0.2687  0.3749  0.4744  0.5655  0.6308  0.6770
 -5.0404 -4.8359 -4.6580 -4.5028 -4.3623 -4.2277 -4.0848 -3.9070 -3.6544 -3.3096
 -2.9329 -2.5941 -2.3188 -2.1006 -1.9221 -1.5611 -1.2447 -0.9614 -0.7121 -0.4921
 -0.2984 -0.1299  0.0159  0.1425  0.2536  0.3519  0.4396  0.5218  0.5964  0.6472
  0.6804
 -4.9097 -4.6486 -4.4361 -4.2635 -4.1082 -3.9530 -3.8007 -3.6426 -3.4497 -3.1898
 -2.8720 -2.5566 -2.2858 -2.0644 -1.8828 -1.5236 -1.2135 -0.9349 -0.6920 -0.4791
 -0.2917 -0.1283  0.0122  0.1332  0.2384  0.3305  0.4113  0.4826  0.5478  0.6069
  0.6456
 -4.9505 -4.5818 -4.2763 -4.0303 -3.8380 -3.6826 -3.5419 -3.3949 -3.2304 -3.0322
 -2.7833 -2.5092 -2.2532 -2.0351 -1.8532 -1.4956 -1.1914 -0.9153 -0.6752 -0.4677
 -0.2858 -0.1271  0.0089  0.1250  0.2247  0.3113  0.3862  0.4509  0.5067  0.5562
  0.6006
 -5.1099 -4.6721 -4.2901 -3.9642 -3.6935 -3.4711 -3.2850 -3.1240 -2.9762 -2.8244
 -2.6473 -2.4382 -2.2188 -2.0152 -1.8372 -1.4819 -1.1837 -0.9099 -0.6696 -0.4642
 -0.2864 -0.1316  0.0012  0.1137  0.2092  0.2909  0.3608  0.4202  0.4702  0.5123
  0.5473
 -5.3971 -4.8794 -4.4279 -4.0355 -3.6975 -3.4107 -3.1689 -2.9618 -2.7795 -2.6137
 -2.4565 -2.2972 -2.1331 -1.9704 -1.8157 -1.4783 -1.1866 -0.9158 -0.6738 -0.4672
 -0.2910 -0.1388 -0.0084  0.1017  0.1940  0.2719  0.3372  0.3919  0.4370  0.4733
  0.5018
 -5.8494 -5.2275 -4.6881 -4.2227 -3.8198 -3.4730 -3.1760 -2.9225 -2.7040 -2.5122
 -2.3394 -2.1807 -2.0334 -1.8957 -1.7887 -1.4848 -1.2001 -0.9330 -0.6878
 [Fe/H] =  1.00 [alpha/Fe] = 0.00 BC value = F438W
 -8.2808 -6.8577 -5.5311 -5.0455 -5.0306 -5.3839 -5.7062 -5.3566 -4.8645 -4.3263
 -3.8301 -3.4522 -3.1768 -2.9580 -2.7680 -2.3018
 -7.6960 -7.5101 -7.2541 -6.9357 -6.5615 -6.1373 -5.6682 -5.1587 -4.6157 -4.0680
 -3.5891 -3.2330 -2.9720 -2.7647 -2.5835 -2.1643 -1.7725 -1.4120 -1.0870
 -7.1431 -7.5045 -7.5777 -7.3924 -6.9746 -6.3472 -5.6050 -5.0036 -4.4459 -3.8993
 -3.4283 -3.0747 -2.8148 -2.6112 -2.4364 -2.0427 -1.6650 -1.3155 -1.0024 -0.7257
 -0.4756
 -6.6221 -6.8412 -6.5020 -6.4155 -6.2697 -6.0137 -5.5167 -4.8913 -4.3262 -3.7848
 -3.3173 -2.9577 -2.6914 -2.4861 -2.3140 -1.9370 -1.5802 -1.2431 -0.9413 -0.6762
 -0.4406 -0.2283 -0.0365
 -6.1420 -6.0631 -5.9901 -5.9078 -5.7914 -5.6066 -5.3018 -4.8009 -4.2354 -3.7044
 -3.2393 -2.8713 -2.5945 -2.3831 -2.2102 -1.8448 -1.5060 -1.1855 -0.8946 -0.6387
 -0.4132 -0.2127 -0.0342  0.1268  0.2767
 -5.7128 -5.6122 -5.5224 -5.4348 -5.3345 -5.1939 -4.9796 -4.6355 -4.1456 -3.6376
 -3.1801 -2.8061 -2.5191 -2.2989 -2.1222 -1.7632 -1.4392 -1.1349 -0.8563 -0.6092
 -0.3915 -0.1993 -0.0303  0.1192  0.2545  0.3829
 -5.3493 -5.2230 -5.1112 -5.0092 -4.9078 -4.7913 -4.6336 -4.3940 -4.0268 -3.5721
 -3.1317 -2.7567 -2.4605 -2.2312 -2.0489 -1.6918 -1.3793 -1.0887 -0.8229 -0.5848
 -0.3744 -0.1892 -0.0272  0.1142  0.2386  0.3535  0.4625  0.5557  0.6253  0.6770
 -5.0863 -4.9193 -4.7745 -4.6483 -4.5325 -4.4177 -4.2876 -4.1137 -3.8544 -3.4881
 -3.0838 -2.7167 -2.4150 -2.1785 -1.9899 -1.6316 -1.3280 -1.0477 -0.7932 -0.5645
 -0.3611 -0.1819 -0.0264  0.1089  0.2262  0.3306  0.4273  0.5184  0.5959  0.6498
  0.6871
 -4.9174 -4.7191 -4.5403 -4.3791 -4.2336 -4.1004 -3.9701 -3.8267 -3.6380 -3.3691
 -3.0264 -2.6801 -2.3812 -2.1394 -1.9452 -1.5838 -1.2871 -1.0144 -0.7680 -0.5478
 -0.3513 -0.1779 -0.0272  0.1026  0.2152  0.3138  0.4003  0.4791  0.5527  0.6149
  0.6552
 -4.8785 -4.5606 -4.3134 -4.1252 -3.9800 -3.8473 -3.7087 -3.5623 -3.4033 -3.2033
 -2.9384 -2.6351 -2.3494 -2.1082 -1.9113 -1.5464 -1.2553 -0.9877 -0.7462 -0.5323
 -0.3423 -0.1741 -0.0280  0.0972  0.2047  0.2978  0.3789  0.4493  0.5118  0.5680
  0.6157
 -4.9892 -4.5937 -4.2542 -3.9738 -3.7501 -3.5729 -3.4295 -3.3030 -3.1715 -3.0155
 -2.8192 -2.5768 -2.3216 -2.0896 -1.8928 -1.5244 -1.2377 -0.9750 -0.7357 -0.5250
 -0.3398 -0.1761 -0.0338  0.0880  0.1915  0.2802  0.3564  0.4219  0.4777  0.5250
  0.5647
 -5.2130 -4.7468 -4.3395 -3.9873 -3.6887 -3.4409 -3.2360 -3.0630 -2.9119 -2.7720
 -2.6279 -2.4600 -2.2639 -2.0624 -1.8775 -1.5142 -1.2311 -0.9734 -0.7350 -0.5245
 -0.3416 -0.1813 -0.0419  0.0774  0.1781  0.2632  0.3351  0.3961  0.4470  0.4884
  0.5213
 -5.5907 -5.0285 -4.5435 -4.1235 -3.7606 -3.4495 -3.1857 -2.9619 -2.7694 -2.5983
 -2.4415 -2.2923 -2.1422 -1.9888 -1.8654 -1.5158 -1.2355 -0.9829 -0.7441
