 [Fe/H] = -4.00 [alpha/Fe] = 0.40 BC value =F350LP
 -2.0208 -0.6814  0.7131  0.8374 -0.6661 -3.3280 -2.4982 -1.0591 -0.2149 -0.1684
 -0.0854 -0.0654 -0.4513 -0.9318 -1.1547 -0.8853
 -2.1544 -1.5829 -0.9204 -0.7949 -1.3388 -2.5323 -2.1903 -1.5554 -1.0848 -0.9064
 -0.7629 -0.7023 -0.8376 -1.0247 -1.0937 -0.8527 -0.6765 -0.5581 -0.5172
 -2.0761 -1.9261 -1.7048 -1.5887 -1.6090 -1.8950 -1.8125 -1.6435 -1.4490 -1.2725
 -1.1399 -1.0663 -1.0533 -1.0569 -1.0279 -0.8200 -0.6609 -0.5490 -0.4818 -0.4264
 -0.3493
 -1.7859 -1.7110 -1.6401 -1.5440 -1.4768 -1.4162 -1.3648 -1.3234 -1.3077 -1.2665
 -1.2162 -1.1574 -1.0983 -1.0285 -0.9573 -0.7872 -0.6473 -0.5424 -0.4647 -0.4066
 -0.3609 -0.3232 -0.2910
 -1.5686 -1.5270 -1.4829 -1.4245 -1.3709 -1.3171 -1.2660 -1.2197 -1.1785 -1.1402
 -1.0999 -1.0538 -1.0046 -0.9509 -0.8927 -0.7514 -0.6325 -0.5410 -0.4717 -0.4186
 -0.3764 -0.3415 -0.3115 -0.2856 -0.2635
 -1.3626 -1.3470 -1.3253 -1.2957 -1.2588 -1.2169 -1.1726 -1.1285 -1.0864 -1.0467
 -1.0088 -0.9706 -0.9292 -0.8864 -0.8388 -0.7203 -0.6179 -0.5377 -0.4765 -0.4290
 -0.3909 -0.3593 -0.3320 -0.3079 -0.2865 -0.2679
 -1.1680 -1.1710 -1.1673 -1.1576 -1.1404 -1.1156 -1.0846 -1.0498 -1.0135 -0.9769
 -0.9411 -0.9060 -0.8707 -0.8350 -0.7956 -0.6939 -0.6035 -0.5325 -0.4791 -0.4378
 -0.4044 -0.3766 -0.3525 -0.3309 -0.3112 -0.2935 -0.2784 -0.2676 -0.2633 -0.2678
 -0.9848 -0.9990 -1.0089 -1.0149 -1.0152 -1.0084 -0.9940 -0.9730 -0.9471 -0.9180
 -0.8874 -0.8561 -0.8247 -0.7931 -0.7604 -0.6727 -0.5910 -0.5256 -0.4777 -0.4423
 -0.4144 -0.3913 -0.3712 -0.3531 -0.3362 -0.3204 -0.3056 -0.2940 -0.2879 -0.2893
 -0.2995
 -0.8220 -0.8408 -0.8584 -0.8750 -0.8882 -0.8966 -0.8984 -0.8929 -0.8802 -0.8619
 -0.8391 -0.8138 -0.7870 -0.7593 -0.7305 -0.6550 -0.5805 -0.5186 -0.4731 -0.4414
 -0.4187 -0.4009 -0.3858 -0.3721 -0.3591 -0.3466 -0.3350 -0.3237 -0.3155 -0.3138
 -0.3207
 -0.6778 -0.7000 -0.7227 -0.7458 -0.7673 -0.7862 -0.8006 -0.8089 -0.8100 -0.8036
 -0.7908 -0.7732 -0.7522 -0.7291 -0.7043 -0.6378 -0.5702 -0.5112 -0.4667 -0.4362
 -0.4166 -0.4037 -0.3941 -0.3858 -0.3779 -0.3697 -0.3616 -0.3539 -0.3473 -0.3441
 -0.3446
 -0.5533 -0.5780 -0.6032 -0.6288 -0.6548 -0.6797 -0.7023 -0.7211 -0.7343 -0.7403
 -0.7387 -0.7306 -0.7174 -0.7002 -0.6800 -0.6219 -0.5608 -0.5048 -0.4609 -0.4298
 -0.4106 -0.4003 -0.3953 -0.3926 -0.3903 -0.3876 -0.3844 -0.3808 -0.3773 -0.3746
 -0.3728
 -0.4519 -0.4748 -0.4995 -0.5259 -0.5537 -0.5814 -0.6086 -0.6338 -0.6553 -0.6704
 -0.6789 -0.6812 -0.6778 -0.6690 -0.6554 -0.6073 -0.5513 -0.4983 -0.4549 -0.4236
 -0.4036 -0.3933 -0.3904 -0.3919 -0.3950 -0.3982 -0.4007 -0.4024 -0.4033 -0.4041
 -0.4055
 -0.3738 -0.3903 -0.4116 -0.4371 -0.4640 -0.4913 -0.5219 -0.5504 -0.5767 -0.5983
 -0.6148 -0.6268 -0.6345 -0.6355 -0.6304 -0.5940 -0.5417 -0.4917 -0.4487
 [Fe/H] = -3.00 [alpha/Fe] = 0.40 BC value =F350LP
 -1.7796 -1.6637 -1.5953 -1.5831 -1.6348 -1.8900 -1.7544 -1.6188 -1.5152 -1.4343
 -1.3124 -1.1912 -1.1550 -1.1594 -1.1241 -0.8915
 -1.7861 -1.6662 -1.5802 -1.5353 -1.5379 -1.6584 -1.5928 -1.5192 -1.4515 -1.3876
 -1.3046 -1.2187 -1.1614 -1.1179 -1.0574 -0.8490 -0.6828 -0.5580 -0.4647
 -1.7698 -1.6519 -1.5566 -1.4895 -1.4557 -1.4798 -1.4535 -1.4185 -1.3758 -1.3262
 -1.2704 -1.2093 -1.1432 -1.0729 -0.9987 -0.8116 -0.6624 -0.5487 -0.4636 -0.3990
 -0.3483
 -1.7307 -1.6208 -1.5245 -1.4457 -1.3883 -1.3542 -1.3365 -1.3168 -1.2880 -1.2499
 -1.2098 -1.1629 -1.1005 -1.0245 -0.9480 -0.7793 -0.6451 -0.5421 -0.4648 -0.4058
 -0.3592 -0.3211 -0.2880
 -1.6688 -1.5729 -1.4839 -1.4039 -1.3357 -1.2816 -1.2418 -1.2140 -1.1881 -1.1588
 -1.1227 -1.0796 -1.0332 -0.9727 -0.9053 -0.7521 -0.6309 -0.5382 -0.4683 -0.4145
 -0.3719 -0.3368 -0.3070 -0.2814 -0.2596
 -1.5841 -1.5082 -1.4348 -1.3641 -1.2979 -1.2388 -1.1888 -1.1477 -1.1134 -1.0825
 -1.0487 -1.0090 -0.9685 -0.9222 -0.8666 -0.7294 -0.6184 -0.5348 -0.4723 -0.4240
 -0.3855 -0.3537 -0.3264 -0.3026 -0.2816 -0.2634
 -1.4771 -1.4219 -1.3675 -1.3122 -1.2561 -1.2009 -1.1493 -1.1032 -1.0627 -1.0258
 -0.9897 -0.9523 -0.9123 -0.8745 -0.8286 -0.7092 -0.6071 -0.5302 -0.4744 -0.4321
 -0.3983 -0.3702 -0.3462 -0.3249 -0.3057 -0.2886 -0.2740 -0.2636 -0.2596 -0.2643
 -1.3555 -1.3175 -1.2808 -1.2429 -1.2014 -1.1566 -1.1100 -1.0648 -1.0227 -0.9838
 -0.9468 -0.9097 -0.8711 -0.8342 -0.7946 -0.6901 -0.5965 -0.5243 -0.4731 -0.4363
 -0.4078 -0.3844 -0.3643 -0.3465 -0.3301 -0.3149 -0.3016 -0.2903 -0.2840 -0.2856
 -0.2960
 -1.2364 -1.2066 -1.1804 -1.1573 -1.1308 -1.0997 -1.0633 -1.0240 -0.9846 -0.9466
 -0.9103 -0.8748 -0.8388 -0.8025 -0.7665 -0.6724 -0.5867 -0.5177 -0.4684 -0.4354
 -0.4098 -0.3939 -0.3787 -0.3653 -0.3528 -0.3407 -0.3296 -0.3217 -0.3172 -0.3157
 -0.3171
 -1.0997 -1.0902 -1.0772 -1.0612 -1.0467 -1.0284 -1.0046 -0.9754 -0.9424 -0.9081
 -0.8742 -0.8411 -0.8082 -0.7749 -0.7418 -0.6553 -0.5759 -0.5106 -0.4624 -0.4303
 -0.4100 -0.3967 -0.3871 -0.3789 -0.3713 -0.3636 -0.3561 -0.3489 -0.3428 -0.3392
 -0.3409
 -0.9767 -0.9758 -0.9704 -0.9609 -0.9553 -0.9464 -0.9340 -0.9162 -0.8932 -0.8661
 -0.8369 -0.8073 -0.7778 -0.7483 -0.7185 -0.6405 -0.5664 -0.5039 -0.4566 -0.4240
 -0.4043 -0.3937 -0.3885 -0.3859 -0.3839 -0.3815 -0.3788 -0.3757 -0.3726 -0.3704
 -0.3690
 -0.8567 -0.8636 -0.8674 -0.8683 -0.8701 -0.8710 -0.8683 -0.8466 -0.8340 -0.8164
 -0.7947 -0.7705 -0.7452 -0.7197 -0.6937 -0.6259 -0.5568 -0.4973 -0.4508 -0.4179
 -0.3974 -0.3870 -0.3840 -0.3855 -0.3889 -0.3923 -0.3952 -0.3973 -0.3986 -0.3998
 -0.4017
 -0.7399 -0.7536 -0.7682 -0.7835 -0.7911 -0.8021 -0.7845 -0.7845 -0.7797 -0.7580
 -0.7452 -0.7286 -0.7091 -0.6882 -0.6674 -0.6115 -0.5471 -0.4908 -0.4450
 [Fe/H] = -2.50 [alpha/Fe] = 0.40 BC value =F350LP
 -1.9122 -1.9554 -2.0485 -2.0324 -1.8772 -1.7228 -1.6900 -1.7273 -1.7205 -1.6350
 -1.5182 -1.3913 -1.2794 -1.1878 -1.0956 -0.8820
 -1.8562 -1.8121 -1.8072 -1.7669 -1.6789 -1.5969 -1.5642 -1.5582 -1.5338 -1.4756
 -1.3981 -1.3068 -1.2117 -1.1215 -1.0340 -0.8389 -0.6801 -0.5566 -0.4571
 -1.8127 -1.7104 -1.6376 -1.5752 -1.5224 -1.4810 -1.4483 -1.4184 -1.3852 -1.3446
 -1.2932 -1.2282 -1.1494 -1.0645 -0.9823 -0.8029 -0.6591 -0.5469 -0.4597 -0.3936
 -0.3458
 -1.7817 -1.6503 -1.5397 -1.4573 -1.4077 -1.3751 -1.3423 -1.3079 -1.2747 -1.2420
 -1.2035 -1.1555 -1.0925 -1.0168 -0.9405 -0.7740 -0.6423 -0.5400 -0.4624 -0.4029
 -0.3559 -0.3176 -0.2856
 -1.7632 -1.6318 -1.5135 -1.4132 -1.3348 -1.2792 -1.2462 -1.2267 -1.2023 -1.1678
 -1.1290 -1.0887 -1.0410 -0.9784 -0.9086 -0.7522 -0.6297 -0.5359 -0.4652 -0.4109
 -0.3679 -0.3325 -0.3027 -0.2769 -0.2551
 -1.7327 -1.6124 -1.5000 -1.3994 -1.3135 -1.2437 -1.1905 -1.1517 -1.1246 -1.1019
 -1.0713 -1.0322 -0.9916 -0.9428 -0.8824 -0.7358 -0.6201 -0.5330 -0.4686 -0.4195
 -0.3806 -0.3486 -0.3213 -0.2977 -0.2770 -0.2592
 -1.6787 -1.5758 -1.4773 -1.3855 -1.3023 -1.2291 -1.1672 -1.1168 -1.0761 -1.0419
 -1.0113 -0.9789 -0.9424 -0.9036 -0.8550 -0.7225 -0.6122 -0.5298 -0.4705 -0.4268
 -0.3926 -0.3644 -0.3403 -0.3192 -0.3004 -0.2837 -0.2696 -0.2597 -0.2559 -0.2606
 -1.6001 -1.5165 -1.4353 -1.3579 -1.2844 -1.2157 -1.1527 -1.0968 -1.0490 -1.0076
 -0.9698 -0.9336 -0.8969 -0.8621 -0.8227 -0.7084 -0.6049 -0.5256 -0.4696 -0.4307
 -0.4015 -0.3779 -0.3579 -0.3402 -0.3241 -0.3095 -0.2967 -0.2860 -0.2801 -0.2818
 -0.2923
 -1.5027 -1.4367 -1.3727 -1.3113 -1.2514 -1.1926 -1.1350 -1.0797 -1.0287 -0.9832
 -0.9421 -0.9032 -0.8651 -0.8276 -0.7917 -0.6911 -0.5965 -0.5203 -0.4661 -0.4299
 -0.4054 -0.3870 -0.3718 -0.3585 -0.3463 -0.3347 -0.3242 -0.3150 -0.3082 -0.3061
 -0.3135
 -1.3930 -1.3425 -1.2932 -1.2461 -1.2000 -1.1535 -1.1054 -1.0562 -1.0074 -0.9610
 -0.9181 -0.8783 -0.8400 -0.8023 -0.7662 -0.6726 -0.5858 -0.5136 -0.4603 -0.4252
 -0.4036 -0.3898 -0.3799 -0.3719 -0.3645 -0.3572 -0.3503 -0.3437 -0.3382 -0.3351
 -0.3372
 -1.2800 -1.2423 -1.2048 -1.1689 -1.1346 -1.0997 -1.0628 -1.0228 -0.9805 -0.9373
 -0.8951 -0.8553 -0.8177 -0.7814 -0.7461 -0.6576 -0.5756 -0.5071 -0.4549 -0.4194
 -0.3982 -0.3869 -0.3815 -0.3788 -0.3770 -0.3749 -0.3727 -0.3702 -0.3677 -0.3660
 -0.3651
 -1.1657 -1.1393 -1.1119 -1.0848 -1.0588 -1.0334 -1.0065 -0.9765 -0.9430 -0.9066
 -0.8685 -0.8306 -0.7942 -0.7596 -0.7262 -0.6441 -0.5660 -0.5002 -0.4493 -0.4134
 -0.3914 -0.3805 -0.3773 -0.3787 -0.3821 -0.3858 -0.3891 -0.3916 -0.3935 -0.3952
 -0.3975
 -1.0502 -1.0335 -1.0178 -0.9975 -0.9781 -0.9592 -0.9398 -0.9185 -0.8939 -0.8660
 -0.8349 -0.8019 -0.7683 -0.7357 -0.7065 -0.6321 -0.5570 -0.4929 -0.4435
 [Fe/H] = -2.00 [alpha/Fe] = 0.40 BC value =F350LP
 -2.2489 -2.1834 -2.1339 -2.1015 -2.0538 -1.9927 -1.9089 -1.8081 -1.6955 -1.5833
 -1.4716 -1.3627 -1.2591 -1.1624 -1.0594 -0.8635
 -2.0958 -2.0275 -1.9656 -1.9061 -1.8476 -1.7857 -1.7157 -1.6353 -1.5487 -1.4618
 -1.3733 -1.2815 -1.1876 -1.0965 -1.0071 -0.8233 -0.6735 -0.5543 -0.4620
 -1.9863 -1.8993 -1.8220 -1.7511 -1.6847 -1.6214 -1.5593 -1.4932 -1.4253 -1.3574
 -1.2876 -1.2121 -1.1297 -1.0452 -0.9647 -0.7912 -0.6531 -0.5440 -0.4593 -0.3937
 -0.3420
 -1.9204 -1.7988 -1.7031 -1.6365 -1.5651 -1.4998 -1.4397 -1.3818 -1.3253 -1.2701
 -1.2145 -1.1545 -1.0854 -1.0085 -0.9322 -0.7672 -0.6379 -0.5369 -0.4589 -0.3988
 -0.3508 -0.3126 -0.2808
 -1.8919 -1.7452 -1.6281 -1.5369 -1.4645 -1.4046 -1.3516 -1.3007 -1.2487 -1.1984
 -1.1500 -1.1013 -1.0467 -0.9807 -0.9096 -0.7513 -0.6279 -0.5330 -0.4608 -0.4055
 -0.3619 -0.3262 -0.2964 -0.2708 -0.2494
 -1.8879 -1.7425 -1.6066 -1.4940 -1.4036 -1.3311 -1.2724 -1.2242 -1.1839 -1.1462
 -1.1011 -1.0548 -1.0081 -0.9554 -0.8922 -0.7407 -0.6216 -0.5312 -0.4635 -0.4128
 -0.3733 -0.3410 -0.3138 -0.2904 -0.2702 -0.2531
 -1.8783 -1.7376 -1.6022 -1.4784 -1.3702 -1.2797 -1.2066 -1.1499 -1.1073 -1.0770
 -1.0494 -1.0140 -0.9730 -0.9279 -0.8751 -0.7328 -0.6171 -0.5297 -0.4657 -0.4192
 -0.3840 -0.3555 -0.3316 -0.3108 -0.2924 -0.2764 -0.2631 -0.2538 -0.2501 -0.2545
 -1.8488 -1.7216 -1.5949 -1.4758 -1.3683 -1.2742 -1.1940 -1.1275 -1.0736 -1.0295
 -0.9928 -0.9613 -0.9292 -0.8939 -0.8521 -0.7255 -0.6130 -0.5277 -0.4660 -0.4229
 -0.3920 -0.3681 -0.3481 -0.3307 -0.3151 -0.3011 -0.2891 -0.2792 -0.2739 -0.2756
 -0.2860
 -1.7949 -1.6849 -1.5725 -1.4642 -1.3637 -1.2730 -1.1921 -1.1212 -1.0603 -1.0087
 -0.9638 -0.9238 -0.8871 -0.8533 -0.8195 -0.7138 -0.6083 -0.5247 -0.4641 -0.4230
 -0.3958 -0.3765 -0.3612 -0.3481 -0.3363 -0.3253 -0.3157 -0.3074 -0.3015 -0.2999
 -0.3073
 -1.7156 -1.6229 -1.5278 -1.4339 -1.3451 -1.2627 -1.1869 -1.1172 -1.0540 -0.9976
 -0.9476 -0.9029 -0.8615 -0.8228 -0.7874 -0.6942 -0.5998 -0.5195 -0.4599 -0.4194
 -0.3944 -0.3792 -0.3689 -0.3609 -0.3538 -0.3471 -0.3409 -0.3352 -0.3307 -0.3285
 -0.3311
 -1.6192 -1.5451 -1.4667 -1.3876 -1.3116 -1.2400 -1.1725 -1.1085 -1.0478 -0.9908
 -0.9382 -0.8903 -0.8463 -0.8052 -0.7667 -0.6761 -0.5894 -0.5139 -0.4553 -0.4146
 -0.3898 -0.3767 -0.3705 -0.3676 -0.3659 -0.3643 -0.3627 -0.3610 -0.3594 -0.3587
 -0.3588
 -1.5148 -1.4546 -1.3915 -1.3266 -1.2631 -1.2025 -1.1446 -1.0886 -1.0338 -0.9802
 -0.9285 -0.8798 -0.8343 -0.7921 -0.7525 -0.6615 -0.5784 -0.5070 -0.4502 -0.4093
 -0.3837 -0.3707 -0.3665 -0.3676 -0.3710 -0.3749 -0.3788 -0.3820 -0.3847 -0.3874
 -0.3906
 -1.4042 -1.3575 -1.3078 -1.2559 -1.2036 -1.1526 -1.1039 -1.0563 -1.0089 -0.9614
 -0.9138 -0.8670 -0.8220 -0.7795 -0.7448 -0.6504 -0.5668 -0.4988 -0.4446
 [Fe/H] = -1.50 [alpha/Fe] = 0.40 BC value =F350LP
 -2.5691 -2.5141 -2.4623 -2.4070 -2.3568 -2.2769 -2.1473 -1.9684 -1.7811 -1.6105
 -1.4615 -1.3339 -1.2231 -1.1257 -1.0373 -0.8499
 -2.3943 -2.3273 -2.2668 -2.2063 -2.1451 -2.0667 -1.9533 -1.8021 -1.6484 -1.5067
 -1.3796 -1.2656 -1.1628 -1.0702 -0.9864 -0.8091 -0.6664 -0.5508 -0.4597
 -2.2575 -2.1783 -2.1079 -2.0403 -1.9705 -1.8926 -1.7933 -1.6664 -1.5391 -1.4203
 -1.3115 -1.2107 -1.1165 -1.0289 -0.9488 -0.7793 -0.6457 -0.5396 -0.4557 -0.3895
 -0.3369
 -2.1587 -2.0671 -1.9856 -1.9090 -1.8331 -1.7547 -1.6673 -1.5613 -1.4532 -1.3513
 -1.2572 -1.1692 -1.0842 -1.0018 -0.9245 -0.7605 -0.6326 -0.5327 -0.4545 -0.3932
 -0.3447 -0.3054 -0.2732
 -2.0873 -1.9722 -1.8806 -1.8022 -1.7239 -1.6444 -1.5627 -1.4734 -1.3804 -1.2914
 -1.2091 -1.1324 -1.0579 -0.9829 -0.9091 -0.7493 -0.6252 -0.5294 -0.4555 -0.3983
 -0.3536 -0.3174 -0.2875 -0.2621 -0.2411
 -2.0490 -1.9105 -1.7922 -1.6915 -1.6060 -1.5338 -1.4692 -1.3970 -1.3184 -1.2398
 -1.1655 -1.0968 -1.0319 -0.9664 -0.8983 -0.7428 -0.6213 -0.5284 -0.4577 -0.4041
 -0.3630 -0.3302 -0.3029 -0.2799 -0.2602 -0.2439
 -2.0448 -1.8961 -1.7566 -1.6302 -1.5203 -1.4270 -1.3509 -1.2910 -1.2390 -1.1861
 -1.1271 -1.0654 -1.0055 -0.9478 -0.8878 -0.7389 -0.6192 -0.5282 -0.4601 -0.4094
 -0.3719 -0.3428 -0.3188 -0.2984 -0.2807 -0.2656 -0.2534 -0.2449 -0.2415 -0.2453
 -2.0456 -1.8963 -1.7507 -1.6143 -1.4911 -1.3840 -1.2932 -1.2168 -1.1532 -1.1021
 -1.0615 -1.0222 -0.9771 -0.9271 -0.8744 -0.7356 -0.6178 -0.5280 -0.4615 -0.4132
 -0.3788 -0.3536 -0.3335 -0.3165 -0.3016 -0.2885 -0.2777 -0.2693 -0.2646 -0.2661
 -0.2758
 -2.0372 -1.8956 -1.7528 -1.6143 -1.4862 -1.3721 -1.2730 -1.1882 -1.1168 -1.0563
 -1.0052 -0.9629 -0.9272 -0.8915 -0.8515 -0.7313 -0.6160 -0.5270 -0.4613 -0.4145
 -0.3810 -0.3610 -0.3452 -0.3324 -0.3212 -0.3112 -0.3027 -0.2950 -0.2900 -0.2902
 -0.2971
 -2.0035 -1.8787 -1.7451 -1.6128 -1.4865 -1.3714 -1.2693 -1.1801 -1.1030 -1.0368
 -0.9799 -0.9302 -0.8866 -0.8486 -0.8139 -0.7177 -0.6121 -0.5240 -0.4589 -0.4128
 -0.3823 -0.3637 -0.3521 -0.3441 -0.3375 -0.3317 -0.3266 -0.3221 -0.3189 -0.3180
 -0.3213
 -1.9450 -1.8382 -1.7215 -1.6009 -1.4827 -1.3720 -1.2719 -1.1823 -1.1030 -1.0330
 -0.9713 -0.9170 -0.8686 -0.8248 -0.7854 -0.6966 -0.6050 -0.5212 -0.4561 -0.4098
 -0.3795 -0.3621 -0.3538 -0.3503 -0.3488 -0.3478 -0.3473 -0.3466 -0.3464 -0.3472
 -0.3486
 -1.8676 -1.7772 -1.6775 -1.5712 -1.4652 -1.3633 -1.2689 -1.1830 -1.1052 -1.0347
 -0.9708 -0.9131 -0.8609 -0.8137 -0.7705 -0.6772 -0.5931 -0.5157 -0.4524 -0.4057
 -0.3748 -0.3574 -0.3505 -0.3504 -0.3536 -0.3579 -0.3625 -0.3667 -0.3706 -0.3746
 -0.3792
 -1.7760 -1.6999 -1.6157 -1.5252 -1.4326 -1.3417 -1.2558 -1.1760 -1.1024 -1.0345
 -0.9714 -0.9129 -0.8587 -0.8089 -0.7692 -0.6595 -0.5764 -0.5075 -0.4478
 [Fe/H] = -1.00 [alpha/Fe] = 0.40 BC value =F350LP
 -3.0307 -2.9743 -2.9130 -2.8402 -2.7794 -2.6696 -2.4741 -2.2079 -1.9515 -1.6707
 -1.4721 -1.3186 -1.1971 -1.0960 -1.0084 -0.8283
 -2.8007 -2.7387 -2.6784 -2.6132 -2.5459 -2.4479 -2.2877 -2.0577 -1.8141 -1.5939
 -1.4115 -1.2655 -1.1482 -1.0507 -0.9664 -0.7935 -0.6569 -0.5460 -0.4551
 -2.6148 -2.5436 -2.4794 -2.4160 -2.3463 -2.2592 -2.1286 -1.9339 -1.7269 -1.5334
 -1.3662 -1.2276 -1.1139 -1.0189 -0.9368 -0.7689 -0.6381 -0.5342 -0.4511 -0.3844
 -0.3309
 -2.4730 -2.3890 -2.3160 -2.2486 -2.1807 -2.1036 -1.9968 -1.8365 -1.6598 -1.4892
 -1.3362 -1.2049 -1.0942 -1.0006 -0.9196 -0.7545 -0.6273 -0.5278 -0.4493 -0.3867
 -0.3367 -0.2963 -0.2636
 -2.3680 -2.2716 -2.1876 -2.1118 -2.0394 -1.9650 -1.8773 -1.7489 -1.5993 -1.4497
 -1.3112 -1.1884 -1.0820 -0.9902 -0.9101 -0.7468 -0.6216 -0.5248 -0.4496 -0.3902
 -0.3434 -0.3059 -0.2755 -0.2503 -0.2298
 -2.2649 -2.1616 -2.0759 -1.9981 -1.9221 -1.8457 -1.7645 -1.6637 -1.5393 -1.4095
 -1.2854 -1.1725 -1.0721 -0.9835 -0.9050 -0.7432 -0.6192 -0.5240 -0.4511 -0.3944
 -0.3505 -0.3160 -0.2882 -0.2653 -0.2461 -0.2307
 -2.2121 -2.0772 -1.9625 -1.8680 -1.7903 -1.7226 -1.6534 -1.5733 -1.4747 -1.3654
 -1.2562 -1.1538 -1.0606 -0.9770 -0.9014 -0.7419 -0.6186 -0.5245 -0.4530 -0.3986
 -0.3572 -0.3258 -0.3011 -0.2809 -0.2640 -0.2500 -0.2392 -0.2318 -0.2294 -0.2332
 -2.1981 -2.0488 -1.9122 -1.7908 -1.6862 -1.5958 -1.5159 -1.4433 -1.3710 -1.2951
 -1.2135 -1.1287 -1.0455 -0.9681 -0.8967 -0.7415 -0.6188 -0.5252 -0.4547 -0.4019
 -0.3628 -0.3343 -0.3129 -0.2961 -0.2821 -0.2703 -0.2609 -0.2542 -0.2509 -0.2531
 -0.2619
 -2.2000 -2.0459 -1.8994 -1.7629 -1.6390 -1.5297 -1.4335 -1.3471 -1.2669 -1.1922
 -1.1263 -1.0680 -1.0107 -0.9504 -0.8881 -0.7411 -0.6193 -0.5257 -0.4556 -0.4037
 -0.3664 -0.3404 -0.3225 -0.3095 -0.2991 -0.2904 -0.2835 -0.2782 -0.2757 -0.2761
 -0.2827
 -2.2032 -2.0509 -1.9029 -1.7597 -1.6250 -1.5024 -1.3935 -1.2972 -1.2113 -1.1334
 -1.0626 -1.0005 -0.9481 -0.9029 -0.8586 -0.7369 -0.6182 -0.5247 -0.4546 -0.4034
 -0.3672 -0.3431 -0.3283 -0.3193 -0.3133 -0.3086 -0.3050 -0.3024 -0.3011 -0.3021
 -0.3068
 -2.1946 -2.0537 -1.9107 -1.7687 -1.6306 -1.5010 -1.3836 -1.2793 -1.1873 -1.1061
 -1.0336 -0.9690 -0.9116 -0.8618 -0.8187 -0.7215 -0.6173 -0.5244 -0.4538 -0.4023
 -0.3664 -0.3433 -0.3305 -0.3249 -0.3232 -0.3231 -0.3238 -0.3248 -0.3264 -0.3292
 -0.3338
 -2.1639 -2.0379 -1.9072 -1.7730 -1.6385 -1.5086 -1.3879 -1.2790 -1.1825 -1.0974
 -1.0221 -0.9553 -0.8957 -0.8424 -0.7949 -0.6975 -0.6088 -0.5230 -0.4524 -0.4002
 -0.3638 -0.3409 -0.3290 -0.3257 -0.3277 -0.3321 -0.3376 -0.3432 -0.3488 -0.3547
 -0.3613
 -2.1119 -2.0003 -1.8837 -1.7627 -1.6372 -1.5131 -1.3949 -1.2857 -1.1874 -1.1001
 -1.0224 -0.9531 -0.8910 -0.8352 -0.7872 -0.6649 -0.5927 -0.5205 -0.4504
 [Fe/H] = -0.75 [alpha/Fe] = 0.30 BC value =F350LP
 -3.2134 -3.1576 -3.0932 -3.0137 -2.9397 -2.8080 -2.5796 -2.2741 -1.9868 -1.6850
 -1.4745 -1.3132 -1.1877 -1.0851 -0.9970 -0.8179
 -2.9687 -2.9069 -2.8445 -2.7745 -2.6979 -2.5842 -2.4001 -2.1386 -1.8640 -1.6193
 -1.4211 -1.2657 -1.1434 -1.0438 -0.9587 -0.7866 -0.6519 -0.5429 -0.4531
 -2.7676 -2.6962 -2.6307 -2.5643 -2.4890 -2.3919 -2.2448 -2.0254 -1.7894 -1.5701
 -1.3842 -1.2340 -1.1138 -1.0157 -0.9323 -0.7645 -0.6345 -0.5315 -0.4488 -0.3820
 -0.3276
 -2.6101 -2.5255 -2.4518 -2.3831 -2.3129 -2.2310 -2.1137 -1.9345 -1.7331 -1.5374
 -1.3638 -1.2181 -1.0989 -1.0008 -0.9178 -0.7516 -0.6244 -0.5251 -0.4466 -0.3836
 -0.3329 -0.2920 -0.2589
 -2.4927 -2.3939 -2.3086 -2.2323 -2.1598 -2.0843 -1.9918 -1.8499 -1.6801 -1.5079
 -1.3484 -1.2094 -1.0920 -0.9939 -0.9106 -0.7451 -0.6193 -0.5220 -0.4464 -0.3864
 -0.3386 -0.3004 -0.2691 -0.2435 -0.2233
 -2.3816 -2.2820 -2.1925 -2.1102 -2.0319 -1.9552 -1.8731 -1.7641 -1.6241 -1.4750
 -1.3314 -1.2015 -1.0881 -0.9910 -0.9078 -0.7425 -0.6173 -0.5211 -0.4474 -0.3898
 -0.3446 -0.3091 -0.2806 -0.2574 -0.2386 -0.2235
 -2.2927 -2.1637 -2.0588 -1.9747 -1.9039 -1.8353 -1.7602 -1.6730 -1.5614 -1.4356
 -1.3090 -1.1902 -1.0833 -0.9892 -0.9071 -0.7421 -0.6171 -0.5216 -0.4490 -0.3933
 -0.3504 -0.3175 -0.2919 -0.2715 -0.2547 -0.2410 -0.2307 -0.2243 -0.2224 -0.2266
 -2.2644 -2.1142 -1.9804 -1.8661 -1.7699 -1.6878 -1.6153 -1.5457 -1.4673 -1.3753
 -1.2742 -1.1717 -1.0744 -0.9857 -0.9061 -0.7427 -0.6178 -0.5225 -0.4505 -0.3961
 -0.3552 -0.3249 -0.3024 -0.2851 -0.2712 -0.2599 -0.2513 -0.2452 -0.2428 -0.2457
 -0.2546
 -2.2617 -2.1029 -1.9547 -1.8196 -1.7003 -1.5966 -1.5052 -1.4214 -1.3408 -1.2625
 -1.1901 -1.1204 -1.0488 -0.9750 -0.9024 -0.7437 -0.6190 -0.5234 -0.4514 -0.3979
 -0.3585 -0.3303 -0.3108 -0.2971 -0.2867 -0.2785 -0.2723 -0.2679 -0.2657 -0.2676
 -0.2752
 -2.2672 -2.1072 -1.9538 -1.8085 -1.6740 -1.5533 -1.4467 -1.3518 -1.2649 -1.1832
 -1.1071 -1.0400 -0.9830 -0.9318 -0.8801 -0.7422 -0.6188 -0.5230 -0.4509 -0.3977
 -0.3594 -0.3330 -0.3162 -0.3060 -0.2997 -0.2953 -0.2925 -0.2907 -0.2903 -0.2925
 -0.2982
 -2.2700 -2.1170 -1.9647 -1.8170 -1.6755 -1.5442 -1.4259 -1.3209 -1.2277 -1.1438
 -1.0673 -0.9977 -0.9361 -0.8830 -0.8375 -0.7316 -0.6196 -0.5236 -0.4509 -0.3972
 -0.3591 -0.3336 -0.3185 -0.3113 -0.3089 -0.3088 -0.3100 -0.3119 -0.3145 -0.3183
 -0.3240
 -2.2557 -2.1136 -1.9713 -1.8273 -1.6862 -1.5511 -1.4262 -1.3140 -1.2146 -1.1267
 -1.0483 -0.9780 -0.9149 -0.8584 -0.8084 -0.7073 -0.6141 -0.5236 -0.4503 -0.3958
 -0.3573 -0.3319 -0.3177 -0.3124 -0.3132 -0.3173 -0.3230 -0.3293 -0.3357 -0.3426
 -0.3504
 -2.2214 -2.0926 -1.9616 -1.8285 -1.6932 -1.5607 -1.4352 -1.3199 -1.2166 -1.1251
 -1.0439 -0.9716 -0.9068 -0.8485 -0.7928 -0.6693 -0.6023 -0.5230 -0.4491
 [Fe/H] = -0.50 [alpha/Fe] = 0.20 BC value =F350LP
 -3.4020 -3.3476 -3.2825 -3.1975 -3.1062 -2.9451 -2.6782 -2.3458 -2.0136 -1.7243
 -1.4757 -1.3080 -1.1774 -1.0730 -0.9854 -0.8082
 -3.1466 -3.0853 -3.0215 -2.9465 -2.8579 -2.7235 -2.5092 -2.2109 -1.9061 -1.6411
 -1.4291 -1.2656 -1.1384 -1.0364 -0.9508 -0.7794 -0.6466 -0.5394 -0.4511
 -2.9334 -2.8615 -2.7942 -2.7237 -2.6406 -2.5298 -2.3603 -2.1113 -1.8464 -1.6023
 -1.4001 -1.2397 -1.1137 -1.0124 -0.9276 -0.7594 -0.6303 -0.5283 -0.4462 -0.3793
 -0.3243
 -2.7624 -2.6762 -2.6006 -2.5291 -2.4543 -2.3640 -2.2315 -2.0302 -1.8023 -1.5815
 -1.3887 -1.2303 -1.1033 -1.0010 -0.9158 -0.7482 -0.6210 -0.5219 -0.4436 -0.3804
 -0.3291 -0.2876 -0.2539
 -2.6325 -2.5306 -2.4428 -2.3644 -2.2895 -2.2100 -2.1086 -1.9507 -1.7593 -1.5634
 -1.3832 -1.2288 -1.1014 -0.9975 -0.9111 -0.7429 -0.6164 -0.5188 -0.4429 -0.3824
 -0.3338 -0.2947 -0.2630 -0.2374 -0.2168
 -2.5198 -2.4133 -2.3173 -2.2308 -2.1500 -2.0714 -1.9859 -1.8663 -1.7093 -1.5396
 -1.3757 -1.2289 -1.1033 -0.9984 -0.9108 -0.7414 -0.6148 -0.5179 -0.4434 -0.3851
 -0.3388 -0.3021 -0.2728 -0.2491 -0.2301 -0.2152
 -2.3920 -2.2710 -2.1757 -2.0972 -2.0240 -1.9490 -1.8683 -1.7743 -1.6497 -1.5066
 -1.3615 -1.2257 -1.1050 -1.0011 -0.9128 -0.7421 -0.6152 -0.5183 -0.4446 -0.3879
 -0.3436 -0.3092 -0.2824 -0.2614 -0.2445 -0.2310 -0.2212 -0.2155 -0.2143 -0.2188
 -2.3419 -2.1909 -2.0613 -1.9545 -1.8668 -1.7931 -1.7264 -1.6554 -1.5661 -1.4560
 -1.3352 -1.2151 -1.1031 -1.0030 -0.9155 -0.7439 -0.6165 -0.5194 -0.4460 -0.3903
 -0.3477 -0.3155 -0.2914 -0.2733 -0.2592 -0.2482 -0.2402 -0.2350 -0.2334 -0.2369
 -0.2463
 -2.3312 -2.1670 -2.0173 -1.8845 -1.7701 -1.6725 -1.5866 -1.5068 -1.4270 -1.3451
 -1.2626 -1.1771 -1.0879 -0.9996 -0.9167 -0.7462 -0.6182 -0.5208 -0.4471 -0.3918
 -0.3507 -0.3203 -0.2988 -0.2838 -0.2730 -0.2650 -0.2595 -0.2560 -0.2550 -0.2577
 -0.2660
 -2.3360 -2.1677 -2.0089 -1.8614 -1.7279 -1.6100 -1.5067 -1.4140 -1.3266 -1.2414
 -1.1606 -1.0887 -1.0254 -0.9650 -0.9027 -0.7470 -0.6192 -0.5211 -0.4471 -0.3919
 -0.3515 -0.3228 -0.3036 -0.2917 -0.2846 -0.2803 -0.2780 -0.2772 -0.2780 -0.2811
 -0.2880
 -2.3469 -2.1805 -2.0200 -1.8666 -1.7222 -1.5901 -1.4722 -1.3677 -1.2738 -1.1874
 -1.1064 -1.0319 -0.9658 -0.9093 -0.8602 -0.7418 -0.6213 -0.5226 -0.4477 -0.3919
 -0.3516 -0.3237 -0.3061 -0.2967 -0.2930 -0.2925 -0.2941 -0.2968 -0.3004 -0.3054
 -0.3124
 -2.3463 -2.1883 -2.0335 -1.8803 -1.7328 -1.5934 -1.4658 -1.3515 -1.2503 -1.1602
 -1.0788 -1.0046 -0.9374 -0.8774 -0.8249 -0.7187 -0.6191 -0.5237 -0.4479 -0.3913
 -0.3505 -0.3227 -0.3059 -0.2982 -0.2972 -0.3004 -0.3061 -0.3129 -0.3203 -0.3283
 -0.3372
 -2.3284 -2.1819 -2.0357 -1.8906 -1.7453 -1.6056 -1.4741 -1.3540 -1.2470 -1.1523
 -1.0682 -0.9929 -0.9251 -0.8639 -0.7968 -0.6777 -0.6126 -0.5244 -0.4477
 [Fe/H] = -0.25 [alpha/Fe] = 0.10 BC value =F350LP
 -3.5938 -3.5413 -3.4760 -3.3861 -3.2698 -3.0695 -2.7607 -2.3674 -2.0307 -1.7309
 -1.4952 -1.3146 -1.1769 -1.0660 -0.9732 -0.7970
 -3.3332 -3.2718 -3.2063 -3.1261 -3.0216 -2.8598 -2.6077 -2.2684 -1.9395 -1.6572
 -1.4350 -1.2649 -1.1334 -1.0293 -0.9425 -0.7714 -0.6408 -0.5354 -0.4483
 -3.1126 -3.0388 -2.9686 -2.8929 -2.7997 -2.6704 -2.4698 -2.1876 -1.8932 -1.6284
 -1.4127 -1.2441 -1.1132 -1.0089 -0.9226 -0.7538 -0.6256 -0.5244 -0.4432 -0.3762
 -0.3214
 -2.9320 -2.8423 -2.7629 -2.6865 -2.6042 -2.5013 -2.3470 -2.1190 -1.8634 -1.6186
 -1.4091 -1.2402 -1.1069 -1.0008 -0.9135 -0.7442 -0.6170 -0.5181 -0.4401 -0.3769
 -0.3252 -0.2830 -0.2487
 -2.7922 -2.6851 -2.5925 -2.5093 -2.4290 -2.3417 -2.2258 -2.0479 -1.8321 -1.6120
 -1.4126 -1.2451 -1.1095 -1.0004 -0.9111 -0.7403 -0.6130 -0.5151 -0.4389 -0.3782
 -0.3289 -0.2890 -0.2566 -0.2302 -0.2093
 -2.6762 -2.5600 -2.4566 -2.3641 -2.2785 -2.1948 -2.1015 -1.9673 -1.7909 -1.5991
 -1.4150 -1.2526 -1.1164 -1.0049 -0.9132 -0.7398 -0.6119 -0.5141 -0.4391 -0.3801
 -0.3329 -0.2951 -0.2648 -0.2405 -0.2211 -0.2063
 -2.5188 -2.4060 -2.3147 -2.2315 -2.1493 -2.0663 -1.9795 -1.8760 -1.7364 -1.5744
 -1.4099 -1.2573 -1.1241 -1.0118 -0.9179 -0.7415 -0.6128 -0.5147 -0.4400 -0.3823
 -0.3369 -0.3011 -0.2730 -0.2510 -0.2336 -0.2204 -0.2111 -0.2057 -0.2050 -0.2100
 -2.4373 -2.2854 -2.1601 -2.0604 -1.9803 -1.9122 -1.8446 -1.7655 -1.6620 -1.5330
 -1.3928 -1.2551 -1.1289 -1.0184 -0.9239 -0.7445 -0.6147 -0.5161 -0.4412 -0.3843
 -0.3403 -0.3064 -0.2806 -0.2612 -0.2464 -0.2353 -0.2277 -0.2234 -0.2225 -0.2267
 -0.2367
 -2.4149 -2.2441 -2.0915 -1.9607 -1.8512 -1.7591 -1.6784 -1.6027 -1.5232 -1.4349
 -1.3373 -1.2320 -1.1241 -1.0218 -0.9295 -0.7483 -0.6174 -0.5179 -0.4426 -0.3858
 -0.3429 -0.3106 -0.2870 -0.2702 -0.2584 -0.2503 -0.2451 -0.2424 -0.2425 -0.2462
 -0.2552
 -2.4172 -2.2384 -2.0727 -1.9223 -1.7893 -1.6742 -1.5741 -1.4832 -1.3954 -1.3073
 -1.2229 -1.1452 -1.0724 -0.9995 -0.9246 -0.7512 -0.6191 -0.5189 -0.4429 -0.3859
 -0.3437 -0.3128 -0.2912 -0.2771 -0.2686 -0.2637 -0.2616 -0.2616 -0.2635 -0.2679
 -0.2760
 -2.4330 -2.2518 -2.0816 -1.9215 -1.7737 -1.6409 -1.5236 -1.4197 -1.3252 -1.2359
 -1.1503 -1.0711 -1.0010 -0.9407 -0.8865 -0.7515 -0.6225 -0.5212 -0.4442 -0.3865
 -0.3442 -0.3140 -0.2938 -0.2818 -0.2761 -0.2747 -0.2762 -0.2794 -0.2840 -0.2903
 -0.2987
 -2.4428 -2.2678 -2.0985 -1.9361 -1.7817 -1.6381 -1.5080 -1.3923 -1.2897 -1.1974
 -1.1126 -1.0343 -0.9629 -0.8996 -0.8446 -0.7316 -0.6236 -0.5235 -0.4454 -0.3866
 -0.3437 -0.3136 -0.2941 -0.2836 -0.2801 -0.2819 -0.2871 -0.2941 -0.3023 -0.3114
 -0.3218
 -2.4388 -2.2733 -2.1110 -1.9525 -1.7974 -1.6501 -1.5132 -1.3892 -1.2791 -1.1817
 -1.0948 -1.0166 -0.9455 -0.8812 -0.7989 -0.6915 -0.6224 -0.5258 -0.4465
 [Fe/H] =  0.00 [alpha/Fe] = 0.00 BC value =F350LP
 -3.7938 -3.7380 -3.6697 -3.5201 -3.2940 -3.0145 -2.7007 -2.3685 -2.0351 -1.7320
 -1.4922 -1.3081 -1.1619 -1.0542 -0.9624 -0.7800
 -3.5350 -3.4691 -3.3986 -3.3101 -3.1833 -2.9815 -2.6817 -2.3023 -1.9576 -1.6656
 -1.4370 -1.2628 -1.1289 -1.0221 -0.9347 -0.7636 -0.6344 -0.5310 -0.4451
 -3.3112 -3.2312 -3.1545 -3.0702 -2.9626 -2.8077 -2.5648 -2.2437 -1.9243 -1.6446
 -1.4202 -1.2462 -1.1117 -1.0052 -0.9177 -0.7482 -0.6207 -0.5202 -0.4396 -0.3729
 -0.3185
 -3.1262 -3.0283 -2.9408 -2.8554 -2.7611 -2.6391 -2.4535 -2.1921 -1.9083 -1.6440
 -1.4226 -1.2466 -1.1088 -0.9998 -0.9107 -0.7400 -0.6127 -0.5141 -0.4362 -0.3731
 -0.3212 -0.2784 -0.2436
 -2.9814 -2.8640 -2.7618 -2.6693 -2.5785 -2.4775 -2.3390 -2.1338 -1.8910 -1.6484
 -1.4335 -1.2564 -1.1148 -1.0021 -0.9105 -0.7372 -0.6092 -0.5110 -0.4347 -0.3737
 -0.3240 -0.2834 -0.2503 -0.2235 -0.2021
 -2.8337 -2.7325 -2.6178 -2.5151 -2.4201 -2.3257 -2.2175 -2.0618 -1.8618 -1.6471
 -1.4446 -1.2698 -1.1258 -1.0094 -0.9146 -0.7378 -0.6086 -0.5101 -0.4344 -0.3750
 -0.3271 -0.2884 -0.2572 -0.2320 -0.2120 -0.1969
 -2.6836 -2.5734 -2.4756 -2.3799 -2.2854 -2.1915 -2.0944 -1.9752 -1.8161 -1.6330
 -1.4492 -1.2818 -1.1384 -1.0195 -0.9216 -0.7404 -0.6100 -0.5107 -0.4351 -0.3766
 -0.3302 -0.2933 -0.2640 -0.2408 -0.2227 -0.2091 -0.1998 -0.1948 -0.1946 -0.2000
 -2.5615 -2.4063 -2.2832 -2.1880 -2.1118 -2.0418 -1.9653 -1.8723 -1.7508 -1.6018
 -1.4420 -1.2877 -1.1492 -1.0303 -0.9303 -0.7446 -0.6126 -0.5124 -0.4363 -0.3781
 -0.3330 -0.2977 -0.2703 -0.2494 -0.2335 -0.2219 -0.2143 -0.2104 -0.2103 -0.2152
 -0.2256
 -2.5237 -2.3420 -2.1847 -2.0533 -1.9462 -1.8574 -1.7801 -1.7065 -1.6234 -1.5227
 -1.4052 -1.2784 -1.1534 -1.0393 -0.9395 -0.7497 -0.6159 -0.5146 -0.4378 -0.3796
 -0.3352 -0.3013 -0.2757 -0.2571 -0.2438 -0.2348 -0.2294 -0.2273 -0.2282 -0.2329
 -0.2428
 -2.5217 -2.3281 -2.1524 -1.9965 -1.8619 -1.7474 -1.6484 -1.5577 -1.4684 -1.3781
 -1.2895 -1.2041 -1.1184 -1.0303 -0.9422 -0.7543 -0.6185 -0.5162 -0.4385 -0.3799
 -0.3360 -0.3032 -0.2794 -0.2630 -0.2524 -0.2464 -0.2439 -0.2442 -0.2471 -0.2526
 -0.2620
 -2.5403 -2.3413 -2.1574 -1.9877 -1.8343 -1.6989 -1.5807 -1.4760 -1.3794 -1.2861
 -1.1962 -1.1133 -1.0399 -0.9750 -0.9139 -0.7592 -0.6231 -0.5195 -0.4405 -0.3810
 -0.3368 -0.3045 -0.2819 -0.2673 -0.2591 -0.2560 -0.2567 -0.2601 -0.2655 -0.2731
 -0.2828
 -2.5576 -2.3623 -2.1757 -2.0010 -1.8375 -1.6880 -1.5545 -1.4365 -1.3317 -1.2363
 -1.1475 -1.0649 -0.9899 -0.9239 -0.8666 -0.7451 -0.6269 -0.5229 -0.4426 -0.3818
 -0.3368 -0.3046 -0.2826 -0.2692 -0.2630 -0.2625 -0.2664 -0.2732 -0.2818 -0.2921
 -0.3038
 -2.5632 -2.3765 -2.1953 -2.0207 -1.8541 -1.6978 -1.5545 -1.4262 -1.3128 -1.2125
 -1.1226 -1.0409 -0.9665 -0.8994 -0.8003 -0.7120 -0.6299 -0.5264 -0.4448
 [Fe/H] =  0.25 [alpha/Fe] = 0.00 BC value =F350LP
 -3.9567 -3.9254 -3.8840 -3.6466 -3.2608 -2.8781 -2.5977 -2.4127 -2.0875 -1.7816
 -1.5246 -1.3272 -1.1749 -1.0478 -0.9536 -0.7726
 -3.7059 -3.6647 -3.6190 -3.4969 -3.2969 -3.0359 -2.7281 -2.3857 -2.0313 -1.7216
 -1.4745 -1.2850 -1.1397 -1.0262 -0.9328 -0.7577 -0.6282 -0.5267 -0.4419
 -3.4844 -3.4282 -3.3737 -3.3076 -3.2074 -3.0308 -2.7450 -2.3639 -2.0131 -1.7093
 -1.4636 -1.2733 -1.1268 -1.0121 -0.9195 -0.7453 -0.6170 -0.5165 -0.4358 -0.3696
 -0.3143
 -3.2922 -3.2159 -3.1481 -3.0787 -2.9923 -2.8630 -2.6483 -2.3373 -2.0120 -1.7184
 -1.4736 -1.2795 -1.1286 -1.0103 -0.9153 -0.7388 -0.6101 -0.5107 -0.4322 -0.3688
 -0.3164 -0.2732 -0.2378
 -3.1347 -3.0360 -2.9505 -2.8718 -2.7900 -2.6883 -2.5342 -2.2943 -2.0113 -1.7345
 -1.4936 -1.2961 -1.1399 -1.0166 -0.9179 -0.7373 -0.6073 -0.5079 -0.4305 -0.3689
 -0.3187 -0.2773 -0.2434 -0.2160 -0.1942
 -3.0091 -2.8903 -2.7866 -2.6943 -2.6082 -2.5175 -2.4037 -2.2286 -1.9961 -1.7469
 -1.5150 -1.3176 -1.1569 -1.0284 -0.9253 -0.7391 -0.6073 -0.5072 -0.4301 -0.3697
 -0.3210 -0.2813 -0.2490 -0.2230 -0.2024 -0.1867
 -2.8712 -2.7572 -2.6482 -2.5469 -2.4525 -2.3613 -2.2655 -2.1383 -1.9587 -1.7453
 -1.5308 -1.3389 -1.1764 -1.0437 -0.9361 -0.7430 -0.6092 -0.5081 -0.4308 -0.3708
 -0.3234 -0.2852 -0.2546 -0.2302 -0.2111 -0.1967 -0.1871 -0.1822 -0.1824 -0.1882
 -2.6765 -2.5558 -2.4599 -2.3821 -2.3042 -2.2211 -2.1320 -2.0310 -1.8964 -1.7235
 -1.5349 -1.3545 -1.1949 -1.0604 -0.9491 -0.7486 -0.6123 -0.5100 -0.4320 -0.3722
 -0.3257 -0.2888 -0.2599 -0.2373 -0.2201 -0.2074 -0.1993 -0.1955 -0.1959 -0.2014
 -0.2123
 -2.5961 -2.4287 -2.2906 -2.1822 -2.0977 -2.0290 -1.9656 -1.8942 -1.8000 -1.6728
 -1.5196 -1.3592 -1.2086 -1.0759 -0.9630 -0.7557 -0.6163 -0.5127 -0.4338 -0.3736
 -0.3276 -0.2919 -0.2644 -0.2437 -0.2286 -0.2181 -0.2120 -0.2098 -0.2113 -0.2170
 -0.2275
 -2.5766 -2.3887 -2.2215 -2.0788 -1.9608 -1.8641 -1.7816 -1.7069 -1.6299 -1.5414
 -1.4381 -1.3232 -1.2018 -1.0827 -0.9736 -0.7627 -0.6197 -0.5148 -0.4349 -0.3742
 -0.3283 -0.2935 -0.2675 -0.2486 -0.2356 -0.2276 -0.2241 -0.2242 -0.2275 -0.2342
 -0.2449
 -2.5910 -2.3931 -2.2108 -2.0467 -1.9029 -1.7797 -1.6746 -1.5816 -1.4933 -1.4032
 -1.3115 -1.2204 -1.1333 -1.0491 -0.9661 -0.7722 -0.6256 -0.5187 -0.4375 -0.3757
 -0.3294 -0.2950 -0.2699 -0.2525 -0.2414 -0.2358 -0.2349 -0.2377 -0.2434 -0.2519
 -0.2632
 -2.6178 -2.4168 -2.2274 -2.0522 -1.8922 -1.7491 -1.6236 -1.5135 -1.4145 -1.3212
 -1.2296 -1.1407 -1.0578 -0.9835 -0.9170 -0.7686 -0.6321 -0.5231 -0.4404 -0.3774
 -0.3301 -0.2955 -0.2709 -0.2546 -0.2451 -0.2416 -0.2433 -0.2489 -0.2575 -0.2685
 -0.2817
 -2.6416 -2.4439 -2.2548 -2.0739 -1.9064 -1.7512 -1.6108 -1.4858 -1.3750 -1.2755
 -1.1836 -1.0973 -1.0165 -0.9426 -0.8263 -0.7519 -0.6392 -0.5280 -0.4436
 [Fe/H] =  0.50 [alpha/Fe] = 0.00 BC value =F350LP
 -4.0613 -4.3348 -4.2831 -3.9682 -3.5418 -3.1131 -2.7392 -2.4440 -2.1369 -1.8326
 -1.5644 -1.3541 -1.1914 -1.0606 -0.9466 -0.7589
 -3.8268 -3.9070 -3.8768 -3.7475 -3.5292 -3.2308 -2.8601 -2.4516 -2.1004 -1.7826
 -1.5196 -1.3150 -1.1582 -1.0353 -0.9370 -0.7539 -0.6239 -0.5228 -0.4387
 -3.6132 -3.5865 -3.5589 -3.5196 -3.4205 -3.2218 -2.8936 -2.4635 -2.0953 -1.7763
 -1.5135 -1.3080 -1.1491 -1.0250 -0.9259 -0.7442 -0.6143 -0.5132 -0.4312 -0.3642
 -0.3094
 -3.4205 -3.3731 -3.3294 -3.2845 -3.2157 -3.0861 -2.8397 -2.4728 -2.1100 -1.7936
 -1.5301 -1.3195 -1.1553 -1.0268 -0.9245 -0.7396 -0.6085 -0.5079 -0.4287 -0.3647
 -0.3118 -0.2681 -0.2323
 -3.2567 -3.1826 -3.1208 -3.0638 -2.9991 -2.9027 -2.7328 -2.4534 -2.1261 -1.8204
 -1.5568 -1.3422 -1.1716 -1.0371 -0.9302 -0.7394 -0.6065 -0.5055 -0.4270 -0.3645
 -0.3136 -0.2715 -0.2370 -0.2090 -0.1866
 -3.1243 -3.0257 -2.9416 -2.8677 -2.7978 -2.7157 -2.5971 -2.3995 -2.1285 -1.8448
 -1.5873 -1.3705 -1.1942 -1.0534 -0.9410 -0.7425 -0.6072 -0.5051 -0.4265 -0.3648
 -0.3153 -0.2747 -0.2416 -0.2148 -0.1934 -0.1770
 -3.0067 -2.8939 -2.7927 -2.7021 -2.6191 -2.5376 -2.4449 -2.3076 -2.1031 -1.8572
 -1.6145 -1.3996 -1.2202 -1.0738 -0.9558 -0.7480 -0.6096 -0.5063 -0.4271 -0.3657
 -0.3171 -0.2778 -0.2461 -0.2207 -0.2005 -0.1852 -0.1748 -0.1695 -0.1697 -0.1757
 -2.8262 -2.7046 -2.6412 -2.5539 -2.4668 -2.3807 -2.2932 -2.1905 -2.0437 -1.8470
 -1.6305 -1.4252 -1.2458 -1.0960 -0.9733 -0.7556 -0.6133 -0.5085 -0.4285 -0.3669
 -0.3189 -0.2808 -0.2504 -0.2264 -0.2078 -0.1938 -0.1848 -0.1803 -0.1808 -0.1866
 -0.1979
 -2.6676 -2.5269 -2.4197 -2.3412 -2.2781 -2.2165 -2.1454 -2.0612 -1.9538 -1.8068
 -1.6266 -1.4400 -1.2672 -1.1178 -0.9920 -0.7650 -0.6179 -0.5116 -0.4304 -0.3683
 -0.3205 -0.2833 -0.2542 -0.2317 -0.2147 -0.2025 -0.1951 -0.1922 -0.1936 -0.1997
 -0.2109
 -2.6202 -2.4456 -2.2953 -2.1731 -2.0776 -2.0022 -1.9394 -1.8802 -1.8105 -1.7137
 -1.5837 -1.4312 -1.2761 -1.1329 -1.0079 -0.7746 -0.6223 -0.5139 -0.4318 -0.3690
 -0.3211 -0.2845 -0.2566 -0.2357 -0.2205 -0.2103 -0.2050 -0.2040 -0.2071 -0.2143
 -0.2259
 -2.6228 -2.4322 -2.2584 -2.1055 -1.9762 -1.8699 -1.7816 -1.7042 -1.6307 -1.5526
 -1.4615 -1.3574 -1.2450 -1.1303 -1.0190 -0.7876 -0.6296 -0.5184 -0.4349 -0.3709
 -0.3224 -0.2859 -0.2587 -0.2390 -0.2254 -0.2171 -0.2139 -0.2151 -0.2203 -0.2292
 -0.2415
 -2.6501 -2.4508 -2.2652 -2.0947 -1.9424 -1.8101 -1.6971 -1.5996 -1.5116 -1.4261
 -1.3379 -1.2470 -1.1561 -1.0688 -0.9857 -0.7953 -0.6382 -0.5237 -0.4384 -0.3731
 -0.3236 -0.2868 -0.2599 -0.2410 -0.2288 -0.2222 -0.2211 -0.2246 -0.2322 -0.2432
 -0.2572
 -2.6832 -2.4838 -2.2921 -2.1133 -1.9476 -1.7977 -1.6646 -1.5480 -1.4452 -1.3515
 -1.2619 -1.1738 -1.0877 -1.0066 -0.9080 -0.7977 -0.6481 -0.5298 -0.4423
 [Fe/H] =  0.75 [alpha/Fe] = 0.00 BC value =F350LP
 -4.1245 -3.9267 -3.5288 -3.0406 -2.7046 -2.5510 -2.5109 -2.4698 -2.1763 -1.8841
 -1.6084 -1.3861 -1.2128 -1.0780 -0.9622 -0.7623
 -3.9044 -3.8410 -3.7231 -3.5565 -3.3462 -3.0968 -2.8121 -2.4956 -2.1595 -1.8436
 -1.5704 -1.3521 -1.1831 -1.0515 -0.9456 -0.7522 -0.6205 -0.5192 -0.4355
 -3.6987 -3.6982 -3.7053 -3.6963 -3.5833 -3.3446 -2.9798 -2.5359 -2.1690 -1.8445
 -1.5701 -1.3500 -1.1784 -1.0442 -0.9376 -0.7458 -0.6126 -0.5108 -0.4293 -0.3626
 -0.3065
 -3.5074 -3.4984 -3.4755 -3.4601 -3.4160 -3.2945 -3.0141 -2.5846 -2.1988 -1.8689
 -1.5912 -1.3665 -1.1891 -1.0498 -0.9392 -0.7431 -0.6083 -0.5062 -0.4260 -0.3613
 -0.3081 -0.2639 -0.2275
 -3.3390 -3.2933 -3.2601 -3.2314 -3.1911 -3.1079 -2.9287 -2.6058 -2.2336 -1.9049
 -1.6240 -1.3944 -1.2100 -1.0641 -0.9480 -0.7444 -0.6072 -0.5042 -0.4243 -0.3608
 -0.3090 -0.2664 -0.2313 -0.2026 -0.1797
 -3.2013 -3.1286 -3.0704 -3.0218 -2.9755 -2.9090 -2.7907 -2.5696 -2.2559 -1.9401
 -1.6621 -1.4286 -1.2380 -1.0848 -0.9624 -0.7490 -0.6085 -0.5042 -0.4239 -0.3609
 -0.3103 -0.2688 -0.2349 -0.2073 -0.1852 -0.1681
 -3.0881 -2.9928 -2.9110 -2.8406 -2.7773 -2.7125 -2.6271 -2.4802 -2.2478 -1.9672
 -1.6981 -1.4647 -1.2697 -1.1101 -0.9814 -0.7564 -0.6115 -0.5056 -0.4246 -0.3615
 -0.3116 -0.2712 -0.2385 -0.2121 -0.1910 -0.1748 -0.1635 -0.1574 -0.1571 -0.1629
 -2.9513 -2.8589 -2.7707 -2.6869 -2.6088 -2.5343 -2.4568 -2.3545 -2.1939 -1.9704
 -1.7255 -1.4976 -1.3011 -1.1376 -1.0033 -0.7664 -0.6159 -0.5081 -0.4261 -0.3626
 -0.3130 -0.2735 -0.2419 -0.2167 -0.1969 -0.1818 -0.1715 -0.1660 -0.1657 -0.1714
 -0.1828
 -2.7423 -2.6475 -2.5714 -2.5095 -2.4479 -2.3762 -2.2985 -2.2132 -2.1001 -1.9377
 -1.7328 -1.5219 -1.3306 -1.1651 -1.0266 -0.7787 -0.6215 -0.5114 -0.4282 -0.3640
 -0.3144 -0.2756 -0.2450 -0.2210 -0.2025 -0.1888 -0.1798 -0.1755 -0.1761 -0.1819
 -0.1933
 -2.6533 -2.5010 -2.3781 -2.2840 -2.2163 -2.1646 -2.1154 -2.0558 -1.9751 -1.8610
 -1.7059 -1.5255 -1.3470 -1.1860 -1.0472 -0.7911 -0.6271 -0.5142 -0.4297 -0.3648
 -0.3149 -0.2765 -0.2468 -0.2241 -0.2071 -0.1950 -0.1876 -0.1850 -0.1870 -0.1939
 -0.2057
 -2.6369 -2.4603 -2.3018 -2.1668 -2.0583 -1.9734 -1.9052 -1.8469 -1.7902 -1.7213
 -1.6237 -1.4943 -1.3471 -1.2010 -1.0673 -0.8074 -0.6361 -0.5192 -0.4330 -0.3669
 -0.3163 -0.2778 -0.2486 -0.2269 -0.2112 -0.2006 -0.1950 -0.1941 -0.1977 -0.2060
 -0.2186
 -2.6559 -2.4676 -2.2912 -2.1312 -1.9915 -1.8743 -1.7775 -1.6958 -1.6224 -1.5506
 -1.4730 -1.3825 -1.2799 -1.1711 -1.0625 -0.8224 -0.6468 -0.5253 -0.4370 -0.3695
 -0.3178 -0.2788 -0.2498 -0.2287 -0.2141 -0.2049 -0.2010 -0.2019 -0.2074 -0.2175
 -0.2319
 -2.6925 -2.4985 -2.3129 -2.1396 -1.9809 -1.8399 -1.7179 -1.6133 -1.5221 -1.4386
 -1.3566 -1.2718 -1.1846 -1.0964 -1.0328 -0.8361 -0.6592 -0.5325 -0.4417
 [Fe/H] =  1.00 [alpha/Fe] = 0.00 BC value =F350LP
 -4.1612 -2.9803 -1.8747 -1.5592 -1.6906 -2.1650 -2.6163 -2.5102 -2.2157 -1.9294
 -1.6547 -1.4206 -1.2371 -1.0932 -0.9795 -0.7626
 -3.9516 -3.8894 -3.7726 -3.6069 -3.3974 -3.1486 -2.8645 -2.5484 -2.2145 -1.9044
 -1.6245 -1.3943 -1.2137 -1.0722 -0.9594 -0.7553 -0.6177 -0.5160 -0.4323
 -3.7497 -4.1724 -4.3431 -4.2876 -4.0286 -3.5860 -3.0374 -2.6008 -2.2384 -1.9132
 -1.6300 -1.3979 -1.2141 -1.0695 -0.9545 -0.7511 -0.6124 -0.5088 -0.4273 -0.3600
 -0.3043
 -3.5555 -3.8293 -3.5863 -3.6013 -3.5840 -3.4771 -3.1351 -2.6674 -2.2810 -1.9435
 -1.6563 -1.4194 -1.2295 -1.0792 -0.9596 -0.7500 -0.6100 -0.5057 -0.4243 -0.3588
 -0.3049 -0.2600 -0.2231
 -3.3813 -3.3666 -3.3647 -3.3671 -3.3550 -3.2914 -3.1090 -2.7372 -2.3336 -1.9875
 -1.6951 -1.4526 -1.2551 -1.0977 -0.9719 -0.7531 -0.6099 -0.5044 -0.4229 -0.3581
 -0.3055 -0.2621 -0.2262 -0.1969 -0.1736
 -3.2376 -3.1940 -3.1654 -3.1469 -3.1295 -3.0848 -2.9735 -2.7330 -2.3776 -2.0337
 -1.7385 -1.4913 -1.2880 -1.1228 -0.9902 -0.7596 -0.6120 -0.5048 -0.4228 -0.3582
 -0.3064 -0.2640 -0.2291 -0.2007 -0.1780 -0.1604
 -3.1227 -3.0521 -2.9962 -2.9525 -2.9157 -2.8743 -2.8022 -2.6500 -2.3888 -2.0742
 -1.7828 -1.5332 -1.3247 -1.1529 -1.0133 -0.7693 -0.6158 -0.5066 -0.4235 -0.3587
 -0.3074 -0.2658 -0.2320 -0.2046 -0.1826 -0.1657 -0.1536 -0.1465 -0.1453 -0.1503
 -3.0151 -2.9299 -2.8547 -2.7887 -2.7309 -2.6769 -2.6159 -2.5183 -2.3442 -2.0915
 -1.8198 -1.5735 -1.3615 -1.1854 -1.0397 -0.7820 -0.6211 -0.5093 -0.4250 -0.3597
 -0.3085 -0.2675 -0.2347 -0.2083 -0.1874 -0.1714 -0.1600 -0.1531 -0.1518 -0.1567
 -0.1676
 -2.8230 -2.7636 -2.7013 -2.6366 -2.5710 -2.5053 -2.4383 -2.3624 -2.2471 -2.0686
 -1.8387 -1.6051 -1.3964 -1.2178 -1.0675 -0.7976 -0.6281 -0.5130 -0.4272 -0.3611
 -0.3096 -0.2692 -0.2371 -0.2117 -0.1919 -0.1770 -0.1666 -0.1608 -0.1598 -0.1646
 -0.1756
 -2.6756 -2.5552 -2.4688 -2.4095 -2.3680 -2.3259 -2.2713 -2.2027 -2.1164 -1.9932
 -1.8205 -1.6178 -1.4198 -1.2435 -1.0923 -0.8131 -0.6353 -0.5161 -0.4289 -0.3618
 -0.3100 -0.2698 -0.2384 -0.2140 -0.1954 -0.1817 -0.1728 -0.1683 -0.1685 -0.1741
 -0.1853
 -2.6338 -2.4776 -2.3414 -2.2319 -2.1502 -2.0909 -2.0462 -2.0059 -1.9559 -1.8796
 -1.7626 -1.6061 -1.4328 -1.2666 -1.1177 -0.8326 -0.6463 -0.5218 -0.4324 -0.3641
 -0.3114 -0.2709 -0.2399 -0.2163 -0.1987 -0.1863 -0.1786 -0.1755 -0.1771 -0.1839
 -0.1957
 -2.6398 -2.4670 -2.3058 -2.1621 -2.0409 -1.9434 -1.8665 -1.8035 -1.7483 -1.6930
 -1.6259 -1.5307 -1.4054 -1.2663 -1.1305 -0.8518 -0.6593 -0.5289 -0.4366 -0.3668
 -0.3131 -0.2720 -0.2409 -0.2178 -0.2011 -0.1898 -0.1835 -0.1818 -0.1849 -0.1930
 -0.2060
 -2.6722 -2.4902 -2.3167 -2.1542 -2.0072 -1.8796 -1.7723 -1.6828 -1.6062 -1.5359
 -1.4664 -1.3916 -1.3052 -1.2070 -1.1307 -0.8707 -0.6743 -0.5374 -0.4415
