 [Fe/H] = -4.00 [alpha/Fe] = 0.40 BC value = F110W
 -1.6597 -1.2355 -0.5700 -0.3481 -0.8017 -1.3511 -0.7348 -0.1239  0.0843 -0.0038
 -0.0304 -0.0695 -0.3261 -0.6412 -0.8776 -0.9682
 -1.0995 -0.9524 -0.6730 -0.5861 -0.7624 -1.0328 -0.8095 -0.5638 -0.4469 -0.4402
 -0.4350 -0.4623 -0.5923 -0.7531 -0.8781 -0.9611 -1.0264 -1.0901 -1.1974
 -0.7735 -0.7742 -0.7239 -0.7130 -0.7449 -0.8389 -0.8278 -0.7928 -0.7541 -0.7250
 -0.7168 -0.7363 -0.7866 -0.8478 -0.8986 -0.9732 -1.0532 -1.1207 -1.2026 -1.2825
 -1.3464
 -0.6817 -0.7009 -0.7227 -0.7288 -0.7493 -0.7693 -0.7897 -0.8111 -0.8371 -0.8581
 -0.8758 -0.8915 -0.9089 -0.9252 -0.9391 -1.0045 -1.0703 -1.1419 -1.2168 -1.2927
 -1.3683 -1.4432 -1.5166
 -0.6350 -0.6619 -0.6892 -0.7096 -0.7335 -0.7569 -0.7806 -0.8048 -0.8301 -0.8558
 -0.8798 -0.9011 -0.9214 -0.9405 -0.9592 -1.0186 -1.0885 -1.1620 -1.2368 -1.3116
 -1.3858 -1.4591 -1.5312 -1.6028 -1.6745
 -0.6096 -0.6388 -0.6677 -0.6951 -0.7210 -0.7464 -0.7719 -0.7978 -0.8241 -0.8509
 -0.8778 -0.9039 -0.9280 -0.9512 -0.9727 -1.0303 -1.1011 -1.1761 -1.2518 -1.3268
 -1.4007 -1.4734 -1.5449 -1.6153 -1.6848 -1.7543
 -0.6056 -0.6316 -0.6582 -0.6853 -0.7119 -0.7378 -0.7636 -0.7901 -0.8176 -0.8455
 -0.8736 -0.9016 -0.9289 -0.9553 -0.9796 -1.0396 -1.1081 -1.1842 -1.2618 -1.3383
 -1.4130 -1.4861 -1.5577 -1.6277 -1.6964 -1.7643 -1.8321 -1.9019 -1.9750 -2.0487
 -0.6229 -0.6403 -0.6607 -0.6838 -0.7082 -0.7329 -0.7578 -0.7835 -0.8106 -0.8391
 -0.8682 -0.8973 -0.9260 -0.9542 -0.9812 -1.0446 -1.1116 -1.1868 -1.2658 -1.3448
 -1.4217 -1.4963 -1.5688 -1.6395 -1.7083 -1.7756 -1.8417 -1.9084 -1.9778 -2.0506
 -2.1245
 -0.6647 -0.6692 -0.6792 -0.6941 -0.7125 -0.7335 -0.7560 -0.7797 -0.8050 -0.8324
 -0.8613 -0.8912 -0.9211 -0.9505 -0.9789 -1.0459 -1.1127 -1.1858 -1.2648 -1.3456
 -1.4254 -1.5028 -1.5774 -1.6495 -1.7194 -1.7873 -1.8538 -1.9190 -1.9848 -2.0534
 -2.1261
 -0.7246 -0.7172 -0.7162 -0.7209 -0.7299 -0.7437 -0.7610 -0.7809 -0.8032 -0.8279
 -0.8552 -0.8846 -0.9150 -0.9454 -0.9749 -1.0449 -1.1124 -1.1838 -1.2614 -1.3427
 -1.4248 -1.5054 -1.5832 -1.6580 -1.7300 -1.7994 -1.8669 -1.9328 -1.9979 -2.0639
 -2.1311
 -0.7985 -0.7819 -0.7700 -0.7623 -0.7606 -0.7641 -0.7731 -0.7869 -0.8048 -0.8259
 -0.8509 -0.8788 -0.9083 -0.9383 -0.9679 -1.0401 -1.1103 -1.1807 -1.2562 -1.3361
 -1.4186 -1.5014 -1.5824 -1.6605 -1.7355 -1.8073 -1.8767 -1.9439 -2.0095 -2.0742
 -2.1393
 -0.8981 -0.8633 -0.8372 -0.8189 -0.8058 -0.7983 -0.7972 -0.8021 -0.8128 -0.8293
 -0.8505 -0.8751 -0.9022 -0.9309 -0.9604 -1.0351 -1.1077 -1.1775 -1.2513 -1.3295
 -1.4108 -1.4938 -1.5768 -1.6580 -1.7363 -1.8114 -1.8835 -1.9529 -2.0201 -2.0857
 -2.1504
 -1.0235 -0.9615 -0.9178 -0.8907 -0.8655 -0.8463 -0.8343 -0.8292 -0.8308 -0.8389
 -0.8529 -0.8724 -0.8970 -0.9232 -0.9523 -1.0300 -1.1046 -1.1742 -1.2467
 [Fe/H] = -3.00 [alpha/Fe] = 0.40 BC value = F110W
 -0.6578 -0.6552 -0.6638 -0.6900 -0.7408 -0.8300 -0.8067 -0.8007 -0.8059 -0.8071
 -0.7854 -0.7658 -0.7904 -0.8412 -0.8799 -0.9194
 -0.6886 -0.6936 -0.7046 -0.7262 -0.7637 -0.8257 -0.8332 -0.8432 -0.8547 -0.8630
 -0.8614 -0.8599 -0.8745 -0.8994 -0.9203 -0.9559 -1.0158 -1.0873 -1.1641
 -0.7051 -0.7175 -0.7318 -0.7511 -0.7792 -0.8212 -0.8472 -0.8683 -0.8856 -0.9000
 -0.9123 -0.9233 -0.9335 -0.9435 -0.9537 -0.9872 -1.0456 -1.1161 -1.1912 -1.2682
 -1.3454
 -0.7073 -0.7269 -0.7454 -0.7647 -0.7875 -0.8165 -0.8487 -0.8762 -0.8986 -0.9182
 -0.9380 -0.9558 -0.9674 -0.9735 -0.9801 -1.0133 -1.0702 -1.1400 -1.2141 -1.2895
 -1.3648 -1.4396 -1.5136
 -0.6952 -0.7218 -0.7454 -0.7670 -0.7885 -0.8116 -0.8377 -0.8667 -0.8937 -0.9176
 -0.9385 -0.9575 -0.9762 -0.9894 -0.9995 -1.0342 -1.0896 -1.1590 -1.2328 -1.3073
 -1.3814 -1.4548 -1.5274 -1.5994 -1.6716
 -0.6688 -0.7022 -0.7318 -0.7580 -0.7822 -0.8059 -0.8302 -0.8559 -0.8827 -0.9092
 -0.9331 -0.9538 -0.9747 -0.9941 -1.0098 -1.0492 -1.1037 -1.1727 -1.2472 -1.3219
 -1.3958 -1.4686 -1.5404 -1.6112 -1.6812 -1.7511
 -0.6354 -0.6731 -0.7079 -0.7390 -0.7672 -0.7936 -0.8191 -0.8446 -0.8708 -0.8971
 -0.9223 -0.9457 -0.9674 -0.9902 -1.0099 -1.0575 -1.1125 -1.1809 -1.2566 -1.3328
 -1.4076 -1.4808 -1.5526 -1.6231 -1.6923 -1.7608 -1.8290 -1.8993 -1.9728 -2.0465
 -0.6044 -0.6417 -0.6784 -0.7132 -0.7450 -0.7745 -0.8025 -0.8297 -0.8567 -0.8836
 -0.9101 -0.9354 -0.9589 -0.9827 -1.0051 -1.0585 -1.1162 -1.1841 -1.2605 -1.3389
 -1.4159 -1.4907 -1.5635 -1.6345 -1.7038 -1.7718 -1.8390 -1.9060 -1.9754 -2.0484
 -2.1224
 -0.6010 -0.6222 -0.6506 -0.6855 -0.7191 -0.7511 -0.7813 -0.8105 -0.8392 -0.8676
 -0.8954 -0.9227 -0.9487 -0.9736 -0.9982 -1.0555 -1.1157 -1.1831 -1.2586 -1.3396
 -1.4174 -1.4970 -1.5718 -1.6444 -1.7148 -1.7832 -1.8502 -1.9177 -1.9859 -2.0548
 -2.1241
 -0.5673 -0.6030 -0.6347 -0.6629 -0.6949 -0.7272 -0.7586 -0.7894 -0.8195 -0.8493
 -0.8788 -0.9078 -0.9361 -0.9633 -0.9900 -1.0513 -1.1132 -1.1809 -1.2561 -1.3368
 -1.4189 -1.4996 -1.5777 -1.6528 -1.7252 -1.7951 -1.8631 -1.9295 -1.9951 -2.0610
 -2.1290
 -0.5847 -0.6009 -0.6228 -0.6499 -0.6772 -0.7064 -0.7370 -0.7677 -0.7985 -0.8293
 -0.8600 -0.8905 -0.9206 -0.9501 -0.9789 -1.0454 -1.1092 -1.1768 -1.2508 -1.3302
 -1.4128 -1.4958 -1.5770 -1.6554 -1.7307 -1.8030 -1.8728 -1.9405 -2.0065 -2.0716
 -2.1371
 -0.6080 -0.6159 -0.6286 -0.6455 -0.6669 -0.6925 -0.7206 -0.7497 -0.7795 -0.8100
 -0.8411 -0.8725 -0.9040 -0.9351 -0.9658 -1.0383 -1.1047 -1.1726 -1.2455 -1.3236
 -1.4051 -1.4885 -1.5716 -1.6531 -1.7317 -1.8072 -1.8797 -1.9495 -2.0171 -2.0830
 -2.1480
 -0.6373 -0.6481 -0.6519 -0.6496 -0.6639 -0.6855 -0.7095 -0.7348 -0.7625 -0.7946
 -0.8244 -0.8555 -0.8874 -0.9196 -0.9507 -1.0300 -1.0997 -1.1683 -1.2402
 [Fe/H] = -2.50 [alpha/Fe] = 0.40 BC value = F110W
 -0.5367 -0.5998 -0.7021 -0.7623 -0.7635 -0.7770 -0.8435 -0.9220 -0.9610 -0.9586
 -0.9410 -0.9196 -0.9038 -0.9008 -0.9007 -0.9232
 -0.6069 -0.6434 -0.7030 -0.7475 -0.7712 -0.8009 -0.8500 -0.9017 -0.9358 -0.9505
 -0.9543 -0.9510 -0.9448 -0.9422 -0.9426 -0.9644 -1.0162 -1.0853 -1.1574
 -0.6577 -0.6782 -0.7098 -0.7424 -0.7772 -0.8146 -0.8524 -0.8880 -0.9190 -0.9440
 -0.9618 -0.9719 -0.9747 -0.9747 -0.9766 -0.9990 -1.0475 -1.1141 -1.1870 -1.2631
 -1.3419
 -0.6891 -0.7042 -0.7225 -0.7470 -0.7815 -0.8181 -0.8507 -0.8809 -0.9106 -0.9391
 -0.9635 -0.9823 -0.9935 -0.9983 -1.0027 -1.0270 -1.0735 -1.1380 -1.2108 -1.2857
 -1.3608 -1.4358 -1.5105
 -0.7011 -0.7214 -0.7411 -0.7613 -0.7841 -0.8114 -0.8449 -0.8804 -0.9106 -0.9358
 -0.9594 -0.9822 -1.0012 -1.0130 -1.0209 -1.0484 -1.0942 -1.1570 -1.2289 -1.3030
 -1.3771 -1.4506 -1.5235 -1.5954 -1.6676
 -0.6926 -0.7201 -0.7450 -0.7677 -0.7897 -0.8128 -0.8382 -0.8664 -0.8975 -0.9281
 -0.9538 -0.9764 -0.9989 -1.0179 -1.0310 -1.0633 -1.1094 -1.1710 -1.2427 -1.3170
 -1.3909 -1.4640 -1.5360 -1.6072 -1.6777 -1.7480
 -0.6670 -0.7020 -0.7335 -0.7612 -0.7862 -0.8099 -0.8337 -0.8587 -0.8850 -0.9122
 -0.9394 -0.9646 -0.9881 -1.0114 -1.0309 -1.0716 -1.1191 -1.1799 -1.2518 -1.3273
 -1.4022 -1.4757 -1.5478 -1.6187 -1.6884 -1.7573 -1.8260 -1.8968 -1.9705 -2.0442
 -0.6300 -0.6709 -0.7087 -0.7422 -0.7718 -0.7986 -0.8240 -0.8489 -0.8744 -0.9001
 -0.9257 -0.9505 -0.9742 -0.9985 -1.0214 -1.0722 -1.1235 -1.1841 -1.2558 -1.3330
 -1.4101 -1.4852 -1.5583 -1.6297 -1.6995 -1.7679 -1.8357 -1.9032 -1.9729 -2.0462
 -2.1201
 -0.5903 -0.6329 -0.6744 -0.7129 -0.7474 -0.7785 -0.8070 -0.8339 -0.8603 -0.8866
 -0.9126 -0.9379 -0.9622 -0.9858 -1.0100 -1.0655 -1.1223 -1.1841 -1.2555 -1.3338
 -1.4134 -1.4912 -1.5664 -1.6393 -1.7101 -1.7790 -1.8465 -1.9133 -1.9801 -2.0488
 -2.1220
 -0.5573 -0.5968 -0.6377 -0.6782 -0.7161 -0.7510 -0.7831 -0.8131 -0.8418 -0.8698
 -0.8974 -0.9243 -0.9501 -0.9749 -0.9996 -1.0578 -1.1176 -1.1817 -1.2528 -1.3313
 -1.4129 -1.4938 -1.5720 -1.6475 -1.7203 -1.7907 -1.8592 -1.9261 -1.9921 -2.0584
 -2.1269
 -0.5373 -0.5698 -0.6057 -0.6438 -0.6820 -0.7187 -0.7536 -0.7864 -0.8178 -0.8482
 -0.8778 -0.9068 -0.9349 -0.9619 -0.9882 -1.0498 -1.1111 -1.1765 -1.2475 -1.3250
 -1.4070 -1.4900 -1.5714 -1.6501 -1.7257 -1.7984 -1.8687 -1.9368 -2.0033 -2.0689
 -2.1348
 -0.5316 -0.5558 -0.5848 -0.6169 -0.6512 -0.6869 -0.7224 -0.7569 -0.7903 -0.8228
 -0.8546 -0.8859 -0.9164 -0.9460 -0.9745 -1.0415 -1.1048 -1.1709 -1.2419 -1.3184
 -1.3994 -1.4828 -1.5661 -1.6478 -1.7267 -1.8025 -1.8754 -1.9457 -2.0137 -2.0801
 -2.1455
 -0.5401 -0.5548 -0.5773 -0.6018 -0.6302 -0.6615 -0.6945 -0.7284 -0.7623 -0.7960
 -0.8293 -0.8623 -0.8950 -0.9270 -0.9585 -1.0329 -1.0987 -1.1649 -1.2360
 [Fe/H] = -2.00 [alpha/Fe] = 0.40 BC value = F110W
 -0.6450 -0.6861 -0.7298 -0.7716 -0.8114 -0.8494 -0.8830 -0.9105 -0.9304 -0.9410
 -0.9422 -0.9376 -0.9308 -0.9253 -0.9273 -0.9394
 -0.6077 -0.6460 -0.6898 -0.7363 -0.7833 -0.8286 -0.8701 -0.9061 -0.9350 -0.9555
 -0.9669 -0.9702 -0.9679 -0.9648 -0.9657 -0.9803 -1.0204 -1.0829 -1.1573
 -0.6015 -0.6316 -0.6705 -0.7152 -0.7624 -0.8095 -0.8546 -0.8956 -0.9308 -0.9590
 -0.9791 -0.9906 -0.9944 -0.9948 -0.9964 -1.0140 -1.0532 -1.1123 -1.1837 -1.2594
 -1.3364
 -0.6264 -0.6429 -0.6719 -0.7083 -0.7486 -0.7921 -0.8365 -0.8790 -0.9178 -0.9515
 -0.9788 -0.9988 -1.0103 -1.0153 -1.0194 -1.0405 -1.0798 -1.1365 -1.2056 -1.2797
 -1.3547 -1.4297 -1.5053
 -0.6588 -0.6689 -0.6892 -0.7183 -0.7532 -0.7913 -0.8303 -0.8684 -0.9048 -0.9392
 -0.9698 -0.9960 -1.0158 -1.0273 -1.0347 -1.0598 -1.1002 -1.1555 -1.2230 -1.2961
 -1.3702 -1.4440 -1.5172 -1.5897 -1.6625
 -0.6754 -0.6936 -0.7127 -0.7366 -0.7648 -0.7962 -0.8294 -0.8637 -0.8981 -0.9313
 -0.9606 -0.9874 -1.0115 -1.0306 -1.0428 -1.0726 -1.1146 -1.1697 -1.2363 -1.3091
 -1.3832 -1.4566 -1.5291 -1.6009 -1.6721 -1.7431
 -0.6724 -0.6973 -0.7217 -0.7452 -0.7687 -0.7934 -0.8202 -0.8494 -0.8811 -0.9152
 -0.9478 -0.9761 -1.0021 -1.0253 -1.0436 -1.0796 -1.1237 -1.1791 -1.2453 -1.3187
 -1.3936 -1.4677 -1.5403 -1.6118 -1.6822 -1.7518 -1.8213 -1.8928 -1.9668 -2.0403
 -0.6517 -0.6844 -0.7151 -0.7437 -0.7701 -0.7952 -0.8202 -0.8459 -0.8730 -0.9008
 -0.9291 -0.9578 -0.9852 -1.0115 -1.0351 -1.0813 -1.1280 -1.1841 -1.2502 -1.3242
 -1.4008 -1.4765 -1.5502 -1.6222 -1.6927 -1.7619 -1.8304 -1.8987 -1.9690 -2.0424
 -2.1163
 -0.6176 -0.6572 -0.6944 -0.7287 -0.7600 -0.7883 -0.8145 -0.8398 -0.8653 -0.8913
 -0.9171 -0.9427 -0.9680 -0.9938 -1.0195 -1.0755 -1.1279 -1.1852 -1.2513 -1.3256
 -1.4040 -1.4820 -1.5578 -1.6313 -1.7027 -1.7723 -1.8407 -1.9082 -1.9758 -2.0450
 -2.1183
 -0.5756 -0.6188 -0.6616 -0.7018 -0.7383 -0.7712 -0.8009 -0.8282 -0.8545 -0.8804
 -0.9061 -0.9314 -0.9559 -0.9801 -1.0050 -1.0641 -1.1231 -1.1836 -1.2501 -1.3242
 -1.4038 -1.4844 -1.5631 -1.6391 -1.7124 -1.7835 -1.8527 -1.9205 -1.9874 -2.0543
 -2.1232
 -0.5344 -0.5770 -0.6214 -0.6649 -0.7058 -0.7434 -0.7775 -0.8084 -0.8372 -0.8648
 -0.8917 -0.9181 -0.9437 -0.9685 -0.9930 -1.0531 -1.1139 -1.1779 -1.2456 -1.3192
 -1.3987 -1.4809 -1.5623 -1.6414 -1.7175 -1.7908 -1.8618 -1.9307 -1.9980 -2.0643
 -2.1309
 -0.5017 -0.5391 -0.5812 -0.6244 -0.6670 -0.7077 -0.7456 -0.7805 -0.8128 -0.8433
 -0.8724 -0.9008 -0.9285 -0.9553 -0.9812 -1.0435 -1.1051 -1.1704 -1.2396 -1.3129
 -1.3916 -1.4740 -1.5572 -1.6391 -1.7184 -1.7947 -1.8682 -1.9392 -2.0079 -2.0751
 -2.1412
 -0.4792 -0.5114 -0.5475 -0.5868 -0.6278 -0.6687 -0.7084 -0.7462 -0.7818 -0.8155
 -0.8476 -0.8786 -0.9089 -0.9383 -0.9696 -1.0353 -1.0967 -1.1611 -1.2321
 [Fe/H] = -1.50 [alpha/Fe] = 0.40 BC value = F110W
 -0.6410 -0.6788 -0.7199 -0.7613 -0.8026 -0.8415 -0.8769 -0.9074 -0.9317 -0.9474
 -0.9532 -0.9523 -0.9485 -0.9442 -0.9425 -0.9532
 -0.6016 -0.6418 -0.6861 -0.7319 -0.7782 -0.8233 -0.8658 -0.9042 -0.9366 -0.9608
 -0.9754 -0.9810 -0.9808 -0.9793 -0.9796 -0.9937 -1.0273 -1.0805 -1.1500
 -0.5755 -0.6132 -0.6569 -0.7040 -0.7527 -0.8015 -0.8487 -0.8927 -0.9314 -0.9628
 -0.9854 -0.9983 -1.0033 -1.0052 -1.0077 -1.0254 -1.0601 -1.1114 -1.1773 -1.2510
 -1.3277
 -0.5627 -0.5930 -0.6323 -0.6776 -0.7262 -0.7761 -0.8256 -0.8729 -0.9161 -0.9534
 -0.9832 -1.0042 -1.0160 -1.0219 -1.0268 -1.0483 -1.0847 -1.1354 -1.1988 -1.2705
 -1.3452 -1.4202 -1.4955
 -0.5855 -0.6018 -0.6239 -0.6615 -0.7051 -0.7529 -0.8018 -0.8497 -0.8951 -0.9363
 -0.9716 -0.9999 -1.0196 -1.0311 -1.0389 -1.0641 -1.1026 -1.1535 -1.2157 -1.2860
 -1.3597 -1.4338 -1.5076 -1.5809 -1.6547
 -0.6214 -0.6291 -0.6447 -0.6683 -0.7001 -0.7404 -0.7872 -0.8332 -0.8770 -0.9178
 -0.9549 -0.9874 -1.0141 -1.0329 -1.0450 -1.0743 -1.1149 -1.1667 -1.2285 -1.2980
 -1.3715 -1.4454 -1.5186 -1.5912 -1.6632 -1.7355
 -0.6416 -0.6546 -0.6699 -0.6882 -0.7114 -0.7403 -0.7760 -0.8183 -0.8629 -0.9050
 -0.9417 -0.9738 -1.0024 -1.0269 -1.0450 -1.0798 -1.1226 -1.1754 -1.2375 -1.3070
 -1.3809 -1.4553 -1.5288 -1.6012 -1.6725 -1.7433 -1.8141 -1.8865 -1.9610 -2.0343
 -0.6434 -0.6624 -0.6830 -0.7045 -0.7274 -0.7527 -0.7814 -0.8134 -0.8482 -0.8853
 -0.9234 -0.9587 -0.9893 -1.0159 -1.0386 -1.0811 -1.1264 -1.1805 -1.2431 -1.3128
 -1.3873 -1.4631 -1.5377 -1.6106 -1.6820 -1.7523 -1.8221 -1.8918 -1.9629 -2.0366
 -2.1101
 -0.6304 -0.6554 -0.6815 -0.7078 -0.7341 -0.7603 -0.7869 -0.8149 -0.8447 -0.8754
 -0.9065 -0.9379 -0.9692 -0.9985 -1.0251 -1.0782 -1.1267 -1.1822 -1.2453 -1.3153
 -1.3885 -1.4679 -1.5443 -1.6187 -1.6911 -1.7618 -1.8314 -1.8998 -1.9685 -2.0390
 -2.1124
 -0.6030 -0.6361 -0.6674 -0.6992 -0.7299 -0.7592 -0.7872 -0.8145 -0.8419 -0.8698
 -0.8978 -0.9256 -0.9528 -0.9801 -1.0072 -1.0683 -1.1239 -1.1815 -1.2454 -1.3157
 -1.3914 -1.4703 -1.5490 -1.6258 -1.7001 -1.7722 -1.8426 -1.9116 -1.9797 -2.0478
 -2.1173
 -0.5655 -0.6041 -0.6406 -0.6779 -0.7136 -0.7472 -0.7784 -0.8075 -0.8352 -0.8621
 -0.8889 -0.9154 -0.9415 -0.9669 -0.9922 -1.0541 -1.1151 -1.1771 -1.2420 -1.3122
 -1.3877 -1.4674 -1.5482 -1.6276 -1.7046 -1.7788 -1.8509 -1.9209 -1.9894 -2.0570
 -2.1246
 -0.5233 -0.5641 -0.6049 -0.6457 -0.6858 -0.7239 -0.7593 -0.7918 -0.8219 -0.8501
 -0.8773 -0.9039 -0.9301 -0.9558 -0.9808 -1.0421 -1.1037 -1.1689 -1.2364 -1.3069
 -1.3819 -1.4614 -1.5434 -1.6253 -1.7051 -1.7822 -1.8567 -1.9287 -1.9986 -2.0669
 -2.1341
 -0.4811 -0.5208 -0.5625 -0.6056 -0.6486 -0.6902 -0.7296 -0.7662 -0.7999 -0.8311
 -0.8604 -0.8886 -0.9160 -0.9428 -0.9730 -1.0323 -1.0897 -1.1569 -1.2286
 [Fe/H] = -1.00 [alpha/Fe] = 0.40 BC value = F110W
 -0.6759 -0.7129 -0.7489 -0.7829 -0.8149 -0.8441 -0.8700 -0.8926 -0.9097 -0.9322
 -0.9433 -0.9488 -0.9510 -0.9517 -0.9525 -0.9653
 -0.6276 -0.6670 -0.7078 -0.7482 -0.7873 -0.8245 -0.8589 -0.8906 -0.9205 -0.9459
 -0.9638 -0.9741 -0.9789 -0.9816 -0.9845 -1.0011 -1.0324 -1.0793 -1.1412
 -0.5869 -0.6261 -0.6688 -0.7128 -0.7567 -0.7996 -0.8406 -0.8795 -0.9162 -0.9482
 -0.9728 -0.9889 -0.9978 -1.0032 -1.0082 -1.0284 -1.0623 -1.1093 -1.1691 -1.2391
 -1.3144
 -0.5538 -0.5902 -0.6319 -0.6767 -0.7230 -0.7695 -0.8151 -0.8593 -0.9012 -0.9391
 -0.9703 -0.9932 -1.0077 -1.0165 -1.0236 -1.0472 -1.0833 -1.1313 -1.1902 -1.2580
 -1.3313 -1.4062 -1.4820
 -0.5329 -0.5625 -0.6002 -0.6433 -0.6897 -0.7376 -0.7858 -0.8332 -0.8791 -0.9216
 -0.9586 -0.9884 -1.0095 -1.0231 -1.0329 -1.0599 -1.0982 -1.1474 -1.2062 -1.2728
 -1.3448 -1.4189 -1.4934 -1.5675 -1.6424
 -0.5474 -0.5578 -0.5828 -0.6182 -0.6609 -0.7078 -0.7563 -0.8050 -0.8529 -0.8986
 -0.9400 -0.9756 -1.0037 -1.0234 -1.0371 -1.0679 -1.1082 -1.1587 -1.2181 -1.2843
 -1.3556 -1.4292 -1.5031 -1.5767 -1.6498 -1.7235
 -0.5892 -0.5911 -0.5994 -0.6172 -0.6465 -0.6865 -0.7332 -0.7819 -0.8294 -0.8751
 -0.9181 -0.9572 -0.9908 -1.0172 -1.0363 -1.0722 -1.1146 -1.1664 -1.2264 -1.2928
 -1.3639 -1.4377 -1.5117 -1.5852 -1.6579 -1.7301 -1.8027 -1.8766 -1.9523 -2.0258
 -0.6116 -0.6189 -0.6287 -0.6419 -0.6608 -0.6869 -0.7208 -0.7626 -0.8103 -0.8579
 -0.9013 -0.9401 -0.9747 -1.0049 -1.0298 -1.0732 -1.1178 -1.1710 -1.2317 -1.2985
 -1.3699 -1.4441 -1.5190 -1.5931 -1.6659 -1.7378 -1.8091 -1.8806 -1.9533 -2.0279
 -2.1011
 -0.6158 -0.6285 -0.6435 -0.6605 -0.6795 -0.7020 -0.7292 -0.7616 -0.7989 -0.8398
 -0.8823 -0.9232 -0.9597 -0.9913 -1.0186 -1.0709 -1.1182 -1.1728 -1.2343 -1.3015
 -1.3732 -1.4482 -1.5243 -1.5997 -1.6736 -1.7458 -1.8171 -1.8876 -1.9584 -2.0298
 -2.1039
 -0.6087 -0.6252 -0.6449 -0.6665 -0.6895 -0.7136 -0.7396 -0.7683 -0.8001 -0.8347
 -0.8705 -0.9064 -0.9411 -0.9738 -1.0034 -1.0645 -1.1162 -1.1726 -1.2351 -1.3028
 -1.3750 -1.4507 -1.5282 -1.6056 -1.6812 -1.7549 -1.8270 -1.8977 -1.9675 -2.0374
 -2.1082
 -0.5912 -0.6128 -0.6360 -0.6616 -0.6884 -0.7160 -0.7439 -0.7722 -0.8015 -0.8322
 -0.8640 -0.8961 -0.9274 -0.9574 -0.9861 -1.0512 -1.1103 -1.1690 -1.2325 -1.3006
 -1.3730 -1.4491 -1.5277 -1.6069 -1.6848 -1.7605 -1.8341 -1.9057 -1.9759 -2.0453
 -2.1144
 -0.5632 -0.5905 -0.6187 -0.6478 -0.6780 -0.7090 -0.7399 -0.7701 -0.7996 -0.8290
 -0.8584 -0.8880 -0.9173 -0.9458 -0.9731 -1.0371 -1.0989 -1.1626 -1.2277 -1.2963
 -1.3688 -1.4450 -1.5242 -1.6049 -1.6850 -1.7631 -1.8390 -1.9124 -1.9839 -2.0539
 -2.1228
 -0.5251 -0.5575 -0.5908 -0.6244 -0.6582 -0.6924 -0.7264 -0.7594 -0.7910 -0.8213
 -0.8504 -0.8790 -0.9072 -0.9350 -0.9644 -1.0222 -1.0820 -1.1534 -1.2207
 [Fe/H] = -0.75 [alpha/Fe] = 0.30 BC value = F110W
 -0.7066 -0.7409 -0.7732 -0.8035 -0.8300 -0.8529 -0.8716 -0.8869 -0.9004 -0.9213
 -0.9338 -0.9411 -0.9450 -0.9480 -0.9501 -0.9645
 -0.6542 -0.6921 -0.7304 -0.7676 -0.8025 -0.8343 -0.8625 -0.8879 -0.9136 -0.9369
 -0.9548 -0.9661 -0.9725 -0.9768 -0.9808 -0.9990 -1.0313 -1.0770 -1.1361
 -0.6088 -0.6475 -0.6888 -0.7304 -0.7711 -0.8097 -0.8456 -0.8792 -0.9117 -0.9412
 -0.9648 -0.9811 -0.9911 -0.9976 -1.0035 -1.0250 -1.0592 -1.1054 -1.1634 -1.2318
 -1.3057
 -0.5704 -0.6071 -0.6484 -0.6919 -0.7359 -0.7792 -0.8209 -0.8608 -0.8991 -0.9342
 -0.9638 -0.9861 -1.0008 -1.0104 -1.0182 -1.0425 -1.0788 -1.1261 -1.1838 -1.2504
 -1.3231 -1.3982 -1.4747
 -0.5424 -0.5741 -0.6125 -0.6553 -0.7003 -0.7462 -0.7916 -0.8359 -0.8787 -0.9188
 -0.9540 -0.9824 -1.0030 -1.0168 -1.0271 -1.0544 -1.0925 -1.1411 -1.1991 -1.2648
 -1.3361 -1.4102 -1.4846 -1.5595 -1.6356
 -0.5415 -0.5585 -0.5872 -0.6247 -0.6678 -0.7138 -0.7608 -0.8076 -0.8535 -0.8973
 -0.9371 -0.9713 -0.9981 -1.0174 -1.0312 -1.0620 -1.1019 -1.1517 -1.2104 -1.2758
 -1.3464 -1.4199 -1.4941 -1.5681 -1.6421 -1.7165
 -0.5809 -0.5814 -0.5913 -0.6131 -0.6466 -0.6881 -0.7342 -0.7811 -0.8277 -0.8730
 -0.9157 -0.9542 -0.9867 -1.0120 -1.0306 -1.0661 -1.1078 -1.1590 -1.2182 -1.2839
 -1.3543 -1.4276 -1.5019 -1.5758 -1.6491 -1.7220 -1.7955 -1.8706 -1.9469 -2.0208
 -0.6103 -0.6141 -0.6210 -0.6330 -0.6520 -0.6793 -0.7154 -0.7596 -0.8077 -0.8540
 -0.8965 -0.9355 -0.9706 -1.0008 -1.0248 -1.0672 -1.1110 -1.1633 -1.2232 -1.2893
 -1.3598 -1.4334 -1.5083 -1.5828 -1.6564 -1.7290 -1.8014 -1.8737 -1.9474 -2.0227
 -2.0961
 -0.6202 -0.6294 -0.6410 -0.6547 -0.6716 -0.6930 -0.7200 -0.7528 -0.7917 -0.8349
 -0.8789 -0.9200 -0.9561 -0.9873 -1.0142 -1.0652 -1.1115 -1.1651 -1.2257 -1.2921
 -1.3630 -1.4371 -1.5129 -1.5886 -1.6632 -1.7363 -1.8084 -1.8799 -1.9514 -2.0240
 -2.0984
 -0.6176 -0.6310 -0.6472 -0.6654 -0.6853 -0.7070 -0.7316 -0.7598 -0.7920 -0.8277
 -0.8652 -0.9027 -0.9388 -0.9718 -1.0010 -1.0598 -1.1098 -1.1650 -1.2266 -1.2935
 -1.3648 -1.4396 -1.5165 -1.5939 -1.6701 -1.7446 -1.8176 -1.8892 -1.9599 -2.0308
 -2.1026
 -0.6064 -0.6236 -0.6430 -0.6650 -0.6886 -0.7133 -0.7390 -0.7659 -0.7948 -0.8259
 -0.8587 -0.8919 -0.9243 -0.9551 -0.9841 -1.0482 -1.1047 -1.1617 -1.2242 -1.2915
 -1.3630 -1.4382 -1.5160 -1.5949 -1.6731 -1.7494 -1.8239 -1.8964 -1.9676 -2.0379
 -2.1080
 -0.5857 -0.6078 -0.6313 -0.6561 -0.6829 -0.7108 -0.7391 -0.7674 -0.7957 -0.8246
 -0.8543 -0.8844 -0.9144 -0.9433 -0.9708 -1.0342 -1.0946 -1.1559 -1.2197 -1.2875
 -1.3592 -1.4346 -1.5128 -1.5930 -1.6731 -1.7516 -1.8282 -1.9025 -1.9748 -2.0458
 -2.1156
 -0.5537 -0.5815 -0.6100 -0.6391 -0.6689 -0.6996 -0.7306 -0.7613 -0.7911 -0.8201
 -0.8486 -0.8770 -0.9053 -0.9331 -0.9611 -1.0178 -1.0795 -1.1476 -1.2131
 [Fe/H] = -0.50 [alpha/Fe] = 0.20 BC value = F110W
 -0.7450 -0.7753 -0.8035 -0.8281 -0.8476 -0.8625 -0.8727 -0.8763 -0.8884 -0.9041
 -0.9212 -0.9302 -0.9358 -0.9403 -0.9449 -0.9615
 -0.6883 -0.7240 -0.7591 -0.7920 -0.8212 -0.8463 -0.8667 -0.8841 -0.9043 -0.9253
 -0.9429 -0.9554 -0.9633 -0.9690 -0.9745 -0.9945 -1.0279 -1.0735 -1.1305
 -0.6381 -0.6759 -0.7150 -0.7535 -0.7899 -0.8230 -0.8522 -0.8787 -0.9057 -0.9319
 -0.9542 -0.9709 -0.9820 -0.9897 -0.9965 -1.0194 -1.0544 -1.1004 -1.1569 -1.2235
 -1.2962
 -0.5944 -0.6310 -0.6712 -0.7126 -0.7536 -0.7927 -0.8292 -0.8632 -0.8962 -0.9277
 -0.9551 -0.9767 -0.9919 -1.0024 -1.0109 -1.0362 -1.0728 -1.1199 -1.1765 -1.2418
 -1.3137 -1.3890 -1.4655
 -0.5604 -0.5929 -0.6313 -0.6730 -0.7161 -0.7589 -0.8006 -0.8404 -0.8787 -0.9151
 -0.9476 -0.9745 -0.9947 -1.0089 -1.0197 -1.0476 -1.0856 -1.1339 -1.1910 -1.2557
 -1.3263 -1.4002 -1.4753 -1.5508 -1.6271
 -0.5474 -0.5685 -0.5998 -0.6382 -0.6806 -0.7249 -0.7694 -0.8131 -0.8555 -0.8961
 -0.9333 -0.9654 -0.9910 -1.0099 -1.0239 -1.0549 -1.0945 -1.1438 -1.2016 -1.2662
 -1.3360 -1.4093 -1.4837 -1.5582 -1.6328 -1.7080
 -0.5763 -0.5779 -0.5921 -0.6187 -0.6541 -0.6953 -0.7398 -0.7849 -0.8295 -0.8730
 -0.9138 -0.9504 -0.9813 -1.0055 -1.0236 -1.0592 -1.1002 -1.1506 -1.2090 -1.2739
 -1.3435 -1.4163 -1.4907 -1.5651 -1.6390 -1.7128 -1.7873 -1.8633 -1.9403 -2.0148
 -0.6110 -0.6118 -0.6170 -0.6289 -0.6493 -0.6790 -0.7172 -0.7618 -0.8077 -0.8517
 -0.8932 -0.9318 -0.9665 -0.9957 -1.0188 -1.0605 -1.1033 -1.1548 -1.2138 -1.2790
 -1.3487 -1.4216 -1.4963 -1.5712 -1.6453 -1.7188 -1.7921 -1.8655 -1.9403 -2.0163
 -2.0902
 -0.6263 -0.6323 -0.6407 -0.6520 -0.6673 -0.6880 -0.7149 -0.7483 -0.7886 -0.8329
 -0.8765 -0.9164 -0.9516 -0.9825 -1.0092 -1.0589 -1.1040 -1.1566 -1.2162 -1.2817
 -1.3517 -1.4250 -1.5003 -1.5762 -1.6512 -1.7251 -1.7983 -1.8706 -1.9432 -2.0170
 -2.0922
 -0.6280 -0.6384 -0.6513 -0.6664 -0.6835 -0.7031 -0.7264 -0.7539 -0.7862 -0.8226
 -0.8612 -0.8998 -0.9363 -0.9689 -0.9973 -1.0541 -1.1026 -1.1566 -1.2172 -1.2831
 -1.3536 -1.4274 -1.5036 -1.5808 -1.6574 -1.7325 -1.8064 -1.8791 -1.9510 -2.0228
 -2.0957
 -0.6220 -0.6350 -0.6512 -0.6699 -0.6905 -0.7124 -0.7359 -0.7614 -0.7897 -0.8210
 -0.8543 -0.8883 -0.9214 -0.9526 -0.9816 -1.0442 -1.0981 -1.1536 -1.2151 -1.2813
 -1.3520 -1.4263 -1.5032 -1.5815 -1.6598 -1.7366 -1.8119 -1.8854 -1.9576 -2.0290
 -2.1002
 -0.6078 -0.6248 -0.6441 -0.6653 -0.6889 -0.7138 -0.7395 -0.7657 -0.7928 -0.8211
 -0.8508 -0.8814 -0.9117 -0.9408 -0.9683 -1.0309 -1.0895 -1.1483 -1.2108 -1.2776
 -1.3484 -1.4229 -1.5003 -1.5796 -1.6594 -1.7382 -1.8154 -1.8906 -1.9640 -2.0360
 -2.1070
 -0.5829 -0.6055 -0.6290 -0.6538 -0.6795 -0.7070 -0.7352 -0.7635 -0.7915 -0.8193
 -0.8471 -0.8752 -0.9034 -0.9312 -0.9574 -1.0142 -1.0768 -1.1407 -1.2043
 [Fe/H] = -0.25 [alpha/Fe] = 0.10 BC value = F110W
 -0.7911 -0.8175 -0.8401 -0.8581 -0.8682 -0.8723 -0.8715 -0.8650 -0.8739 -0.8881
 -0.9021 -0.9126 -0.9197 -0.9245 -0.9354 -0.9548
 -0.7310 -0.7637 -0.7945 -0.8220 -0.8439 -0.8601 -0.8707 -0.8787 -0.8930 -0.9113
 -0.9285 -0.9419 -0.9512 -0.9583 -0.9648 -0.9870 -1.0222 -1.0687 -1.1246
 -0.6765 -0.7123 -0.7483 -0.7826 -0.8134 -0.8394 -0.8602 -0.8779 -0.8981 -0.9205
 -0.9414 -0.9582 -0.9702 -0.9791 -0.9868 -1.0113 -1.0475 -1.0942 -1.1499 -1.2144
 -1.2864
 -0.6276 -0.6633 -0.7015 -0.7399 -0.7766 -0.8103 -0.8400 -0.8665 -0.8928 -0.9196
 -0.9445 -0.9652 -0.9808 -0.9921 -1.0014 -1.0277 -1.0650 -1.1125 -1.1684 -1.2322
 -1.3030 -1.3780 -1.4549
 -0.5880 -0.6205 -0.6578 -0.6976 -0.7377 -0.7766 -0.8131 -0.8469 -0.8792 -0.9106
 -0.9398 -0.9649 -0.9846 -0.9991 -1.0105 -1.0390 -1.0773 -1.1255 -1.1820 -1.2456
 -1.3151 -1.3888 -1.4641 -1.5400 -1.6172
 -0.5657 -0.5893 -0.6216 -0.6594 -0.7001 -0.7416 -0.7824 -0.8216 -0.8592 -0.8952
 -0.9287 -0.9583 -0.9824 -1.0010 -1.0152 -1.0466 -1.0859 -1.1348 -1.1919 -1.2556
 -1.3245 -1.3973 -1.4718 -1.5468 -1.6221 -1.6981
 -0.5801 -0.5860 -0.6053 -0.6341 -0.6693 -0.7093 -0.7515 -0.7935 -0.8348 -0.8747
 -0.9122 -0.9461 -0.9748 -0.9978 -1.0156 -1.0511 -1.0917 -1.1413 -1.1989 -1.2627
 -1.3315 -1.4038 -1.4781 -1.5529 -1.6275 -1.7021 -1.7775 -1.8548 -1.9325 -2.0076
 -0.6162 -0.6149 -0.6198 -0.6332 -0.6562 -0.6883 -0.7268 -0.7690 -0.8115 -0.8528
 -0.8924 -0.9294 -0.9623 -0.9898 -1.0118 -1.0529 -1.0950 -1.1455 -1.2035 -1.2676
 -1.3365 -1.4087 -1.4831 -1.5581 -1.6328 -1.7071 -1.7811 -1.8558 -1.9319 -2.0086
 -2.0831
 -0.6362 -0.6390 -0.6447 -0.6542 -0.6688 -0.6895 -0.7166 -0.7506 -0.7913 -0.8345
 -0.8758 -0.9135 -0.9474 -0.9776 -1.0036 -1.0518 -1.0959 -1.1475 -1.2060 -1.2703
 -1.3394 -1.4119 -1.4866 -1.5623 -1.6378 -1.7124 -1.7864 -1.8598 -1.9336 -2.0086
 -2.0847
 -0.6419 -0.6489 -0.6589 -0.6711 -0.6858 -0.7038 -0.7260 -0.7527 -0.7847 -0.8212
 -0.8600 -0.8984 -0.9339 -0.9653 -0.9927 -1.0477 -1.0948 -1.1476 -1.2071 -1.2719
 -1.3413 -1.4143 -1.4897 -1.5664 -1.6431 -1.7188 -1.7935 -1.8671 -1.9402 -2.0133
 -2.0875
 -0.6398 -0.6490 -0.6623 -0.6780 -0.6956 -0.7150 -0.7364 -0.7605 -0.7880 -0.8189
 -0.8522 -0.8862 -0.9193 -0.9503 -0.9788 -1.0393 -1.0909 -1.1449 -1.2051 -1.2703
 -1.3400 -1.4133 -1.4893 -1.5669 -1.6448 -1.7220 -1.7979 -1.8724 -1.9458 -2.0184
 -2.0908
 -0.6312 -0.6436 -0.6589 -0.6769 -0.6973 -0.7194 -0.7426 -0.7668 -0.7924 -0.8200
 -0.8493 -0.8797 -0.9099 -0.9387 -0.9658 -1.0271 -1.0836 -1.1400 -1.2011 -1.2669
 -1.3367 -1.4102 -1.4867 -1.5650 -1.6442 -1.7230 -1.8007 -1.8767 -1.9511 -2.0243
 -2.0965
 -0.6131 -0.6304 -0.6490 -0.6696 -0.6918 -0.7162 -0.7417 -0.7675 -0.7937 -0.8201
 -0.8470 -0.8746 -0.9025 -0.9298 -0.9537 -1.0111 -1.0729 -1.1329 -1.1951
 [Fe/H] =  0.00 [alpha/Fe] = 0.00 BC value = F110W
 -0.8431 -0.8637 -0.8795 -0.8816 -0.8738 -0.8628 -0.8539 -0.8515 -0.8581 -0.8710
 -0.8850 -0.8965 -0.9036 -0.9107 -0.9168 -0.9356
 -0.7846 -0.8129 -0.8381 -0.8584 -0.8717 -0.8757 -0.8737 -0.8718 -0.8804 -0.8960
 -0.9124 -0.9262 -0.9365 -0.9445 -0.9523 -0.9767 -1.0137 -1.0621 -1.1182
 -0.7264 -0.7590 -0.7906 -0.8190 -0.8423 -0.8592 -0.8692 -0.8767 -0.8896 -0.9079
 -0.9271 -0.9436 -0.9561 -0.9658 -0.9743 -1.0006 -1.0384 -1.0864 -1.1422 -1.2050
 -1.2761
 -0.6732 -0.7065 -0.7414 -0.7753 -0.8063 -0.8326 -0.8536 -0.8707 -0.8891 -0.9106
 -0.9327 -0.9523 -0.9678 -0.9795 -0.9894 -1.0168 -1.0551 -1.1036 -1.1596 -1.2221
 -1.2913 -1.3657 -1.4427
 -0.6290 -0.6598 -0.6947 -0.7312 -0.7670 -0.8003 -0.8300 -0.8558 -0.8805 -0.9061
 -0.9313 -0.9543 -0.9731 -0.9877 -0.9993 -1.0283 -1.0671 -1.1158 -1.1722 -1.2347
 -1.3031 -1.3760 -1.4514 -1.5280 -1.6064
 -0.6004 -0.6239 -0.6551 -0.6907 -0.7282 -0.7655 -0.8011 -0.8341 -0.8651 -0.8952
 -0.9241 -0.9505 -0.9729 -0.9908 -1.0050 -1.0366 -1.0758 -1.1247 -1.1814 -1.2441
 -1.3120 -1.3841 -1.4586 -1.5341 -1.6096 -1.6868
 -0.6005 -0.6117 -0.6334 -0.6613 -0.6949 -0.7321 -0.7705 -0.8081 -0.8442 -0.8788
 -0.9116 -0.9417 -0.9678 -0.9894 -1.0066 -1.0419 -1.0819 -1.1311 -1.1879 -1.2508
 -1.3187 -1.3903 -1.4644 -1.5394 -1.6145 -1.6897 -1.7662 -1.8448 -1.9233 -1.9992
 -0.6311 -0.6289 -0.6349 -0.6510 -0.6768 -0.7092 -0.7451 -0.7832 -0.8214 -0.8588
 -0.8948 -0.9284 -0.9582 -0.9835 -1.0042 -1.0444 -1.0857 -1.1355 -1.1925 -1.2555
 -1.3234 -1.3949 -1.4689 -1.5440 -1.6190 -1.6936 -1.7685 -1.8445 -1.9220 -1.9995
 -2.0747
 -0.6537 -0.6535 -0.6572 -0.6657 -0.6801 -0.7011 -0.7287 -0.7627 -0.8017 -0.8413
 -0.8786 -0.9132 -0.9451 -0.9735 -0.9978 -1.0440 -1.0872 -1.1376 -1.1951 -1.2582
 -1.3262 -1.3979 -1.4720 -1.5475 -1.6231 -1.6981 -1.7728 -1.8474 -1.9223 -1.9988
 -2.0757
 -0.6626 -0.6662 -0.6732 -0.6830 -0.6957 -0.7123 -0.7334 -0.7592 -0.7904 -0.8261
 -0.8636 -0.8998 -0.9330 -0.9623 -0.9882 -1.0408 -1.0865 -1.1381 -1.1964 -1.2599
 -1.3282 -1.4003 -1.4749 -1.5511 -1.6276 -1.7036 -1.7788 -1.8534 -1.9277 -2.0021
 -2.0777
 -0.6640 -0.6694 -0.6792 -0.6920 -0.7069 -0.7239 -0.7434 -0.7660 -0.7922 -0.8221
 -0.8543 -0.8873 -0.9192 -0.9491 -0.9762 -1.0338 -1.0832 -1.1357 -1.1947 -1.2587
 -1.3271 -1.3995 -1.4745 -1.5513 -1.6287 -1.7059 -1.7823 -1.8576 -1.9320 -2.0060
 -2.0797
 -0.6597 -0.6674 -0.6785 -0.6935 -0.7109 -0.7302 -0.7509 -0.7730 -0.7971 -0.8233
 -0.8516 -0.8810 -0.9101 -0.9379 -0.9640 -1.0229 -1.0770 -1.1313 -1.1909 -1.2555
 -1.3241 -1.3966 -1.4721 -1.5495 -1.6278 -1.7063 -1.7842 -1.8609 -1.9363 -2.0106
 -2.0842
 -0.6475 -0.6590 -0.6730 -0.6893 -0.7083 -0.7296 -0.7523 -0.7758 -0.7998 -0.8246
 -0.8502 -0.8768 -0.9036 -0.9298 -0.9516 -1.0081 -1.0679 -1.1249 -1.1850
 [Fe/H] =  0.25 [alpha/Fe] = 0.00 BC value = F110W
 -0.9061 -0.9215 -0.9305 -0.9045 -0.8613 -0.8272 -0.8140 -0.8175 -0.8235 -0.8370
 -0.8540 -0.8700 -0.8830 -0.8916 -0.9010 -0.9261
 -0.8378 -0.8624 -0.8818 -0.8850 -0.8762 -0.8625 -0.8501 -0.8438 -0.8475 -0.8620
 -0.8808 -0.8987 -0.9134 -0.9254 -0.9357 -0.9643 -1.0032 -1.0534 -1.1104
 -0.7723 -0.8027 -0.8298 -0.8513 -0.8647 -0.8679 -0.8627 -0.8550 -0.8593 -0.8747
 -0.8952 -0.9152 -0.9321 -0.9457 -0.9573 -0.9874 -1.0271 -1.0764 -1.1328 -1.1948
 -1.2634
 -0.7096 -0.7424 -0.7745 -0.8034 -0.8269 -0.8433 -0.8517 -0.8547 -0.8625 -0.8792
 -0.9011 -0.9234 -0.9429 -0.9588 -0.9719 -1.0033 -1.0431 -1.0925 -1.1490 -1.2108
 -1.2781 -1.3505 -1.4272
 -0.6547 -0.6864 -0.7203 -0.7537 -0.7843 -0.8102 -0.8304 -0.8446 -0.8585 -0.8774
 -0.9008 -0.9253 -0.9476 -0.9662 -0.9815 -1.0148 -1.0548 -1.1041 -1.1608 -1.2226
 -1.2896 -1.3613 -1.4364 -1.5134 -1.5920
 -0.6118 -0.6392 -0.6714 -0.7060 -0.7405 -0.7729 -0.8017 -0.8259 -0.8474 -0.8701
 -0.8956 -0.9221 -0.9471 -0.9687 -0.9866 -1.0233 -1.0635 -1.1127 -1.1694 -1.2315
 -1.2983 -1.3692 -1.4432 -1.5189 -1.5954 -1.6733
 -0.5937 -0.6093 -0.6339 -0.6649 -0.6995 -0.7349 -0.7691 -0.8007 -0.8296 -0.8575
 -0.8859 -0.9148 -0.9422 -0.9668 -0.9876 -1.0288 -1.0700 -1.1192 -1.1757 -1.2379
 -1.3047 -1.3754 -1.4488 -1.5238 -1.5993 -1.6753 -1.7527 -1.8326 -1.9118 -1.9886
 -0.6087 -0.6088 -0.6213 -0.6437 -0.6710 -0.7022 -0.7367 -0.7722 -0.8067 -0.8397
 -0.8719 -0.9035 -0.9335 -0.9609 -0.9847 -1.0314 -1.0743 -1.1238 -1.1803 -1.2424
 -1.3093 -1.3799 -1.4531 -1.5279 -1.6031 -1.6783 -1.7540 -1.8309 -1.9098 -1.9881
 -2.0642
 -0.6372 -0.6334 -0.6351 -0.6440 -0.6609 -0.6852 -0.7148 -0.7477 -0.7832 -0.8190
 -0.8542 -0.8885 -0.9212 -0.9513 -0.9779 -1.0308 -1.0761 -1.1264 -1.1832 -1.2453
 -1.3123 -1.3830 -1.4562 -1.5311 -1.6064 -1.6816 -1.7569 -1.8323 -1.9086 -1.9866
 -2.0644
 -0.6514 -0.6512 -0.6545 -0.6613 -0.6724 -0.6885 -0.7095 -0.7356 -0.7667 -0.8021
 -0.8384 -0.8737 -0.9074 -0.9390 -0.9681 -1.0272 -1.0758 -1.1273 -1.1849 -1.2474
 -1.3145 -1.3856 -1.4592 -1.5344 -1.6103 -1.6861 -1.7617 -1.8370 -1.9124 -1.9883
 -2.0655
 -0.6557 -0.6580 -0.6643 -0.6736 -0.6854 -0.7000 -0.7179 -0.7394 -0.7649 -0.7948
 -0.8279 -0.8623 -0.8956 -0.9271 -0.9563 -1.0200 -1.0724 -1.1252 -1.1836 -1.2467
 -1.3139 -1.3850 -1.4590 -1.5346 -1.6111 -1.6877 -1.7642 -1.8400 -1.9154 -1.9905
 -2.0659
 -0.6561 -0.6592 -0.6667 -0.6783 -0.6924 -0.7087 -0.7270 -0.7474 -0.7706 -0.7968
 -0.8259 -0.8570 -0.8883 -0.9184 -0.9466 -1.0098 -1.0664 -1.1210 -1.1802 -1.2439
 -1.3114 -1.3827 -1.4569 -1.5330 -1.6101 -1.6877 -1.7653 -1.8422 -1.9184 -1.9939
 -2.0688
 -0.6529 -0.6574 -0.6659 -0.6777 -0.6935 -0.7117 -0.7317 -0.7531 -0.7759 -0.8005
 -0.8269 -0.8551 -0.8839 -0.9124 -0.9390 -0.9966 -1.0578 -1.1147 -1.1747
 [Fe/H] =  0.50 [alpha/Fe] = 0.00 BC value = F110W
 -0.9707 -0.9077 -0.8495 -0.8011 -0.7800 -0.7779 -0.7810 -0.7796 -0.7865 -0.8003
 -0.8193 -0.8391 -0.8566 -0.8710 -0.8811 -0.9104
 -0.8978 -0.8945 -0.8874 -0.8769 -0.8633 -0.8469 -0.8280 -0.8114 -0.8122 -0.8251
 -0.8452 -0.8664 -0.8853 -0.9014 -0.9154 -0.9490 -0.9909 -1.0426 -1.1009
 -0.8256 -0.8543 -0.8760 -0.8893 -0.8876 -0.8733 -0.8510 -0.8291 -0.8264 -0.8385
 -0.8593 -0.8821 -0.9030 -0.9208 -0.9359 -0.9712 -1.0134 -1.0642 -1.1206 -1.1825
 -1.2503
 -0.7541 -0.7870 -0.8152 -0.8383 -0.8529 -0.8572 -0.8500 -0.8365 -0.8333 -0.8445
 -0.8655 -0.8898 -0.9130 -0.9331 -0.9499 -0.9867 -1.0286 -1.0793 -1.1366 -1.1983
 -1.2648 -1.3362 -1.4122
 -0.6887 -0.7214 -0.7539 -0.7835 -0.8077 -0.8248 -0.8330 -0.8330 -0.8341 -0.8455
 -0.8663 -0.8917 -0.9171 -0.9397 -0.9589 -0.9983 -1.0401 -1.0904 -1.1476 -1.2093
 -1.2753 -1.3458 -1.4202 -1.4974 -1.5771
 -0.6340 -0.6638 -0.6964 -0.7292 -0.7596 -0.7857 -0.8058 -0.8191 -0.8284 -0.8420
 -0.8631 -0.8892 -0.9163 -0.9415 -0.9634 -1.0069 -1.0491 -1.0988 -1.1558 -1.2176
 -1.2835 -1.3535 -1.4268 -1.5025 -1.5795 -1.6585
 -0.5962 -0.6185 -0.6473 -0.6795 -0.7125 -0.7440 -0.7723 -0.7960 -0.8152 -0.8338
 -0.8564 -0.8832 -0.9117 -0.9391 -0.9638 -1.0125 -1.0560 -1.1055 -1.1620 -1.2238
 -1.2898 -1.3595 -1.4323 -1.5071 -1.5829 -1.6594 -1.7379 -1.8185 -1.8987 -1.9766
 -0.5965 -0.6032 -0.6192 -0.6426 -0.6716 -0.7037 -0.7363 -0.7670 -0.7948 -0.8201
 -0.8459 -0.8742 -0.9039 -0.9331 -0.9602 -1.0149 -1.0608 -1.1105 -1.1667 -1.2283
 -1.2943 -1.3641 -1.4366 -1.5109 -1.5861 -1.6617 -1.7380 -1.8159 -1.8962 -1.9751
 -2.0522
 -0.6192 -0.6140 -0.6174 -0.6313 -0.6527 -0.6782 -0.7059 -0.7365 -0.7691 -0.8006
 -0.8311 -0.8619 -0.8931 -0.9240 -0.9531 -1.0139 -1.0631 -1.1137 -1.1701 -1.2314
 -1.2974 -1.3672 -1.4397 -1.5139 -1.5890 -1.6642 -1.7397 -1.8159 -1.8934 -1.9729
 -2.0514
 -0.6398 -0.6362 -0.6365 -0.6419 -0.6532 -0.6703 -0.6927 -0.7187 -0.7476 -0.7796
 -0.8127 -0.8463 -0.8798 -0.9125 -0.9435 -1.0097 -1.0629 -1.1150 -1.1721 -1.2339
 -1.2999 -1.3699 -1.4427 -1.5172 -1.5925 -1.6679 -1.7436 -1.8193 -1.8956 -1.9728
 -2.0517
 -0.6475 -0.6468 -0.6500 -0.6562 -0.6656 -0.6788 -0.6957 -0.7161 -0.7402 -0.7683
 -0.7997 -0.8325 -0.8656 -0.8985 -0.9305 -1.0018 -1.0593 -1.1134 -1.1714 -1.2336
 -1.2997 -1.3696 -1.4426 -1.5174 -1.5931 -1.6690 -1.7451 -1.8211 -1.8972 -1.9734
 -2.0502
 -0.6496 -0.6495 -0.6549 -0.6636 -0.6749 -0.6886 -0.7047 -0.7234 -0.7449 -0.7695
 -0.7974 -0.8280 -0.8596 -0.8906 -0.9206 -0.9910 -1.0530 -1.1094 -1.1683 -1.2313
 -1.2978 -1.3677 -1.4408 -1.5159 -1.5921 -1.6687 -1.7456 -1.8224 -1.8989 -1.9753
 -2.0515
 -0.6505 -0.6507 -0.6557 -0.6654 -0.6784 -0.6939 -0.7114 -0.7306 -0.7517 -0.7749
 -0.8006 -0.8286 -0.8581 -0.8878 -0.9138 -0.9773 -1.0440 -1.1030 -1.1628
 [Fe/H] =  0.75 [alpha/Fe] = 0.00 BC value = F110W
 -1.0396 -0.8524 -0.6929 -0.5982 -0.5949 -0.6474 -0.7079 -0.7407 -0.7480 -0.7621
 -0.7822 -0.8048 -0.8263 -0.8456 -0.8615 -0.9036
 -0.9628 -0.9121 -0.8708 -0.8378 -0.8124 -0.7939 -0.7816 -0.7751 -0.7752 -0.7865
 -0.8069 -0.8305 -0.8530 -0.8732 -0.8909 -0.9309 -0.9768 -1.0302 -1.0897
 -0.8845 -0.9102 -0.9270 -0.9310 -0.9082 -0.8689 -0.8277 -0.7981 -0.7916 -0.8004
 -0.8205 -0.8452 -0.8695 -0.8912 -0.9101 -0.9520 -0.9972 -1.0500 -1.1086 -1.1710
 -1.2372
 -0.8047 -0.8467 -0.8616 -0.8779 -0.8824 -0.8725 -0.8461 -0.8140 -0.8021 -0.8081
 -0.8271 -0.8525 -0.8787 -0.9025 -0.9233 -0.9669 -1.0118 -1.0641 -1.1224 -1.1845
 -1.2503 -1.3207 -1.3963
 -0.7290 -0.7628 -0.7938 -0.8190 -0.8359 -0.8424 -0.8369 -0.8201 -0.8079 -0.8118
 -0.8292 -0.8546 -0.8822 -0.9084 -0.9316 -0.9784 -1.0231 -1.0746 -1.1326 -1.1947
 -1.2603 -1.3298 -1.4034 -1.4806 -1.5612
 -0.6630 -0.6954 -0.7282 -0.7587 -0.7843 -0.8029 -0.8128 -0.8128 -0.8082 -0.8120
 -0.8280 -0.8528 -0.8813 -0.9096 -0.9354 -0.9869 -1.0323 -1.0830 -1.1404 -1.2024
 -1.2678 -1.3370 -1.4097 -1.4850 -1.5627 -1.6429
 -0.6111 -0.6383 -0.6693 -0.7013 -0.7317 -0.7583 -0.7794 -0.7934 -0.8008 -0.8085
 -0.8242 -0.8483 -0.8771 -0.9068 -0.9349 -0.9924 -1.0396 -1.0899 -1.1467 -1.2083
 -1.2737 -1.3427 -1.4149 -1.4894 -1.5655 -1.6428 -1.7223 -1.8040 -1.8841 -1.9632
 -0.5878 -0.6019 -0.6238 -0.6519 -0.6826 -0.7131 -0.7413 -0.7652 -0.7842 -0.7996
 -0.8174 -0.8414 -0.8701 -0.9008 -0.9308 -0.9943 -1.0448 -1.0955 -1.1517 -1.2130
 -1.2782 -1.3471 -1.4190 -1.4930 -1.5683 -1.6442 -1.7212 -1.8001 -1.8812 -1.9606
 -2.0388
 -0.6003 -0.6002 -0.6098 -0.6274 -0.6499 -0.6749 -0.7030 -0.7323 -0.7597 -0.7840
 -0.8066 -0.8320 -0.8610 -0.8922 -0.9234 -0.9925 -1.0473 -1.0992 -1.1555 -1.2164
 -1.2815 -1.3503 -1.4221 -1.4959 -1.5707 -1.6460 -1.7219 -1.7986 -1.8771 -1.9577
 -2.0368
 -0.6268 -0.6205 -0.6200 -0.6264 -0.6405 -0.6606 -0.6832 -0.7064 -0.7323 -0.7616
 -0.7907 -0.8196 -0.8499 -0.8818 -0.9139 -0.9875 -1.0471 -1.1011 -1.1581 -1.2193
 -1.2844 -1.3532 -1.4252 -1.4991 -1.5740 -1.6493 -1.7249 -1.8009 -1.8777 -1.9561
 -2.0363
 -0.6392 -0.6359 -0.6362 -0.6401 -0.6484 -0.6613 -0.6782 -0.6982 -0.7204 -0.7447
 -0.7724 -0.8029 -0.8351 -0.8683 -0.9016 -0.9788 -1.0431 -1.0998 -1.1579 -1.2196
 -1.2847 -1.3534 -1.4253 -1.4994 -1.5745 -1.6500 -1.7257 -1.8017 -1.8780 -1.9551
 -2.0330
 -0.6424 -0.6411 -0.6439 -0.6500 -0.6588 -0.6705 -0.6852 -0.7025 -0.7220 -0.7438
 -0.7684 -0.7961 -0.8257 -0.8566 -0.8886 -0.9676 -1.0360 -1.0958 -1.1553 -1.2179
 -1.2834 -1.3521 -1.4239 -1.4981 -1.5736 -1.6495 -1.7258 -1.8022 -1.8787 -1.9555
 -2.0328
 -0.6441 -0.6426 -0.6458 -0.6534 -0.6641 -0.6773 -0.6926 -0.7098 -0.7291 -0.7502
 -0.7733 -0.7991 -0.8270 -0.8561 -0.8749 -0.9539 -1.0258 -1.0891 -1.1503
 [Fe/H] =  1.00 [alpha/Fe] = 0.00 BC value = F110W
 -1.1102 -0.7630 -0.4951 -0.4000 -0.4223 -0.5459 -0.6920 -0.7100 -0.7107 -0.7242
 -0.7447 -0.7692 -0.7939 -0.8170 -0.8382 -0.8869
 -1.0303 -0.9528 -0.8893 -0.8385 -0.7992 -0.7703 -0.7509 -0.7401 -0.7381 -0.7476
 -0.7672 -0.7923 -0.8179 -0.8417 -0.8633 -0.9111 -0.9610 -1.0163 -1.0769
 -0.9466 -1.0077 -1.0281 -1.0119 -0.9628 -0.8841 -0.7977 -0.7655 -0.7564 -0.7620
 -0.7803 -0.8058 -0.8326 -0.8578 -0.8805 -0.9301 -0.9792 -1.0343 -1.0944 -1.1576
 -1.2241
 -0.8591 -0.9277 -0.9113 -0.9200 -0.9130 -0.8872 -0.8324 -0.7862 -0.7699 -0.7712
 -0.7874 -0.8127 -0.8408 -0.8679 -0.8923 -0.9439 -0.9929 -1.0473 -1.1069 -1.1696
 -1.2355 -1.3052 -1.3800
 -0.7735 -0.8085 -0.8377 -0.8580 -0.8667 -0.8614 -0.8401 -0.8037 -0.7803 -0.7773
 -0.7908 -0.8150 -0.8438 -0.8729 -0.8996 -0.9547 -1.0036 -1.0570 -1.1162 -1.1788
 -1.2444 -1.3134 -1.3863 -1.4635 -1.5449
 -0.6964 -0.7315 -0.7645 -0.7924 -0.8125 -0.8226 -0.8209 -0.8062 -0.7867 -0.7810
 -0.7916 -0.8141 -0.8430 -0.8735 -0.9026 -0.9628 -1.0128 -1.0652 -1.1236 -1.1860
 -1.2514 -1.3200 -1.3921 -1.4673 -1.5454 -1.6267
 -0.6322 -0.6636 -0.6965 -0.7280 -0.7553 -0.7764 -0.7891 -0.7920 -0.7860 -0.7821
 -0.7906 -0.8111 -0.8392 -0.8705 -0.9015 -0.9678 -1.0203 -1.0724 -1.1298 -1.1917
 -1.2569 -1.3253 -1.3970 -1.4712 -1.5472 -1.6254 -1.7062 -1.7879 -1.8683 -1.9485
 -0.5884 -0.6115 -0.6389 -0.6694 -0.6996 -0.7270 -0.7496 -0.7658 -0.7745 -0.7785
 -0.7874 -0.8064 -0.8333 -0.8646 -0.8968 -0.9690 -1.0257 -1.0784 -1.1351 -1.1964
 -1.2613 -1.3295 -1.4008 -1.4745 -1.5495 -1.6258 -1.7038 -1.7838 -1.8651 -1.9448
 -2.0241
 -0.5847 -0.5931 -0.6078 -0.6279 -0.6525 -0.6801 -0.7075 -0.7322 -0.7524 -0.7675
 -0.7810 -0.7999 -0.8258 -0.8566 -0.8892 -0.9663 -1.0281 -1.0827 -1.1393 -1.2002
 -1.2647 -1.3326 -1.4037 -1.4771 -1.5518 -1.6274 -1.7035 -1.7809 -1.8604 -1.9414
 -2.0208
 -0.6110 -0.6042 -0.6065 -0.6176 -0.6359 -0.6555 -0.6754 -0.6979 -0.7232 -0.7477
 -0.7692 -0.7911 -0.8170 -0.8473 -0.8801 -0.9604 -1.0275 -1.0850 -1.1425 -1.2035
 -1.2680 -1.3358 -1.4068 -1.4802 -1.5549 -1.6302 -1.7059 -1.7820 -1.8594 -1.9387
 -2.0196
 -0.6298 -0.6242 -0.6225 -0.6256 -0.6345 -0.6488 -0.6666 -0.6856 -0.7039 -0.7243
 -0.7501 -0.7771 -0.8053 -0.8359 -0.8686 -0.9510 -1.0228 -1.0839 -1.1430 -1.2045
 -1.2689 -1.3365 -1.4072 -1.4805 -1.5552 -1.6305 -1.7062 -1.7821 -1.8585 -1.9361
 -2.0149
 -0.6357 -0.6329 -0.6336 -0.6373 -0.6443 -0.6549 -0.6689 -0.6851 -0.7028 -0.7211
 -0.7406 -0.7641 -0.7918 -0.8226 -0.8556 -0.9395 -1.0149 -1.0798 -1.1408 -1.2033
 -1.2683 -1.3359 -1.4065 -1.4796 -1.5544 -1.6300 -1.7059 -1.7819 -1.8582 -1.9351
 -2.0128
 -0.6371 -0.6345 -0.6368 -0.6426 -0.6513 -0.6624 -0.6760 -0.6917 -0.7090 -0.7274
 -0.7467 -0.7680 -0.7920 -0.8187 -0.8411 -0.9259 -1.0038 -1.0727 -1.1359
