 [Fe/H] = -4.00 [alpha/Fe] = 0.40 BC value = F606W
  1.0062  2.8690  3.9967  2.8376 -0.3250 -4.6480 -3.6542 -1.8095 -0.6867 -0.5200
 -0.3538 -0.2617 -0.6471 -1.1313 -1.2726 -0.8412
 -1.9593 -1.0467 -0.2851 -0.5142 -1.6192 -3.4952 -3.0450 -2.1836 -1.5218 -1.2266
 -0.9981 -0.8763 -0.9866 -1.1548 -1.1720 -0.7992 -0.5565 -0.4111 -0.3969
 -3.1171 -2.7664 -2.3264 -2.1104 -2.1175 -2.5144 -2.3633 -2.0901 -1.7887 -1.5237
 -1.3216 -1.1985 -1.1491 -1.1212 -1.0559 -0.7501 -0.5376 -0.4052 -0.3436 -0.2943
 -0.2014
 -2.4672 -2.2901 -2.1272 -1.9510 -1.8199 -1.7057 -1.6091 -1.5290 -1.4875 -1.4112
 -1.3242 -1.2282 -1.1344 -1.0305 -0.9243 -0.6939 -0.5220 -0.4040 -0.3223 -0.2656
 -0.2231 -0.1896 -0.1616
 -2.1682 -2.0381 -1.9127 -1.7805 -1.6633 -1.5547 -1.4570 -1.3707 -1.2949 -1.2252
 -1.1544 -1.0783 -1.0003 -0.9200 -0.8375 -0.6489 -0.5067 -0.4071 -0.3361 -0.2838
 -0.2437 -0.2116 -0.1847 -0.1629 -0.1464
 -1.8816 -1.7904 -1.6981 -1.6025 -1.5055 -1.4106 -1.3207 -1.2374 -1.1616 -1.0924
 -1.0281 -0.9652 -0.9003 -0.8361 -0.7689 -0.6129 -0.4922 -0.4070 -0.3458 -0.2992
 -0.2626 -0.2328 -0.2077 -0.1863 -0.1682 -0.1543
 -1.6074 -1.5470 -1.4834 -1.4170 -1.3465 -1.2734 -1.2002 -1.1291 -1.0613 -0.9975
 -0.9379 -0.8816 -0.8272 -0.7740 -0.7185 -0.5859 -0.4785 -0.4037 -0.3514 -0.3118
 -0.2798 -0.2532 -0.2305 -0.2106 -0.1931 -0.1783 -0.1667 -0.1626 -0.1687 -0.1816
 -1.3456 -1.3079 -1.2686 -1.2279 -1.1838 -1.1353 -1.0833 -1.0297 -0.9756 -0.9221
 -0.8701 -0.8200 -0.7721 -0.7257 -0.6797 -0.5655 -0.4681 -0.3974 -0.3509 -0.3182
 -0.2925 -0.2706 -0.2515 -0.2345 -0.2190 -0.2049 -0.1920 -0.1837 -0.1839 -0.1943
 -0.2124
 -1.1088 -1.0865 -1.0650 -1.0442 -1.0214 -0.9955 -0.9655 -0.9312 -0.8936 -0.8538
 -0.8122 -0.7702 -0.7286 -0.6879 -0.6475 -0.5487 -0.4594 -0.3910 -0.3455 -0.3171
 -0.2977 -0.2822 -0.2684 -0.2557 -0.2436 -0.2320 -0.2217 -0.2120 -0.2068 -0.2101
 -0.2247
 -0.8951 -0.8873 -0.8805 -0.8746 -0.8678 -0.8592 -0.8474 -0.8314 -0.8107 -0.7852
 -0.7559 -0.7237 -0.6896 -0.6547 -0.6194 -0.5317 -0.4499 -0.3838 -0.3380 -0.3101
 -0.2948 -0.2856 -0.2784 -0.2716 -0.2644 -0.2570 -0.2496 -0.2428 -0.2376 -0.2369
 -0.2410
 -0.7061 -0.7114 -0.7163 -0.7208 -0.7254 -0.7290 -0.7306 -0.7293 -0.7239 -0.7130
 -0.6966 -0.6755 -0.6508 -0.6233 -0.5937 -0.5158 -0.4409 -0.3772 -0.3310 -0.3017
 -0.2866 -0.2810 -0.2800 -0.2799 -0.2791 -0.2772 -0.2746 -0.2714 -0.2684 -0.2666
 -0.2657
 -0.5500 -0.5588 -0.5698 -0.5827 -0.5959 -0.6079 -0.6190 -0.6281 -0.6342 -0.6352
 -0.6309 -0.6216 -0.6075 -0.5891 -0.5667 -0.5003 -0.4312 -0.3703 -0.3240 -0.2936
 -0.2771 -0.2717 -0.2739 -0.2796 -0.2855 -0.2903 -0.2937 -0.2958 -0.2969 -0.2978
 -0.2997
 -0.4269 -0.4296 -0.4410 -0.4603 -0.4793 -0.4959 -0.5143 -0.5307 -0.5445 -0.5542
 -0.5596 -0.5613 -0.5593 -0.5521 -0.5385 -0.4852 -0.4208 -0.3631 -0.3170
 [Fe/H] = -3.00 [alpha/Fe] = 0.40 BC value = F606W
 -2.8048 -2.4640 -2.2535 -2.1633 -2.1688 -2.4816 -2.2392 -2.0212 -1.8559 -1.7249
 -1.5484 -1.3718 -1.2940 -1.2642 -1.1922 -0.8535
 -2.7236 -2.3877 -2.1559 -2.0199 -1.9637 -2.0882 -1.9494 -1.8142 -1.6955 -1.5873
 -1.4604 -1.3322 -1.2389 -1.1634 -1.0709 -0.7824 -0.5629 -0.4112 -0.3080
 -2.6298 -2.3070 -2.0658 -1.8989 -1.7968 -1.7875 -1.7096 -1.6278 -1.5424 -1.4538
 -1.3621 -1.2677 -1.1706 -1.0712 -0.9696 -0.7230 -0.5360 -0.4043 -0.3132 -0.2492
 -0.2023
 -2.5234 -2.2219 -1.9832 -1.8003 -1.6679 -1.5795 -1.5198 -1.4620 -1.3969 -1.3245
 -1.2535 -1.1784 -1.0891 -0.9877 -0.8883 -0.6753 -0.5148 -0.4006 -0.3203 -0.2624
 -0.2189 -0.1851 -0.1570
 -2.4044 -2.1324 -1.9081 -1.7241 -1.5771 -1.4642 -1.3800 -1.3167 -1.2588 -1.1993
 -1.1345 -1.0643 -0.9943 -0.9128 -0.8270 -0.6393 -0.4993 -0.4001 -0.3293 -0.2769
 -0.2367 -0.2046 -0.1784 -0.1571 -0.1411
 -2.2728 -2.0385 -1.8405 -1.6703 -1.5244 -1.4028 -1.3051 -1.2270 -1.1623 -1.1045
 -1.0454 -0.9812 -0.9183 -0.8521 -0.7793 -0.6125 -0.4866 -0.3994 -0.3379 -0.2913
 -0.2546 -0.2249 -0.2001 -0.1792 -0.1619 -0.1484
 -2.1203 -1.9245 -1.7580 -1.6110 -1.4783 -1.3595 -1.2567 -1.1710 -1.0992 -1.0363
 -0.9770 -0.9182 -0.8583 -0.8027 -0.7405 -0.5921 -0.4757 -0.3961 -0.3427 -0.3030
 -0.2710 -0.2445 -0.2221 -0.2028 -0.1860 -0.1721 -0.1614 -0.1580 -0.1646 -0.1777
 -1.9543 -1.7923 -1.6556 -1.5347 -1.4222 -1.3160 -1.2169 -1.1289 -1.0533 -0.9879
 -0.9286 -0.8716 -0.8150 -0.7619 -0.7078 -0.5754 -0.4665 -0.3902 -0.3418 -0.3088
 -0.2831 -0.2613 -0.2426 -0.2262 -0.2114 -0.1982 -0.1875 -0.1796 -0.1794 -0.1904
 -0.2086
 -1.6750 -1.6177 -1.5389 -1.4409 -1.3496 -1.2611 -1.1737 -1.0901 -1.0142 -0.9476
 -0.8885 -0.8339 -0.7811 -0.7296 -0.6802 -0.5598 -0.4586 -0.3835 -0.3343 -0.3075
 -0.2847 -0.2727 -0.2592 -0.2470 -0.2357 -0.2249 -0.2154 -0.2102 -0.2097 -0.2135
 -0.2210
 -1.5842 -1.4765 -1.3943 -1.3350 -1.2614 -1.1901 -1.1182 -1.0456 -0.9747 -0.9090
 -0.8504 -0.7977 -0.7484 -0.7009 -0.6551 -0.5436 -0.4489 -0.3766 -0.3283 -0.3004
 -0.2853 -0.2762 -0.2693 -0.2628 -0.2564 -0.2496 -0.2430 -0.2370 -0.2325 -0.2314
 -0.2372
 -1.4276 -1.3404 -1.2738 -1.2257 -1.1657 -1.1076 -1.0504 -0.9912 -0.9306 -0.8705
 -0.8139 -0.7628 -0.7164 -0.6729 -0.6311 -0.5292 -0.4398 -0.3698 -0.3212 -0.2917
 -0.2772 -0.2720 -0.2711 -0.2714 -0.2712 -0.2699 -0.2680 -0.2655 -0.2631 -0.2620
 -0.2617
 -1.2562 -1.2094 -1.1608 -1.1106 -1.0673 -1.0268 -0.9850 -0.9250 -0.8763 -0.8258
 -0.7752 -0.7269 -0.6828 -0.6426 -0.6048 -0.5144 -0.4300 -0.3626 -0.3141 -0.2835
 -0.2676 -0.2629 -0.2655 -0.2715 -0.2779 -0.2832 -0.2872 -0.2899 -0.2916 -0.2931
 -0.2955
 -1.0699 -1.0834 -1.0552 -0.9897 -0.9662 -0.9477 -0.9016 -0.8665 -0.8284 -0.7719
 -0.7302 -0.6883 -0.6477 -0.6103 -0.5762 -0.4992 -0.4195 -0.3550 -0.3070
 [Fe/H] = -2.50 [alpha/Fe] = 0.40 BC value = F606W
 -3.8550 -3.6409 -3.4833 -3.1646 -2.6997 -2.3136 -2.1505 -2.1135 -2.0457 -1.9008
 -1.7259 -1.5447 -1.3846 -1.2524 -1.1233 -0.8279
 -3.4131 -3.0981 -2.8642 -2.5992 -2.3041 -2.0624 -1.9230 -1.8436 -1.7602 -1.6501
 -1.5256 -1.3914 -1.2576 -1.1336 -1.0160 -0.7581 -0.5547 -0.4063 -0.2927
 -3.0826 -2.7037 -2.4182 -2.1836 -1.9922 -1.8412 -1.7222 -1.6242 -1.5361 -1.4498
 -1.3594 -1.2598 -1.1497 -1.0367 -0.9299 -0.7024 -0.5271 -0.3986 -0.3045 -0.2385
 -0.1969
 -2.8635 -2.4577 -2.1453 -1.9178 -1.7640 -1.6500 -1.5481 -1.4553 -1.3734 -1.2999
 -1.2273 -1.1499 -1.0609 -0.9617 -0.8650 -0.6608 -0.5067 -0.3943 -0.3144 -0.2565
 -0.2128 -0.1790 -0.1525
 -2.7558 -2.3601 -2.0455 -1.8018 -1.6195 -1.4888 -1.4007 -1.3369 -1.2721 -1.2004
 -1.1293 -1.0617 -0.9912 -0.9086 -0.8213 -0.6333 -0.4935 -0.3934 -0.3225 -0.2701
 -0.2298 -0.1978 -0.1719 -0.1502 -0.1340
 -2.6798 -2.3076 -2.0065 -1.7656 -1.5752 -1.4283 -1.3182 -1.2365 -1.1755 -1.1231
 -1.0638 -0.9978 -0.9340 -0.8662 -0.7902 -0.6154 -0.4847 -0.3931 -0.3300 -0.2834
 -0.2469 -0.2173 -0.1928 -0.1725 -0.1558 -0.1429
 -2.5928 -2.2546 -1.9770 -1.7499 -1.5636 -1.4111 -1.2888 -1.1928 -1.1171 -1.0546
 -0.9993 -0.9440 -0.8857 -0.8276 -0.7626 -0.6024 -0.4779 -0.3912 -0.3343 -0.2940
 -0.2623 -0.2362 -0.2142 -0.1954 -0.1793 -0.1660 -0.1560 -0.1533 -0.1602 -0.1735
 -2.4806 -2.1810 -1.9332 -1.7274 -1.5540 -1.4061 -1.2800 -1.1744 -1.0882 -1.0170
 -0.9550 -0.8975 -0.8415 -0.7888 -0.7336 -0.5900 -0.4714 -0.3872 -0.3336 -0.2992
 -0.2736 -0.2523 -0.2341 -0.2181 -0.2040 -0.1915 -0.1816 -0.1745 -0.1749 -0.1862
 -0.2046
 -2.3483 -2.0862 -1.8686 -1.6868 -1.5316 -1.3955 -1.2740 -1.1660 -1.0724 -0.9938
 -0.9266 -0.8664 -0.8099 -0.7558 -0.7051 -0.5754 -0.4643 -0.3815 -0.3287 -0.2979
 -0.2783 -0.2632 -0.2502 -0.2385 -0.2277 -0.2177 -0.2089 -0.2021 -0.1986 -0.2016
 -0.2171
 -2.1999 -1.9742 -1.7846 -1.6256 -1.4893 -1.3682 -1.2573 -1.1545 -1.0602 -0.9766
 -0.9043 -0.8415 -0.7845 -0.7307 -0.6804 -0.5588 -0.4547 -0.3747 -0.3212 -0.2910
 -0.2755 -0.2666 -0.2600 -0.2540 -0.2481 -0.2420 -0.2361 -0.2309 -0.2272 -0.2268
 -0.2331
 -2.0509 -1.8594 -1.6935 -1.5530 -1.4331 -1.3267 -1.2284 -1.1350 -1.0460 -0.9626
 -0.8872 -0.8210 -0.7628 -0.7100 -0.6606 -0.5449 -0.4453 -0.3681 -0.3143 -0.2825
 -0.2676 -0.2625 -0.2619 -0.2625 -0.2627 -0.2620 -0.2608 -0.2590 -0.2574 -0.2570
 -0.2573
 -1.9054 -1.7440 -1.5996 -1.4742 -1.3663 -1.2718 -1.1852 -1.1025 -1.0221 -0.9441
 -0.8700 -0.8020 -0.7417 -0.6886 -0.6406 -0.5317 -0.4359 -0.3608 -0.3075 -0.2742
 -0.2579 -0.2535 -0.2565 -0.2628 -0.2695 -0.2753 -0.2799 -0.2832 -0.2856 -0.2878
 -0.2909
 -1.7633 -1.6280 -1.5066 -1.3944 -1.2958 -1.2092 -1.1311 -1.0579 -0.9867 -0.9167
 -0.8481 -0.7824 -0.7213 -0.6668 -0.6204 -0.5192 -0.4265 -0.3528 -0.3008
 [Fe/H] = -2.00 [alpha/Fe] = 0.40 BC value = F606W
 -4.5743 -4.1159 -3.7480 -3.4828 -3.1987 -2.9154 -2.6225 -2.3371 -2.0728 -1.8490
 -1.6555 -1.4850 -1.3335 -1.1975 -1.0426 -0.7834
 -4.3075 -3.8351 -3.4211 -3.0628 -2.7565 -2.4884 -2.2442 -2.0157 -1.8102 -1.6346
 -1.4801 -1.3382 -1.2046 -1.0811 -0.9582 -0.7232 -0.5389 -0.3981 -0.2967
 -3.9997 -3.5180 -3.0924 -2.7286 -2.4248 -2.1730 -1.9611 -1.7723 -1.6076 -1.4664
 -1.3413 -1.2236 -1.1076 -0.9958 -0.8925 -0.6771 -0.5128 -0.3894 -0.3000 -0.2356
 -0.1876
 -3.6509 -3.1646 -2.7619 -2.4802 -2.2035 -1.9692 -1.7732 -1.6069 -1.4650 -1.3444
 -1.2391 -1.1412 -1.0425 -0.9416 -0.8455 -0.6451 -0.4953 -0.3848 -0.3050 -0.2470
 -0.2028 -0.1696 -0.1441
 -3.3816 -2.8919 -2.5047 -2.2069 -1.9763 -1.7917 -1.6352 -1.4942 -1.3667 -1.2556
 -1.1604 -1.0758 -0.9938 -0.9061 -0.8172 -0.6272 -0.4864 -0.3843 -0.3117 -0.2592
 -0.2191 -0.1874 -0.1619 -0.1409 -0.1256
 -3.2807 -2.7865 -2.3813 -2.0654 -1.8234 -1.6376 -1.4936 -1.3789 -1.2832 -1.1959
 -1.1072 -1.0256 -0.9516 -0.8781 -0.7985 -0.6174 -0.4822 -0.3855 -0.3183 -0.2709
 -0.2347 -0.2056 -0.1817 -0.1621 -0.1463 -0.1343
 -3.2386 -2.7465 -2.3401 -2.0138 -1.7554 -1.5525 -1.3951 -1.2746 -1.1831 -1.1143
 -1.0534 -0.9870 -0.9185 -0.8513 -0.7819 -0.6112 -0.4797 -0.3860 -0.3227 -0.2801
 -0.2487 -0.2232 -0.2019 -0.1839 -0.1687 -0.1565 -0.1477 -0.1460 -0.1533 -0.1664
 -3.1937 -2.7244 -2.3285 -2.0068 -1.7486 -1.5418 -1.3762 -1.2446 -1.1409 -1.0583
 -0.9910 -0.9339 -0.8784 -0.8216 -0.7618 -0.6054 -0.4769 -0.3849 -0.3236 -0.2850
 -0.2588 -0.2382 -0.2208 -0.2057 -0.1924 -0.1810 -0.1723 -0.1664 -0.1677 -0.1792
 -0.1976
 -3.1225 -2.6853 -2.3128 -2.0052 -1.7544 -1.5503 -1.3827 -1.2442 -1.1305 -1.0380
 -0.9611 -0.8954 -0.8372 -0.7841 -0.7331 -0.5956 -0.4729 -0.3818 -0.3210 -0.2845
 -0.2631 -0.2483 -0.2360 -0.2251 -0.2152 -0.2062 -0.1986 -0.1930 -0.1907 -0.1945
 -0.2103
 -3.0107 -2.6123 -2.2719 -1.9861 -1.7504 -1.5554 -1.3922 -1.2533 -1.1344 -1.0335
 -0.9483 -0.8759 -0.8123 -0.7548 -0.7030 -0.5786 -0.4651 -0.3761 -0.3152 -0.2790
 -0.2607 -0.2513 -0.2452 -0.2400 -0.2348 -0.2297 -0.2250 -0.2209 -0.2185 -0.2192
 -0.2264
 -2.8680 -2.5225 -2.2169 -1.9552 -1.7362 -1.5531 -1.3977 -1.2630 -1.1444 -1.0397
 -0.9480 -0.8687 -0.8001 -0.7392 -0.6841 -0.5625 -0.4559 -0.3703 -0.3091 -0.2716
 -0.2535 -0.2474 -0.2470 -0.2481 -0.2490 -0.2492 -0.2489 -0.2483 -0.2479 -0.2488
 -0.2503
 -2.7073 -2.4126 -2.1449 -1.9097 -1.7087 -1.5383 -1.3921 -1.2641 -1.1496 -1.0458
 -0.9518 -0.8678 -0.7939 -0.7291 -0.6717 -0.5492 -0.4458 -0.3632 -0.3028 -0.2638
 -0.2442 -0.2387 -0.2416 -0.2483 -0.2556 -0.2621 -0.2676 -0.2720 -0.2755 -0.2790
 -0.2831
 -2.5313 -2.2853 -2.0607 -1.8562 -1.6732 -1.5135 -1.3765 -1.2556 -1.1463 -1.0462
 -0.9536 -0.8684 -0.7910 -0.7223 -0.6658 -0.5387 -0.4348 -0.3548 -0.2963
 [Fe/H] = -1.50 [alpha/Fe] = 0.40 BC value = F606W
 -5.4882 -5.1548 -4.8267 -4.4902 -4.1657 -3.7847 -3.3141 -2.7580 -2.2801 -1.9123
 -1.6359 -1.4262 -1.2603 -1.1226 -1.0033 -0.7571
 -5.1448 -4.7233 -4.3332 -3.9648 -3.6178 -3.2592 -2.8536 -2.4062 -2.0251 -1.7244
 -1.4909 -1.3071 -1.1574 -1.0309 -0.9206 -0.6954 -0.5214 -0.3869 -0.2870
 -4.8643 -4.3934 -3.9620 -3.5679 -3.2054 -2.8633 -2.5117 -2.1476 -1.8364 -1.5845
 -1.3832 -1.2201 -1.0839 -0.9665 -0.8632 -0.6533 -0.4955 -0.3763 -0.2876 -0.2229
 -0.1743
 -4.6467 -4.1651 -3.7131 -3.2995 -2.9286 -2.5969 -2.2884 -1.9822 -1.7140 -1.4926
 -1.3128 -1.1652 -1.0398 -0.9294 -0.8311 -0.6308 -0.4824 -0.3725 -0.2916 -0.2327
 -0.1890 -0.1550 -0.1292
 -4.3060 -3.8300 -3.4480 -3.0800 -2.7310 -2.4109 -2.1259 -1.8624 -1.6259 -1.4261
 -1.2615 -1.1258 -1.0106 -0.9078 -0.8140 -0.6204 -0.4775 -0.3731 -0.2975 -0.2432
 -0.2030 -0.1717 -0.1469 -0.1269 -0.1128
 -3.9950 -3.5081 -3.0985 -2.7526 -2.4578 -2.2035 -1.9768 -1.7584 -1.5544 -1.3744
 -1.2216 -1.0942 -0.9870 -0.8925 -0.8044 -0.6164 -0.4768 -0.3757 -0.3038 -0.2531
 -0.2165 -0.1882 -0.1651 -0.1465 -0.1317 -0.1217
 -3.8885 -3.3593 -2.9069 -2.5302 -2.2206 -1.9658 -1.7578 -1.5885 -1.4445 -1.3128
 -1.1858 -1.0689 -0.9664 -0.8776 -0.7964 -0.6152 -0.4775 -0.3783 -0.3088 -0.2613
 -0.2285 -0.2037 -0.1835 -0.1666 -0.1528 -0.1420 -0.1349 -0.1348 -0.1429 -0.1557
 -3.8817 -3.3272 -2.8451 -2.4440 -2.1170 -1.8521 -1.6370 -1.4613 -1.3174 -1.2021
 -1.1097 -1.0267 -0.9438 -0.8627 -0.7865 -0.6143 -0.4782 -0.3797 -0.3117 -0.2665
 -0.2372 -0.2168 -0.2004 -0.1866 -0.1748 -0.1649 -0.1579 -0.1543 -0.1566 -0.1683
 -0.1863
 -3.8981 -3.3434 -2.8495 -2.4310 -2.0889 -1.8132 -1.5907 -1.4097 -1.2621 -1.1411
 -1.0419 -0.9613 -0.8944 -0.8318 -0.7689 -0.6117 -0.4779 -0.3795 -0.3117 -0.2679
 -0.2383 -0.2254 -0.2140 -0.2044 -0.1960 -0.1885 -0.1827 -0.1779 -0.1770 -0.1834
 -0.1993
 -3.8753 -3.3459 -2.8597 -2.4418 -2.0938 -1.8112 -1.5831 -1.3972 -1.2445 -1.1185
 -1.0140 -0.9265 -0.8527 -0.7899 -0.7343 -0.6006 -0.4745 -0.3766 -0.3085 -0.2650
 -0.2403 -0.2282 -0.2221 -0.2179 -0.2142 -0.2106 -0.2076 -0.2054 -0.2048 -0.2072
 -0.2154
 -3.8010 -3.3111 -2.8585 -2.4544 -2.1121 -1.8296 -1.5994 -1.4102 -1.2537 -1.1224
 -1.0116 -0.9178 -0.8378 -0.7687 -0.7085 -0.5827 -0.4683 -0.3734 -0.3045 -0.2599
 -0.2352 -0.2252 -0.2236 -0.2252 -0.2273 -0.2289 -0.2303 -0.2314 -0.2328 -0.2355
 -0.2387
 -3.6773 -3.2377 -2.8269 -2.4485 -2.1222 -1.8473 -1.6194 -1.4308 -1.2731 -1.1390
 -1.0235 -0.9236 -0.8372 -0.7624 -0.6972 -0.5657 -0.4580 -0.3677 -0.2995 -0.2535
 -0.2276 -0.2177 -0.2187 -0.2253 -0.2334 -0.2411 -0.2481 -0.2539 -0.2591 -0.2643
 -0.2703
 -3.5059 -3.1270 -2.7654 -2.4243 -2.1202 -1.8583 -1.6370 -1.4511 -1.2938 -1.1591
 -1.0416 -0.9381 -0.8465 -0.7659 -0.7004 -0.5496 -0.4436 -0.3595 -0.2935
 [Fe/H] = -1.00 [alpha/Fe] = 0.40 BC value = F606W
 -6.0479 -5.7736 -5.5155 -5.2629 -5.0929 -4.7976 -4.2486 -3.4356 -2.7618 -2.0785
 -1.6817 -1.4119 -1.2197 -1.0713 -0.9499 -0.7135
 -5.6742 -5.3454 -5.0480 -4.7726 -4.5322 -4.2254 -3.7397 -3.0606 -2.4270 -1.9294
 -1.5717 -1.3201 -1.1389 -1.0000 -0.8862 -0.6649 -0.4994 -0.3708 -0.2712
 -5.4033 -5.0257 -4.6867 -4.3801 -4.0907 -3.7785 -3.3524 -2.7864 -2.2596 -1.8284
 -1.5012 -1.2621 -1.0869 -0.9531 -0.8440 -0.6330 -0.4775 -0.3603 -0.2717 -0.2055
 -0.1568
 -5.2352 -4.8145 -4.4316 -4.0854 -3.7683 -3.4568 -3.0867 -2.6130 -2.1602 -1.7755
 -1.4702 -1.2379 -1.0637 -0.9306 -0.8233 -0.6178 -0.4684 -0.3576 -0.2753 -0.2140
 -0.1689 -0.1346 -0.1092
 -5.0794 -4.6518 -4.2473 -3.8713 -3.5250 -3.2025 -2.8768 -2.4821 -2.0883 -1.7421
 -1.4567 -1.2311 -1.0569 -0.9226 -0.8153 -0.6125 -0.4661 -0.3590 -0.2807 -0.2230
 -0.1809 -0.1494 -0.1252 -0.1061 -0.0935
 -4.7218 -4.3581 -4.0151 -3.6754 -3.3351 -3.0064 -2.6928 -2.3656 -2.0248 -1.7136
 -1.4482 -1.2312 -1.0583 -0.9227 -0.8144 -0.6125 -0.4676 -0.3623 -0.2865 -0.2317
 -0.1923 -0.1633 -0.1411 -0.1236 -0.1100 -0.1020
 -4.4069 -3.9811 -3.6226 -3.3157 -3.0396 -2.7760 -2.5079 -2.2322 -1.9492 -1.6778
 -1.4363 -1.2312 -1.0624 -0.9264 -0.8170 -0.6149 -0.4706 -0.3660 -0.2917 -0.2391
 -0.2022 -0.1761 -0.1566 -0.1412 -0.1291 -0.1205 -0.1161 -0.1179 -0.1275 -0.1407
 -4.3015 -3.8106 -3.3863 -3.0289 -2.7276 -2.4648 -2.2262 -2.0036 -1.7887 -1.5853
 -1.3940 -1.2183 -1.0626 -0.9307 -0.8208 -0.6181 -0.4738 -0.3692 -0.2954 -0.2443
 -0.2097 -0.1867 -0.1707 -0.1584 -0.1485 -0.1409 -0.1361 -0.1351 -0.1398 -0.1528
 -0.1703
 -4.3297 -3.7952 -3.3178 -2.9077 -2.5632 -2.2751 -2.0283 -1.8098 -1.6102 -1.4299
 -1.2760 -1.1464 -1.0309 -0.9225 -0.8219 -0.6211 -0.4767 -0.3715 -0.2974 -0.2469
 -0.2141 -0.1939 -0.1818 -0.1735 -0.1671 -0.1619 -0.1586 -0.1574 -0.1601 -0.1669
 -0.1821
 -4.3993 -3.8505 -3.3428 -2.8925 -2.5083 -2.1889 -1.9241 -1.7004 -1.5069 -1.3364
 -1.1873 -1.0612 -0.9584 -0.8736 -0.7969 -0.6206 -0.4772 -0.3715 -0.2966 -0.2462
 -0.2146 -0.1968 -0.1884 -0.1848 -0.1830 -0.1817 -0.1812 -0.1815 -0.1836 -0.1887
 -0.1989
 -4.4506 -3.9175 -3.4051 -2.9370 -2.5270 -2.1805 -1.8943 -1.6585 -1.4614 -1.2939
 -1.1495 -1.0253 -0.9197 -0.8317 -0.7585 -0.6100 -0.4776 -0.3716 -0.2955 -0.2440
 -0.2123 -0.1958 -0.1902 -0.1911 -0.1944 -0.1980 -0.2017 -0.2053 -0.2093 -0.2147
 -0.2226
 -4.4413 -3.9356 -3.4489 -2.9859 -2.5696 -2.2093 -1.9077 -1.6590 -1.4539 -1.2831
 -1.1383 -1.0143 -0.9076 -0.8163 -0.7382 -0.5898 -0.4714 -0.3702 -0.2932 -0.2402
 -0.2075 -0.1911 -0.1872 -0.1915 -0.1997 -0.2089 -0.2177 -0.2259 -0.2336 -0.2414
 -0.2499
 -4.3717 -3.9101 -3.4514 -3.0140 -2.6072 -2.2483 -1.9417 -1.6847 -1.4721 -1.2957
 -1.1473 -1.0207 -0.9114 -0.8168 -0.7360 -0.5600 -0.4586 -0.3673 -0.2897
 [Fe/H] = -0.75 [alpha/Fe] = 0.30 BC value = F606W
 -6.1716 -5.9091 -5.6638 -5.4317 -5.3086 -5.0426 -4.4800 -3.6154 -2.8685 -2.1283
 -1.6990 -1.4102 -1.2074 -1.0546 -0.9311 -0.6947
 -5.7984 -5.4867 -5.2087 -4.9584 -4.7545 -4.4754 -3.9855 -3.2584 -2.5531 -1.9951
 -1.6001 -1.3272 -1.1343 -0.9898 -0.8734 -0.6511 -0.4870 -0.3610 -0.2628
 -5.5296 -5.1713 -4.8546 -4.5746 -4.3154 -4.0291 -3.6040 -2.9954 -2.4023 -1.9107
 -1.5425 -1.2789 -1.0899 -0.9488 -0.8362 -0.6228 -0.4674 -0.3511 -0.2629 -0.1963
 -0.1465
 -5.3652 -4.9629 -4.6015 -4.2803 -3.9912 -3.7037 -3.3355 -2.8264 -2.3170 -1.8751
 -1.5262 -1.2653 -1.0742 -0.9316 -0.8195 -0.6098 -0.4592 -0.3482 -0.2658 -0.2040
 -0.1582 -0.1239 -0.0989
 -5.2340 -4.8127 -4.4210 -4.0633 -3.7392 -3.4372 -3.1175 -2.6948 -2.2539 -1.8565
 -1.5273 -1.2700 -1.0753 -0.9289 -0.8149 -0.6061 -0.4576 -0.3494 -0.2705 -0.2121
 -0.1692 -0.1373 -0.1123 -0.0940 -0.0830
 -4.9445 -4.5845 -4.2307 -3.8833 -3.5456 -3.2265 -2.9195 -2.5736 -2.1943 -1.8387
 -1.5321 -1.2820 -1.0857 -0.9348 -0.8176 -0.6076 -0.4596 -0.3525 -0.2757 -0.2199
 -0.1794 -0.1500 -0.1278 -0.1108 -0.0986 -0.0914
 -4.5601 -4.1696 -3.8447 -3.5619 -3.2957 -3.0239 -2.7365 -2.4413 -2.1234 -1.8117
 -1.5314 -1.2935 -1.0994 -0.9455 -0.8247 -0.6115 -0.4634 -0.3564 -0.2805 -0.2266
 -0.1883 -0.1614 -0.1419 -0.1269 -0.1156 -0.1075 -0.1043 -0.1080 -0.1185 -0.1323
 -4.3993 -3.9339 -3.5373 -3.2094 -2.9326 -2.6859 -2.4539 -2.2222 -1.9813 -1.7382
 -1.5051 -1.2931 -1.1101 -0.9576 -0.8339 -0.6164 -0.4676 -0.3601 -0.2842 -0.2314
 -0.1952 -0.1709 -0.1544 -0.1425 -0.1335 -0.1269 -0.1236 -0.1236 -0.1299 -0.1439
 -0.1618
 -4.4000 -3.8826 -3.4245 -3.0340 -2.7089 -2.4355 -2.1960 -1.9750 -1.7632 -1.5644
 -1.3898 -1.2349 -1.0921 -0.9603 -0.8424 -0.6216 -0.4717 -0.3632 -0.2864 -0.2340
 -0.1993 -0.1773 -0.1643 -0.1562 -0.1506 -0.1466 -0.1445 -0.1446 -0.1478 -0.1570
 -0.1744
 -4.4731 -3.9293 -3.4306 -2.9916 -2.6180 -2.3070 -2.0464 -1.8215 -1.6198 -1.4350
 -1.2695 -1.1289 -1.0138 -0.9162 -0.8266 -0.6248 -0.4736 -0.3642 -0.2865 -0.2337
 -0.2000 -0.1801 -0.1703 -0.1664 -0.1651 -0.1649 -0.1656 -0.1673 -0.1706 -0.1774
 -0.1892
 -4.5476 -4.0120 -3.4972 -3.0302 -2.6211 -2.2751 -1.9881 -1.7492 -1.5464 -1.3695
 -1.2133 -1.0765 -0.9602 -0.8641 -0.7848 -0.6202 -0.4763 -0.3657 -0.2864 -0.2323
 -0.1983 -0.1795 -0.1721 -0.1721 -0.1756 -0.1800 -0.1848 -0.1897 -0.1951 -0.2021
 -0.2114
 -4.5702 -4.0583 -3.5605 -3.0886 -2.6646 -2.2968 -1.9874 -1.7317 -1.5197 -1.3414
 -1.1883 -1.0556 -0.9405 -0.8418 -0.7582 -0.6006 -0.4738 -0.3661 -0.2854 -0.2295
 -0.1944 -0.1757 -0.1697 -0.1726 -0.1805 -0.1900 -0.1998 -0.2091 -0.2181 -0.2273
 -0.2375
 -4.5334 -4.0557 -3.5848 -3.1336 -2.7129 -2.3393 -2.0190 -1.7501 -1.5278 -1.3431
 -1.1874 -1.0542 -0.9389 -0.8388 -0.7468 -0.5660 -0.4661 -0.3654 -0.2835
 [Fe/H] = -0.50 [alpha/Fe] = 0.20 BC value = F606W
 -6.2927 -6.0373 -5.8002 -5.5814 -5.4898 -5.2383 -4.6607 -3.8459 -2.9595 -2.2510
 -1.7165 -1.4098 -1.1957 -1.0369 -0.9121 -0.6758
 -5.9185 -5.6178 -5.3533 -5.1219 -4.9458 -4.6878 -4.1954 -3.4314 -2.6661 -2.0574
 -1.6282 -1.3352 -1.1304 -0.9792 -0.8600 -0.6361 -0.4735 -0.3499 -0.2537
 -5.6499 -5.3046 -5.0042 -4.7457 -4.5123 -4.2506 -3.8296 -3.1868 -2.5368 -1.9880
 -1.5827 -1.2961 -1.0935 -0.9445 -0.8277 -0.6109 -0.4555 -0.3402 -0.2528 -0.1860
 -0.1354
 -5.4869 -5.0977 -4.7529 -4.4528 -4.1894 -3.9266 -3.5633 -3.0282 -2.4673 -1.9703
 -1.5800 -1.2925 -1.0850 -0.9328 -0.8152 -0.6002 -0.4481 -0.3372 -0.2549 -0.1928
 -0.1463 -0.1119 -0.0866
 -5.3711 -4.9561 -4.5758 -4.2346 -3.9322 -3.6530 -3.3423 -2.8996 -2.4168 -1.9685
 -1.5961 -1.3083 -1.0939 -0.9355 -0.8145 -0.5984 -0.4473 -0.3381 -0.2589 -0.2000
 -0.1562 -0.1239 -0.0998 -0.0822 -0.0711
 -5.1521 -4.7762 -4.4109 -4.0627 -3.7344 -3.4311 -3.1364 -2.7765 -2.3633 -1.9635
 -1.6150 -1.3322 -1.1131 -0.9474 -0.8211 -0.6016 -0.4501 -0.3412 -0.2635 -0.2069
 -0.1654 -0.1353 -0.1130 -0.0964 -0.0848 -0.0785
 -4.7290 -4.3702 -4.0687 -3.7956 -3.5241 -3.2418 -2.9483 -2.6435 -2.2965 -1.9461
 -1.6267 -1.3554 -1.1362 -0.9649 -0.8327 -0.6073 -0.4549 -0.3453 -0.2679 -0.2129
 -0.1734 -0.1454 -0.1255 -0.1109 -0.1003 -0.0934 -0.0915 -0.0964 -0.1078 -0.1225
 -4.5063 -4.0637 -3.6954 -3.3960 -3.1431 -2.9144 -2.6889 -2.4458 -2.1762 -1.8922
 -1.6168 -1.3690 -1.1577 -0.9849 -0.8476 -0.6143 -0.4603 -0.3497 -0.2716 -0.2174
 -0.1796 -0.1538 -0.1366 -0.1248 -0.1164 -0.1109 -0.1088 -0.1104 -0.1182 -0.1332
 -0.1518
 -4.4719 -3.9696 -3.5310 -3.1629 -2.8593 -2.6039 -2.3756 -2.1570 -1.9362 -1.7200
 -1.5194 -1.3322 -1.1569 -0.9994 -0.8636 -0.6221 -0.4657 -0.3538 -0.2744 -0.2200
 -0.1834 -0.1597 -0.1453 -0.1370 -0.1318 -0.1288 -0.1280 -0.1294 -0.1345 -0.1452
 -0.1637
 -4.5362 -3.9995 -3.5119 -3.0858 -2.7269 -2.4284 -2.1766 -1.9538 -1.7458 -1.5474
 -1.3664 -1.2116 -1.0817 -0.9668 -0.8592 -0.6288 -0.4694 -0.3561 -0.2753 -0.2201
 -0.1842 -0.1623 -0.1507 -0.1460 -0.1449 -0.1455 -0.1474 -0.1506 -0.1557 -0.1639
 -0.1774
 -4.6274 -4.0870 -3.5754 -3.1123 -2.7084 -2.3680 -2.0849 -1.8468 -1.6400 -1.4544
 -1.2857 -1.1364 -1.0090 -0.9045 -0.8172 -0.6312 -0.4744 -0.3591 -0.2764 -0.2196
 -0.1832 -0.1622 -0.1526 -0.1512 -0.1543 -0.1592 -0.1651 -0.1713 -0.1783 -0.1869
 -0.1980
 -4.6766 -4.1568 -3.6529 -3.1753 -2.7477 -2.3766 -2.0651 -1.8066 -1.5904 -1.4061
 -1.2449 -1.1028 -0.9785 -0.8721 -0.7827 -0.6137 -0.4759 -0.3613 -0.2768 -0.2179
 -0.1802 -0.1591 -0.1507 -0.1518 -0.1587 -0.1683 -0.1788 -0.1893 -0.1997 -0.2106
 -0.2223
 -4.6677 -4.1778 -3.6959 -3.2348 -2.8025 -2.4197 -2.0898 -1.8135 -1.5843 -1.3933
 -1.2316 -1.0919 -0.9700 -0.8638 -0.7557 -0.5763 -0.4739 -0.3627 -0.2765
 [Fe/H] = -0.25 [alpha/Fe] = 0.10 BC value = F606W
 -6.4316 -6.1750 -5.9387 -5.7240 -5.6427 -5.3845 -4.7945 -3.9040 -3.0301 -2.2911
 -1.7808 -1.4384 -1.2048 -1.0329 -0.8919 -0.6548
 -6.0536 -5.7555 -5.4966 -5.2754 -5.1143 -4.8648 -4.3618 -3.5653 -2.7624 -2.1105
 -1.6536 -1.3429 -1.1265 -0.9690 -0.8458 -0.6194 -0.4584 -0.3370 -0.2428
 -5.7825 -5.4422 -5.1501 -4.9050 -4.6895 -4.4448 -4.0174 -3.3504 -2.6510 -2.0555
 -1.6180 -1.3116 -1.0967 -0.9398 -0.8185 -0.5975 -0.4417 -0.3274 -0.2412 -0.1744
 -0.1237
 -5.6183 -5.2351 -4.8992 -4.6128 -4.3682 -4.1244 -3.7613 -3.2064 -2.6011 -2.0541
 -1.6273 -1.3166 -1.0947 -0.9332 -0.8100 -0.5891 -0.4352 -0.3243 -0.2425 -0.1803
 -0.1333 -0.0983 -0.0729
 -5.5106 -5.0983 -4.7241 -4.3940 -4.1082 -3.8487 -3.5428 -3.0854 -2.5650 -2.0689
 -1.6569 -1.3422 -1.1107 -0.9411 -0.8132 -0.5892 -0.4351 -0.3250 -0.2457 -0.1865
 -0.1420 -0.1092 -0.0849 -0.0673 -0.0572
 -5.3413 -4.9487 -4.5751 -4.2273 -3.9082 -3.6192 -3.3353 -2.9643 -2.5210 -2.0790
 -1.6902 -1.3770 -1.1377 -0.9588 -0.8240 -0.5943 -0.4388 -0.3282 -0.2497 -0.1925
 -0.1502 -0.1193 -0.0968 -0.0803 -0.0692 -0.0638
 -4.9209 -4.5837 -4.2880 -4.0054 -3.7211 -3.4328 -3.1426 -2.8310 -2.4593 -2.0725
 -1.7150 -1.4118 -1.1697 -0.9829 -0.8401 -0.6021 -0.4448 -0.3327 -0.2538 -0.1978
 -0.1573 -0.1283 -0.1078 -0.0932 -0.0831 -0.0773 -0.0766 -0.0830 -0.0953 -0.1109
 -4.6337 -4.2100 -3.8654 -3.5890 -3.3554 -3.1391 -2.9130 -2.6545 -2.3579 -2.0355
 -1.7207 -1.4383 -1.2007 -1.0099 -0.8603 -0.6115 -0.4517 -0.3378 -0.2577 -0.2020
 -0.1629 -0.1357 -0.1175 -0.1055 -0.0974 -0.0927 -0.0914 -0.0949 -0.1045 -0.1205
 -0.1401
 -4.5613 -4.0697 -3.6456 -3.2973 -3.0146 -2.7769 -2.5613 -2.3477 -2.1201 -1.8852
 -1.6521 -1.4270 -1.2175 -1.0348 -0.8827 -0.6221 -0.4589 -0.3431 -0.2611 -0.2048
 -0.1666 -0.1411 -0.1252 -0.1161 -0.1110 -0.1087 -0.1090 -0.1119 -0.1188 -0.1314
 -0.1511
 -4.6100 -4.0772 -3.5962 -3.1824 -2.8374 -2.5527 -2.3111 -2.0921 -1.8793 -1.6698
 -1.4764 -1.3066 -1.1573 -1.0200 -0.8915 -0.6322 -0.4644 -0.3468 -0.2629 -0.2054
 -0.1675 -0.1436 -0.1301 -0.1240 -0.1225 -0.1236 -0.1265 -0.1312 -0.1380 -0.1480
 -0.1635
 -4.7097 -4.1621 -3.6513 -3.1911 -2.7934 -2.4602 -2.1831 -1.9477 -1.7384 -1.5444
 -1.3638 -1.2028 -1.0659 -0.9523 -0.8550 -0.6418 -0.4717 -0.3515 -0.2654 -0.2058
 -0.1671 -0.1439 -0.1321 -0.1287 -0.1308 -0.1358 -0.1424 -0.1500 -0.1586 -0.1690
 -0.1821
 -4.7770 -4.2482 -3.7334 -3.2536 -2.8234 -2.4522 -2.1410 -1.8819 -1.6635 -1.4739
 -1.3048 -1.1535 -1.0202 -0.9067 -0.8116 -0.6289 -0.4775 -0.3557 -0.2673 -0.2054
 -0.1650 -0.1415 -0.1308 -0.1295 -0.1347 -0.1438 -0.1547 -0.1662 -0.1782 -0.1907
 -0.2044
 -4.7924 -4.2885 -3.7951 -3.3223 -2.8811 -2.4902 -2.1551 -1.8739 -1.6404 -1.4448
 -1.2776 -1.1318 -1.0034 -0.8911 -0.7613 -0.5935 -0.4818 -0.3594 -0.2686
 [Fe/H] =  0.00 [alpha/Fe] = 0.00 BC value = F606W
 -6.6794 -6.4025 -6.1407 -5.8809 -5.5733 -5.1684 -4.6266 -3.9160 -3.0698 -2.3189
 -1.7919 -1.4368 -1.1860 -1.0160 -0.8806 -0.6323
 -6.2366 -5.9276 -5.6602 -5.4353 -5.2338 -4.9778 -4.4716 -3.6442 -2.8247 -2.1474
 -1.6711 -1.3475 -1.1232 -0.9587 -0.8324 -0.6027 -0.4422 -0.3226 -0.2302
 -5.9591 -5.6110 -5.3137 -5.0685 -4.8577 -4.6145 -4.1612 -3.4651 -2.7316 -2.1036
 -1.6434 -1.3225 -1.0977 -0.9344 -0.8089 -0.5834 -0.4269 -0.3131 -0.2279 -0.1617
 -0.1113
 -5.7911 -5.4016 -5.0623 -4.7768 -4.5385 -4.3003 -3.9220 -3.3434 -2.7002 -2.1151
 -1.6614 -1.3340 -1.1009 -0.9320 -0.8036 -0.5767 -0.4210 -0.3098 -0.2285 -0.1666
 -0.1191 -0.0837 -0.0580
 -5.6848 -5.2659 -4.8878 -4.5576 -4.2774 -4.0266 -3.7128 -3.2367 -2.6816 -2.1452
 -1.7017 -1.3669 -1.1225 -0.9442 -0.8101 -0.5784 -0.4214 -0.3104 -0.2309 -0.1717
 -0.1268 -0.0932 -0.0688 -0.0515 -0.0422
 -5.4742 -5.1326 -4.7478 -4.3944 -4.0774 -3.7942 -3.5115 -3.1238 -2.6515 -2.1707
 -1.7474 -1.4103 -1.1556 -0.9665 -0.8246 -0.5854 -0.4259 -0.3135 -0.2344 -0.1769
 -0.1339 -0.1022 -0.0793 -0.0629 -0.0516 -0.0475
 -5.1449 -4.8114 -4.5025 -4.2003 -3.9019 -3.6079 -3.3189 -2.9954 -2.5992 -2.1776
 -1.7852 -1.4552 -1.1946 -0.9957 -0.8448 -0.5952 -0.4330 -0.3183 -0.2383 -0.1816
 -0.1402 -0.1102 -0.0891 -0.0743 -0.0644 -0.0589 -0.0596 -0.0676 -0.0809 -0.0976
 -4.7984 -4.3833 -4.0519 -3.7882 -3.5636 -3.3470 -3.1115 -2.8361 -2.5130 -2.1560
 -1.8052 -1.4928 -1.2339 -1.0287 -0.8694 -0.6071 -0.4415 -0.3243 -0.2423 -0.1855
 -0.1453 -0.1168 -0.0976 -0.0850 -0.0770 -0.0724 -0.0721 -0.0773 -0.0887 -0.1058
 -0.1265
 -4.6893 -4.1965 -3.7799 -3.4430 -3.1736 -2.9483 -2.7428 -2.5333 -2.2976 -2.0390
 -1.7691 -1.5047 -1.2648 -1.0617 -0.8971 -0.6206 -0.4505 -0.3307 -0.2463 -0.1884
 -0.1488 -0.1218 -0.1045 -0.0943 -0.0888 -0.0867 -0.0879 -0.0923 -0.1006 -0.1153
 -0.1362
 -4.7212 -4.1809 -3.6996 -3.2899 -2.9534 -2.6780 -2.4432 -2.2262 -2.0092 -1.7926
 -1.5886 -1.4026 -1.2299 -1.0671 -0.9173 -0.6340 -0.4581 -0.3360 -0.2492 -0.1896
 -0.1499 -0.1242 -0.1088 -0.1011 -0.0988 -0.0997 -0.1032 -0.1091 -0.1176 -0.1295
 -0.1472
 -4.8204 -4.2604 -3.7422 -3.2788 -2.8824 -2.5531 -2.2798 -2.0454 -1.8324 -1.6300
 -1.4402 -1.2708 -1.1264 -1.0034 -0.8942 -0.6499 -0.4680 -0.3427 -0.2531 -0.1910
 -0.1502 -0.1248 -0.1109 -0.1054 -0.1060 -0.1104 -0.1172 -0.1258 -0.1359 -0.1484
 -0.1634
 -4.8984 -4.3531 -3.8246 -3.3360 -2.8995 -2.5257 -2.2138 -1.9541 -1.7331 -1.5383
 -1.3615 -1.2019 -1.0621 -0.9430 -0.8431 -0.6447 -0.4776 -0.3491 -0.2568 -0.1918
 -0.1490 -0.1232 -0.1100 -0.1062 -0.1094 -0.1173 -0.1281 -0.1403 -0.1534 -0.1677
 -0.1835
 -4.9271 -4.4070 -3.8967 -3.4077 -2.9561 -2.5559 -2.2143 -1.9295 -1.6925 -1.4931
 -1.3211 -1.1695 -1.0354 -0.9182 -0.7640 -0.6184 -0.4869 -0.3552 -0.2603
 [Fe/H] =  0.25 [alpha/Fe] = 0.00 BC value = F606W
 -6.6191 -6.3755 -6.1614 -5.8943 -5.4536 -4.8621 -4.3716 -4.0421 -3.2617 -2.4959
 -1.9041 -1.5030 -1.2272 -1.0187 -0.8749 -0.6213
 -6.2455 -5.9719 -5.7460 -5.5399 -5.2957 -4.9586 -4.4847 -3.8385 -3.0471 -2.3231
 -1.7853 -1.4153 -1.1595 -0.9763 -0.8361 -0.5941 -0.4299 -0.3100 -0.2180
 -5.9761 -5.6655 -5.4117 -5.2161 -5.0575 -4.8553 -4.4322 -3.7172 -2.9700 -2.2886
 -1.7663 -1.3981 -1.1407 -0.9560 -0.8174 -0.5782 -0.4171 -0.3009 -0.2146 -0.1482
 -0.0964
 -5.8109 -5.4563 -5.1585 -4.9228 -4.7390 -4.5523 -4.2142 -3.6271 -2.9525 -2.3127
 -1.7979 -1.4207 -1.1527 -0.9598 -0.8163 -0.5735 -0.4122 -0.2979 -0.2148 -0.1520
 -0.1027 -0.0652 -0.0391
 -5.7156 -5.3239 -4.9800 -4.6936 -4.4664 -4.2707 -4.0029 -3.5352 -2.9512 -2.3585
 -1.8542 -1.4673 -1.1850 -0.9799 -0.8280 -0.5771 -0.4135 -0.2987 -0.2169 -0.1564
 -0.1102 -0.0754 -0.0501 -0.0327 -0.0230
 -5.6329 -5.2274 -4.8565 -4.5288 -4.2538 -4.0221 -3.7888 -3.4254 -2.9345 -2.4024
 -1.9172 -1.5262 -1.2305 -1.0117 -0.8491 -0.5860 -0.4189 -0.3021 -0.2202 -0.1610
 -0.1167 -0.0835 -0.0595 -0.0428 -0.0322 -0.0284
 -5.4041 -5.0504 -4.7084 -4.3859 -4.0889 -3.8218 -3.5794 -3.2881 -2.8883 -2.4247
 -1.9726 -1.5882 -1.2832 -1.0517 -0.8775 -0.5986 -0.4272 -0.3077 -0.2243 -0.1654
 -0.1225 -0.0908 -0.0683 -0.0528 -0.0429 -0.0380 -0.0395 -0.0491 -0.0632 -0.0812
 -4.9587 -4.6234 -4.3437 -4.1060 -3.8749 -3.6388 -3.3931 -3.1305 -2.8058 -2.4148
 -2.0095 -1.6422 -1.3371 -1.0966 -0.9114 -0.6139 -0.4371 -0.3146 -0.2289 -0.1694
 -0.1273 -0.0971 -0.0761 -0.0623 -0.0538 -0.0496 -0.0502 -0.0562 -0.0695 -0.0876
 -0.1096
 -4.7435 -4.3076 -3.9548 -3.6814 -3.4674 -3.2867 -3.1127 -2.9146 -2.6626 -2.3548
 -2.0136 -1.6794 -1.3850 -1.1420 -0.9489 -0.6320 -0.4479 -0.3225 -0.2339 -0.1728
 -0.1309 -0.1019 -0.0824 -0.0705 -0.0640 -0.0616 -0.0631 -0.0685 -0.0786 -0.0955
 -0.1175
 -4.7208 -4.2225 -3.7906 -3.4368 -3.1556 -2.9309 -2.7391 -2.5568 -2.3607 -2.1363
 -1.8930 -1.6432 -1.3987 -1.1751 -0.9833 -0.6509 -0.4579 -0.3293 -0.2380 -0.1748
 -0.1324 -0.1043 -0.0865 -0.0765 -0.0724 -0.0725 -0.0761 -0.0828 -0.0928 -0.1068
 -0.1269
 -4.8125 -4.2806 -3.7956 -3.3741 -3.0225 -2.7355 -2.4987 -2.2917 -2.0931 -1.8882
 -1.6828 -1.4865 -1.3071 -1.1431 -0.9915 -0.6753 -0.4708 -0.3378 -0.2436 -0.1776
 -0.1336 -0.1055 -0.0887 -0.0805 -0.0787 -0.0815 -0.0880 -0.0970 -0.1085 -0.1226
 -0.1402
 -4.9256 -4.3907 -3.8818 -3.4183 -3.0121 -2.6679 -2.3813 -2.1403 -1.9287 -1.7317
 -1.5413 -1.3610 -1.1982 -1.0569 -0.9352 -0.6846 -0.4853 -0.3464 -0.2492 -0.1802
 -0.1338 -0.1048 -0.0885 -0.0817 -0.0819 -0.0875 -0.0972 -0.1094 -0.1235 -0.1394
 -0.1574
 -5.0041 -4.4855 -3.9834 -3.5025 -3.0677 -2.6827 -2.3539 -2.0777 -1.8438 -1.6414
 -1.4592 -1.2921 -1.1399 -1.0048 -0.8144 -0.6788 -0.5014 -0.3551 -0.2548
 [Fe/H] =  0.50 [alpha/Fe] = 0.00 BC value = F606W
 -6.5565 -7.5966 -7.9266 -7.5956 -6.6687 -5.5802 -4.6895 -4.1199 -3.4327 -2.6831
 -2.0422 -1.5927 -1.2824 -1.0564 -0.8762 -0.6065
 -6.2046 -6.3918 -6.3784 -6.1851 -5.8301 -5.3295 -4.6974 -3.9728 -3.2472 -2.5162
 -1.9245 -1.5057 -1.2153 -1.0074 -0.8530 -0.5911 -0.4216 -0.2991 -0.2068
 -5.9481 -5.6826 -5.4766 -5.3323 -5.2422 -5.0566 -4.6181 -3.9000 -3.1798 -2.4835
 -1.9110 -1.4957 -1.2024 -0.9926 -0.8372 -0.5782 -0.4104 -0.2904 -0.1998 -0.1311
 -0.0798
 -5.7870 -5.4689 -5.2211 -5.0371 -4.9047 -4.7615 -4.4516 -3.8574 -3.1761 -2.5145
 -1.9532 -1.5286 -1.2230 -1.0028 -0.8405 -0.5755 -0.4064 -0.2876 -0.2019 -0.1377
 -0.0872 -0.0487 -0.0218
 -5.6966 -5.3385 -5.0344 -4.7955 -4.6208 -4.4745 -4.2440 -3.7902 -3.1886 -2.5708
 -2.0200 -1.5872 -1.2658 -1.0310 -0.8579 -0.5807 -0.4084 -0.2887 -0.2037 -0.1414
 -0.0939 -0.0577 -0.0313 -0.0134 -0.0043
 -5.6423 -5.2564 -4.9109 -4.6185 -4.3915 -4.2103 -4.0209 -3.6873 -3.1879 -2.6257
 -2.0965 -1.6597 -1.3233 -1.0726 -0.8863 -0.5920 -0.4147 -0.2925 -0.2069 -0.1455
 -0.0997 -0.0650 -0.0396 -0.0222 -0.0116 -0.0085
 -5.5318 -5.1574 -4.8074 -4.4904 -4.2155 -3.9888 -3.7956 -3.5402 -3.1499 -2.6622
 -2.1682 -1.7355 -1.3896 -1.1238 -0.9235 -0.6079 -0.4240 -0.2986 -0.2111 -0.1497
 -0.1050 -0.0717 -0.0477 -0.0312 -0.0208 -0.0161 -0.0184 -0.0284 -0.0438 -0.0632
 -5.1726 -4.8210 -4.5877 -4.3187 -4.0600 -3.8164 -3.5930 -3.3687 -3.0654 -2.6634
 -2.2204 -1.8060 -1.4570 -1.1805 -0.9675 -0.6278 -0.4354 -0.3064 -0.2163 -0.1537
 -0.1095 -0.0776 -0.0548 -0.0396 -0.0303 -0.0259 -0.0267 -0.0337 -0.0485 -0.0676
 -0.0909
 -4.8078 -4.4371 -4.1500 -3.9301 -3.7482 -3.5765 -3.3939 -3.1884 -2.9390 -2.6178
 -2.2392 -1.8583 -1.5186 -1.2385 -1.0155 -0.6516 -0.4483 -0.3155 -0.2222 -0.1575
 -0.1131 -0.0821 -0.0608 -0.0470 -0.0392 -0.0360 -0.0374 -0.0434 -0.0549 -0.0736
 -0.0967
 -4.7043 -4.2529 -3.8771 -3.5814 -3.3559 -3.1803 -3.0323 -2.8879 -2.7139 -2.4805
 -2.1903 -1.8697 -1.5590 -1.2862 -1.0602 -0.6769 -0.4609 -0.3237 -0.2275 -0.1603
 -0.1149 -0.0845 -0.0645 -0.0524 -0.0464 -0.0451 -0.0481 -0.0550 -0.0660 -0.0819
 -0.1043
 -4.7619 -4.2622 -3.8181 -3.4446 -3.1434 -2.9059 -2.7145 -2.5478 -2.3843 -2.2023
 -1.9925 -1.7643 -1.5315 -1.3065 -1.0998 -0.7090 -0.4777 -0.3340 -0.2346 -0.1643
 -0.1169 -0.0860 -0.0668 -0.0561 -0.0519 -0.0528 -0.0581 -0.0668 -0.0789 -0.0946
 -0.1142
 -4.8876 -4.3673 -3.8846 -3.4538 -3.0867 -2.7831 -2.5354 -2.3283 -2.1434 -1.9624
 -1.7741 -1.5825 -1.3966 -1.2244 -1.0672 -0.7358 -0.4971 -0.3451 -0.2419 -0.1686
 -0.1184 -0.0861 -0.0670 -0.0574 -0.0550 -0.0580 -0.0658 -0.0771 -0.0914 -0.1084
 -0.1282
 -4.9998 -4.4906 -3.9966 -3.5392 -3.1274 -2.7712 -2.4706 -2.2190 -2.0047 -1.8135
 -1.6328 -1.4571 -1.2888 -1.1346 -0.9624 -0.7573 -0.5191 -0.3570 -0.2494
 [Fe/H] =  0.75 [alpha/Fe] = 0.00 BC value = F606W
 -6.4408 -6.8702 -6.8441 -6.3399 -5.5397 -4.7975 -4.3575 -4.1597 -3.5617 -2.8715
 -2.1992 -1.7015 -1.3543 -1.1092 -0.9162 -0.6122
 -6.1157 -6.1431 -6.0431 -5.8288 -5.5120 -5.1029 -4.6106 -4.0432 -3.4036 -2.7096
 -2.0850 -1.6183 -1.2899 -1.0562 -0.8823 -0.5947 -0.4172 -0.2911 -0.1965
 -5.8749 -5.6600 -5.5133 -5.4242 -5.3465 -5.1495 -4.7054 -4.0125 -3.3497 -2.6781
 -2.0769 -1.6157 -1.2842 -1.0458 -0.8705 -0.5856 -0.4077 -0.2830 -0.1915 -0.1223
 -0.0679
 -5.7184 -5.4210 -5.2548 -5.1262 -5.0434 -4.9373 -4.6418 -4.0227 -3.3583 -2.7100
 -2.1234 -1.6576 -1.3133 -1.0630 -0.8787 -0.5849 -0.4051 -0.2806 -0.1912 -0.1248
 -0.0737 -0.0345 -0.0060
 -5.6305 -5.3138 -5.0573 -4.8715 -4.7498 -4.6471 -4.4516 -4.0047 -3.3874 -2.7703
 -2.1969 -1.7261 -1.3660 -1.0995 -0.9023 -0.5921 -0.4078 -0.2818 -0.1928 -0.1279
 -0.0786 -0.0410 -0.0132  0.0053  0.0143
 -5.5896 -5.2347 -4.9262 -4.6779 -4.5025 -4.3700 -4.2192 -3.9119 -3.4045 -2.8306
 -2.2812 -1.8089 -1.4350 -1.1510 -0.9385 -0.6060 -0.4148 -0.2859 -0.1959 -0.1315
 -0.0837 -0.0474 -0.0206 -0.0021  0.0087  0.0114
 -5.5421 -5.1756 -4.8398 -4.5461 -4.3065 -4.1268 -3.9792 -3.7568 -3.3805 -2.8793
 -2.3608 -1.8957 -1.5130 -1.2133 -0.9851 -0.6258 -0.4251 -0.2924 -0.2002 -0.1353
 -0.0884 -0.0534 -0.0277 -0.0100  0.0010  0.0058  0.0029 -0.0079 -0.0230 -0.0438
 -5.3326 -5.0157 -4.7127 -4.4252 -4.1642 -3.9393 -3.7551 -3.5700 -3.2931 -2.8907
 -2.4245 -1.9763 -1.5913 -1.2816 -1.0394 -0.6513 -0.4381 -0.3009 -0.2057 -0.1394
 -0.0926 -0.0587 -0.0342 -0.0175 -0.0072 -0.0024 -0.0032 -0.0109 -0.0263 -0.0460
 -0.0707
 -4.8965 -4.6083 -4.3646 -4.1571 -3.9628 -3.7646 -3.5690 -3.3793 -3.1567 -2.8481
 -2.4536 -2.0404 -1.6664 -1.3510 -1.0978 -0.6820 -0.4536 -0.3110 -0.2123 -0.1436
 -0.0962 -0.0630 -0.0397 -0.0242 -0.0149 -0.0109 -0.0118 -0.0179 -0.0302 -0.0501
 -0.0741
 -4.6885 -4.2940 -3.9807 -3.7408 -3.5635 -3.4240 -3.2963 -3.1573 -2.9812 -2.7407
 -2.4269 -2.0679 -1.7173 -1.4088 -1.1523 -0.7144 -0.4696 -0.3205 -0.2185 -0.1471
 -0.0983 -0.0653 -0.0431 -0.0290 -0.0212 -0.0185 -0.0206 -0.0271 -0.0385 -0.0556
 -0.0796
 -4.6873 -4.2289 -3.8334 -3.5111 -3.2623 -3.0734 -2.9260 -2.8012 -2.6775 -2.5236
 -2.3096 -2.0392 -1.7430 -1.4585 -1.2076 -0.7543 -0.4910 -0.3329 -0.2269 -0.1522
 -0.1009 -0.0671 -0.0454 -0.0324 -0.0261 -0.0251 -0.0288 -0.0366 -0.0486 -0.0653
 -0.0864
 -4.7974 -4.3065 -3.8567 -3.4656 -3.1420 -2.8833 -2.6786 -2.5115 -2.3635 -2.2160
 -2.0509 -1.8586 -1.6472 -1.4309 -1.2231 -0.7940 -0.5160 -0.3466 -0.2358 -0.1578
 -0.1036 -0.0680 -0.0460 -0.0338 -0.0289 -0.0296 -0.0353 -0.0451 -0.0587 -0.0761
 -0.0975
 -4.9354 -4.4384 -3.9650 -3.5326 -3.1520 -2.8306 -2.5657 -2.3481 -2.1638 -1.9976
 -1.8341 -1.6637 -1.4897 -1.3169 -1.1988 -0.8335 -0.5446 -0.3616 -0.2452
 [Fe/H] =  1.00 [alpha/Fe] = 0.00 BC value = F606W
 -6.2962 -5.4642 -4.4821 -4.1386 -4.0947 -4.2544 -4.3603 -4.1640 -3.6678 -3.0364
 -2.3673 -1.8238 -1.4387 -1.1650 -0.9656 -0.6229
 -5.9929 -6.0118 -5.9168 -5.7199 -5.4315 -5.0607 -4.6156 -4.1035 -3.5286 -2.8945
 -2.2586 -1.7500 -1.3829 -1.1196 -0.9256 -0.6090 -0.4166 -0.2864 -0.1871
 -5.7626 -6.0817 -6.1771 -6.0718 -5.7860 -5.3376 -4.7483 -4.0909 -3.4864 -2.8629
 -2.2540 -1.7557 -1.3856 -1.1167 -0.9186 -0.6027 -0.4108 -0.2792 -0.1844 -0.1124
 -0.0571
 -5.6053 -5.6738 -5.2628 -5.1943 -5.1585 -5.0852 -4.7583 -4.1262 -3.5024 -2.8890
 -2.3027 -1.8054 -1.4238 -1.1416 -0.9328 -0.6040 -0.4099 -0.2781 -0.1842 -0.1145
 -0.0615 -0.0206  0.0090
 -5.5155 -5.2492 -5.0497 -4.9239 -4.8559 -4.7930 -4.6252 -4.1683 -3.5500 -2.9481
 -2.3788 -1.8821 -1.4859 -1.1869 -0.9634 -0.6137 -0.4135 -0.2797 -0.1857 -0.1172
 -0.0658 -0.0263  0.0030  0.0226  0.0318
 -5.4805 -5.1662 -4.9043 -4.7096 -4.5899 -4.5050 -4.3883 -4.1027 -3.5890 -3.0132
 -2.4624 -1.9701 -1.5647 -1.2482 -1.0079 -0.6309 -0.4212 -0.2840 -0.1886 -0.1205
 -0.0701 -0.0319 -0.0034  0.0165  0.0279  0.0302
 -5.4653 -5.1244 -4.8190 -4.5634 -4.3711 -4.2422 -4.1367 -3.9438 -3.5791 -3.0706
 -2.5460 -2.0632 -1.6519 -1.3209 -1.0641 -0.6555 -0.4327 -0.2908 -0.1929 -0.1240
 -0.0742 -0.0371 -0.0097  0.0097  0.0220  0.0266  0.0231  0.0133 -0.0020 -0.0236
 -5.3737 -5.0458 -4.7412 -4.4617 -4.2213 -4.0313 -3.8922 -3.7440 -3.4911 -3.0909
 -2.6148 -2.1508 -1.7389 -1.3997 -1.1285 -0.6873 -0.4477 -0.2998 -0.1985 -0.1279
 -0.0780 -0.0417 -0.0154  0.0031  0.0151  0.0206  0.0194  0.0112 -0.0037 -0.0237
 -0.0495
 -5.0086 -4.7665 -4.5293 -4.2978 -4.0766 -3.8706 -3.6894 -3.5351 -3.3421 -3.0515
 -2.6522 -2.2203 -1.8209 -1.4785 -1.1969 -0.7258 -0.4664 -0.3108 -0.2056 -0.1323
 -0.0814 -0.0457 -0.0202 -0.0028  0.0079  0.0129  0.0128  0.0068 -0.0061 -0.0259
 -0.0505
 -4.6800 -4.3510 -4.1020 -3.9141 -3.7661 -3.6291 -3.4858 -3.3336 -3.1629 -2.9392
 -2.6298 -2.2555 -1.8801 -1.5439 -1.2601 -0.7659 -0.4868 -0.3217 -0.2125 -0.1362
 -0.0837 -0.0478 -0.0232 -0.0070  0.0026  0.0066  0.0055 -0.0002 -0.0114 -0.0291
 -0.0538
 -4.6008 -4.1948 -3.8532 -3.5863 -3.3886 -3.2433 -3.1326 -3.0362 -2.9306 -2.7802
 -2.5525 -2.2535 -1.9224 -1.6050 -1.3247 -0.8139 -0.5136 -0.3365 -0.2219 -0.1421
 -0.0869 -0.0498 -0.0254 -0.0101 -0.0017  0.0011 -0.0011 -0.0078 -0.0191 -0.0358
 -0.0578
 -4.6739 -4.2214 -3.8140 -3.4694 -3.1930 -2.9796 -2.8171 -2.6893 -2.5801 -2.4714
 -2.3370 -2.1446 -1.8969 -1.6273 -1.3689 -0.8622 -0.5446 -0.3534 -0.2324 -0.1488
 -0.0904 -0.0512 -0.0263 -0.0115 -0.0041 -0.0027 -0.0064 -0.0145 -0.0270 -0.0439
 -0.0654
 -4.8151 -4.3435 -3.9003 -3.5000 -3.1564 -2.8742 -2.6477 -2.4666 -2.3171 -2.1833
 -2.0509 -1.9048 -1.7336 -1.5413 -1.3927 -0.9108 -0.5798 -0.3724 -0.2440
