 [Fe/H] = -4.00 [alpha/Fe] = 0.40 BC value = F275W
-10.5680 -9.0316 -7.9595 -9.0923-12.9685-14.8700-14.2101-11.2696 -7.7950 -4.9226
 -3.3998 -3.4950 -5.6145 -7.3305 -8.0384 -6.3586
-10.7372-10.0958 -9.4789 -9.7894-11.3230-12.0625-11.9011-10.7572 -9.2392 -7.8226
 -6.8807 -6.6733 -7.4273 -8.0710 -8.1068 -6.4900 -5.3413 -4.5510 -4.0700
-10.7507-10.5510-10.2514-10.1272-10.3102-10.3512-10.3500-10.1337 -9.7276 -9.2182
 -8.7264 -8.4176 -8.3499 -8.2691 -7.9515 -6.3513 -4.8778 -4.0047 -3.4196 -2.9539
 -2.4163
-10.6086-10.3972-10.2771-10.1057 -9.9300 -9.7361 -9.5568 -9.3992 -9.2603 -9.1093
 -8.9369 -8.7277 -8.3822 -7.9247 -7.5725 -5.9425 -4.5896 -3.5765 -2.8492 -2.3248
 -1.9504 -1.6901 -1.5129
-10.3374-10.2209-10.1135 -9.9482 -9.7349 -9.4808 -9.2102 -8.9467 -8.7031 -8.4801
 -8.2656 -8.0403 -7.7710 -7.3937 -6.9474 -5.5759 -4.2292 -3.1952 -2.4734 -1.9806
 -1.6435 -1.4142 -1.2611 -1.1609 -1.0952
-10.0985-10.0455 -9.9457 -9.7823 -9.5456 -9.2484 -8.9107 -8.5644 -8.2331 -7.9261
 -7.6406 -7.3669 -7.0850 -6.7497 -6.3594 -5.1884 -3.9311 -2.9144 -2.1975 -1.7170
 -1.3979 -1.1855 -1.0458 -0.9561 -0.9000 -0.8651
 -9.8919 -9.8710 -9.7737 -9.6080 -9.3620 -9.0389 -8.6583 -8.2523 -7.8517 -7.4762
 -7.1303 -6.8055 -6.4910 -6.1678 -5.8085 -4.7800 -3.6953 -2.7341 -2.0215 -1.5340
 -1.2136 -1.0040 -0.8670 -0.7791 -0.7246 -0.6919 -0.6714 -0.6596 -0.6501 -0.6254
 -9.7175 -9.6974 -9.5975 -9.4262 -9.1714 -8.8358 -8.4340 -7.9936 -7.5450 -7.1160
 -6.7211 -6.3578 -6.0193 -5.6917 -5.3548 -4.4384 -3.4855 -2.6295 -1.9367 -1.4355
 -1.0952 -0.8720 -0.7264 -0.6319 -0.5719 -0.5354 -0.5127 -0.4999 -0.4945 -0.4909
 -0.4734
 -9.5572 -9.5331 -9.4255 -9.2432 -8.9768 -8.6321 -8.2231 -7.7703 -7.2982 -6.8351
 -6.4008 -6.0058 -5.6482 -5.3180 -4.9982 -4.1824 -3.3344 -2.5624 -1.9175 -1.4112
 -1.0443 -0.7933 -0.6268 -0.5171 -0.4453 -0.3995 -0.3718 -0.3548 -0.3455 -0.3422
 -0.3436
 -9.4156 -9.3816 -9.2626 -9.0675 -8.7861 -8.4299 -8.0160 -7.5633 -7.0894 -6.6134
 -6.1583 -5.7403 -5.3631 -5.0250 -4.7145 -3.9817 -3.2331 -2.5254 -1.9234 -1.4311
 -1.0461 -0.7641 -0.5677 -0.4348 -0.3454 -0.2860 -0.2478 -0.2242 -0.2102 -0.2026
 -0.2005
 -9.2839 -9.2445 -9.1148 -8.9043 -8.6104 -8.2426 -7.8247 -7.3765 -6.9129 -6.4454
 -5.9952 -5.5718 -5.1803 -4.8248 -4.5064 -3.8163 -3.1762 -2.5293 -1.9569 -1.4793
 -1.0905 -0.7850 -0.5572 -0.3944 -0.2810 -0.2025 -0.1492 -0.1137 -0.0909 -0.0771
 -0.0689
 -9.1785 -9.1218 -8.9776 -8.7552 -8.4500 -8.0743 -7.6530 -7.2084 -6.7553 -6.3026
 -5.8611 -5.4406 -5.0496 -4.6950 -4.3800 -3.7142 -3.1261 -2.5458 -2.0019 -1.5346
 -1.1476 -0.8323 -0.5822 -0.3915 -0.2512 -0.1501 -0.0784 -0.0279  0.0069  0.0302
  0.0449
 -9.0994 -9.0134 -8.8510 -8.6202 -8.3049 -7.9250 -7.4997 -7.0595 -6.6162 -6.1839
 -5.7653 -5.3596 -4.9660 -4.6356 -4.3353 -3.6754 -3.0828 -2.5749 -2.0584
 [Fe/H] = -3.00 [alpha/Fe] = 0.40 BC value = F275W
-10.4763-10.4394-10.4801-10.6322-10.9101-10.8170-10.5377-10.1197 -9.6843 -9.2608
 -8.9216 -8.7915 -9.0113 -9.0833 -8.8572 -7.6798
-10.4638-10.3825-10.3405-10.3628-10.4666-10.4099-10.2753-10.0594 -9.8057 -9.5256
 -9.2477 -9.0210 -8.9037 -8.7099 -8.3696 -7.1578 -5.8832 -4.7938 -3.9481
-10.4359-10.3238-10.2181-10.1353-10.0939-10.0235 -9.9458 -9.8345 -9.6865 -9.4981
 -9.2665 -8.9897 -8.6661 -8.2945 -7.8743 -6.6467 -5.3493 -4.2517 -3.4383 -2.8482
 -2.4177
-10.3926-10.2633-10.1129 -9.9497 -9.7918 -9.6578 -9.5492 -9.4449 -9.3266 -9.1782
 -8.9781 -8.6977 -8.2985 -7.8372 -7.3713 -6.1465 -4.8688 -3.7831 -2.9974 -2.4450
 -2.0556 -1.7815 -1.5913
-10.3339-10.2010-10.0249 -9.8060 -9.5604 -9.3128 -9.0855 -8.8905 -8.7261 -8.5660
 -8.3824 -8.1449 -7.8009 -7.3379 -6.8606 -5.6572 -4.4417 -3.3880 -2.6254 -2.1046
 -1.7479 -1.5028 -1.3357 -1.2229 -1.1444
-10.2598-10.1369 -9.9541 -9.7042 -9.3997 -9.0694 -8.7406 -8.4340 -8.1590 -7.9161
 -7.6876 -7.4523 -7.1720 -6.7891 -6.3467 -5.2096 -4.0941 -3.0936 -2.3445 -1.8366
 -1.4980 -1.2700 -1.1168 -1.0154 -0.9494 -0.9060
-10.1684-10.0654 -9.8936 -9.6362 -9.3009 -8.9174 -8.5183 -8.1302 -7.7686 -7.4377
 -7.1344 -6.8489 -6.5636 -6.2386 -5.8537 -4.8286 -3.8284 -2.9019 -2.1658 -1.6512
 -1.3104 -1.0848 -0.9346 -0.8354 -0.7715 -0.7311 -0.7043 -0.6869 -0.6723 -0.6430
-10.0642 -9.9840 -9.8356 -9.5933 -9.2526 -8.8418 -8.3988 -7.9560 -7.5317 -7.1374
 -6.7742 -6.4384 -6.1204 -5.8079 -5.4587 -4.5376 -3.6328 -2.7951 -2.0813 -1.5519
 -1.1898 -0.9500 -0.7911 -0.6856 -0.6166 -0.5729 -0.5459 -0.5277 -0.5168 -0.5087
 -0.4870
 -9.9718 -9.9144 -9.7754 -9.5633 -9.2427 -8.8307 -8.3660 -7.8880 -7.4218 -6.9800
 -6.5697 -6.1931 -5.8454 -5.5199 -5.1861 -4.3465 -3.5070 -2.7403 -2.0929 -1.5288
 -1.1662 -0.8692 -0.6892 -0.5686 -0.4881 -0.4354 -0.4024 -0.3800 -0.3657 -0.3585
 -0.3579
 -9.7828 -9.8135 -9.7267 -9.5346 -9.2505 -8.8610 -8.3976 -7.9030 -7.4082 -6.9327
 -6.4853 -6.0719 -5.6936 -5.3472 -5.0144 -4.2184 -3.4422 -2.7170 -2.0827 -1.5527
 -1.1402 -0.8388 -0.6284 -0.4844 -0.3865 -0.3204 -0.2771 -0.2493 -0.2317 -0.2207
 -0.2152
 -9.6927 -9.7141 -9.6489 -9.5063 -9.2693 -8.9240 -8.4870 -7.9957 -7.4876 -6.9886
 -6.5125 -6.0667 -5.6560 -5.2817 -4.9382 -4.1503 -3.4285 -2.7383 -2.1258 -1.6086
 -1.1879 -0.8606 -0.6173 -0.4432 -0.3211 -0.2359 -0.1775 -0.1379 -0.1117 -0.0948
 -0.0837
 -9.6007 -9.6162 -9.5698 -9.4680 -9.2846 -8.9986 -8.6075 -8.1310 -7.6257 -7.1141
 -6.6161 -6.1434 -5.7018 -5.2961 -4.9265 -4.1185 -3.4265 -2.7782 -2.1831 -1.6726
 -1.2511 -0.9108 -0.6435 -0.4404 -0.2910 -0.1829 -0.1059 -0.0513 -0.0131  0.0130
  0.0305
 -9.5068 -9.5197 -9.4892 -9.4198 -9.2966 -9.0849 -8.7077 -8.2866 -7.8025 -7.2841
 -6.7725 -6.2775 -5.8093 -5.3733 -4.9793 -4.1230 -3.4362 -2.8367 -2.2546
 [Fe/H] = -2.50 [alpha/Fe] = 0.40 BC value = F275W
-10.5539-10.6621-10.8041-10.7734-10.5132-10.2049-10.0450-10.0506-10.1080-10.1025
 -9.9958 -9.8372 -9.6700 -9.4108 -9.0517 -8.0198
-10.4525-10.4366-10.4524-10.4059-10.2722-10.1185-10.0168 -9.9721 -9.9391 -9.8650
 -9.7190 -9.4961 -9.2049 -8.8484 -8.4461 -7.3591 -6.1303 -5.0046 -4.0862
-10.3751-10.2660-10.1779-10.0912-10.0046 -9.9198 -9.8364 -9.7512 -9.6555 -9.5316
 -9.3547 -9.0906 -8.7228 -8.2968 -7.8591 -6.7356 -5.5441 -4.4490 -3.5882 -2.9576
 -2.5272
-10.3217-10.1503 -9.9806 -9.8293 -9.7104 -9.6088 -9.5038 -9.3879 -9.2572 -9.1023
 -8.9029 -8.6207 -8.2237 -7.7560 -7.2907 -6.1493 -5.0095 -3.9630 -3.1498 -2.5698
 -2.1614 -1.8712 -1.6620
-10.2923-10.0895 -9.8605 -9.6202 -9.3896 -9.1855 -9.0190 -8.8822 -8.7442 -8.5771
 -8.3636 -8.0864 -7.7076 -7.2260 -6.7409 -5.6002 -4.5265 -3.5466 -2.7711 -2.2249
 -1.8489 -1.5892 -1.4096 -1.2854 -1.1991
-10.2756-10.0653 -9.8044 -9.5057 -9.1922 -8.8863 -8.6048 -8.3540 -8.1372 -7.9430
 -7.7331 -7.4732 -7.1457 -6.7180 -6.2365 -5.1267 -4.1307 -3.2270 -2.4838 -1.9540
 -1.5959 -1.3533 -1.1881 -1.0760 -1.0002 -0.9481
-10.2586-10.0684 -9.8047 -9.4754 -9.1067 -8.7281 -8.3627 -8.0223 -7.7092 -7.4220
 -7.1568 -6.8939 -6.6024 -6.2493 -5.8226 -4.7658 -3.8427 -3.0119 -2.2988 -1.7667
 -1.4063 -1.1656 -1.0034 -0.8939 -0.8207 -0.7718 -0.7376 -0.7138 -0.6936 -0.6596
-10.2221-10.0750 -9.8435 -9.5182 -9.1212 -8.6924 -8.2651 -7.8574 -7.4777 -7.1247
 -6.7949 -6.4838 -6.1824 -5.8739 -5.5099 -4.5366 -3.6632 -2.8915 -2.2087 -1.6668
 -1.2849 -1.0291 -0.8578 -0.7419 -0.6640 -0.6123 -0.5783 -0.5541 -0.5381 -0.5256
 -0.4997
-10.1588-10.0586 -9.8839 -9.6034 -9.2173 -8.7640 -8.2905 -7.8294 -7.3954 -6.9926
 -6.6176 -6.2664 -5.9356 -5.6203 -5.2924 -4.4167 -3.5776 -2.8452 -2.1925 -1.6437
 -1.2327 -0.9474 -0.7543 -0.6232 -0.5339 -0.4736 -0.4339 -0.4076 -0.3895 -0.3775
 -0.3714
-10.0742-10.0112 -9.8926 -9.6811 -9.3487 -8.9095 -8.4140 -7.9110 -7.4303 -6.9825
 -6.5678 -6.1830 -5.8240 -5.4880 -5.1620 -4.3463 -3.5564 -2.8418 -2.2146 -1.6702
 -1.2363 -0.9167 -0.6925 -0.5378 -0.4310 -0.3574 -0.3077 -0.2746 -0.2526 -0.2379
 -0.2293
 -9.9813 -9.9449 -9.8708 -9.7277 -9.4768 -9.0994 -8.6227 -8.1012 -7.5820 -7.0909
 -6.6357 -6.2157 -5.8270 -5.4669 -5.1286 -4.3233 -3.5815 -2.8847 -2.2678 -1.7326
 -1.2876 -0.9400 -0.6818 -0.4963 -0.3650 -0.2724 -0.2077 -0.1629 -0.1325 -0.1122
 -0.0982
 -9.8830 -9.8659 -9.8237 -9.7335 -9.5608 -9.2722 -8.8600 -8.3589 -7.8229 -7.2952
 -6.7982 -6.3390 -5.9159 -5.5256 -5.1629 -4.3356 -3.6164 -2.9467 -2.3364 -1.8042
 -1.3566 -0.9940 -0.7099 -0.4943 -0.3352 -0.2194 -0.1360 -0.0762 -0.0339 -0.0045
  0.0157
 -9.7794 -9.7742 -9.7596 -9.7065 -9.5962 -9.3920 -9.0722 -8.6340 -8.1180 -7.5752
 -7.0431 -6.5423 -6.0789 -5.6524 -5.2649 -4.3832 -3.6611 -3.0278 -2.4204
 [Fe/H] = -2.00 [alpha/Fe] = 0.40 BC value = F275W
-10.6777-10.5900-10.5528-10.5710-10.5445-10.4965-10.4315-10.3568-10.2671-10.1642
-10.0436 -9.8962 -9.7041 -9.4522 -9.1402 -8.2146
-10.5248-10.4312-10.3517-10.2866-10.2336-10.1837-10.1279-10.0591 -9.9726 -9.8630
 -9.7155 -9.5054 -9.2148 -8.8663 -8.4860 -7.4720 -6.3615 -5.2750 -4.3570
-10.3787-10.2454-10.1220-10.0150 -9.9279 -9.8562 -9.7888 -9.7121 -9.6176 -9.4942
 -9.3216 -9.0680 -8.7119 -8.2921 -7.8595 -6.7853 -5.7116 -4.6955 -3.8317 -3.1751
 -2.7092
-10.2394-10.0326 -9.8637 -9.7562 -9.6274 -9.5140 -9.4142 -9.3158 -9.2021 -9.0578
 -8.8619 -8.5840 -8.1954 -7.7296 -7.2607 -6.1545 -5.1256 -4.1822 -3.3757 -2.7631
 -2.3164 -2.0103 -1.7725
-10.1528 -9.8798 -9.6467 -9.4487 -9.2783 -9.1284 -8.9931 -8.8637 -8.7207 -8.5494
 -8.3298 -8.0410 -7.6568 -7.1784 -6.6896 -5.5796 -4.6035 -3.7351 -2.9890 -2.4148
 -2.0079 -1.7240 -1.5249 -1.3836 -1.2819
-10.1564 -9.8557 -9.5414 -9.2546 -8.9993 -8.7695 -8.5603 -8.3671 -8.1864 -8.0029
 -7.7694 -7.4794 -7.1243 -6.6822 -6.1965 -5.1067 -4.1850 -3.3822 -2.6883 -2.1402
 -1.7510 -1.4835 -1.2992 -1.1709 -1.0806 -1.0146
-10.2188 -9.9089 -9.5592 -9.1950 -8.8388 -8.5080 -8.2080 -7.9396 -7.6991 -7.4835
 -7.2643 -6.9955 -6.6674 -6.2820 -5.8350 -4.7710 -3.8933 -3.1390 -2.4841 -1.9476
 -1.5582 -1.2919 -1.1104 -0.9854 -0.8986 -0.8374 -0.7919 -0.7577 -0.7279 -0.6855
-10.2946-10.0274 -9.6787 -9.2829 -8.8722 -8.4713 -8.0968 -7.7537 -7.4399 -7.1485
 -6.8752 -6.6125 -6.3320 -6.0020 -5.6075 -4.5819 -3.7262 -3.0029 -2.3731 -1.8396
 -1.4341 -1.1529 -0.9617 -0.8306 -0.7397 -0.6764 -0.6317 -0.5978 -0.5729 -0.5523
 -0.5196
-10.3374-10.1446 -9.8555 -9.4726 -9.0337 -8.5791 -8.1394 -7.7296 -7.3538 -7.0084
 -6.6849 -6.3782 -6.0845 -5.7943 -5.4688 -4.5228 -3.6678 -2.9568 -2.3412 -1.8077
 -1.3799 -1.0702 -0.8568 -0.7100 -0.6079 -0.5364 -0.4865 -0.4510 -0.4246 -0.4053
 -0.3926
-10.3137-10.1916 -9.9972 -9.6940 -9.2825 -8.8035 -8.3100 -7.8370 -7.3994 -6.9997
 -6.6322 -6.2893 -5.9650 -5.6568 -5.3530 -4.5153 -3.6869 -2.9714 -2.3613 -1.8283
 -1.3819 -1.0399 -0.7951 -0.6240 -0.5039 -0.4191 -0.3595 -0.3176 -0.2878 -0.2662
 -0.2517
-10.2439-10.1754-10.0613 -9.8651 -9.5498 -9.1135 -8.6026 -8.0775 -7.5777 -7.1190
 -6.7014 -6.3190 -5.9639 -5.6303 -5.3132 -4.5229 -3.7547 -3.0409 -2.4264 -1.8932
 -1.4356 -1.0661 -0.7867 -0.5836 -0.4381 -0.3339 -0.2592 -0.2059 -0.1680 -0.1411
 -0.1215
-10.1563-10.1164-10.0532 -9.9405 -9.7395 -9.4108 -8.9541 -8.4187 -7.8708 -7.3510
 -6.8756 -6.4445 -6.0511 -5.6876 -5.3467 -4.5436 -3.8176 -3.1311 -2.5117 -1.9751
 -1.5120 -1.1259 -0.8188 -0.5843 -0.4097 -0.2815 -0.1878 -0.1194 -0.0697 -0.0340
 -0.0085
-10.0566-10.0369-10.0027 -9.9469 -9.8311 -9.6166 -9.2744 -8.8016 -8.2513 -7.6878
 -7.1533 -6.6646 -6.2220 -5.8189 -5.4535 -4.5774 -3.8756 -3.2420 -2.6172
 [Fe/H] = -1.50 [alpha/Fe] = 0.40 BC value = F275W
-10.9478-10.8897-10.8262-10.7609-10.7040-10.6326-10.5296-10.3933-10.2428-10.0934
 -9.9487 -9.8057 -9.6416 -9.4346 -9.1766 -8.3747
-10.6255-10.5380-10.4674-10.4064-10.3506-10.2860-10.1984-10.0817 -9.9494 -9.8051
 -9.6434 -9.4481 -9.1987 -8.8937 -8.5485 -7.6040 -6.5887 -5.5669 -4.6582
-10.3641-10.2319-10.1282-10.0465 -9.9772 -9.9092 -9.8281 -9.7232 -9.6006 -9.4564
 -9.2789 -9.0445 -8.7318 -8.3524 -7.9418 -6.9019 -5.8950 -4.9629 -4.1371 -3.4557
 -2.9589
-10.1636 -9.9714 -9.8086 -9.6812 -9.5837 -9.5021 -9.4187 -9.3178 -9.1964 -9.0473
 -8.8552 -8.5949 -8.2409 -7.8107 -7.3565 -6.2684 -5.2899 -4.4264 -3.6753 -3.0467
 -2.5681 -2.2185 -1.9633
 -9.9927 -9.7309 -9.5322 -9.3548 -9.2036 -9.0826 -8.9789 -8.8674 -8.7350 -8.5716
 -8.3630 -8.0894 -7.7268 -7.2798 -6.8061 -5.7106 -4.7717 -3.9663 -3.2773 -2.6969
 -2.2508 -1.9292 -1.6998 -1.5328 -1.4085
 -9.9165 -9.5888 -9.2989 -9.0480 -8.8377 -8.6690 -8.5357 -8.4081 -8.2610 -8.0811
 -7.8584 -7.5820 -7.2369 -6.8110 -6.3423 -5.2620 -4.3629 -3.6028 -2.9590 -2.4155
 -1.9902 -1.6843 -1.4692 -1.3162 -1.2042 -1.1194
 -9.9938 -9.6181 -9.2491 -8.9062 -8.6035 -8.3438 -8.1327 -7.9680 -7.8177 -7.6476
 -7.4316 -7.1596 -6.8364 -6.4548 -6.0127 -4.9501 -4.0781 -3.3483 -2.7312 -2.2099
 -1.7929 -1.4885 -1.2758 -1.1265 -1.0193 -0.9398 -0.8779 -0.8282 -0.7831 -0.7268
-10.1654 -9.7727 -9.3619 -8.9600 -8.5842 -8.2462 -7.9502 -7.6918 -7.4640 -7.2613
 -7.0697 -6.8496 -6.5636 -6.2177 -5.8215 -4.7793 -3.9152 -3.2001 -2.5952 -2.0825
 -1.6623 -1.3466 -1.1239 -0.9682 -0.8574 -0.7767 -0.7163 -0.6686 -0.6294 -0.5951
 -0.5502
-10.3692-10.0207 -9.6023 -9.1591 -8.7253 -8.3191 -7.9494 -7.6190 -7.3238 -7.0557
 -6.8062 -6.5707 -6.3362 -6.0645 -5.7271 -4.7366 -3.8602 -3.1453 -2.5418 -2.0284
 -1.6147 -1.2618 -1.0178 -0.8456 -0.7234 -0.6350 -0.5701 -0.5203 -0.4814 -0.4507
 -0.4261
-10.4787-10.2516 -9.9075 -9.4760 -9.0043 -8.5360 -8.0954 -7.6930 -7.3300 -7.0026
 -6.7026 -6.4215 -6.1541 -5.8953 -5.6234 -4.7676 -3.8887 -3.1598 -2.5509 -2.0317
 -1.5898 -1.2292 -0.9563 -0.7594 -0.6184 -0.5165 -0.4422 -0.3871 -0.3454 -0.3128
 -0.2881
-10.4904-10.3629-10.1463 -9.8230 -9.3920 -8.8980 -8.3946 -7.9179 -7.4809 -7.0865
 -6.7303 -6.4044 -6.1003 -5.8122 -5.5338 -4.7969 -3.9899 -3.2430 -2.6203 -2.0915
 -1.6377 -1.2550 -0.9502 -0.7213 -0.5539 -0.4317 -0.3421 -0.2759 -0.2266 -0.1894
 -0.1604
-10.4388-10.3695-10.2409-10.0473 -9.7454 -9.3219 -8.8132 -8.2794 -7.7670 -7.2972
 -6.8738 -6.4925 -6.1450 -5.8235 -5.5199 -4.7911 -4.0770 -3.3621 -2.7237 -2.1822
 -1.7174 -1.3180 -0.9870 -0.7263 -0.5289 -0.3815 -0.2721 -0.1904 -0.1295 -0.0839
 -0.0495
-10.3527-10.3080-10.2350-10.1284 -9.9521 -9.6668 -9.2520 -8.7347 -8.1774 -7.6356
 -7.1365 -6.6876 -6.2847 -5.9192 -5.5817 -4.7502 -4.1500 -3.5171 -2.8611
 [Fe/H] = -1.00 [alpha/Fe] = 0.40 BC value = F275W
-11.2834-11.2223-11.1596-11.0896-11.0198-10.9100-10.7311-10.4951-10.2669-10.0173
 -9.8337 -9.6826 -9.5469 -9.4000 -9.2209 -8.5838
-10.8763-10.8100-10.7491-10.6848-10.6137-10.5151-10.3678-10.1656 -9.9439 -9.7288
 -9.5327 -9.3506 -9.1621 -8.9410 -8.6742 -7.8468 -6.8956 -5.9279 -5.0278
-10.4973-10.4062-10.3311-10.2613-10.1868-10.0965 -9.9736 -9.8027 -9.6089 -9.4065
 -9.2029 -8.9947 -8.7614 -8.4799 -8.1458 -7.1876 -6.2031 -5.2945 -4.5012 -3.8260
 -3.2701
-10.1464-10.0109 -9.9056 -9.8191 -9.7392 -9.6541 -9.5485 -9.4064 -9.2382 -9.0504
 -8.8443 -8.6149 -8.3448 -8.0167 -7.6357 -6.6062 -5.6270 -4.7661 -4.0384 -3.4233
 -2.9125 -2.5194 -2.2224
 -9.8998 -9.6898 -9.5224 -9.3936 -9.2908 -9.1982 -9.0994 -8.9754 -8.8253 -8.6498
 -8.4455 -8.2047 -7.9134 -7.5601 -7.1555 -6.1031 -5.1495 -4.3295 -3.6467 -3.0758
 -2.6006 -2.2313 -1.9578 -1.7524 -1.5952
 -9.7352 -9.4777 -9.2545 -9.0602 -8.9011 -8.7729 -8.6629 -8.5429 -8.4004 -8.2316
 -8.0310 -7.7902 -7.4977 -7.1441 -6.7391 -5.6943 -4.7718 -3.9859 -3.3317 -2.7896
 -2.3396 -1.9861 -1.7251 -1.5339 -1.3889 -1.2757
 -9.7270 -9.3738 -9.0615 -8.7974 -8.5815 -8.4090 -8.2705 -8.1501 -8.0129 -7.8499
 -7.6557 -7.4237 -7.1449 -6.8104 -6.4218 -5.3968 -4.4983 -3.7380 -3.1002 -2.5727
 -2.1361 -1.7882 -1.5290 -1.3407 -1.2015 -1.0944 -1.0084 -0.9365 -0.8706 -0.7944
 -9.8754 -9.4636 -9.0744 -8.7216 -8.4145 -8.1551 -7.9421 -7.7765 -7.6439 -7.5086
 -7.3430 -7.1339 -6.8783 -6.5711 -6.2151 -5.2155 -4.3264 -3.5818 -2.9529 -2.4286
 -1.9947 -1.6432 -1.3752 -1.1797 -1.0368 -0.9292 -0.8449 -0.7763 -0.7181 -0.6646
 -0.6009
-10.1360 -9.6924 -9.2484 -8.8292 -8.4469 -8.1097 -7.8193 -7.5736 -7.3672 -7.1892
 -7.0266 -6.8609 -6.6619 -6.4069 -6.0944 -5.1441 -4.2501 -3.5081 -2.8821 -2.3544
 -1.9147 -1.5530 -1.2683 -1.0561 -0.9010 -0.7857 -0.6980 -0.6285 -0.5709 -0.5232
 -0.4768
-10.4306-10.0317 -9.5632 -9.0868 -8.6365 -8.2272 -7.8640 -7.5473 -7.2726 -7.0318
 -6.8136 -6.6094 -6.4132 -6.2113 -5.9741 -5.1538 -4.2528 -3.5008 -2.8715 -2.3375
 -1.8870 -1.5104 -1.2049 -0.9698 -0.7954 -0.6663 -0.5695 -0.4948 -0.4357 -0.3873
 -0.3472
-10.6397-10.3688 -9.9810 -9.5041 -8.9995 -8.5156 -8.0746 -7.6815 -7.3343 -7.0281
 -6.7540 -6.5020 -6.2643 -6.0358 -5.8111 -5.1666 -4.3392 -3.5659 -2.9256 -2.3821
 -1.9181 -1.5243 -1.1958 -0.9332 -0.7327 -0.5827 -0.4705 -0.3849 -0.3186 -0.2663
 -0.2240
-10.6827-10.5428-10.2967 -9.9476 -9.4861 -8.9671 -8.4514 -7.9733 -7.5429 -7.1606
 -6.8200 -6.5132 -6.2317 -5.9672 -5.7141 -5.1038 -4.4272 -3.6813 -3.0216 -2.4658
 -1.9885 -1.5784 -1.2291 -0.9402 -0.7114 -0.5359 -0.4031 -0.3018 -0.2240 -0.1636
 -0.1158
-10.6429-10.5451-10.4133-10.2137 -9.9029 -9.4724 -8.9589 -8.4206 -7.9060 -7.4362
 -7.0156 -6.6402 -6.3025 -5.9945 -5.6831 -4.9654 -4.5168 -3.8470 -3.1595
 [Fe/H] = -0.75 [alpha/Fe] = 0.30 BC value = F275W
-11.4623-11.4025-11.3373-11.2600-11.1775-11.0450-10.8298-10.5498-10.2852-10.0201
 -9.8299 -9.6785 -9.5494 -9.4220 -9.2725 -8.7123
-11.0536-10.9879-10.9244-10.8535-10.7709-10.6532-10.4764-10.2353 -9.9778 -9.7398
 -9.5351 -9.3581 -9.1886 -9.0003 -8.7723 -8.0217 -7.1007 -6.1374 -5.2357
-10.6666-10.5787-10.5033-10.4292-10.3456-10.2401-10.0940 -9.8904 -9.6630 -9.4361
 -9.2231 -9.0237 -8.8184 -8.5798 -8.2912 -7.4059 -6.4281 -5.5017 -4.6944 -4.0118
 -3.4475
-10.3013-10.1749-10.0740 -9.9871 -9.9017 -9.8056 -9.6826 -9.5151 -9.3192 -9.1090
 -8.8939 -8.6753 -8.4388 -8.1605 -7.8292 -6.8649 -5.8808 -4.9920 -4.2422 -3.6176
 -3.0954 -2.6841 -2.3647
-10.0232 -9.8295 -9.6769 -9.5567 -9.4552 -9.3575 -9.2483 -9.1080 -8.9391 -8.7481
 -8.5383 -8.3094 -8.0518 -7.7486 -7.3932 -6.3973 -5.4312 -4.5776 -3.8654 -3.2792
 -2.7907 -2.4008 -2.1048 -1.8807 -1.7069
 -9.8524 -9.6122 -9.3942 -9.2071 -9.0576 -8.9349 -8.8225 -8.6958 -8.5446 -8.3694
 -8.1691 -7.9406 -7.6765 -7.3657 -7.0049 -6.0098 -5.0714 -4.2506 -3.5632 -2.9998
 -2.5339 -2.1594 -1.8747 -1.6622 -1.4999 -1.3704
 -9.7758 -9.4481 -9.1689 -8.9366 -8.7433 -8.5794 -8.4434 -8.3186 -8.1773 -8.0137
 -7.8242 -7.6043 -7.3473 -7.0449 -6.6936 -5.7155 -4.8022 -4.0100 -3.3385 -2.7859
 -2.3313 -1.9627 -1.6792 -1.4686 -1.3106 -1.1870 -1.0870 -1.0030 -0.9253 -0.8385
 -9.8890 -9.4874 -9.1165 -8.7896 -8.5106 -8.2779 -8.0908 -7.9486 -7.8263 -7.6894
 -7.5239 -7.3239 -7.0862 -6.8048 -6.4739 -5.5224 -4.6238 -3.8515 -3.1915 -2.6410
 -2.1873 -1.8165 -1.5252 -1.3068 -1.1446 -1.0210 -0.9231 -0.8421 -0.7731 -0.7093
 -0.6360
-10.1287 -9.6840 -9.2493 -8.8456 -8.4846 -8.1710 -7.9038 -7.6812 -7.5001 -7.3459
 -7.2021 -7.0480 -6.8596 -6.6225 -6.3325 -5.4277 -4.5327 -3.7686 -3.1155 -2.5630
 -2.1030 -1.7229 -1.4170 -1.1826 -1.0080 -0.8767 -0.7750 -0.6940 -0.6269 -0.5690
 -0.5171
-10.4400-10.0065 -9.5320 -9.0634 -8.6287 -8.2393 -7.8983 -7.6045 -7.3531 -7.1350
 -6.9389 -6.7569 -6.5830 -6.4010 -6.1843 -5.4097 -4.5161 -3.7476 -3.0962 -2.5395
 -2.0692 -1.6754 -1.3515 -1.0958 -0.9020 -0.7567 -0.6465 -0.5603 -0.4909 -0.4336
 -0.3853
-10.6830-10.3721 -9.9475 -9.4542 -8.9526 -8.4843 -8.0644 -7.6948 -7.3721 -7.0897
 -6.8376 -6.6062 -6.3884 -6.1813 -5.9797 -5.3915 -4.5805 -3.7981 -3.1402 -2.5771
 -2.0945 -1.6841 -1.3396 -1.0588 -0.8400 -0.6739 -0.5481 -0.4511 -0.3750 -0.3139
 -0.2636
-10.7620-10.5792-10.3109 -9.9196 -9.4302 -8.9056 -8.4023 -7.9461 -7.5415 -7.1847
 -6.8682 -6.5833 -6.3212 -6.0748 -5.8403 -5.2860 -4.6491 -3.8997 -3.2271 -2.6546
 -2.1604 -1.7341 -1.3705 -1.0658 -0.8201 -0.6287 -0.4822 -0.3694 -0.2816 -0.2126
 -0.1571
-10.7438-10.6252-10.4692-10.2372 -9.8873 -9.4223 -8.8940 -8.3625 -7.8686 -7.4248
 -7.0301 -6.6787 -6.3625 -6.0729 -5.7661 -5.0932 -4.7219 -4.0524 -3.3569
 [Fe/H] = -0.50 [alpha/Fe] = 0.20 BC value = F275W
-11.6588-11.6024-11.5366-11.4521-11.3528-11.1904-10.9329-10.6120-10.3083-10.0475
 -9.8351 -9.6839 -9.5596 -9.4453 -9.3247 -8.8655
-11.2555-11.1911-11.1256-11.0478-10.9512-10.8100-10.5981-10.3129-10.0191 -9.7613
 -9.5487 -9.3756 -9.2215 -9.0613 -8.8737 -8.2223 -7.3409 -6.3699 -5.4600
-10.8688-10.7829-10.7063-10.6269-10.5325-10.4089-10.2344 -9.9917 -9.7279 -9.4751
 -9.2529 -9.0596 -8.8772 -8.6777 -8.4381 -7.6509 -6.6962 -5.7458 -4.9166 -4.2188
 -3.6411
-10.4987-10.3778-10.2787-10.1894-10.0967 -9.9870 -9.8418 -9.6422 -9.4116 -9.1746
 -8.9477 -8.7359 -8.5267 -8.2945 -8.0179 -7.1513 -6.1812 -5.2613 -4.4796 -3.8359
 -3.3001 -2.8650 -2.5265
-10.1984-10.0182 -9.8754 -9.7592 -9.6554 -9.5492 -9.4246 -9.2608 -9.0643 -8.8492
 -8.6272 -8.4044 -8.1749 -7.9198 -7.6210 -6.7192 -5.7623 -4.8742 -4.1230 -3.5109
 -3.0051 -2.5937 -2.2740 -2.0277 -1.8334
-10.0208 -9.7829 -9.5708 -9.3942 -9.2520 -9.1297 -9.0096 -8.8687 -8.6992 -8.5066
 -8.2967 -8.0731 -7.8335 -7.5665 -7.2587 -6.3517 -5.4204 -4.5671 -3.8379 -3.2434
 -2.7561 -2.3589 -2.0483 -1.8114 -1.6279 -1.4803
 -9.8762 -9.5805 -9.3347 -9.1260 -8.9399 -8.7756 -8.6372 -8.5034 -8.3506 -8.1761
 -7.9804 -7.7640 -7.5253 -7.2577 -6.9519 -6.0579 -5.1527 -4.3327 -3.6224 -3.0363
 -2.5572 -2.1657 -1.8557 -1.6192 -1.4388 -1.2965 -1.1806 -1.0821 -0.9908 -0.8917
 -9.9396 -9.5513 -9.2034 -8.9056 -8.6564 -8.4512 -8.2847 -8.1523 -8.0230 -7.8735
 -7.6988 -7.4986 -7.2712 -7.0127 -6.7177 -5.8472 -4.9613 -4.1684 -3.4752 -2.8924
 -2.4128 -2.0192 -1.7026 -1.4579 -1.2724 -1.1297 -1.0156 -0.9205 -0.8391 -0.7632
 -0.6790
-10.1497 -9.7078 -9.2842 -8.8987 -8.5604 -8.2710 -8.0270 -7.8271 -7.6682 -7.5296
 -7.3920 -7.2370 -7.0496 -6.8235 -6.5545 -5.7212 -4.8477 -4.0708 -3.3913 -2.8096
 -2.3242 -1.9221 -1.5934 -1.3337 -1.1356 -0.9847 -0.8673 -0.7719 -0.6924 -0.6241
 -0.5614
-10.4517-10.0035 -9.5291 -9.0704 -8.6518 -8.2822 -7.9627 -7.6903 -7.4598 -7.2614
 -7.0836 -6.9201 -6.7624 -6.5936 -6.3909 -5.6648 -4.8034 -4.0296 -3.3587 -2.7774
 -2.2831 -1.8686 -1.5243 -1.2460 -1.0297 -0.8647 -0.7382 -0.6385 -0.5572 -0.4892
 -0.4314
-10.7261-10.3773 -9.9267 -9.4258 -8.9318 -8.4790 -8.0787 -7.7309 -7.4300 -7.1683
 -6.9349 -6.7208 -6.5211 -6.3344 -6.1544 -5.6186 -4.8346 -4.0575 -3.3867 -2.8041
 -2.3005 -1.8706 -1.5081 -1.2079 -0.9683 -0.7829 -0.6408 -0.5302 -0.4424 -0.3708
 -0.3113
-10.8395-10.6276-10.3225 -9.8943 -9.3849 -8.8612 -8.3725 -7.9370 -7.5552 -7.2214
 -6.9262 -6.6601 -6.4151 -6.1858 -5.9706 -5.4730 -4.8787 -4.1353 -3.4574 -2.8705
 -2.3587 -1.9148 -1.5346 -1.2132 -0.9492 -0.7396 -0.5769 -0.4503 -0.3507 -0.2713
 -0.2070
-10.8430-10.7030-10.5213-10.2567 -9.8679 -9.3750 -8.8372 -8.3159 -7.8416 -7.4214
 -7.0507 -6.7211 -6.4239 -6.1517 -5.8395 -5.2280 -4.9357 -4.2630 -3.5708
 [Fe/H] = -0.25 [alpha/Fe] = 0.10 BC value = F275W
-11.8697-11.8156-11.7501-11.6590-11.5345-11.3320-11.0283-10.6474-10.3351-10.0627
 -9.8529 -9.6914 -9.5636 -9.4468 -9.3700 -9.0025
-11.4798-11.4158-11.3482-11.2633-11.1488-10.9778-10.7240-10.3920-10.0689 -9.7926
 -9.5748 -9.4047 -9.2624 -9.1257 -8.9722 -8.4279 -7.6110 -6.6309 -5.7028
-11.1025-11.0166-10.9374-10.8515-10.7445-10.5989-10.3887-10.1034 -9.8015 -9.5251
 -9.2939 -9.1051 -8.9408 -8.7735 -8.5793 -7.9088 -6.9999 -6.0246 -5.1663 -4.4483
 -3.8533
-10.7378-10.6180-10.5177-10.4236-10.3215-10.1953-10.0224 -9.7850 -9.5156 -9.2490
 -9.0085 -8.8000 -8.6114 -8.4168 -8.1913 -7.4452 -6.5168 -5.5697 -4.7498 -4.0804
 -3.5272 -3.0732 -2.7083
-10.4285-10.2552-10.1159 -9.9990 -9.8897 -9.7721 -9.6273 -9.4330 -9.2009 -8.9548
 -8.7154 -8.4930 -8.2836 -8.0674 -7.8213 -7.0400 -6.1256 -5.2132 -4.4186 -3.7732
 -3.2447 -2.8107 -2.4652 -2.1937 -1.9775
-10.2359 -9.9993 -9.7944 -9.6252 -9.4852 -9.3582 -9.2254 -9.0630 -8.8655 -8.6455
 -8.4168 -8.1898 -7.9667 -7.7356 -7.4782 -6.6873 -5.7987 -4.9272 -4.1551 -3.5221
 -3.0070 -2.5850 -2.2473 -1.9831 -1.7754 -1.6069
-10.0425 -9.7794 -9.5569 -9.3544 -9.1666 -9.0003 -8.8560 -8.7078 -8.5353 -8.3392
 -8.1266 -7.9040 -7.6759 -7.4373 -7.1753 -6.3904 -5.5286 -4.6986 -3.9511 -3.3256
 -2.8154 -2.3976 -2.0601 -1.7947 -1.5883 -1.4245 -1.2895 -1.1751 -1.0683 -0.9554
-10.0396 -9.6672 -9.3445 -9.0766 -8.8564 -8.6734 -8.5150 -8.3763 -8.2282 -8.0568
 -7.8640 -7.6534 -7.4284 -7.1893 -6.9290 -6.1595 -5.3193 -4.5241 -3.8030 -3.1840
 -2.6728 -2.2524 -1.9092 -1.6356 -1.4231 -1.2574 -1.1238 -1.0129 -0.9174 -0.8275
 -0.7310
-10.2132 -9.7752 -9.3623 -8.9952 -8.6804 -8.4151 -8.1940 -8.0153 -7.8715 -7.7352
 -7.5875 -7.4175 -7.2196 -6.9959 -6.7454 -6.0000 -5.1774 -4.4052 -3.7076 -3.0961
 -2.5807 -2.1527 -1.7988 -1.5120 -1.2870 -1.1128 -0.9760 -0.8642 -0.7706 -0.6897
 -0.6147
-10.4952-10.0377 -9.5652 -9.1162 -8.7124 -8.3616 -8.0624 -7.8095 -7.5972 -7.4149
 -7.2513 -7.0984 -6.9465 -6.7793 -6.5807 -5.9017 -5.0969 -4.3364 -3.6551 -3.0512
 -2.5310 -2.0925 -1.7257 -1.4231 -1.1814 -0.9932 -0.8472 -0.7311 -0.6358 -0.5554
 -0.4865
-10.7833-10.4031 -9.9356 -9.4318 -8.9457 -8.5068 -8.1238 -7.7948 -7.5129 -7.2680
 -7.0491 -6.8491 -6.6653 -6.4961 -6.3331 -5.8332 -5.0872 -4.3335 -3.6603 -3.0622
 -2.5373 -2.0861 -1.7035 -1.3826 -1.1204 -0.9129 -0.7512 -0.6242 -0.5224 -0.4387
 -0.3682
-10.9232-10.6829-10.3424 -9.8874 -9.3661 -8.8463 -8.3706 -7.9526 -7.5901 -7.2755
 -6.9975 -6.7466 -6.5158 -6.3028 -6.1068 -5.6615 -5.1027 -4.3782 -3.7073 -3.1116
 -2.5837 -2.1215 -1.7236 -1.3845 -1.1011 -0.8713 -0.6894 -0.5463 -0.4327 -0.3412
 -0.2661
-10.9457-10.7835-10.5763-10.2791 -9.8570 -9.3411 -8.8004 -8.2898 -7.8328 -7.4326
 -7.0817 -6.7705 -6.4898 -6.2328 -5.9018 -5.3866 -5.1434 -4.4705 -3.7961
 [Fe/H] =  0.00 [alpha/Fe] = 0.00 BC value = F275W
-12.0825-12.0309-11.9660-11.8154-11.5866-11.3064-10.9970-10.6769-10.3643-10.0879
 -9.8762 -9.7158 -9.5855 -9.4831 -9.3784 -9.0212
-11.7280-11.6610-11.5888-11.4951-11.3584-11.1456-10.8414-10.4660-10.1222 -9.8345
 -9.6138 -9.4475 -9.3157 -9.1953 -9.0700 -8.6279 -7.8878 -6.9121 -5.9615
-11.3696-11.2792-11.1944-11.0996-10.9771-10.8042-10.5492-10.2170 -9.8816 -9.5858
 -9.3483 -9.1637 -9.0132 -8.8716 -8.7152 -8.1640 -7.3217 -6.3278 -5.4372 -4.6985
 -4.0908
-11.0228-10.8977-10.7910-10.6886-10.5738-10.4266-10.2191 -9.9376 -9.6274 -9.3327
 -9.0797 -8.8733 -8.7000 -8.5347 -8.3514 -7.7292 -6.8654 -5.9023 -5.0453 -4.3488
 -3.7757 -3.2991 -2.9109
-10.7219-10.5453-10.4011-10.2773-10.1581-10.0249 -9.8539 -9.6219 -9.3481 -9.0678
 -8.8086 -8.5836 -8.3875 -8.2003 -7.9969 -7.3387 -6.4931 -5.5743 -4.7419 -4.0623
 -3.5082 -3.0504 -2.6787 -2.3800 -2.1396
-10.4766-10.2813-10.0764 -9.9057 -9.7605 -9.6228 -9.4714 -9.2796 -9.0454 -8.7900
 -8.5364 -8.3008 -8.0864 -7.8810 -7.6634 -6.9906 -6.1742 -5.3077 -4.5025 -3.8313
 -3.2847 -2.8358 -2.4707 -2.1776 -1.9420 -1.7507
-10.2933-10.0526 -9.8355 -9.6283 -9.4355 -9.2639 -9.1078 -8.9384 -8.7371 -8.5095
 -8.2707 -8.0344 -7.8086 -7.5895 -7.3622 -6.6864 -5.8977 -5.0834 -4.3118 -3.6486
 -3.1040 -2.6566 -2.2909 -1.9957 -1.7606 -1.5708 -1.4150 -1.2827 -1.1586 -1.0306
-10.2122 -9.8546 -9.5545 -9.3119 -9.1137 -8.9403 -8.7771 -8.6208 -8.4462 -8.2455
 -8.0260 -7.7971 -7.5677 -7.3401 -7.1064 -6.4355 -5.6674 -4.8961 -4.1620 -3.5111
 -2.9660 -2.5153 -2.1440 -1.8408 -1.5987 -1.4058 -1.2499 -1.1208 -1.0091 -0.9034
 -0.7930
-10.3415 -9.9060 -9.5022 -9.1502 -8.8549 -8.6106 -8.4098 -8.2475 -8.1063 -7.9559
 -7.7830 -7.5856 -7.3694 -7.1427 -6.9068 -6.2447 -5.4934 -4.7504 -4.0514 -3.4169
 -2.8712 -2.4141 -2.0336 -1.7190 -1.4647 -1.2634 -1.1035 -0.9729 -0.8625 -0.7672
 -0.6780
-10.5946-10.1316 -9.6598 -9.2168 -8.8239 -8.4879 -8.2050 -7.9683 -7.7706 -7.5994
 -7.4422 -7.2896 -7.1295 -6.9501 -6.7439 -6.1089 -5.3742 -4.6484 -3.9735 -3.3561
 -2.8120 -2.3476 -1.9565 -1.6289 -1.3601 -1.1453 -0.9757 -0.8401 -0.7283 -0.6334
 -0.5518
-10.8771-10.4768 -9.9978 -9.4923 -9.0107 -8.5806 -8.2100 -7.8951 -7.6266 -7.3935
 -7.1849 -6.9957 -6.8242 -6.6663 -6.5117 -6.0210 -5.3221 -4.6085 -3.9488 -3.3454
 -2.8036 -2.3311 -1.9274 -1.5851 -1.2991 -1.0666 -0.8818 -0.7351 -0.6165 -0.5175
 -0.4353
-11.0284-10.7633-10.3960 -9.9228 -9.3940 -8.8769 -8.4097 -8.0036 -7.6548 -7.3531
 -7.0867 -6.8465 -6.6278 -6.4295 -6.2514 -5.8459 -5.3064 -4.6148 -3.9643 -3.3706
 -2.8325 -2.3541 -1.9384 -1.5811 -1.2780 -1.0261 -0.8224 -0.6597 -0.5292 -0.4232
 -0.3357
-11.0626-10.8779-10.6464-10.3208 -9.8739 -9.3423 -8.7997 -8.2969 -7.8526 -7.4664
 -7.1296 -6.8316 -6.5636 -6.3203 -5.9630 -5.5836 -5.3271 -4.6673 -4.0200
 [Fe/H] =  0.25 [alpha/Fe] = 0.00 BC value = F275W
-12.2790-12.2494-12.2062-11.9593-11.5680-11.1837-10.8989-10.7001-10.3931-10.1117
 -9.8845 -9.7152 -9.5864 -9.4733 -9.3815 -9.1142
-11.9300-11.8870-11.8351-11.6983-11.4788-11.1984-10.8754-10.5252-10.1711 -9.8652
 -9.6287 -9.4531 -9.3212 -9.2136 -9.1095 -8.7797 -8.1777 -7.2726 -6.2471
-11.5750-11.5094-11.4431-11.3580-11.2300-11.0222-10.7115-10.3157 -9.9477 -9.6271
 -9.3710 -9.1775 -9.0309 -8.9086 -8.7885 -8.3809 -7.6751 -6.7078 -5.7796 -5.0132
 -4.3770
-11.2140-11.1166-11.0302-10.9384-10.8216-10.6551-10.4072-10.0686 -9.7124 -9.3868
 -9.1132 -8.8965 -8.7286 -8.5871 -8.4473 -7.9805 -7.2423 -6.3027 -5.4084 -4.6754
 -4.0724 -3.5720 -3.1569
-10.8739-10.7321-10.6149-10.5080-10.3939-10.2515-10.0553 -9.7785 -9.4567 -9.1384
 -8.8558 -8.6187 -8.4271 -8.2642 -8.1056 -7.6030 -6.8760 -5.9907 -5.1287 -4.4102
 -3.8264 -3.3421 -2.9402 -2.6083 -2.3344
-10.6080-10.4031-10.2356-10.0962 -9.9695 -9.8355 -9.6722 -9.4514 -9.1749 -8.8797
 -8.5989 -8.3498 -8.1376 -7.9539 -7.7786 -7.2555 -6.5536 -5.7310 -4.9086 -4.1997
 -3.6192 -3.1405 -2.7445 -2.4181 -2.1493 -1.9268
-10.4221-10.1825 -9.9590 -9.7619 -9.5928 -9.4423 -9.2897 -9.1067 -8.8763 -8.6134
 -8.3460 -8.0958 -7.8692 -7.6677 -7.4775 -6.9424 -6.2640 -5.5014 -4.7277 -4.0317
 -3.4512 -2.9712 -2.5741 -2.2460 -1.9763 -1.7544 -1.5702 -1.4149 -1.2696 -1.1239
-10.2093 -9.9190 -9.6813 -9.4843 -9.2987 -9.1183 -8.9475 -8.7790 -8.5824 -8.3526
 -8.1065 -7.8623 -7.6305 -7.4160 -7.2131 -6.6697 -6.0093 -5.2941 -4.5722 -3.8986
 -3.3193 -2.8352 -2.4326 -2.0979 -1.8215 -1.5955 -1.4100 -1.2553 -1.1232 -0.9981
 -0.8710
-10.2521 -9.8438 -9.4867 -9.1929 -8.9572 -8.7662 -8.6033 -8.4517 -8.2945 -8.1055
 -7.8890 -7.6591 -7.4294 -7.2076 -6.9948 -6.4455 -5.7995 -5.1154 -4.4394 -3.7952
 -3.2220 -2.7335 -2.3230 -1.9789 -1.6924 -1.4572 -1.2665 -1.1099 -0.9780 -0.8647
 -0.7577
-10.4634 -9.9963 -9.5473 -9.1444 -8.8008 -8.5157 -8.2802 -8.0882 -7.9260 -7.7764
 -7.6165 -7.4403 -7.2451 -7.0366 -6.8226 -6.2691 -5.6364 -4.9701 -4.3253 -3.7113
 -3.1496 -2.6593 -2.2415 -1.8874 -1.5891 -1.3421 -1.1419 -0.9796 -0.8457 -0.7321
 -0.6342
-10.7776-10.3182 -9.8193 -9.3315 -8.8872 -8.5022 -8.1773 -7.9050 -7.6757 -7.4781
 -7.3006 -7.1342 -6.9752 -6.8162 -6.6491 -6.1503 -5.5361 -4.8835 -4.2577 -3.6672
 -3.1192 -2.6288 -2.2033 -1.8383 -1.5272 -1.2658 -1.0515 -0.8781 -0.7370 -0.6200
 -0.5205
-11.0280-10.6870-10.2369 -9.7173 -9.1918 -8.7071 -8.2829 -7.9214 -7.6155 -7.3529
 -7.1211 -6.9114 -6.7206 -6.5476 -6.3899 -6.0057 -5.4788 -4.8427 -4.2280 -3.6535
 -3.1185 -2.6308 -2.1993 -1.8243 -1.5009 -1.2248 -0.9947 -0.8063 -0.6535 -0.5286
 -0.4245
-11.1260-10.9024-10.6063-10.1904 -9.6751 -9.1228 -8.5995 -8.1350 -7.7351 -7.3925
 -7.0952 -6.8323 -6.5956 -6.3810 -6.0450 -5.8353 -5.4645 -4.8477 -4.2362
 [Fe/H] =  0.50 [alpha/Fe] = 0.00 BC value = F275W
-12.4165-12.5302-12.3782-12.0265-11.6473-11.2995-10.9915-10.7162-10.4262-10.1441
 -9.9060 -9.7262 -9.5914 -9.4835 -9.3804 -9.1494
-12.0984-12.1218-12.0486-11.8890-11.6517-11.3446-10.9745-10.5722-10.2231 -9.9092
 -9.6580 -9.4706 -9.3336 -9.2278 -9.1378 -8.8848 -8.4305 -7.6274 -6.5628
-11.7605-11.7244-11.6794-11.6115-11.4625-11.2092-10.8421-10.3964-10.0136 -9.6786
 -9.4071 -9.2027 -9.0521 -8.9364 -8.8363 -8.5402 -7.9891 -7.0892 -6.1911 -5.3928
 -4.7020
-11.4028-11.3381-11.2705-11.1940-11.0797-10.8934-10.5943-10.1908 -9.7974 -9.4488
 -9.1580 -8.9293 -8.7576 -8.6250 -8.5102 -8.1718 -7.5801 -6.6975 -5.7803 -5.0125
 -4.3818 -3.8575 -3.4183
-11.0457-10.9368-10.8453-10.7552-10.6463-10.4932-10.2641 -9.9344 -9.5631 -9.2143
 -8.9090 -8.6594 -8.4632 -8.3091 -8.1767 -7.8049 -7.2150 -6.3905 -5.5166 -4.7660
 -4.1554 -3.6468 -3.2169 -2.8549 -2.5496
-10.7291-10.5651-10.4326-10.3181-10.2043-10.0688 -9.8875 -9.6306 -9.3052 -8.9702
 -8.6631 -8.3994 -8.1812 -8.0042 -7.8528 -7.4551 -6.8816 -6.1263 -5.3074 -4.5721
 -3.9646 -3.4593 -3.0348 -2.6781 -2.3773 -2.1231
-10.5168-10.2855-10.0893 -9.9269 -9.7866 -9.6501 -9.4938 -9.2904 -9.0230 -8.7190
 -8.4218 -8.1527 -7.9200 -7.7223 -7.5521 -7.1318 -6.5754 -5.8832 -5.1281 -4.4165
 -3.8096 -3.3021 -2.8763 -2.5182 -2.2166 -1.9615 -1.7464 -1.5626 -1.3946 -1.2302
-10.2996-10.0099 -9.8454 -9.6421 -9.4537 -9.2832 -9.1228 -8.9473 -8.7289 -8.4656
 -8.1886 -7.9243 -7.6835 -7.4709 -7.2839 -6.8421 -6.2989 -5.6548 -4.9636 -4.2863
 -3.6851 -3.1742 -2.7425 -2.3792 -2.0720 -1.8124 -1.5943 -1.4104 -1.2541 -1.1071
 -0.9623
-10.1968 -9.8377 -9.5459 -9.3194 -9.1355 -8.9697 -8.8034 -8.6335 -8.4470 -8.2222
 -7.9710 -7.7180 -7.4773 -7.2564 -7.0553 -6.5927 -6.0590 -5.4476 -4.8092 -4.1739
 -3.5868 -3.0744 -2.6368 -2.2651 -1.9496 -1.6822 -1.4583 -1.2705 -1.1125 -0.9778
 -0.8507
-10.3404 -9.8920 -9.4814 -9.1305 -8.8445 -8.6151 -8.4298 -8.2737 -8.1275 -7.9617
 -7.7585 -7.5318 -7.3009 -7.0776 -6.8674 -6.3848 -5.8580 -5.2644 -4.6620 -4.0676
 -3.5024 -2.9941 -2.5526 -2.1733 -1.8488 -1.5718 -1.3389 -1.1450 -0.9836 -0.8476
 -0.7310
-10.6337-10.1518 -9.6652 -9.2122 -8.8150 -8.4806 -8.2044 -7.9759 -7.7856 -7.6214
 -7.4607 -7.2906 -7.1101 -6.9202 -6.7233 -6.2337 -5.7148 -5.1359 -4.5543 -3.9908
 -3.4503 -2.9505 -2.5067 -2.1200 -1.7856 -1.4972 -1.2529 -1.0487 -0.8801 -0.7395
 -0.6203
-10.9586-10.5392-10.0391 -9.5165 -9.0220 -8.5819 -8.2053 -7.8894 -7.6239 -7.3974
 -7.1971 -7.0133 -6.8405 -6.6768 -6.5180 -6.1088 -5.6150 -5.0513 -4.4814 -3.9369
 -3.4177 -2.9302 -2.4877 -2.0957 -1.7528 -1.4540 -1.1976 -0.9810 -0.8014 -0.6530
 -0.5287
-11.1407-10.8663-10.4851 -9.9937 -9.4458 -8.9109 -8.4278 -8.0100 -7.6553 -7.3537
 -7.0924 -6.8601 -6.6497 -6.4593 -6.2515 -6.0101 -5.5586 -5.0106 -4.4433
 [Fe/H] =  0.75 [alpha/Fe] = 0.00 BC value = F275W
-12.5146-12.1394-11.6085-11.0675-10.8090-10.7714-10.7901-10.7304-10.4540-10.1825
 -9.9355 -9.7443 -9.6017 -9.4949 -9.4005 -9.2170
-12.2293-12.0981-11.9265-11.7190-11.4794-11.2111-10.9170-10.5997-10.2688 -9.9586
 -9.6976 -9.4973 -9.3513 -9.2436 -9.1566 -8.9500 -8.6115 -7.9307 -6.9086
-11.9146-11.9021-11.8882-11.8421-11.6535-11.3300-10.9083-10.4500-10.0731 -9.7364
 -9.4558 -9.2379 -9.0780 -8.9606 -8.8685 -8.6452 -8.2349 -7.4434 -6.4824 -5.6531
 -4.9697
-11.5705-11.5513-11.4935-11.4367-11.3313-11.1282-10.7641-10.2854 -9.8730 -9.5145
 -9.2121 -8.9719 -8.7908 -8.6569 -8.5527 -8.3026 -7.8594 -7.0679 -6.1399 -5.3405
 -4.6974 -4.1578 -3.6921
-11.2142-11.1370-11.0716-11.0007-10.9007-10.7389-10.4740-10.0796 -9.6601 -9.2905
 -8.9697 -8.7081 -8.5023 -8.3464 -8.2249 -7.9458 -7.4981 -6.7613 -5.8872 -5.1082
 -4.4744 -3.9492 -3.4980 -3.1091 -2.7756
-10.8727-10.7462-10.6445-10.5522-10.4504-10.3124-10.1093 -9.8073 -9.4271 -9.0584
 -8.7315 -8.4534 -8.2260 -8.0457 -7.9035 -7.5939 -7.1535 -6.4860 -5.6821 -4.9273
 -4.2999 -3.7756 -3.3286 -2.9458 -2.6169 -2.3338
-10.6039-10.4099-10.2537-10.1248-10.0063 -9.8770 -9.7116 -9.4807 -9.1691 -8.8226
 -8.4970 -8.2118 -7.9691 -7.7673 -7.6036 -7.2617 -6.8296 -6.2238 -5.4984 -4.7792
 -4.1567 -3.6310 -3.1830 -2.7994 -2.4701 -2.1857 -1.9410 -1.7285 -1.5323 -1.3478
-10.4201-10.1836 -9.9708 -9.7813 -9.6182 -9.4709 -9.3180 -9.1309 -8.8845 -8.5815
 -8.2706 -7.9848 -7.7332 -7.5172 -7.3341 -6.9592 -6.5318 -5.9722 -5.3203 -4.6498
 -4.0384 -3.5118 -3.0599 -2.6721 -2.3387 -2.0501 -1.8006 -1.5862 -1.4013 -1.2295
 -1.0658
-10.1971 -9.9189 -9.6891 -9.4987 -9.3237 -9.1465 -8.9733 -8.7980 -8.5936 -8.3403
 -8.0550 -7.7769 -7.5248 -7.2986 -7.1001 -6.6926 -6.2665 -5.7379 -5.1445 -4.5272
 -3.9387 -3.4146 -2.9593 -2.5656 -2.2257 -1.9309 -1.6752 -1.4549 -1.2674 -1.1068
 -0.9572
-10.2455 -9.8323 -9.4772 -9.1867 -8.9630 -8.7874 -8.6353 -8.4826 -8.3122 -8.1031
 -7.8523 -7.5891 -7.3387 -7.1090 -6.9010 -6.4628 -6.0336 -5.5235 -4.9679 -4.3998
 -3.8427 -3.3285 -2.8731 -2.4748 -2.1287 -1.8268 -1.5642 -1.3377 -1.1446 -0.9814
 -0.8423
-10.4853-10.0100 -9.5534 -9.1452 -8.8012 -8.5214 -8.2958 -8.1133 -7.9594 -7.8114
 -7.6344 -7.4181 -7.1873 -6.9623 -6.7501 -6.2869 -5.8535 -5.3585 -4.8263 -4.2940
 -3.7704 -3.2725 -2.8198 -2.4177 -2.0647 -1.7548 -1.4837 -1.2487 -1.0483 -0.8786
 -0.7365
-10.8263-10.3604 -9.8511 -9.3533 -8.9011 -8.5103 -8.1835 -7.9130 -7.6877 -7.4967
 -7.3258 -7.1544 -6.9753 -6.7914 -6.6059 -6.1534 -5.7158 -5.2339 -4.7160 -4.2047
 -3.7084 -3.2307 -2.7858 -2.3831 -2.0250 -1.7080 -1.4291 -1.1852 -0.9761 -0.7994
 -0.6510
-11.0988-10.7591-10.3039 -9.7744 -9.2368 -8.7404 -8.3048 -7.9346 -7.6231 -7.3597
 -7.1312 -6.9263 -6.7377 -6.5606 -6.4684 -6.0623 -5.6205 -5.1497 -4.6370
 [Fe/H] =  1.00 [alpha/Fe] = 0.00 BC value = F275W
-12.5863-11.1349 -9.8554 -9.5046 -9.6976-10.3109-10.8953-10.7718-10.4834-10.2171
 -9.9687 -9.7653 -9.6134 -9.5005 -9.4130 -9.2340
-12.3280-12.1765-11.9891-11.7699-11.5222-11.2491-10.9532-10.6369-10.3111-10.0096
 -9.7414 -9.5286 -9.3718 -9.2573 -9.1700 -8.9913 -8.7152 -8.1774 -7.2845
-12.0353-12.4593-12.5998-12.4859-12.1432-11.5941-10.9459-10.4951-10.1275 -9.7960
 -9.5086 -9.2786 -9.1067 -8.9826 -8.8902 -8.7069 -8.4067 -7.7043 -6.8005 -5.9453
 -5.2550
-11.7082-11.9834-11.6874-11.6526-11.5605-11.3460-10.8734-10.3464 -9.9381 -9.5785
 -9.2715 -9.0207 -8.8273 -8.6857 -8.5820 -8.3808 -8.0639 -7.3913 -6.4715 -5.6505
 -4.9806 -4.4296 -3.9517
-11.3625-11.3163-11.2775-11.2281-11.1413-10.9754-10.6714-10.1970 -9.7437 -9.3617
 -9.0345 -8.7633 -8.5457 -8.3813 -8.2594 -8.0328 -7.7117 -7.0887 -6.2290 -5.4337
 -4.7700 -4.2274 -3.7672 -3.3590 -3.0016
-11.0160-10.9236-10.8503-10.7801-10.6927-10.5543-10.3276 -9.9741 -9.5360 -9.1406
 -8.7997 -8.5112 -8.2741 -8.0854 -7.9414 -7.6811 -7.3609 -6.8026 -6.0267 -5.2514
 -4.6044 -4.0689 -3.6088 -3.2071 -2.8565 -2.5496
-10.7098-10.5568-10.4364-10.3351-10.2344-10.1109 -9.9343 -9.6699 -9.3062 -8.9182
 -8.5715 -8.2725 -8.0197 -7.8105 -7.6437 -7.3437 -7.0230 -6.5211 -5.8362 -5.1095
 -4.4713 -3.9348 -3.4739 -3.0732 -2.7227 -2.4160 -2.1467 -1.9046 -1.6808 -1.4744
-10.5089-10.2841-10.0964 -9.9411 -9.8082 -9.6785 -9.5267 -9.3227 -9.0407 -8.6924
 -8.3502 -8.0473 -7.7842 -7.5617 -7.3750 -7.0326 -6.7068 -6.2467 -5.6433 -4.9791
 -4.3591 -3.8230 -3.3613 -2.9575 -2.6039 -2.2935 -2.0201 -1.7785 -1.5629 -1.3637
 -1.1799
-10.2772-10.0609 -9.8546 -9.6584 -9.4759 -9.3086 -9.1479 -8.9722 -8.7495 -8.4628
 -8.1407 -7.8374 -7.5713 -7.3397 -7.1382 -6.7559 -6.4194 -5.9878 -5.4465 -4.8481
 -4.2594 -3.7305 -3.2664 -2.8596 -2.5023 -2.1873 -1.9071 -1.6591 -1.4419 -1.2515
 -1.0762
-10.1924 -9.8314 -9.5435 -9.3205 -9.1482 -8.9921 -8.8300 -8.6560 -8.4611 -8.2237
 -7.9401 -7.6465 -7.3782 -7.1409 -6.9314 -6.5129 -6.1613 -5.7444 -5.2446 -4.7016
 -4.1540 -3.6404 -3.1799 -2.7714 -2.4106 -2.0909 -1.8064 -1.5518 -1.3279 -1.1351
 -0.9690
-10.3606 -9.9094 -9.4935 -9.1383 -8.8522 -8.6281 -8.4529 -8.3075 -8.1646 -7.9938
 -7.7632 -7.4918 -7.2256 -6.9844 -6.7678 -6.3201 -5.9510 -5.5460 -5.0730 -4.5713
 -4.0647 -3.5740 -3.1209 -2.7122 -2.3475 -2.0222 -1.7319 -1.4719 -1.2412 -1.0414
 -0.8709
-10.6722-10.1930 -9.7007 -9.2400 -8.8353 -8.4959 -8.2187 -7.9935 -7.8092 -7.6524
 -7.4995 -7.3125 -7.0857 -6.8541 -6.6366 -6.1708 -5.7832 -5.3841 -4.9294 -4.4524
 -3.9778 -3.5137 -3.0738 -2.6686 -2.3023 -1.9730 -1.6779 -1.4124 -1.1760 -0.9694
 -0.7924
-11.0009-10.6012-10.1056 -9.5764 -9.0715 -8.6207 -8.2344 -7.9109 -7.6414 -7.4141
 -7.2182 -7.0401 -6.8608 -6.6744 -6.5378 -6.0650 -5.6579 -5.2587 -4.8138
