 [Fe/H] = -4.00 [alpha/Fe] = 0.40 BC value = F160W
 -0.8940 -2.2446 -3.7954 -3.5862 -1.4069  1.1156  0.1556 -1.1964 -1.8290 -1.7017
 -1.5135 -1.3995 -1.2691 -1.1873 -1.1583 -1.2874
 -0.8131 -1.3796 -2.1070 -2.0874 -1.2432 -0.1282 -0.4857 -1.0039 -1.2849 -1.2942
 -1.2653 -1.2473 -1.2166 -1.2039 -1.2152 -1.3333 -1.4675 -1.6047 -1.7565
 -0.9108 -1.0276 -1.2397 -1.2849 -1.1653 -0.8888 -0.9244 -0.9902 -1.0558 -1.1096
 -1.1480 -1.1752 -1.1972 -1.2230 -1.2551 -1.3642 -1.4845 -1.6179 -1.7580 -1.8951
 -2.0253
 -1.1871 -1.1886 -1.1935 -1.1787 -1.1731 -1.1661 -1.1605 -1.1553 -1.1418 -1.1477
 -1.1615 -1.1833 -1.2108 -1.2447 -1.2780 -1.3801 -1.5017 -1.6326 -1.7664 -1.8987
 -2.0289 -2.1586 -2.2871
 -1.2448 -1.2432 -1.2445 -1.2390 -1.2351 -1.2297 -1.2247 -1.2218 -1.2224 -1.2268
 -1.2361 -1.2510 -1.2712 -1.2973 -1.3296 -1.4218 -1.5282 -1.6477 -1.7754 -1.9050
 -2.0334 -2.1602 -2.2852 -2.4084 -2.5299
 -1.3255 -1.3175 -1.3126 -1.3087 -1.3039 -1.2980 -1.2918 -1.2879 -1.2881 -1.2932
 -1.3027 -1.3156 -1.3326 -1.3534 -1.3795 -1.4621 -1.5576 -1.6667 -1.7869 -1.9122
 -2.0380 -2.1622 -2.2844 -2.4048 -2.5234 -2.6404
 -1.4293 -1.4115 -1.3978 -1.3878 -1.3795 -1.3710 -1.3618 -1.3536 -1.3493 -1.3505
 -1.3576 -1.3703 -1.3865 -1.4050 -1.4277 -1.5010 -1.5899 -1.6896 -1.8009 -1.9203
 -2.0427 -2.1646 -2.2847 -2.4028 -2.5189 -2.6333 -2.7460 -2.8575 -2.9673 -3.0726
 -1.5562 -1.5252 -1.5001 -1.4803 -1.4644 -1.4508 -1.4374 -1.4243 -1.4135 -1.4077
 -1.4087 -1.4166 -1.4310 -1.4497 -1.4704 -1.5370 -1.6206 -1.7148 -1.8180 -1.9302
 -2.0481 -2.1674 -2.2855 -2.4017 -2.5158 -2.6280 -2.7383 -2.8470 -2.9547 -3.0610
 -3.1633
 -1.7043 -1.6595 -1.6213 -1.5890 -1.5621 -1.5397 -1.5199 -1.5012 -1.4838 -1.4700
 -1.4624 -1.4627 -1.4710 -1.4863 -1.5066 -1.5689 -1.6480 -1.7388 -1.8372 -1.9427
 -2.0549 -2.1707 -2.2867 -2.4012 -2.5135 -2.6237 -2.7322 -2.8389 -2.9440 -3.0480
 -3.1510
 -1.8573 -1.8061 -1.7592 -1.7162 -1.6765 -1.6423 -1.6127 -1.5861 -1.5616 -1.5395
 -1.5225 -1.5134 -1.5131 -1.5216 -1.5377 -1.5985 -1.6727 -1.7608 -1.8570 -1.9585
 -2.0653 -2.1769 -2.2904 -2.4034 -2.5144 -2.6231 -2.7299 -2.8349 -2.9381 -3.0400
 -3.1407
 -2.0057 -1.9558 -1.9049 -1.8532 -1.8033 -1.7572 -1.7163 -1.6798 -1.6469 -1.6170
 -1.5918 -1.5731 -1.5624 -1.5608 -1.5688 -1.6198 -1.6950 -1.7791 -1.8732 -1.9726
 -2.0757 -2.1827 -2.2924 -2.4031 -2.5127 -2.6202 -2.7255 -2.8287 -2.9300 -3.0297
 -3.1300
 -2.1679 -2.1086 -2.0512 -1.9955 -1.9390 -1.8842 -1.8325 -1.7856 -1.7427 -1.7025
 -1.6669 -1.6380 -1.6178 -1.6078 -1.6087 -1.6473 -1.7155 -1.7960 -1.8872 -1.9850
 -2.0863 -2.1902 -2.2963 -2.4040 -2.5116 -2.6179 -2.7221 -2.8240 -2.9237 -3.0216
 -3.1179
 -2.3439 -2.2646 -2.1981 -2.1431 -2.0836 -2.0233 -1.9582 -1.9022 -1.8503 -1.8032
 -1.7607 -1.7226 -1.6884 -1.6626 -1.6576 -1.6808 -1.7342 -1.8115 -1.8990
 [Fe/H] = -3.00 [alpha/Fe] = 0.40 BC value = F160W
 -1.3171 -1.2998 -1.2497 -1.1496 -1.0003 -0.7819 -0.9243 -1.0299 -1.0738 -1.0753
 -1.0867 -1.1060 -1.1168 -1.1350 -1.1691 -1.3018
 -1.2771 -1.2699 -1.2418 -1.1807 -1.0852 -0.9455 -0.9837 -1.0190 -1.0399 -1.0514
 -1.0715 -1.0984 -1.1253 -1.1576 -1.1981 -1.3252 -1.4632 -1.6033 -1.7434
 -1.2511 -1.2505 -1.2385 -1.2071 -1.1535 -1.0744 -1.0512 -1.0419 -1.0447 -1.0577
 -1.0793 -1.1083 -1.1432 -1.1833 -1.2274 -1.3498 -1.4803 -1.6161 -1.7531 -1.8896
 -2.0247
 -1.2391 -1.2416 -1.2398 -1.2288 -1.2053 -1.1686 -1.1268 -1.0986 -1.0883 -1.0942
 -1.1101 -1.1357 -1.1705 -1.2120 -1.2570 -1.3756 -1.4996 -1.6298 -1.7630 -1.8960
 -2.0275 -2.1576 -2.2853
 -1.2411 -1.2432 -1.2457 -1.2458 -1.2405 -1.2281 -1.2105 -1.1890 -1.1706 -1.1609
 -1.1638 -1.1807 -1.2071 -1.2438 -1.2869 -1.4026 -1.5211 -1.6444 -1.7730 -1.9027
 -2.0313 -2.1582 -2.2833 -2.4067 -2.5284
 -1.2571 -1.2553 -1.2562 -1.2581 -1.2591 -1.2577 -1.2530 -1.2468 -1.2414 -1.2366
 -1.2362 -1.2440 -1.2603 -1.2857 -1.3208 -1.4302 -1.5449 -1.6613 -1.7836 -1.9095
 -2.0354 -2.1598 -2.2823 -2.4029 -2.5218 -2.6390
 -1.2906 -1.2829 -1.2793 -1.2785 -1.2797 -1.2814 -1.2826 -1.2832 -1.2850 -1.2896
 -1.2971 -1.3075 -1.3217 -1.3401 -1.3665 -1.4597 -1.5696 -1.6808 -1.7962 -1.9169
 -2.0398 -2.1620 -2.2823 -2.4007 -2.5171 -2.6317 -2.7447 -2.8563 -2.9661 -3.0714
 -1.3449 -1.3294 -1.3191 -1.3133 -1.3108 -1.3109 -1.3127 -1.3155 -1.3196 -1.3267
 -1.3377 -1.3527 -1.3710 -1.3910 -1.4144 -1.4940 -1.5948 -1.7018 -1.8114 -1.9260
 -2.0448 -2.1645 -2.2828 -2.3993 -2.5137 -2.6261 -2.7369 -2.8458 -2.9535 -3.0598
 -3.1620
 -1.3833 -1.3844 -1.3782 -1.3654 -1.3571 -1.3527 -1.3514 -1.3525 -1.3560 -1.3622
 -1.3721 -1.3869 -1.4063 -1.4293 -1.4541 -1.5285 -1.6205 -1.7227 -1.8238 -1.9373
 -2.0494 -2.1675 -2.2839 -2.3986 -2.5112 -2.6217 -2.7305 -2.8377 -2.9433 -3.0473
 -3.1499
 -1.5187 -1.4700 -1.4434 -1.4368 -1.4211 -1.4102 -1.4034 -1.4003 -1.4003 -1.4034
 -1.4100 -1.4214 -1.4380 -1.4597 -1.4849 -1.5598 -1.6461 -1.7436 -1.8463 -1.9518
 -2.0607 -2.1732 -2.2873 -2.4006 -2.5119 -2.6210 -2.7281 -2.8333 -2.9367 -3.0387
 -3.1396
 -1.6298 -1.5732 -1.5396 -1.5266 -1.5028 -1.4843 -1.4706 -1.4612 -1.4558 -1.4540
 -1.4557 -1.4617 -1.4730 -1.4900 -1.5121 -1.5850 -1.6688 -1.7615 -1.8616 -1.9648
 -2.0703 -2.1786 -2.2891 -2.4003 -2.5102 -2.6180 -2.7236 -2.8270 -2.9285 -3.0284
 -3.1288
 -1.7459 -1.6943 -1.6513 -1.6161 -1.5840 -1.5568 -1.5346 -1.5372 -1.5247 -1.5163
 -1.5119 -1.5116 -1.5162 -1.5264 -1.5427 -1.6064 -1.6898 -1.7784 -1.8751 -1.9766
 -2.0803 -2.1857 -2.2927 -2.4009 -2.5090 -2.6156 -2.7201 -2.8222 -2.9221 -3.0202
 -3.1167
 -1.8669 -1.8330 -1.7784 -1.7054 -1.6647 -1.6278 -1.6336 -1.6087 -1.5881 -1.5922
 -1.5803 -1.5726 -1.5697 -1.5721 -1.5767 -1.6240 -1.7091 -1.7943 -1.8868
 [Fe/H] = -2.50 [alpha/Fe] = 0.40 BC value = F160W
 -1.3231 -1.1294 -0.8862 -0.8163 -0.9461 -1.0771 -1.0666 -0.9860 -0.9458 -0.9677
 -1.0085 -1.0486 -1.0860 -1.1248 -1.1709 -1.3016
 -1.3141 -1.2158 -1.0828 -1.0209 -1.0402 -1.0647 -1.0434 -1.0048 -0.9894 -1.0046
 -1.0341 -1.0696 -1.1084 -1.1502 -1.1966 -1.3240 -1.4612 -1.6014 -1.7404
 -1.3011 -1.2679 -1.2130 -1.1652 -1.1240 -1.0871 -1.0576 -1.0394 -1.0347 -1.0432
 -1.0637 -1.0942 -1.1321 -1.1749 -1.2212 -1.3459 -1.4782 -1.6143 -1.7510 -1.8874
 -2.0232
 -1.2841 -1.2857 -1.2768 -1.2492 -1.1975 -1.1443 -1.1092 -1.0898 -1.0817 -1.0835
 -1.0973 -1.1224 -1.1571 -1.1989 -1.2447 -1.3673 -1.4956 -1.6274 -1.7610 -1.8941
 -2.0258 -2.1559 -2.2843
 -1.2631 -1.2692 -1.2742 -1.2729 -1.2607 -1.2363 -1.1982 -1.1560 -1.1304 -1.1255
 -1.1349 -1.1542 -1.1834 -1.2222 -1.2671 -1.3882 -1.5134 -1.6407 -1.7704 -1.9004
 -2.0291 -2.1562 -2.2815 -2.4051 -2.5270
 -1.2511 -1.2553 -1.2620 -1.2684 -1.2709 -1.2673 -1.2567 -1.2409 -1.2190 -1.1969
 -1.1884 -1.1966 -1.2164 -1.2478 -1.2893 -1.4083 -1.5316 -1.6550 -1.7800 -1.9067
 -2.0330 -2.1576 -2.2802 -2.4011 -2.5202 -2.6376
 -1.2516 -1.2517 -1.2556 -1.2620 -1.2692 -1.2750 -1.2775 -1.2766 -1.2744 -1.2710
 -1.2655 -1.2632 -1.2709 -1.2890 -1.3189 -1.4282 -1.5497 -1.6704 -1.7909 -1.9134
 -2.0369 -2.1594 -2.2800 -2.3986 -2.5152 -2.6301 -2.7432 -2.8549 -2.9648 -3.0701
 -1.2676 -1.2624 -1.2617 -1.2646 -1.2704 -1.2782 -1.2867 -1.2942 -1.3010 -1.3083
 -1.3164 -1.3247 -1.3337 -1.3460 -1.3659 -1.4528 -1.5679 -1.6865 -1.8034 -1.9213
 -2.0413 -2.1615 -2.2802 -2.3969 -2.5116 -2.6243 -2.7353 -2.8444 -2.9522 -3.0585
 -3.1607
 -1.3027 -1.2908 -1.2842 -1.2819 -1.2835 -1.2888 -1.2970 -1.3072 -1.3184 -1.3308
 -1.3447 -1.3604 -1.3777 -1.3957 -1.4150 -1.4871 -1.5887 -1.7028 -1.8171 -1.9310
 -2.0467 -2.1641 -2.2809 -2.3960 -2.5088 -2.6197 -2.7287 -2.8359 -2.9414 -3.0456
 -3.1486
 -1.3573 -1.3389 -1.3255 -1.3171 -1.3130 -1.3132 -1.3176 -1.3258 -1.3371 -1.3508
 -1.3667 -1.3850 -1.4058 -1.4286 -1.4523 -1.5230 -1.6146 -1.7213 -1.8326 -1.9437
 -2.0555 -2.1694 -2.2841 -2.3978 -2.5094 -2.6188 -2.7261 -2.8315 -2.9352 -3.0374
 -3.1384
 -1.4304 -1.4080 -1.3873 -1.3719 -1.3610 -1.3549 -1.3535 -1.3568 -1.3644 -1.3758
 -1.3904 -1.4081 -1.4287 -1.4523 -1.4781 -1.5524 -1.6390 -1.7389 -1.8463 -1.9551
 -2.0640 -2.1741 -2.2855 -2.3972 -2.5075 -2.6156 -2.7214 -2.8251 -2.9269 -3.0270
 -3.1276
 -1.5216 -1.4938 -1.4684 -1.4463 -1.4282 -1.4152 -1.4071 -1.4038 -1.4055 -1.4118
 -1.4224 -1.4368 -1.4547 -1.4761 -1.5008 -1.5749 -1.6616 -1.7562 -1.8592 -1.9658
 -2.0729 -2.1804 -2.2886 -2.3976 -2.5061 -2.6130 -2.7178 -2.8202 -2.9203 -3.0186
 -3.1153
 -1.6310 -1.5963 -1.5635 -1.5374 -1.5135 -1.4938 -1.4789 -1.4686 -1.4630 -1.4626
 -1.4669 -1.4758 -1.4889 -1.5059 -1.5204 -1.5905 -1.6824 -1.7732 -1.8713
 [Fe/H] = -2.00 [alpha/Fe] = 0.40 BC value = F160W
 -1.1401 -1.0940 -1.0456 -0.9876 -0.9572 -0.9390 -0.9327 -0.9398 -0.9575 -0.9827
 -1.0142 -1.0491 -1.0877 -1.1297 -1.1773 -1.3031
 -1.2211 -1.1622 -1.1062 -1.0568 -1.0179 -0.9909 -0.9769 -0.9760 -0.9869 -1.0075
 -1.0363 -1.0713 -1.1106 -1.1533 -1.1998 -1.3247 -1.4593 -1.5987 -1.7396
 -1.2710 -1.2226 -1.1709 -1.1213 -1.0787 -1.0464 -1.0260 -1.0179 -1.0217 -1.0363
 -1.0605 -1.0931 -1.1315 -1.1742 -1.2201 -1.3442 -1.4761 -1.6119 -1.7490 -1.8855
 -2.0209
 -1.2898 -1.2752 -1.2397 -1.1811 -1.1397 -1.1054 -1.0800 -1.0655 -1.0619 -1.0691
 -1.0868 -1.1145 -1.1504 -1.1924 -1.2382 -1.3616 -1.4914 -1.6241 -1.7579 -1.8911
 -2.0230 -2.1533 -2.2820
 -1.2819 -1.2927 -1.2803 -1.2488 -1.2078 -1.1664 -1.1323 -1.1109 -1.1030 -1.1054
 -1.1172 -1.1386 -1.1694 -1.2090 -1.2541 -1.3769 -1.5052 -1.6353 -1.7663 -1.8968
 -2.0258 -2.1532 -2.2787 -2.4025 -2.5247
 -1.2575 -1.2643 -1.2719 -1.2675 -1.2522 -1.2303 -1.2056 -1.1810 -1.1592 -1.1452
 -1.1498 -1.1663 -1.1917 -1.2260 -1.2690 -1.3906 -1.5180 -1.6461 -1.7743 -1.9022
 -2.0290 -2.1540 -2.2770 -2.3982 -2.5176 -2.6352
 -1.2394 -1.2451 -1.2542 -1.2647 -1.2732 -1.2761 -1.2732 -1.2651 -1.2516 -1.2306
 -1.2117 -1.2091 -1.2222 -1.2480 -1.2850 -1.4034 -1.5300 -1.6568 -1.7825 -1.9077
 -2.0322 -2.1553 -2.2763 -2.3953 -2.5123 -2.6275 -2.7409 -2.8528 -2.9627 -3.0678
 -1.2291 -1.2321 -1.2395 -1.2502 -1.2625 -1.2742 -1.2833 -1.2888 -1.2917 -1.2932
 -1.2913 -1.2851 -1.2830 -1.2920 -1.3139 -1.4165 -1.5415 -1.6674 -1.7913 -1.9138
 -2.0357 -2.1568 -2.2760 -2.3932 -2.5083 -2.6214 -2.7327 -2.8421 -2.9501 -3.0563
 -3.1583
 -1.2301 -1.2293 -1.2332 -1.2413 -1.2525 -1.2659 -1.2803 -1.2942 -1.3068 -1.3185
 -1.3298 -1.3404 -1.3484 -1.3554 -1.3667 -1.4383 -1.5536 -1.6780 -1.8006 -1.9208
 -2.0399 -2.1587 -2.2762 -2.3918 -2.5051 -2.6164 -2.7258 -2.8333 -2.9391 -3.0434
 -3.1464
 -1.2475 -1.2393 -1.2391 -1.2433 -1.2513 -1.2627 -1.2770 -1.2935 -1.3112 -1.3295
 -1.3478 -1.3667 -1.3855 -1.4033 -1.4195 -1.4766 -1.5727 -1.6908 -1.8119 -1.9304
 -2.0470 -2.1632 -2.2789 -2.3932 -2.5052 -2.6151 -2.7229 -2.8287 -2.9327 -3.0351
 -3.1362
 -1.2828 -1.2690 -1.2623 -1.2611 -1.2643 -1.2714 -1.2824 -1.2970 -1.3149 -1.3353
 -1.3573 -1.3805 -1.4045 -1.4290 -1.4531 -1.5152 -1.5987 -1.7052 -1.8219 -1.9388
 -2.0533 -2.1666 -2.2797 -2.3922 -2.5030 -2.6115 -2.7178 -2.8219 -2.9241 -3.0245
 -3.1254
 -1.3363 -1.3189 -1.3056 -1.2978 -1.2948 -1.2963 -1.3021 -1.3122 -1.3267 -1.3451
 -1.3668 -1.3911 -1.4172 -1.4446 -1.4727 -1.5447 -1.6258 -1.7231 -1.8331 -1.9472
 -2.0602 -2.1715 -2.2818 -2.3920 -2.5012 -2.6086 -2.7139 -2.8167 -2.9173 -3.0160
 -3.1130
 -1.4082 -1.3866 -1.3689 -1.3550 -1.3451 -1.3398 -1.3392 -1.3433 -1.3522 -1.3658
 -1.3839 -1.4058 -1.4308 -1.4583 -1.4783 -1.5651 -1.6540 -1.7445 -1.8455
 [Fe/H] = -1.50 [alpha/Fe] = 0.40 BC value = F160W
 -1.0714 -1.0194 -0.9736 -0.9358 -0.9121 -0.9016 -0.9055 -0.9244 -0.9534 -0.9880
 -1.0250 -1.0636 -1.1027 -1.1442 -1.1882 -1.3088
 -1.1329 -1.0754 -1.0237 -0.9805 -0.9501 -0.9343 -0.9338 -0.9481 -0.9730 -1.0048
 -1.0412 -1.0805 -1.1214 -1.1641 -1.2089 -1.3300 -1.4604 -1.5972 -1.7372
 -1.1897 -1.1328 -1.0790 -1.0324 -0.9968 -0.9753 -0.9690 -0.9772 -0.9965 -1.0239
 -1.0576 -1.0958 -1.1370 -1.1803 -1.2257 -1.3474 -1.4764 -1.6099 -1.7459 -1.8821
 -2.0176
 -1.2418 -1.1916 -1.1395 -1.0915 -1.0521 -1.0246 -1.0111 -1.0117 -1.0239 -1.0453
 -1.0742 -1.1095 -1.1495 -1.1928 -1.2386 -1.3610 -1.4896 -1.6210 -1.7540 -1.8870
 -2.0189 -2.1494 -2.2784
 -1.2658 -1.2415 -1.2032 -1.1531 -1.1107 -1.0787 -1.0592 -1.0522 -1.0570 -1.0714
 -1.0942 -1.1245 -1.1613 -1.2033 -1.2488 -1.3715 -1.5000 -1.6303 -1.7612 -1.8918
 -2.0210 -2.1487 -2.2746 -2.3989 -2.5215
 -1.2614 -1.2621 -1.2484 -1.2236 -1.1908 -1.1528 -1.1160 -1.0971 -1.0937 -1.1018
 -1.1188 -1.1435 -1.1752 -1.2137 -1.2578 -1.3799 -1.5084 -1.6380 -1.7674 -1.8961
 -2.0233 -2.1488 -2.2722 -2.3939 -2.5138 -2.6318
 -1.2398 -1.2449 -1.2506 -1.2527 -1.2476 -1.2362 -1.2166 -1.1890 -1.1626 -1.1474
 -1.1496 -1.1666 -1.1930 -1.2265 -1.2671 -1.3872 -1.5154 -1.6445 -1.7728 -1.8999
 -2.0255 -2.1492 -2.2708 -2.3903 -2.5078 -2.6235 -2.7374 -2.8495 -2.9592 -3.0640
 -1.2215 -1.2263 -1.2348 -1.2450 -1.2539 -1.2591 -1.2598 -1.2575 -1.2529 -1.2433
 -1.2279 -1.2187 -1.2250 -1.2468 -1.2800 -1.3941 -1.5217 -1.6505 -1.7780 -1.9036
 -2.0276 -2.1497 -2.2697 -2.3875 -2.5032 -2.6169 -2.7287 -2.8385 -2.9466 -3.0527
 -3.1543
 -1.2062 -1.2095 -1.2177 -1.2296 -1.2437 -1.2581 -1.2707 -1.2807 -1.2887 -1.2959
 -1.3015 -1.3023 -1.2987 -1.3000 -1.3136 -1.4024 -1.5277 -1.6562 -1.7831 -1.9076
 -2.0291 -2.1505 -2.2691 -2.3853 -2.4993 -2.6113 -2.7213 -2.8293 -2.9354 -3.0398
 -3.1427
 -1.1967 -1.1971 -1.2030 -1.2144 -1.2295 -1.2469 -1.2653 -1.2834 -1.3005 -1.3166
 -1.3323 -1.3475 -1.3605 -1.3693 -1.3762 -1.4277 -1.5363 -1.6634 -1.7899 -1.9137
 -2.0346 -2.1536 -2.2708 -2.3860 -2.4988 -2.6093 -2.7177 -2.8241 -2.9286 -3.0314
 -3.1326
 -1.1975 -1.1940 -1.1957 -1.2050 -1.2186 -1.2357 -1.2554 -1.2767 -1.2990 -1.3215
 -1.3439 -1.3663 -1.3884 -1.4095 -1.4279 -1.4721 -1.5539 -1.6701 -1.7950 -1.9180
 -2.0378 -2.1551 -2.2705 -2.3842 -2.4959 -2.6051 -2.7121 -2.8168 -2.9195 -3.0205
 -3.1217
 -1.2130 -1.2047 -1.2028 -1.2069 -1.2170 -1.2314 -1.2495 -1.2704 -1.2938 -1.3190
 -1.3455 -1.3727 -1.4002 -1.4277 -1.4544 -1.5149 -1.5846 -1.6835 -1.8013 -1.9226
 -2.0416 -2.1575 -2.2711 -2.3831 -2.4934 -2.6016 -2.7075 -2.8110 -2.9122 -3.0115
 -3.1090
 -1.2469 -1.2332 -1.2260 -1.2249 -1.2298 -1.2396 -1.2539 -1.2719 -1.2933 -1.3177
 -1.3447 -1.3738 -1.4043 -1.4356 -1.4557 -1.5561 -1.6284 -1.7036 -1.8088
 [Fe/H] = -1.00 [alpha/Fe] = 0.40 BC value = F160W
 -0.9745 -0.9307 -0.8952 -0.8692 -0.8559 -0.8573 -0.8751 -0.9075 -0.9451 -0.9947
 -1.0395 -1.0828 -1.1255 -1.1680 -1.2113 -1.3258
 -1.0248 -0.9731 -0.9299 -0.8974 -0.8785 -0.8751 -0.8885 -0.9181 -0.9580 -1.0024
 -1.0481 -1.0933 -1.1376 -1.1817 -1.2263 -1.3433 -1.4668 -1.5979 -1.7347
 -1.0801 -1.0242 -0.9755 -0.9369 -0.9115 -0.9015 -0.9084 -0.9326 -0.9681 -1.0102
 -1.0552 -1.1011 -1.1465 -1.1918 -1.2375 -1.3567 -1.4816 -1.6106 -1.7435 -1.8783
 -2.0131
 -1.1404 -1.0840 -1.0320 -0.9877 -0.9548 -0.9364 -0.9348 -0.9510 -0.9803 -1.0181
 -1.0608 -1.1062 -1.1522 -1.1983 -1.2449 -1.3660 -1.4920 -1.6203 -1.7508 -1.8824
 -2.0139 -2.1444 -2.2736
 -1.1984 -1.1463 -1.0939 -1.0464 -1.0077 -0.9813 -0.9701 -0.9765 -0.9979 -1.0295
 -1.0681 -1.1111 -1.1564 -1.2027 -1.2498 -1.3721 -1.4993 -1.6277 -1.7568 -1.8862
 -2.0151 -2.1428 -2.2691 -2.3937 -2.5165
 -1.2444 -1.2103 -1.1615 -1.1113 -1.0675 -1.0343 -1.0149 -1.0110 -1.0231 -1.0471
 -1.0797 -1.1185 -1.1613 -1.2066 -1.2535 -1.3761 -1.5040 -1.6329 -1.7614 -1.8893
 -2.0163 -2.1419 -2.2658 -2.3879 -2.5083 -2.6268
 -1.2363 -1.2336 -1.2202 -1.1930 -1.1541 -1.1107 -1.0758 -1.0579 -1.0577 -1.0723
 -1.0975 -1.1305 -1.1689 -1.2116 -1.2572 -1.3792 -1.5073 -1.6364 -1.7647 -1.8916
 -2.0171 -2.1411 -2.2632 -2.3833 -2.5015 -2.6178 -2.7321 -2.8445 -2.9542 -3.0584
 -1.2195 -1.2227 -1.2253 -1.2226 -1.2119 -1.1948 -1.1749 -1.1541 -1.1356 -1.1259
 -1.1310 -1.1512 -1.1821 -1.2198 -1.2624 -1.3818 -1.5097 -1.6390 -1.7672 -1.8934
 -2.0178 -2.1404 -2.2610 -2.3795 -2.4959 -2.6103 -2.7227 -2.8330 -2.9414 -3.0472
 -3.1482
 -1.2041 -1.2077 -1.2141 -1.2213 -1.2265 -1.2279 -1.2260 -1.2237 -1.2232 -1.2233
 -1.2208 -1.2176 -1.2226 -1.2416 -1.2736 -1.3848 -1.5117 -1.6410 -1.7691 -1.8949
 -2.0184 -2.1398 -2.2591 -2.3762 -2.4910 -2.6037 -2.7145 -2.8231 -2.9297 -3.0344
 -3.1382
 -1.1883 -1.1910 -1.1980 -1.2083 -1.2205 -1.2330 -1.2441 -1.2540 -1.2639 -1.2755
 -1.2882 -1.2995 -1.3059 -1.3094 -1.3184 -1.3927 -1.5151 -1.6443 -1.7724 -1.8980
 -2.0209 -2.1414 -2.2597 -2.3758 -2.4894 -2.6007 -2.7100 -2.8172 -2.9224 -3.0256
 -3.1269
 -1.1732 -1.1750 -1.1807 -1.1915 -1.2062 -1.2236 -1.2424 -1.2612 -1.2798 -1.2986
 -1.3181 -1.3385 -1.3583 -1.3752 -1.3874 -1.4257 -1.5194 -1.6458 -1.7736 -1.8989
 -2.0212 -2.1408 -2.2579 -2.3729 -2.4855 -2.5956 -2.7034 -2.8090 -2.9125 -3.0141
 -3.1140
 -1.1613 -1.1612 -1.1661 -1.1756 -1.1901 -1.2092 -1.2312 -1.2549 -1.2795 -1.3045
 -1.3297 -1.3554 -1.3813 -1.4069 -1.4308 -1.4782 -1.5428 -1.6494 -1.7751 -1.9000
 -2.0219 -2.1407 -2.2568 -2.3706 -2.4821 -2.5912 -2.6980 -2.8023 -2.9043 -3.0044
 -3.1026
 -1.1584 -1.1554 -1.1576 -1.1653 -1.1780 -1.1960 -1.2184 -1.2438 -1.2712 -1.2999
 -1.3294 -1.3594 -1.3898 -1.4203 -1.4486 -1.5502 -1.5853 -1.6551 -1.7769
 [Fe/H] = -0.75 [alpha/Fe] = 0.30 BC value = F160W
 -0.9384 -0.8997 -0.8690 -0.8481 -0.8403 -0.8477 -0.8710 -0.9090 -0.9508 -1.0039
 -1.0513 -1.0966 -1.1410 -1.1845 -1.2278 -1.3397
 -0.9820 -0.9351 -0.8971 -0.8703 -0.8574 -0.8600 -0.8793 -0.9146 -0.9594 -1.0077
 -1.0562 -1.1035 -1.1493 -1.1943 -1.2391 -1.3547 -1.4754 -1.6017 -1.7350
 -1.0328 -0.9808 -0.9369 -0.9039 -0.8844 -0.8803 -0.8932 -0.9232 -0.9641 -1.0107
 -1.0591 -1.1074 -1.1544 -1.2007 -1.2468 -1.3654 -1.4877 -1.6131 -1.7433 -1.8767
 -2.0105
 -1.0908 -1.0368 -0.9884 -0.9489 -0.9214 -0.9086 -0.9127 -0.9348 -0.9699 -1.0129
 -1.0600 -1.1083 -1.1563 -1.2037 -1.2509 -1.3718 -1.4963 -1.6220 -1.7502 -1.8806
 -2.0115 -2.1418 -2.2710
 -1.1486 -1.0967 -1.0468 -1.0029 -0.9685 -0.9469 -0.9410 -0.9532 -0.9805 -1.0181
 -1.0618 -1.1088 -1.1569 -1.2049 -1.2528 -1.3754 -1.5017 -1.6283 -1.7557 -1.8839
 -2.0122 -2.1398 -2.2663 -2.3912 -2.5142
 -1.2025 -1.1577 -1.1092 -1.0628 -1.0234 -0.9946 -0.9795 -0.9808 -0.9987 -1.0289
 -1.0674 -1.1112 -1.1578 -1.2056 -1.2538 -1.3773 -1.5047 -1.6324 -1.7596 -1.8865
 -2.0129 -2.1384 -2.2623 -2.3847 -2.5052 -2.6239
 -1.2151 -1.2055 -1.1813 -1.1427 -1.0970 -1.0565 -1.0298 -1.0196 -1.0264 -1.0475
 -1.0790 -1.1177 -1.1610 -1.2072 -1.2549 -1.3783 -1.5063 -1.6348 -1.7621 -1.8883
 -2.0133 -2.1371 -2.2592 -2.3795 -2.4980 -2.6146 -2.7292 -2.8417 -2.9513 -3.0554
 -1.2007 -1.2031 -1.2021 -1.1930 -1.1747 -1.1506 -1.1241 -1.0995 -1.0845 -1.0851
 -1.1019 -1.1313 -1.1688 -1.2113 -1.2571 -1.3792 -1.5072 -1.6363 -1.7638 -1.8894
 -2.0134 -2.1358 -2.2564 -2.3751 -2.4918 -2.6065 -2.7192 -2.8299 -2.9384 -3.0442
 -3.1450
 -1.1854 -1.1898 -1.1959 -1.2009 -1.2020 -1.1982 -1.1917 -1.1860 -1.1828 -1.1804
 -1.1778 -1.1806 -1.1955 -1.2243 -1.2632 -1.3805 -1.5078 -1.6371 -1.7648 -1.8902
 -2.0134 -2.1347 -2.2539 -2.3712 -2.4863 -2.5994 -2.7105 -2.8195 -2.9265 -3.0313
 -3.1337
 -1.1689 -1.1730 -1.1809 -1.1913 -1.2024 -1.2123 -1.2202 -1.2272 -1.2357 -1.2470
 -1.2595 -1.2698 -1.2756 -1.2816 -1.2962 -1.3848 -1.5098 -1.6391 -1.7671 -1.8925
 -2.0153 -2.1357 -2.2540 -2.3702 -2.4841 -2.5958 -2.7056 -2.8131 -2.9186 -3.0221
 -3.1237
 -1.1515 -1.1554 -1.1628 -1.1748 -1.1900 -1.2072 -1.2249 -1.2422 -1.2596 -1.2778
 -1.2977 -1.3188 -1.3387 -1.3547 -1.3659 -1.4092 -1.5113 -1.6391 -1.7671 -1.8924
 -2.0147 -2.1344 -2.2517 -2.3669 -2.4797 -2.5902 -2.6984 -2.8044 -2.9083 -3.0103
 -3.1104
 -1.1342 -1.1374 -1.1449 -1.1564 -1.1729 -1.1931 -1.2159 -1.2399 -1.2645 -1.2893
 -1.3146 -1.3407 -1.3673 -1.3933 -1.4168 -1.4617 -1.5288 -1.6404 -1.7672 -1.8924
 -2.0144 -2.1335 -2.2499 -2.3640 -2.4758 -2.5853 -2.6924 -2.7971 -2.8996 -3.0001
 -3.0986
 -1.1216 -1.1234 -1.1296 -1.1407 -1.1565 -1.1772 -1.2018 -1.2291 -1.2578 -1.2875
 -1.3176 -1.3481 -1.3790 -1.4099 -1.4489 -1.5423 -1.5623 -1.6430 -1.7674
 [Fe/H] = -0.50 [alpha/Fe] = 0.20 BC value = F160W
 -0.9038 -0.8703 -0.8446 -0.8294 -0.8272 -0.8404 -0.8695 -0.9094 -0.9595 -1.0113
 -1.0658 -1.1135 -1.1599 -1.2050 -1.2489 -1.3597
 -0.9404 -0.8988 -0.8665 -0.8458 -0.8392 -0.8481 -0.8737 -0.9149 -0.9643 -1.0161
 -1.0673 -1.1168 -1.1644 -1.2107 -1.2563 -1.3711 -1.4878 -1.6082 -1.7366
 -0.9857 -0.9385 -0.9003 -0.8734 -0.8604 -0.8628 -0.8822 -0.9181 -0.9642 -1.0148
 -1.0662 -1.1168 -1.1656 -1.2131 -1.2601 -1.3784 -1.4978 -1.6186 -1.7446 -1.8757
 -2.0082
 -1.0397 -0.9894 -0.9460 -0.9122 -0.8909 -0.8845 -0.8950 -0.9232 -0.9640 -1.0118
 -1.0625 -1.1135 -1.1635 -1.2122 -1.2603 -1.3816 -1.5040 -1.6263 -1.7510 -1.8793
 -2.0093 -2.1393 -2.2683
 -1.0952 -1.0455 -0.9994 -0.9604 -0.9316 -0.9159 -0.9160 -0.9343 -0.9677 -1.0108
 -1.0591 -1.1096 -1.1600 -1.2097 -1.2586 -1.3821 -1.5072 -1.6314 -1.7559 -1.8823
 -2.0096 -2.1368 -2.2630 -2.3878 -2.5109
 -1.1480 -1.1028 -1.0571 -1.0149 -0.9805 -0.9571 -0.9475 -0.9546 -0.9786 -1.0148
 -1.0588 -1.1070 -1.1569 -1.2069 -1.2564 -1.3811 -1.5081 -1.6342 -1.7592 -1.8844
 -2.0099 -2.1349 -2.2587 -2.3811 -2.5018 -2.6206
 -1.1852 -1.1652 -1.1292 -1.0838 -1.0411 -1.0086 -0.9896 -0.9858 -0.9989 -1.0264
 -1.0640 -1.1081 -1.1557 -1.2050 -1.2546 -1.3798 -1.5077 -1.6353 -1.7610 -1.8857
 -2.0098 -2.1331 -2.2551 -2.3754 -2.4940 -2.6109 -2.7258 -2.8384 -2.9479 -3.0518
 -1.1771 -1.1773 -1.1710 -1.1543 -1.1287 -1.0983 -1.0678 -1.0459 -1.0396 -1.0514
 -1.0781 -1.1151 -1.1583 -1.2051 -1.2538 -1.3786 -1.5069 -1.6354 -1.7618 -1.8863
 -2.0094 -2.1313 -2.2516 -2.3704 -2.4873 -2.6022 -2.7152 -2.8260 -2.9348 -3.0406
 -3.1412
 -1.1627 -1.1675 -1.1726 -1.1747 -1.1710 -1.1621 -1.1516 -1.1425 -1.1360 -1.1322
 -1.1337 -1.1464 -1.1730 -1.2110 -1.2555 -1.3780 -1.5060 -1.6350 -1.7620 -1.8865
 -2.0089 -2.1297 -2.2486 -2.3658 -2.4812 -2.5945 -2.7060 -2.8153 -2.9224 -3.0275
 -3.1299
 -1.1458 -1.1516 -1.1602 -1.1702 -1.1795 -1.1865 -1.1911 -1.1957 -1.2030 -1.2137
 -1.2253 -1.2346 -1.2416 -1.2532 -1.2760 -1.3795 -1.5064 -1.6358 -1.7634 -1.8882
 -2.0103 -2.1303 -2.2483 -2.3643 -2.4783 -2.5903 -2.7004 -2.8084 -2.9142 -3.0180
 -3.1197
 -1.1276 -1.1331 -1.1424 -1.1553 -1.1707 -1.1872 -1.2034 -1.2190 -1.2351 -1.2532
 -1.2738 -1.2954 -1.3152 -1.3301 -1.3416 -1.3946 -1.5060 -1.6345 -1.7624 -1.8873
 -2.0091 -2.1285 -2.2455 -2.3605 -2.4734 -2.5840 -2.6926 -2.7990 -2.9034 -3.0057
 -3.1062
 -1.1070 -1.1129 -1.1227 -1.1362 -1.1542 -1.1753 -1.1983 -1.2221 -1.2462 -1.2708
 -1.2964 -1.3234 -1.3508 -1.3771 -1.4000 -1.4442 -1.5166 -1.6339 -1.7612 -1.8862
 -2.0080 -2.1268 -2.2431 -2.3571 -2.4690 -2.5786 -2.6861 -2.7912 -2.8941 -2.9950
 -3.0940
 -1.0877 -1.0934 -1.1031 -1.1173 -1.1355 -1.1584 -1.1848 -1.2132 -1.2428 -1.2731
 -1.3036 -1.3347 -1.3662 -1.3978 -1.4512 -1.5283 -1.5382 -1.6340 -1.7598
 [Fe/H] = -0.25 [alpha/Fe] = 0.10 BC value = F160W
 -0.8707 -0.8426 -0.8227 -0.8130 -0.8172 -0.8369 -0.8716 -0.9167 -0.9710 -1.0257
 -1.0791 -1.1302 -1.1787 -1.2250 -1.2742 -1.3841
 -0.9002 -0.8647 -0.8387 -0.8244 -0.8244 -0.8401 -0.8721 -0.9190 -0.9726 -1.0275
 -1.0815 -1.1335 -1.1832 -1.2311 -1.2778 -1.3925 -1.5055 -1.6194 -1.7408
 -0.9391 -0.8980 -0.8662 -0.8461 -0.8400 -0.8493 -0.8756 -0.9176 -0.9684 -1.0225
 -1.0768 -1.1296 -1.1805 -1.2296 -1.2777 -1.3965 -1.5130 -1.6284 -1.7486 -1.8759
 -2.0069
 -0.9874 -0.9425 -0.9052 -0.8781 -0.8639 -0.8646 -0.8821 -0.9167 -0.9630 -1.0150
 -1.0689 -1.1223 -1.1743 -1.2246 -1.2739 -1.3961 -1.5166 -1.6345 -1.7544 -1.8793
 -2.0075 -2.1367 -2.2654
 -1.0385 -0.9930 -0.9522 -0.9194 -0.8973 -0.8886 -0.8958 -0.9209 -0.9603 -1.0085
 -1.0607 -1.1141 -1.1667 -1.2180 -1.2683 -1.3931 -1.5171 -1.6381 -1.7586 -1.8819
 -2.0076 -2.1340 -2.2598 -2.3845 -2.5078
 -1.0880 -1.0453 -1.0039 -0.9674 -0.9393 -0.9225 -0.9195 -0.9334 -0.9639 -1.0060
 -1.0549 -1.1068 -1.1594 -1.2114 -1.2624 -1.3889 -1.5155 -1.6394 -1.7611 -1.8837
 -2.0075 -2.1316 -2.2551 -2.3774 -2.4980 -2.6169
 -1.1414 -1.1097 -1.0663 -1.0240 -0.9896 -0.9653 -0.9537 -0.9566 -0.9764 -1.0104
 -1.0538 -1.1026 -1.1539 -1.2057 -1.2571 -1.3845 -1.5128 -1.6389 -1.7621 -1.8845
 -2.0071 -2.1294 -2.2509 -2.3711 -2.4897 -2.6066 -2.7215 -2.8345 -2.9439 -3.0476
 -1.1456 -1.1423 -1.1294 -1.1055 -1.0740 -1.0403 -1.0129 -0.9993 -1.0036 -1.0253
 -1.0601 -1.1034 -1.1516 -1.2021 -1.2531 -1.3808 -1.5097 -1.6375 -1.7621 -1.8846
 -2.0062 -2.1272 -2.2470 -2.3655 -2.4824 -2.5975 -2.7106 -2.8217 -2.9307 -3.0364
 -3.1368
 -1.1340 -1.1388 -1.1420 -1.1405 -1.1322 -1.1195 -1.1061 -1.0939 -1.0856 -1.0844
 -1.0947 -1.1195 -1.1569 -1.2021 -1.2511 -1.3780 -1.5069 -1.6357 -1.7615 -1.8843
 -2.0054 -2.1252 -2.2435 -2.3604 -2.4756 -2.5892 -2.7009 -2.8104 -2.9178 -3.0232
 -3.1255
 -1.1176 -1.1246 -1.1337 -1.1431 -1.1505 -1.1547 -1.1569 -1.1600 -1.1666 -1.1763
 -1.1867 -1.1960 -1.2075 -1.2278 -1.2605 -1.3771 -1.5057 -1.6351 -1.7620 -1.8855
 -2.0064 -2.1255 -2.2428 -2.3583 -2.4722 -2.5843 -2.6946 -2.8029 -2.9091 -3.0132
 -3.1151
 -1.0986 -1.1059 -1.1172 -1.1311 -1.1467 -1.1624 -1.1772 -1.1915 -1.2072 -1.2257
 -1.2470 -1.2688 -1.2878 -1.3023 -1.3160 -1.3836 -1.5034 -1.6325 -1.7600 -1.8840
 -2.0049 -2.1234 -2.2397 -2.3542 -2.4667 -2.5774 -2.6861 -2.7929 -2.8976 -3.0004
 -3.1012
 -1.0763 -1.0848 -1.0968 -1.1127 -1.1320 -1.1539 -1.1771 -1.2007 -1.2246 -1.2493
 -1.2757 -1.3038 -1.3321 -1.3583 -1.3806 -1.4269 -1.5078 -1.6302 -1.7577 -1.8822
 -2.0032 -2.1213 -2.2369 -2.3504 -2.4619 -2.5715 -2.6790 -2.7844 -2.8877 -2.9891
 -3.0885
 -1.0529 -1.0621 -1.0750 -1.0921 -1.1129 -1.1379 -1.1657 -1.1951 -1.2255 -1.2562
 -1.2873 -1.3192 -1.3517 -1.3841 -1.4543 -1.5070 -1.5189 -1.6282 -1.7551
 [Fe/H] =  0.00 [alpha/Fe] = 0.00 BC value = F160W
 -0.8466 -0.8228 -0.8062 -0.8034 -0.8151 -0.8404 -0.8781 -0.9276 -0.9857 -1.0434
 -1.0996 -1.1532 -1.2035 -1.2521 -1.2984 -1.4072
 -0.8614 -0.8329 -0.8139 -0.8066 -0.8134 -0.8362 -0.8750 -0.9273 -0.9845 -1.0423
 -1.0989 -1.1534 -1.2055 -1.2553 -1.3035 -1.4187 -1.5282 -1.6360 -1.7493
 -0.8928 -0.8592 -0.8350 -0.8224 -0.8237 -0.8406 -0.8742 -0.9220 -0.9769 -1.0341
 -1.0910 -1.1462 -1.1993 -1.2503 -1.3000 -1.4198 -1.5336 -1.6434 -1.7566 -1.8782
 -2.0068
 -0.9336 -0.8959 -0.8663 -0.8471 -0.8408 -0.8494 -0.8748 -0.9160 -0.9672 -1.0229
 -1.0795 -1.1353 -1.1892 -1.2414 -1.2922 -1.4160 -1.5346 -1.6478 -1.7617 -1.8815
 -2.0067 -2.1346 -2.2626
 -0.9777 -0.9386 -0.9053 -0.8803 -0.8663 -0.8658 -0.8811 -0.9135 -0.9589 -1.0116
 -1.0672 -1.1230 -1.1777 -1.2308 -1.2826 -1.4095 -1.5325 -1.6497 -1.7650 -1.8838
 -2.0066 -2.1316 -2.2567 -2.3811 -2.5044
 -1.0318 -0.9835 -0.9488 -0.9200 -0.9000 -0.8913 -0.8964 -0.9182 -0.9556 -1.0033
 -1.0564 -1.1115 -1.1663 -1.2201 -1.2727 -1.4017 -1.5282 -1.6493 -1.7667 -1.8852
 -2.0063 -2.1289 -2.2516 -2.3735 -2.4938 -2.6128
 -1.0799 -1.0403 -0.9993 -0.9656 -0.9405 -0.9251 -0.9217 -0.9327 -0.9602 -1.0007
 -1.0495 -1.1024 -1.1566 -1.2106 -1.2636 -1.3939 -1.5227 -1.6471 -1.7669 -1.8856
 -2.0056 -2.1264 -2.2470 -2.3668 -2.4852 -2.6020 -2.7171 -2.8302 -2.9393 -3.0428
 -1.1019 -1.0941 -1.0752 -1.0464 -1.0125 -0.9823 -0.9641 -0.9617 -0.9763 -1.0068
 -1.0486 -1.0975 -1.1497 -1.2030 -1.2561 -1.3870 -1.5170 -1.6438 -1.7659 -1.8853
 -2.0045 -2.1239 -2.2428 -2.3607 -2.4773 -2.5923 -2.7054 -2.8168 -2.9260 -3.0315
 -3.1317
 -1.0953 -1.0996 -1.1011 -1.0964 -1.0853 -1.0711 -1.0564 -1.0433 -1.0375 -1.0439
 -1.0658 -1.1021 -1.1478 -1.1983 -1.2506 -1.3814 -1.5118 -1.6402 -1.7643 -1.8846
 -2.0034 -2.1216 -2.2388 -2.3551 -2.4700 -2.5834 -2.6951 -2.8049 -2.9126 -3.0181
 -3.1203
 -1.0801 -1.0887 -1.0984 -1.1074 -1.1135 -1.1164 -1.1182 -1.1216 -1.1281 -1.1370
 -1.1469 -1.1590 -1.1783 -1.2094 -1.2516 -1.3780 -1.5085 -1.6380 -1.7638 -1.8853
 -2.0042 -2.1217 -2.2379 -2.3527 -2.4660 -2.5779 -2.6882 -2.7968 -2.9032 -3.0076
 -3.1098
 -1.0609 -1.0708 -1.0841 -1.0995 -1.1156 -1.1313 -1.1459 -1.1604 -1.1771 -1.1969
 -1.2188 -1.2401 -1.2582 -1.2738 -1.2920 -1.3778 -1.5042 -1.6340 -1.7609 -1.8835
 -2.0026 -2.1195 -2.2347 -2.3483 -2.4601 -2.5704 -2.6791 -2.7860 -2.8911 -2.9942
 -3.0953
 -1.0376 -1.0492 -1.0639 -1.0827 -1.1040 -1.1272 -1.1512 -1.1754 -1.2000 -1.2260
 -1.2539 -1.2833 -1.3119 -1.3377 -1.3592 -1.4110 -1.5035 -1.6301 -1.7575 -1.8811
 -2.0007 -2.1174 -2.2319 -2.3444 -2.4551 -2.5641 -2.6715 -2.7769 -2.8805 -2.9822
 -3.0820
 -1.0122 -1.0250 -1.0416 -1.0620 -1.0860 -1.1134 -1.1431 -1.1739 -1.2053 -1.2372
 -1.2695 -1.3028 -1.3365 -1.3695 -1.4532 -1.4776 -1.5064 -1.6263 -1.7536
 [Fe/H] =  0.25 [alpha/Fe] = 0.00 BC value = F160W
 -0.8128 -0.7932 -0.7825 -0.7907 -0.8150 -0.8469 -0.8843 -0.9264 -0.9888 -1.0500
 -1.1098 -1.1672 -1.2214 -1.2718 -1.3204 -1.4324
 -0.8280 -0.8029 -0.7879 -0.7876 -0.8022 -0.8305 -0.8714 -0.9240 -0.9853 -1.0467
 -1.1067 -1.1647 -1.2201 -1.2728 -1.3231 -1.4409 -1.5496 -1.6545 -1.7615
 -0.8546 -0.8241 -0.8039 -0.7959 -0.8019 -0.8242 -0.8631 -0.9162 -0.9753 -1.0361
 -1.0962 -1.1548 -1.2110 -1.2649 -1.3166 -1.4391 -1.5527 -1.6599 -1.7679 -1.8836
 -2.0077
 -0.8926 -0.8568 -0.8305 -0.8155 -0.8141 -0.8281 -0.8594 -0.9065 -0.9626 -1.0220
 -1.0820 -1.1410 -1.1980 -1.2529 -1.3058 -1.4323 -1.5510 -1.6623 -1.7718 -1.8865
 -2.0074 -2.1323 -2.2592
 -0.9369 -0.8979 -0.8662 -0.8444 -0.8347 -0.8394 -0.8607 -0.8992 -0.9503 -1.0075
 -1.0666 -1.1257 -1.1834 -1.2392 -1.2931 -1.4228 -1.5461 -1.6620 -1.7739 -1.8882
 -2.0075 -2.1301 -2.2538 -2.3773 -2.4998
 -0.9825 -0.9432 -0.9087 -0.8817 -0.8647 -0.8601 -0.8705 -0.8982 -0.9417 -0.9949
 -1.0522 -1.1108 -1.1688 -1.2253 -1.2801 -1.4122 -1.5392 -1.6595 -1.7744 -1.8890
 -2.0068 -2.1272 -2.2485 -2.3695 -2.4895 -2.6081
 -1.0296 -0.9908 -0.9554 -0.9251 -0.9026 -0.8904 -0.8910 -0.9070 -0.9403 -0.9869
 -1.0408 -1.0980 -1.1556 -1.2125 -1.2680 -1.4017 -1.5313 -1.6553 -1.7733 -1.8889
 -2.0058 -2.1245 -2.2437 -2.3625 -2.4803 -2.5968 -2.7117 -2.8249 -2.9336 -3.0368
 -1.0863 -1.0592 -1.0234 -0.9830 -0.9510 -0.9309 -0.9227 -0.9279 -0.9492 -0.9864
 -1.0346 -1.0887 -1.1451 -1.2017 -1.2575 -1.3924 -1.5234 -1.6501 -1.7710 -1.8879
 -2.0044 -2.1217 -2.2391 -2.3561 -2.4719 -2.5865 -2.6997 -2.8109 -2.9202 -3.0253
 -3.1253
 -1.0919 -1.0904 -1.0813 -1.0628 -1.0379 -1.0109 -0.9878 -0.9754 -0.9788 -1.0001
 -1.0373 -1.0850 -1.1382 -1.1935 -1.2491 -1.3847 -1.5164 -1.6449 -1.7681 -1.8865
 -2.0029 -2.1191 -2.2350 -2.3501 -2.4641 -2.5771 -2.6886 -2.7983 -2.9061 -3.0118
 -3.1138
 -1.0816 -1.0878 -1.0930 -1.0944 -1.0901 -1.0821 -1.0736 -1.0665 -1.0635 -1.0673
 -1.0811 -1.1068 -1.1447 -1.1920 -1.2445 -1.3794 -1.5117 -1.6414 -1.7666 -1.8868
 -2.0037 -2.1192 -2.2339 -2.3475 -2.4598 -2.5710 -2.6810 -2.7894 -2.8960 -3.0006
 -3.1030
 -1.0649 -1.0740 -1.0850 -1.0965 -1.1066 -1.1141 -1.1198 -1.1261 -1.1355 -1.1490
 -1.1657 -1.1842 -1.2043 -1.2286 -1.2601 -1.3746 -1.5062 -1.6364 -1.7630 -1.8846
 -2.0020 -2.1172 -2.2308 -2.3430 -2.4537 -2.5631 -2.6713 -2.7780 -2.8832 -2.9866
 -3.0879
 -1.0437 -1.0541 -1.0676 -1.0840 -1.1018 -1.1201 -1.1378 -1.1551 -1.1736 -1.1948
 -1.2195 -1.2467 -1.2737 -1.2988 -1.3222 -1.3914 -1.5022 -1.6316 -1.7590 -1.8820
 -2.0002 -2.1153 -2.2282 -2.3394 -2.4488 -2.5567 -2.6632 -2.7683 -2.8719 -2.9738
 -3.0740
 -1.0181 -1.0300 -1.0455 -1.0641 -1.0863 -1.1107 -1.1365 -1.1628 -1.1897 -1.2174
 -1.2469 -1.2786 -1.3116 -1.3443 -1.4308 -1.4298 -1.4997 -1.6270 -1.7546
 [Fe/H] =  0.50 [alpha/Fe] = 0.00 BC value = F160W
 -0.7924 -0.7249 -0.6993 -0.7097 -0.7452 -0.7975 -0.8610 -0.9249 -0.9915 -1.0563
 -1.1194 -1.1802 -1.2379 -1.2921 -1.3417 -1.4559
 -0.8007 -0.7617 -0.7449 -0.7480 -0.7690 -0.8061 -0.8579 -0.9208 -0.9858 -1.0505
 -1.1138 -1.1752 -1.2338 -1.2895 -1.3424 -1.4637 -1.5730 -1.6757 -1.7770
 -0.8220 -0.7941 -0.7784 -0.7744 -0.7845 -0.8104 -0.8531 -0.9107 -0.9736 -1.0375
 -1.1009 -1.1626 -1.2220 -1.2788 -1.3331 -1.4592 -1.5737 -1.6792 -1.7860 -1.8973
 -2.0140
 -0.8563 -0.8222 -0.7999 -0.7890 -0.7919 -0.8104 -0.8466 -0.8984 -0.9584 -1.0212
 -1.0842 -1.1462 -1.2063 -1.2641 -1.3195 -1.4496 -1.5692 -1.6794 -1.7854 -1.8948
 -2.0112 -2.1329 -2.2575
 -0.8992 -0.8610 -0.8315 -0.8129 -0.8073 -0.8167 -0.8433 -0.8872 -0.9430 -1.0039
 -1.0661 -1.1282 -1.1888 -1.2475 -1.3039 -1.4373 -1.5617 -1.6769 -1.7861 -1.8959
 -2.0108 -2.1302 -2.2518 -2.3740 -2.4957
 -0.9460 -0.9056 -0.8716 -0.8466 -0.8327 -0.8323 -0.8479 -0.8813 -0.9303 -0.9878
 -1.0487 -1.1104 -1.1712 -1.2305 -1.2879 -1.4239 -1.5522 -1.6723 -1.7851 -1.8959
 -2.0098 -2.1272 -2.2464 -2.3661 -2.4851 -2.6032
 -0.9934 -0.9537 -0.9176 -0.8881 -0.8676 -0.8586 -0.8633 -0.8846 -0.9235 -0.9755
 -1.0337 -1.0943 -1.1550 -1.2146 -1.2727 -1.4108 -1.5419 -1.6659 -1.7825 -1.8950
 -2.0084 -2.1243 -2.2415 -2.3589 -2.4757 -2.5914 -2.7060 -2.8186 -2.9270 -3.0299
 -1.0490 -1.0201 -0.9690 -0.9360 -0.9107 -0.8948 -0.8905 -0.9000 -0.9266 -0.9696
 -1.0231 -1.0814 -1.1412 -1.2008 -1.2593 -1.3990 -1.5317 -1.6587 -1.7787 -1.8933
 -2.0067 -2.1214 -2.2368 -2.3523 -2.4671 -2.5808 -2.6934 -2.8045 -2.9136 -3.0183
 -3.1180
 -1.0859 -1.0737 -1.0488 -1.0135 -0.9768 -0.9477 -0.9322 -0.9306 -0.9439 -0.9741
 -1.0191 -1.0730 -1.1307 -1.1896 -1.2480 -1.3889 -1.5228 -1.6517 -1.7744 -1.8911
 -2.0049 -2.1186 -2.2326 -2.3462 -2.4591 -2.5710 -2.6818 -2.7912 -2.8989 -3.0047
 -3.1063
 -1.0828 -1.0851 -1.0831 -1.0735 -1.0566 -1.0368 -1.0172 -1.0018 -0.9966 -1.0067
 -1.0340 -1.0760 -1.1272 -1.1830 -1.2404 -1.3817 -1.5166 -1.6468 -1.7718 -1.8907
 -2.0054 -2.1187 -2.2314 -2.3435 -2.4546 -2.5646 -2.6738 -2.7817 -2.8881 -2.9927
 -3.0952
 -1.0699 -1.0771 -1.0849 -1.0908 -1.0926 -1.0901 -1.0861 -1.0834 -1.0838 -1.0887
 -1.1009 -1.1222 -1.1528 -1.1923 -1.2396 -1.3745 -1.5100 -1.6410 -1.7674 -1.8881
 -2.0038 -2.1168 -2.2285 -2.3392 -2.4485 -2.5566 -2.6637 -2.7698 -2.8746 -2.9780
 -3.0795
 -1.0512 -1.0599 -1.0720 -1.0854 -1.0986 -1.1102 -1.1200 -1.1292 -1.1403 -1.1551
 -1.1741 -1.1971 -1.2225 -1.2500 -1.2803 -1.3772 -1.5042 -1.6356 -1.7632 -1.8854
 -2.0024 -2.1156 -2.2265 -2.3360 -2.4439 -2.5503 -2.6556 -2.7597 -2.8627 -2.9645
 -3.0648
 -1.0274 -1.0377 -1.0514 -1.0686 -1.0879 -1.1083 -1.1288 -1.1490 -1.1696 -1.1917
 -1.2169 -1.2456 -1.2767 -1.3084 -1.3625 -1.3898 -1.4992 -1.6306 -1.7592
 [Fe/H] =  0.75 [alpha/Fe] = 0.00 BC value = F160W
 -0.7771 -0.7352 -0.7216 -0.7381 -0.7767 -0.8260 -0.8765 -0.9241 -0.9944 -1.0627
 -1.1289 -1.1928 -1.2536 -1.3111 -1.3644 -1.4877
 -0.7796 -0.7507 -0.7409 -0.7483 -0.7711 -0.8077 -0.8570 -0.9176 -0.9863 -1.0542
 -1.1206 -1.1850 -1.2467 -1.3054 -1.3610 -1.4864 -1.5969 -1.6983 -1.7959
 -0.7959 -0.7711 -0.7588 -0.7582 -0.7703 -0.7979 -0.8434 -0.9054 -0.9718 -1.0388
 -1.1051 -1.1699 -1.2324 -1.2921 -1.3491 -1.4797 -1.5955 -1.7003 -1.8008 -1.9050
 -2.0179
 -0.8260 -0.7963 -0.7752 -0.7678 -0.7744 -0.7964 -0.8357 -0.8909 -0.9543 -1.0201
 -1.0860 -1.1510 -1.2140 -1.2747 -1.3328 -1.4676 -1.5888 -1.6986 -1.8020 -1.9066
 -2.0177 -2.1353 -2.2570
 -0.8665 -0.8293 -0.8021 -0.7868 -0.7849 -0.7983 -0.8290 -0.8770 -0.9364 -1.0004
 -1.0655 -1.1304 -1.1939 -1.2553 -1.3145 -1.4526 -1.5788 -1.6940 -1.8012 -1.9069
 -2.0172 -2.1323 -2.2510 -2.3713 -2.4918
 -0.9135 -0.8723 -0.8391 -0.8161 -0.8053 -0.8089 -0.8289 -0.8670 -0.9204 -0.9816
 -1.0455 -1.1099 -1.1735 -1.2356 -1.2956 -1.4366 -1.5668 -1.6871 -1.7986 -1.9060
 -2.0155 -2.1292 -2.2458 -2.3635 -2.4812 -2.5983
 -0.9627 -0.9204 -0.8838 -0.8550 -0.8365 -0.8305 -0.8392 -0.8653 -0.9093 -0.9658
 -1.0275 -1.0910 -1.1544 -1.2167 -1.2774 -1.4207 -1.5540 -1.6787 -1.7944 -1.9043
 -2.0138 -2.1262 -2.2408 -2.3563 -2.4717 -2.5864 -2.7002 -2.8122 -2.9194 -3.0221
 -1.0126 -0.9708 -0.9337 -0.9015 -0.8771 -0.8633 -0.8619 -0.8756 -0.9072 -0.9553
 -1.0132 -1.0749 -1.1376 -1.1999 -1.2610 -1.4062 -1.5416 -1.6694 -1.7890 -1.9017
 -2.0118 -2.1232 -2.2361 -2.3497 -2.4630 -2.5756 -2.6872 -2.7977 -2.9063 -3.0102
 -3.1097
 -1.0747 -1.0398 -1.0007 -0.9597 -0.9260 -0.9060 -0.8970 -0.9002 -0.9184 -0.9542
 -1.0046 -1.0629 -1.1241 -1.1859 -1.2470 -1.3936 -1.5306 -1.6604 -1.7831 -1.8985
 -2.0097 -2.1204 -2.2319 -2.3438 -2.4551 -2.5657 -2.6754 -2.7839 -2.8912 -2.9966
 -3.0977
 -1.0838 -1.0794 -1.0654 -1.0422 -1.0116 -0.9801 -0.9556 -0.9446 -0.9494 -0.9704
 -1.0082 -1.0589 -1.1162 -1.1763 -1.2369 -1.3842 -1.5227 -1.6540 -1.7791 -1.8971
 -2.0098 -2.1204 -2.2308 -2.3411 -2.4507 -2.5593 -2.6671 -2.7740 -2.8797 -2.9840
 -3.0864
 -1.0756 -1.0799 -1.0827 -1.0807 -1.0717 -1.0581 -1.0439 -1.0315 -1.0236 -1.0252
 -1.0417 -1.0746 -1.1201 -1.1730 -1.2297 -1.3751 -1.5148 -1.6473 -1.7738 -1.8939
 -2.0081 -2.1188 -2.2281 -2.3369 -2.4446 -2.5513 -2.6570 -2.7618 -2.8657 -2.9685
 -3.0700
 -1.0597 -1.0671 -1.0765 -1.0857 -1.0927 -1.0960 -1.0966 -1.0972 -1.1004 -1.1072
 -1.1187 -1.1380 -1.1659 -1.2019 -1.2443 -1.3705 -1.5078 -1.6414 -1.7693 -1.8911
 -2.0068 -2.1180 -2.2268 -2.3342 -2.4404 -2.5453 -2.6490 -2.7517 -2.8536 -2.9547
 -3.0547
 -1.0386 -1.0472 -1.0592 -1.0738 -1.0895 -1.1048 -1.1188 -1.1316 -1.1449 -1.1606
 -1.1799 -1.2035 -1.2311 -1.2620 -1.2807 -1.3704 -1.5017 -1.6363 -1.7656
 [Fe/H] =  1.00 [alpha/Fe] = 0.00 BC value = F160W
 -0.7681 -0.7414 -0.7385 -0.7485 -0.7756 -0.8210 -0.8763 -0.9280 -0.9983 -1.0697
 -1.1388 -1.2054 -1.2690 -1.3291 -1.3855 -1.5123
 -0.7653 -0.7368 -0.7279 -0.7366 -0.7612 -0.8001 -0.8519 -0.9154 -0.9872 -1.0581
 -1.1273 -1.1946 -1.2592 -1.3207 -1.3788 -1.5089 -1.6207 -1.7218 -1.8182
 -0.7767 -0.7462 -0.7339 -0.7379 -0.7565 -0.7884 -0.8349 -0.9006 -0.9701 -1.0400
 -1.1091 -1.1767 -1.2421 -1.3047 -1.3643 -1.4999 -1.6175 -1.7220 -1.8207 -1.9204
 -2.0274
 -0.8023 -0.7698 -0.7566 -0.7523 -0.7616 -0.7859 -0.8253 -0.8836 -0.9503 -1.0188
 -1.0875 -1.1552 -1.2211 -1.2847 -1.3455 -1.4853 -1.6089 -1.7188 -1.8205 -1.9215
 -2.0270 -2.1397 -2.2577
 -0.8398 -0.8037 -0.7787 -0.7663 -0.7676 -0.7840 -0.8175 -0.8678 -0.9301 -0.9968
 -1.0646 -1.1322 -1.1984 -1.2626 -1.3245 -1.4679 -1.5967 -1.7123 -1.8183 -1.9209
 -2.0260 -2.1369 -2.2521 -2.3698 -2.4884
 -0.8865 -0.8445 -0.8121 -0.7912 -0.7833 -0.7900 -0.8133 -0.8550 -0.9116 -0.9756
 -1.0421 -1.1092 -1.1754 -1.2401 -1.3028 -1.4493 -1.5823 -1.7034 -1.8141 -1.9189
 -2.0242 -2.1337 -2.2468 -2.3621 -2.4779 -2.5938
 -0.9374 -0.8927 -0.8552 -0.8270 -0.8102 -0.8069 -0.8190 -0.8490 -0.8971 -0.9569
 -1.0215 -1.0876 -1.1536 -1.2185 -1.2818 -1.4308 -1.5672 -1.6929 -1.8084 -1.9162
 -2.0221 -2.1304 -2.2419 -2.3550 -2.4684 -2.5818 -2.6946 -2.8050 -2.9110 -3.0132
 -0.9889 -0.9440 -0.9049 -0.8719 -0.8482 -0.8359 -0.8372 -0.8545 -0.8905 -0.9429
 -1.0042 -1.0687 -1.1340 -1.1988 -1.2625 -1.4135 -1.5525 -1.6816 -1.8014 -1.9126
 -2.0197 -2.1274 -2.2372 -2.3485 -2.4599 -2.5708 -2.6813 -2.7909 -2.8981 -3.0012
 -3.1003
 -1.0526 -1.0017 -0.9585 -0.9226 -0.8948 -0.8762 -0.8687 -0.8745 -0.8967 -0.9371
 -0.9919 -1.0537 -1.1177 -1.1821 -1.2457 -1.3982 -1.5392 -1.6708 -1.7939 -1.9085
 -2.0172 -2.1247 -2.2332 -2.3427 -2.4523 -2.5613 -2.6695 -2.7768 -2.8832 -2.9876
 -3.0879
 -1.0850 -1.0696 -1.0396 -1.0003 -0.9588 -0.9276 -0.9116 -0.9094 -0.9202 -0.9466
 -0.9899 -1.0456 -1.1068 -1.1700 -1.2332 -1.3865 -1.5293 -1.6627 -1.7882 -1.9059
 -2.0168 -2.1247 -2.2322 -2.3402 -2.4480 -2.5551 -2.6614 -2.7667 -2.8711 -2.9747
 -3.0765
 -1.0829 -1.0828 -1.0783 -1.0652 -1.0435 -1.0181 -0.9933 -0.9742 -0.9673 -0.9771
 -1.0047 -1.0486 -1.1028 -1.1618 -1.2229 -1.3755 -1.5198 -1.6547 -1.7819 -1.9018
 -2.0147 -2.1231 -2.2299 -2.3363 -2.4422 -2.5473 -2.6514 -2.7546 -2.8571 -2.9588
 -3.0598
 -1.0706 -1.0755 -1.0812 -1.0847 -1.0834 -1.0767 -1.0674 -1.0591 -1.0538 -1.0527
 -1.0604 -1.0826 -1.1204 -1.1691 -1.2235 -1.3677 -1.5116 -1.6481 -1.7768 -1.8985
 -2.0134 -2.1228 -2.2292 -2.3343 -2.4385 -2.5417 -2.6438 -2.7448 -2.8450 -2.9448
 -3.0439
 -1.0522 -1.0585 -1.0684 -1.0798 -1.0908 -1.0995 -1.1055 -1.1100 -1.1157 -1.1244
 -1.1367 -1.1538 -1.1783 -1.2115 -1.2350 -1.3631 -1.5047 -1.6429 -1.7729
