 [Fe/H] = -4.00 [alpha/Fe] = 0.40 BC value = F336W
 -8.2568 -5.7244 -3.5656 -4.0823 -8.0165-14.4201-12.7777 -8.3355 -4.6108 -3.1760
 -2.4627 -2.4547 -3.9628 -5.1213 -5.5304 -4.0999
 -9.7503 -8.1905 -6.7422 -6.5665 -7.9996-10.9026-10.2682 -8.4205 -6.6615 -5.6831
 -5.0428 -4.8236 -5.2843 -5.5891 -5.4636 -4.0017 -3.1168 -2.5717 -2.4877
-10.1206 -9.2439 -8.3602 -7.8564 -7.8444 -8.4957 -8.3121 -7.8674 -7.3038 -6.7378
 -6.2616 -5.9544 -5.7946 -5.5721 -5.1829 -3.7789 -2.7363 -2.1994 -1.9214 -1.6919
 -1.2930
 -9.3677 -8.8846 -8.4196 -7.9520 -7.5510 -7.1993 -6.9094 -6.6762 -6.5376 -6.3399
 -6.1191 -5.8471 -5.4938 -5.0701 -4.6883 -3.4315 -2.5217 -1.9053 -1.4982 -1.2249
 -1.0551 -0.9596 -0.9154
 -8.9431 -8.4954 -8.0574 -7.6187 -7.2046 -6.8173 -6.4686 -6.1650 -5.9024 -5.6675
 -5.4377 -5.1870 -4.8976 -4.5498 -4.1686 -3.1468 -2.2722 -1.6655 -1.2778 -1.0345
 -0.8854 -0.8011 -0.7625 -0.7534 -0.7609
 -8.5079 -8.0894 -7.6765 -7.2657 -6.8576 -6.4598 -6.0815 -5.7347 -5.4243 -5.1456
 -4.8871 -4.6328 -4.3628 -4.0625 -3.7328 -2.8826 -2.0817 -1.4935 -1.1138 -0.8822
 -0.7429 -0.6638 -0.6266 -0.6186 -0.6290 -0.6484
 -8.0622 -7.6666 -7.2769 -6.8930 -6.5100 -6.1268 -5.7481 -5.3853 -5.0487 -4.7425
 -4.4631 -4.1995 -3.9397 -3.6712 -3.3809 -2.6389 -1.9502 -1.3893 -1.0062 -0.7680
 -0.6276 -0.5477 -0.5078 -0.4961 -0.5040 -0.5233 -0.5467 -0.5686 -0.5840 -0.5883
 -7.6060 -7.2270 -6.8586 -6.5002 -6.1458 -5.7911 -5.4340 -5.0805 -4.7398 -4.4222
 -4.1317 -3.8638 -3.6120 -3.3659 -3.1119 -2.4578 -1.8501 -1.3388 -0.9533 -0.6970
 -0.5409 -0.4519 -0.4052 -0.3868 -0.3885 -0.4039 -0.4264 -0.4507 -0.4724 -0.4878
 -0.4937
 -7.1477 -6.7886 -6.4400 -6.1013 -5.7719 -5.4475 -5.1229 -4.7969 -4.4735 -4.1628
 -3.8718 -3.6044 -3.3584 -3.1279 -2.9026 -2.3315 -1.7853 -1.3169 -0.9428 -0.6688
 -0.4878 -0.3788 -0.3190 -0.2910 -0.2845 -0.2931 -0.3118 -0.3350 -0.3588 -0.3799
 -0.3964
 -6.7200 -6.3650 -6.0286 -5.7093 -5.4010 -5.1030 -4.8101 -4.5187 -4.2273 -3.9390
 -3.6619 -3.4026 -3.1626 -2.9410 -2.7322 -2.2331 -1.7417 -1.3077 -0.9504 -0.6701
 -0.4663 -0.3316 -0.2512 -0.2090 -0.1920 -0.1924 -0.2051 -0.2252 -0.2485 -0.2712
 -0.2925
 -6.3018 -5.9658 -5.6450 -5.3382 -5.0487 -4.7719 -4.5060 -4.2475 -3.9924 -3.7379
 -3.4890 -3.2493 -3.0208 -2.8055 -2.6040 -2.1447 -1.7183 -1.3130 -0.9703 -0.6915
 -0.4741 -0.3157 -0.2102 -0.1471 -0.1147 -0.1035 -0.1072 -0.1209 -0.1408 -0.1633
 -0.1873
 -5.9132 -5.5910 -5.2840 -4.9910 -4.7163 -4.4572 -4.2134 -3.9813 -3.7570 -3.5342
 -3.3143 -3.1000 -2.8937 -2.6976 -2.5126 -2.0875 -1.6939 -1.3203 -0.9902 -0.7158
 -0.4941 -0.3215 -0.1946 -0.1090 -0.0571 -0.0306 -0.0226 -0.0274 -0.0409 -0.0601
 -0.0818
 -5.5542 -5.2406 -4.9456 -4.6677 -4.4038 -4.1589 -3.9322 -3.7212 -3.5211 -3.3274
 -3.1388 -2.9550 -2.7758 -2.6173 -2.4579 -2.0615 -1.6685 -1.3296 -1.0101
 [Fe/H] = -3.00 [alpha/Fe] = 0.40 BC value = F336W
 -9.3698 -9.0575 -8.8608 -8.8247 -8.9845 -9.5267 -9.0857 -8.4693 -7.8821 -7.3997
 -6.9462 -6.5957 -6.5100 -6.3960 -6.0755 -4.8728
 -9.1310 -8.7456 -8.4502 -8.2728 -8.2375 -8.4395 -8.1810 -7.8279 -7.4598 -7.1089
 -6.7502 -6.4140 -6.1616 -5.8852 -5.5126 -4.3794 -3.3781 -2.6328 -2.1105
 -8.9045 -8.4626 -8.0898 -7.8011 -7.6115 -7.5555 -7.3858 -7.1859 -6.9566 -6.6981
 -6.4107 -6.0952 -5.7519 -5.3816 -4.9849 -3.9310 -2.9818 -2.2794 -1.8045 -1.4922
 -1.2920
 -8.6903 -8.2085 -7.7796 -7.4096 -7.1066 -6.8747 -6.7001 -6.5435 -6.3724 -6.1671
 -5.9277 -5.6392 -5.2809 -4.8852 -4.4924 -3.5276 -2.6466 -1.9837 -1.5453 -1.2635
 -1.0883 -0.9863 -0.9341
 -8.4884 -7.9833 -7.5196 -7.0983 -6.7228 -6.3971 -6.1239 -5.9004 -5.7072 -5.5160
 -5.3011 -5.0461 -4.7486 -4.3960 -4.0351 -3.1692 -2.3725 -1.7457 -1.3329 -1.0741
 -0.9161 -0.8258 -0.7819 -0.7686 -0.7709
 -8.2988 -7.7870 -7.3098 -6.8672 -6.4601 -6.0898 -5.7578 -5.4655 -5.2096 -4.9823
 -4.7599 -4.5226 -4.2639 -3.9642 -3.6414 -2.8743 -2.1666 -1.5754 -1.1715 -0.9225
 -0.7733 -0.6880 -0.6461 -0.6341 -0.6409 -0.6572
 -8.1048 -7.5993 -7.1238 -6.6765 -6.2585 -5.8702 -5.5118 -5.1838 -4.8873 -4.6192
 -4.3714 -4.1326 -3.8895 -3.6335 -3.3467 -2.6489 -2.0242 -1.4720 -1.0666 -0.8097
 -0.6581 -0.5714 -0.5267 -0.5112 -0.5156 -0.5319 -0.5527 -0.5722 -0.5855 -0.5880
 -7.9112 -7.4172 -6.9513 -6.5119 -6.0955 -5.7039 -5.3368 -4.9949 -4.6778 -4.3873
 -4.1203 -3.8709 -3.6307 -3.3961 -3.1426 -2.5018 -1.9294 -1.4226 -1.0163 -0.7400
 -0.5714 -0.4751 -0.4234 -0.4012 -0.3997 -0.4122 -0.4326 -0.4545 -0.4740 -0.4878
 -0.4921
 -7.9398 -7.3180 -6.7980 -6.3698 -5.9630 -5.5772 -5.2112 -4.8665 -4.5431 -4.2413
 -3.9619 -3.7037 -3.4619 -3.2324 -3.0012 -2.4174 -1.8749 -1.4045 -1.0234 -0.7128
 -0.5293 -0.4012 -0.3363 -0.3045 -0.2948 -0.3008 -0.3173 -0.3362 -0.3555 -0.3752
 -0.3953
 -7.6111 -7.1823 -6.7276 -6.2505 -5.8535 -5.4772 -5.1185 -4.7778 -4.4545 -4.1496
 -3.8638 -3.5982 -3.3517 -3.1219 -2.9006 -2.3601 -1.8486 -1.3989 -1.0179 -0.7146
 -0.4958 -0.3525 -0.2670 -0.2212 -0.2014 -0.1994 -0.2100 -0.2284 -0.2502 -0.2721
 -0.2918
 -7.5328 -7.0931 -6.6382 -6.1701 -5.7787 -5.4090 -5.0587 -4.7245 -4.4056 -4.1022
 -3.8147 -3.5445 -3.2925 -3.0588 -2.8402 -2.3249 -1.8452 -1.4100 -1.0400 -0.7372
 -0.5032 -0.3352 -0.2243 -0.1578 -0.1229 -0.1096 -0.1116 -0.1239 -0.1425 -0.1640
 -0.1868
 -7.5315 -7.0506 -6.5962 -6.1662 -5.7660 -5.3944 -5.0425 -4.6876 -4.3741 -4.0744
 -3.7885 -3.5174 -3.2619 -3.0234 -2.8015 -2.2969 -1.8436 -1.4262 -1.0633 -0.7629
 -0.5232 -0.3398 -0.2070 -0.1179 -0.0638 -0.0356 -0.0262 -0.0298 -0.0423 -0.0606
 -0.0816
 -7.6074 -7.0548 -6.6018 -6.2388 -5.8154 -5.4333 -5.0177 -4.6872 -4.3725 -4.0516
 -3.7687 -3.4991 -3.2433 -3.0023 -2.7845 -2.2761 -1.8438 -1.4475 -1.0878
 [Fe/H] = -2.50 [alpha/Fe] = 0.40 BC value = F336W
 -9.0477 -9.1209 -9.2507 -9.1692 -8.8169 -8.4213 -8.2527 -8.2795 -8.2433 -7.9921
 -7.6469 -7.2627 -6.8764 -6.5069 -6.1034 -5.0252
 -8.5518 -8.4185 -8.3535 -8.2258 -8.0059 -7.7775 -7.6387 -7.5697 -7.4633 -7.2514
 -6.9662 -6.6188 -6.2304 -5.8406 -5.4432 -4.4400 -3.4795 -2.7082 -2.1150
 -8.1793 -7.8906 -7.6738 -7.4877 -7.3225 -7.1757 -7.0428 -6.9101 -6.7566 -6.5640
 -6.3171 -6.0035 -5.6296 -5.2376 -4.8520 -3.9229 -3.0576 -2.3518 -1.8404 -1.5049
 -1.3221
 -7.9302 -7.5372 -7.2116 -6.9549 -6.7667 -6.6159 -6.4650 -6.3007 -6.1232 -5.9299
 -5.6996 -5.4168 -5.0740 -4.6979 -4.3298 -3.4739 -2.6986 -2.0539 -1.5982 -1.3025
 -1.1192 -1.0101 -0.9488
 -7.8045 -7.3583 -6.9669 -6.6274 -6.3385 -6.0981 -5.9053 -5.7415 -5.5631 -5.3491
 -5.1137 -4.8587 -4.5636 -4.2215 -3.8766 -3.0930 -2.4025 -1.8145 -1.3885 -1.1144
 -0.9462 -0.8491 -0.8001 -0.7827 -0.7835
 -7.7454 -7.2625 -6.8310 -6.4455 -6.1028 -5.7999 -5.5334 -5.2983 -5.0899 -4.8893
 -4.6593 -4.3992 -4.1295 -3.8332 -3.5178 -2.7991 -2.1792 -1.6405 -1.2304 -0.9648
 -0.8036 -0.7107 -0.6636 -0.6476 -0.6511 -0.6646
 -7.7369 -7.2274 -6.7653 -6.3468 -5.9693 -5.6288 -5.3218 -5.0438 -4.7896 -4.5532
 -4.3264 -4.0905 -3.8357 -3.5648 -3.2707 -2.5954 -2.0280 -1.5304 -1.1275 -0.8543
 -0.6890 -0.5938 -0.5437 -0.5244 -0.5257 -0.5394 -0.5579 -0.5755 -0.5871 -0.5879
 -7.7647 -7.2406 -6.7577 -6.3137 -5.9082 -5.5400 -5.2056 -4.9001 -4.6197 -4.3591
 -4.1127 -3.8747 -3.6372 -3.3979 -3.1341 -2.4797 -1.9392 -1.4734 -1.0765 -0.7863
 -0.6034 -0.4974 -0.4400 -0.4140 -0.4097 -0.4199 -0.4381 -0.4581 -0.4760 -0.4882
 -0.4910
 -7.8229 -7.2895 -6.7951 -6.3351 -5.9083 -5.5168 -5.1589 -4.8318 -4.5314 -4.2538
 -3.9939 -3.7472 -3.5101 -3.2799 -3.0464 -2.4376 -1.9004 -1.4538 -1.0660 -0.7594
 -0.5506 -0.4237 -0.3527 -0.3170 -0.3047 -0.3086 -0.3230 -0.3428 -0.3631 -0.3809
 -0.3947
 -7.9064 -7.3646 -6.8607 -6.3918 -5.9515 -5.5417 -5.1638 -4.8171 -4.4991 -4.2060
 -3.9335 -3.6781 -3.4362 -3.2052 -2.9816 -2.4174 -1.8955 -1.4524 -1.0753 -0.7611
 -0.5286 -0.3749 -0.2831 -0.2334 -0.2110 -0.2069 -0.2157 -0.2324 -0.2527 -0.2732
 -0.2916
 -8.0373 -7.4895 -6.9688 -6.4872 -6.0367 -5.6140 -5.2205 -4.8561 -4.5205 -4.2116
 -3.9258 -3.6598 -3.4103 -3.1753 -2.9520 -2.4121 -1.9129 -1.4716 -1.0986 -0.7846
 -0.5365 -0.3577 -0.2400 -0.1695 -0.1320 -0.1168 -0.1171 -0.1279 -0.1451 -0.1654
 -0.1870
 -8.2220 -7.6517 -7.1161 -6.6142 -6.1468 -5.7132 -5.3077 -4.9291 -4.5778 -4.2532
 -3.9531 -3.6750 -3.4159 -3.1733 -2.9448 -2.4121 -1.9323 -1.4983 -1.1255 -0.8122
 -0.5576 -0.3626 -0.2224 -0.1290 -0.0722 -0.0421 -0.0312 -0.0335 -0.0449 -0.0621
 -0.0821
 -8.4604 -7.8512 -7.2954 -6.7746 -6.2869 -5.8348 -5.4153 -5.0243 -4.6590 -4.3198
 -4.0052 -3.7138 -3.4432 -3.1912 -2.9600 -2.4174 -1.9537 -1.5325 -1.1560
 [Fe/H] = -2.00 [alpha/Fe] = 0.40 BC value = F336W
 -8.3493 -8.3002 -8.2856 -8.2760 -8.2365 -8.1828 -8.1159 -8.0253 -7.8942 -7.7012
 -7.4351 -7.1012 -6.7290 -6.3491 -6.0232 -5.0649
 -7.7929 -7.6883 -7.6230 -7.5787 -7.5407 -7.4952 -7.4306 -7.3369 -7.2030 -7.0136
 -6.7570 -6.4300 -6.0526 -5.6676 -5.3112 -4.4151 -3.5614 -2.8135 -2.2482
 -7.3760 -7.1977 -7.0706 -6.9838 -6.9185 -6.8561 -6.7799 -6.6775 -6.5390 -6.3538
 -6.1113 -5.8038 -5.4400 -5.0611 -4.6965 -3.8587 -3.1021 -2.4458 -1.9391 -1.5926
 -1.3726
 -7.0986 -6.8284 -6.6284 -6.4913 -6.3700 -6.2655 -6.1638 -6.0471 -5.9022 -5.7218
 -5.4980 -5.2226 -4.8912 -4.5296 -4.1791 -3.3957 -2.7196 -2.1392 -1.6814 -1.3658
 -1.1609 -1.0478 -0.9767
 -6.9739 -6.6241 -6.3477 -6.1342 -5.9626 -5.8123 -5.6667 -5.5129 -5.3452 -5.1599
 -4.9485 -4.7051 -4.4194 -4.0906 -3.7590 -3.0261 -2.4139 -1.8937 -1.4751 -1.1807
 -0.9952 -0.8868 -0.8294 -0.8049 -0.7998
 -6.9969 -6.6002 -6.2557 -5.9744 -5.7420 -5.5398 -5.3524 -5.1671 -4.9732 -4.7619
 -4.5309 -4.2927 -4.0403 -3.7565 -3.4490 -2.7568 -2.1899 -1.7121 -1.3196 -1.0351
 -0.8541 -0.7481 -0.6923 -0.6694 -0.6672 -0.6757
 -7.1048 -6.6595 -6.2676 -5.9224 -5.6189 -5.3523 -5.1158 -4.9020 -4.7036 -4.5134
 -4.3018 -4.0510 -3.7889 -3.5238 -3.2439 -2.5819 -2.0430 -1.5921 -1.2144 -0.9281
 -0.7417 -0.6311 -0.5714 -0.5453 -0.5413 -0.5505 -0.5653 -0.5797 -0.5885 -0.5865
 -7.3083 -6.8086 -6.3666 -5.9747 -5.6261 -5.3154 -5.0380 -4.7878 -4.5573 -4.3388
 -4.1262 -3.9106 -3.6742 -3.4169 -3.1412 -2.4875 -1.9608 -1.5252 -1.1555 -0.8604
 -0.6579 -0.5354 -0.4671 -0.4342 -0.4248 -0.4309 -0.4457 -0.4629 -0.4782 -0.4878
 -0.4885
 -7.6019 -7.0512 -6.5559 -6.1121 -5.7150 -5.3600 -5.0421 -4.7561 -4.4962 -4.2553
 -4.0255 -3.8017 -3.5799 -3.3559 -3.1141 -2.4658 -1.9300 -1.4997 -1.1342 -0.8301
 -0.6059 -0.4625 -0.3798 -0.3367 -0.3194 -0.3195 -0.3310 -0.3481 -0.3661 -0.3818
 -0.3933
 -7.9668 -7.3572 -6.8164 -6.3241 -5.8773 -5.4743 -5.1126 -4.7884 -4.4960 -4.2296
 -3.9818 -3.7463 -3.5183 -3.2963 -3.0772 -2.4840 -1.9386 -1.4996 -1.1356 -0.8263
 -0.5826 -0.4140 -0.3103 -0.2527 -0.2253 -0.2177 -0.2238 -0.2381 -0.2563 -0.2747
 -0.2913
 -8.3738 -7.7287 -7.1422 -6.6062 -6.1142 -5.6643 -5.2564 -4.8896 -4.5604 -4.2639
 -3.9932 -3.7419 -3.5041 -3.2762 -3.0568 -2.5066 -1.9804 -1.5278 -1.1582 -0.8461
 -0.5893 -0.3970 -0.2676 -0.1890 -0.1463 -0.1276 -0.1253 -0.1339 -0.1492 -0.1677
 -0.1876
 -8.7965 -8.1306 -7.5050 -6.9291 -6.3973 -5.9070 -5.4576 -5.0485 -4.6799 -4.3487
 -4.0499 -3.7775 -3.5250 -3.2876 -3.0616 -2.5221 -2.0213 -1.5701 -1.1900 -0.8743
 -0.6109 -0.4025 -0.2503 -0.1485 -0.0862 -0.0526 -0.0392 -0.0395 -0.0492 -0.0649
 -0.0834
 -9.2296 -8.5381 -7.8891 -7.2799 -6.7112 -6.1838 -5.6980 -5.2526 -4.8466 -4.4796
 -4.1489 -3.8502 -3.5780 -3.3264 -3.0916 -2.5305 -2.0613 -1.6265 -1.2310
 [Fe/H] = -1.50 [alpha/Fe] = 0.40 BC value = F336W
 -8.0381 -8.0145 -8.0002 -7.9902 -7.9776 -7.9490 -7.8954 -7.8101 -7.6844 -7.5035
 -7.2589 -6.9566 -6.6125 -6.2521 -5.8917 -5.0297
 -7.3304 -7.3229 -7.3215 -7.3182 -7.3062 -7.2766 -7.2215 -7.1340 -7.0054 -6.8239
 -6.5793 -6.2707 -5.9156 -5.5489 -5.1918 -4.3681 -3.6135 -2.9333 -2.3767
 -6.7702 -6.7353 -6.7171 -6.7031 -6.6827 -6.6467 -6.5867 -6.4956 -6.3658 -6.1885
 -5.9541 -5.6576 -5.3112 -4.9499 -4.6009 -3.8168 -3.1356 -2.5465 -2.0597 -1.6937
 -1.4520
 -6.3575 -6.2517 -6.1870 -6.1449 -6.1072 -6.0594 -5.9910 -5.8949 -5.7656 -5.5973
 -5.3833 -5.1173 -4.7993 -4.4551 -4.1190 -3.3758 -2.7542 -2.2309 -1.7996 -1.4686
 -1.2450 -1.1070 -1.0275
 -6.2140 -6.0043 -5.8321 -5.7188 -5.6321 -5.5582 -5.4764 -5.3737 -5.2447 -5.0860
 -4.8932 -4.6615 -4.3847 -4.0699 -3.7502 -3.0418 -2.4634 -1.9849 -1.5924 -1.2859
 -1.0751 -0.9463 -0.8751 -0.8399 -0.8258
 -6.2742 -5.9708 -5.7245 -5.5254 -5.3648 -5.2348 -5.1227 -4.9991 -4.8563 -4.6935
 -4.5096 -4.3019 -4.0642 -3.7880 -3.4893 -2.8069 -2.2553 -1.8041 -1.4348 -1.1427
 -0.9361 -0.8081 -0.7375 -0.7042 -0.6932 -0.6943
 -6.4353 -6.0779 -5.7652 -5.4961 -5.2694 -5.0790 -4.9199 -4.7838 -4.6458 -4.4809
 -4.2781 -4.0604 -3.8342 -3.5911 -3.3199 -2.6575 -2.1186 -1.6815 -1.3229 -1.0360
 -0.8264 -0.6924 -0.6165 -0.5796 -0.5673 -0.5692 -0.5778 -0.5870 -0.5909 -0.5836
 -6.6794 -6.2626 -5.8980 -5.5782 -5.2988 -5.0573 -4.8488 -4.6649 -4.4969 -4.3377
 -4.1717 -3.9692 -3.7287 -3.4772 -3.2217 -2.5783 -2.0413 -1.6084 -1.2527 -0.9638
 -0.7447 -0.5987 -0.5127 -0.4680 -0.4503 -0.4494 -0.4583 -0.4706 -0.4814 -0.4865
 -0.4825
 -7.0545 -6.5533 -6.1203 -5.7429 -5.4120 -5.1209 -4.8648 -4.6387 -4.4353 -4.2457
 -4.0622 -3.8790 -3.6847 -3.4596 -3.2043 -2.5558 -2.0121 -1.5762 -1.2184 -0.9238
 -0.7051 -0.5280 -0.4266 -0.3705 -0.3443 -0.3377 -0.3436 -0.3560 -0.3700 -0.3821
 -0.3896
 -7.5968 -6.9808 -6.4565 -6.0038 -5.6086 -5.2607 -4.9532 -4.6809 -4.4375 -4.2163
 -4.0093 -3.8093 -3.6116 -3.4131 -3.2013 -2.5816 -2.0180 -1.5722 -1.2095 -0.9085
 -0.6636 -0.4799 -0.3584 -0.2869 -0.2498 -0.2354 -0.2362 -0.2462 -0.2608 -0.2761
 -0.2897
 -8.2614 -7.5521 -6.9290 -6.3903 -5.9155 -5.4973 -5.1279 -4.8017 -4.5114 -4.2514
 -4.0146 -3.7939 -3.5825 -3.3766 -3.1736 -2.6295 -2.0702 -1.6017 -1.2290 -0.9203
 -0.6644 -0.4618 -0.3166 -0.2239 -0.1709 -0.1451 -0.1377 -0.1424 -0.1545 -0.1702
 -0.1877
 -8.9835 -8.2095 -7.5110 -6.8834 -6.3272 -5.8314 -5.3916 -5.0015 -4.6559 -4.3492
 -4.0746 -3.8253 -3.5941 -3.3755 -3.1651 -2.6493 -2.1331 -1.6568 -1.2657 -0.9476
 -0.6826 -0.4656 -0.2996 -0.1840 -0.1111 -0.0701 -0.0516 -0.0482 -0.0550 -0.0683
 -0.0847
 -9.7089 -8.8913 -8.1370 -7.4432 -6.8151 -6.2477 -5.7378 -5.2808 -4.8740 -4.5133
 -4.1931 -3.9073 -3.6487 -3.4106 -3.1758 -2.6410 -2.2067 -1.7375 -1.3196
 [Fe/H] = -1.00 [alpha/Fe] = 0.40 BC value = F336W
 -7.8206 -7.8352 -7.8433 -7.8393 -7.8214 -7.7768 -7.6963 -7.5790 -7.4019 -7.2326
 -7.0204 -6.7804 -6.5087 -6.2040 -5.8799 -5.0690
 -7.1550 -7.1739 -7.1853 -7.1847 -7.1687 -7.1301 -7.0617 -6.9579 -6.8151 -6.6333
 -6.4142 -6.1559 -5.8611 -5.5409 -5.2119 -4.4241 -3.7199 -3.0830 -2.5379
 -6.5687 -6.5807 -6.5885 -6.5868 -6.5706 -6.5351 -6.4743 -6.3809 -6.2506 -6.0802
 -5.8664 -5.6082 -5.3103 -4.9888 -4.6628 -3.9024 -3.2422 -2.6807 -2.2161 -1.8457
 -1.5704
 -6.0617 -6.0556 -6.0529 -6.0456 -6.0270 -5.9917 -5.9341 -5.8480 -5.7290 -5.5733
 -5.3770 -5.1373 -4.8563 -4.5477 -4.2326 -3.5039 -2.8859 -2.3712 -1.9528 -1.6201
 -1.3705 -1.2043 -1.1009
 -5.7038 -5.6430 -5.6093 -5.5858 -5.5596 -5.5215 -5.4652 -5.3846 -5.2759 -5.1358
 -4.9609 -4.7478 -4.4948 -4.2090 -3.9095 -3.2090 -2.6215 -2.1370 -1.7459 -1.4364
 -1.2018 -1.0432 -0.9478 -0.8938 -0.8656
 -5.6646 -5.4753 -5.3437 -5.2553 -5.1956 -5.1447 -5.0851 -5.0070 -4.9059 -4.7791
 -4.6237 -4.4368 -4.2148 -3.9577 -3.6777 -3.0004 -2.4319 -1.9656 -1.5889 -1.2912
 -1.0635 -0.9059 -0.8103 -0.7589 -0.7339 -0.7239
 -5.8568 -5.5779 -5.3430 -5.1550 -5.0124 -4.9077 -4.8247 -4.7409 -4.6368 -4.5121
 -4.3662 -4.1974 -4.0018 -3.7750 -3.5188 -2.8628 -2.3036 -1.8466 -1.4756 -1.1812
 -0.9541 -0.7918 -0.6901 -0.6344 -0.6085 -0.5995 -0.5989 -0.6004 -0.5979 -0.5837
 -6.1043 -5.7716 -5.4774 -5.2222 -5.0077 -4.8313 -4.6885 -4.5760 -4.4795 -4.3662
 -4.2185 -4.0445 -3.8535 -3.6445 -3.4143 -2.7832 -2.2256 -1.7709 -1.4005 -1.1033
 -0.8716 -0.7006 -0.5881 -0.5234 -0.4916 -0.4800 -0.4797 -0.4843 -0.4886 -0.4878
 -0.4764
 -6.4270 -6.0269 -5.6765 -5.3685 -5.0990 -4.8680 -4.6726 -4.5080 -4.3682 -4.2436
 -4.1200 -3.9777 -3.7973 -3.5841 -3.3563 -2.7512 -2.1910 -1.7322 -1.3585 -1.0549
 -0.8144 -0.6318 -0.5050 -0.4273 -0.3859 -0.3683 -0.3654 -0.3702 -0.3769 -0.3842
 -0.3854
 -6.9091 -6.3923 -5.9604 -5.5874 -5.2626 -4.9792 -4.7335 -4.5220 -4.3392 -4.1776
 -4.0271 -3.8792 -3.7260 -3.5549 -3.3504 -2.7535 -2.1887 -1.7214 -1.3412 -1.0299
 -0.7785 -0.5821 -0.4390 -0.3456 -0.2920 -0.2659 -0.2578 -0.2605 -0.2689 -0.2790
 -0.2875
 -7.6056 -6.9576 -6.4023 -5.9318 -5.5291 -5.1815 -4.8796 -4.6162 -4.3860 -4.1833
 -4.0001 -3.8279 -3.6594 -3.4899 -3.3144 -2.7950 -2.2266 -1.7453 -1.3547 -1.0340
 -0.7706 -0.5592 -0.3977 -0.2848 -0.2144 -0.1760 -0.1595 -0.1570 -0.1633 -0.1741
 -0.1862
 -8.5237 -7.7325 -7.0429 -6.4460 -5.9352 -5.4987 -5.1225 -4.7958 -4.5098 -4.2581
 -4.0339 -3.8301 -3.6394 -3.4555 -3.2739 -2.8092 -2.2904 -1.7950 -1.3890 -1.0573
 -0.7825 -0.5572 -0.3786 -0.2457 -0.1559 -0.1016 -0.0735 -0.0631 -0.0644 -0.0731
 -0.0857
 -9.5440 -8.6490 -7.8407 -7.1261 -6.4985 -5.9549 -5.4853 -5.0779 -4.7228 -4.4115
 -4.1366 -3.8915 -3.6692 -3.4633 -3.2289 -2.7961 -2.3801 -1.8705 -1.4441
 [Fe/H] = -0.75 [alpha/Fe] = 0.30 BC value = F336W
 -7.8966 -7.9093 -7.9134 -7.9030 -7.8759 -7.8179 -7.7186 -7.5788 -7.3877 -7.2117
 -7.0137 -6.7992 -6.5565 -6.2809 -5.9764 -5.1784
 -7.2409 -7.2582 -7.2663 -7.2605 -7.2375 -7.1896 -7.1093 -6.9916 -6.8377 -6.6553
 -6.4489 -6.2145 -5.9477 -5.6522 -5.3385 -4.5573 -3.8370 -3.1974 -2.6469
 -6.6603 -6.6733 -6.6799 -6.6752 -6.6547 -6.6139 -6.5471 -6.4470 -6.3117 -6.1423
 -5.9390 -5.7009 -5.4278 -5.1275 -4.8142 -4.0561 -3.3789 -2.7994 -2.3202 -1.9371
 -1.6475
 -6.1548 -6.1546 -6.1542 -6.1471 -6.1275 -6.0908 -6.0320 -5.9450 -5.8259 -5.6727
 -5.4840 -5.2584 -4.9968 -4.7068 -4.4035 -3.6748 -3.0360 -2.4974 -2.0597 -1.7131
 -1.4486 -1.2667 -1.1468
 -5.7734 -5.7351 -5.7136 -5.6961 -5.6728 -5.6369 -5.5829 -5.5052 -5.3997 -5.2635
 -5.0942 -4.8898 -4.6496 -4.3785 -4.0900 -3.3902 -2.7815 -2.2704 -1.8565 -1.5308
 -1.2813 -1.1058 -0.9948 -0.9296 -0.8928
 -5.6602 -5.5121 -5.4133 -5.3507 -5.3070 -5.2651 -5.2117 -5.1398 -5.0446 -4.9233
 -4.7731 -4.5916 -4.3767 -4.1293 -3.8587 -3.1842 -2.5962 -2.1036 -1.7025 -1.3866
 -1.1437 -0.9695 -0.8585 -0.7949 -0.7612 -0.7437
 -5.8261 -5.5676 -5.3587 -5.2001 -5.0853 -5.0009 -4.9330 -4.8593 -4.7672 -4.6544
 -4.5182 -4.3564 -4.1658 -3.9440 -3.6945 -3.0431 -2.4672 -1.9860 -1.5908 -1.2771
 -1.0345 -0.8562 -0.7388 -0.6706 -0.6354 -0.6191 -0.6127 -0.6096 -0.6031 -0.5854
 -6.0752 -5.7553 -5.4749 -5.2364 -5.0399 -4.8820 -4.7596 -4.6677 -4.5832 -4.4764
 -4.3422 -4.1856 -4.0085 -3.8086 -3.5819 -2.9563 -2.3857 -1.9092 -1.5159 -1.1991
 -0.9517 -0.7657 -0.6377 -0.5600 -0.5186 -0.5000 -0.4941 -0.4938 -0.4941 -0.4900
 -0.4752
 -6.3906 -6.0044 -5.6661 -5.3692 -5.1124 -4.8947 -4.7126 -4.5623 -4.4402 -4.3339
 -4.2241 -4.0903 -3.9207 -3.7242 -3.5103 -2.9152 -2.3457 -1.8680 -1.4730 -1.1504
 -0.8941 -0.6971 -0.5555 -0.4646 -0.4133 -0.3885 -0.3797 -0.3800 -0.3839 -0.3867
 -0.3851
 -6.8411 -6.3528 -5.9357 -5.5750 -5.2615 -4.9892 -4.7553 -4.5562 -4.3871 -4.2404
 -4.1056 -3.9733 -3.8345 -3.6740 -3.4796 -2.9076 -2.3380 -1.8542 -1.4544 -1.1245
 -0.8571 -0.6471 -0.4905 -0.3839 -0.3198 -0.2861 -0.2725 -0.2706 -0.2751 -0.2818
 -0.2875
 -7.5280 -6.8945 -6.3554 -5.8997 -5.5105 -5.1756 -4.8858 -4.6348 -4.4177 -4.2286
 -4.0591 -3.9006 -3.7453 -3.5889 -3.4260 -2.9308 -2.3694 -1.8758 -1.4673 -1.1285
 -0.8490 -0.6238 -0.4498 -0.3245 -0.2434 -0.1968 -0.1745 -0.1675 -0.1700 -0.1775
 -0.1867
 -8.4581 -7.6670 -6.9819 -6.3941 -5.8975 -5.4748 -5.1129 -4.8001 -4.5279 -4.2898
 -4.0789 -3.8878 -3.7090 -3.5359 -3.3648 -2.9277 -2.4233 -1.9226 -1.5018 -1.1525
 -0.8615 -0.6219 -0.4312 -0.2867 -0.1862 -0.1233 -0.0889 -0.0738 -0.0714 -0.0771
 -0.0869
 -9.5258 -8.6147 -7.7967 -7.0785 -6.4540 -5.9191 -5.4619 -5.0687 -4.7284 -4.4315
 -4.1701 -3.9374 -3.7265 -3.5306 -3.2960 -2.8983 -2.4997 -1.9946 -1.5579
 [Fe/H] = -0.50 [alpha/Fe] = 0.20 BC value = F336W
 -8.0222 -8.0312 -8.0290 -8.0085 -7.9677 -7.8912 -7.7659 -7.5693 -7.3909 -7.2031
 -7.0245 -6.8350 -6.6216 -6.3751 -6.0996 -5.3282
 -7.3736 -7.3874 -7.3900 -7.3762 -7.3427 -7.2810 -7.1830 -7.0448 -6.8761 -6.6934
 -6.5000 -6.2910 -6.0551 -5.7884 -5.4975 -4.7317 -3.9959 -3.3386 -2.7752
 -6.7971 -6.8085 -6.8115 -6.8013 -6.7735 -6.7234 -6.6457 -6.5328 -6.3880 -6.2176
 -6.0262 -5.8111 -5.5672 -5.2942 -5.0001 -4.2514 -3.5531 -2.9474 -2.4476 -2.0457
 -1.7385
 -6.2927 -6.2945 -6.2935 -6.2838 -6.2602 -6.2184 -6.1540 -6.0607 -5.9366 -5.7835
 -5.6031 -5.3953 -5.1579 -4.8925 -4.6074 -3.8873 -3.2253 -2.6558 -2.1916 -1.8244
 -1.5421 -1.3388 -1.2037
 -5.8972 -5.8710 -5.8551 -5.8391 -5.8153 -5.7779 -5.7223 -5.6430 -5.5364 -5.4011
 -5.2372 -5.0444 -4.8220 -4.5715 -4.3003 -3.6111 -2.9809 -2.4375 -1.9936 -1.6449
 -1.3770 -1.1824 -1.0539 -0.9744 -0.9256
 -5.7235 -5.6071 -5.5331 -5.4866 -5.4503 -5.4111 -5.3593 -5.2890 -5.1956 -5.0766
 -4.9302 -4.7557 -4.5520 -4.3199 -4.0647 -3.4037 -2.7985 -2.2756 -1.8436 -1.5031
 -1.2411 -1.0480 -0.9186 -0.8398 -0.7944 -0.7679
 -5.8351 -5.6022 -5.4247 -5.2957 -5.2012 -5.1309 -5.0719 -5.0038 -4.9179 -4.8108
 -4.6798 -4.5232 -4.3392 -4.1270 -3.8894 -3.2544 -2.6660 -2.1583 -1.7340 -1.3951
 -1.1327 -0.9361 -0.8001 -0.7162 -0.6690 -0.6436 -0.6302 -0.6214 -0.6100 -0.5881
 -6.0769 -5.7687 -5.5036 -5.2838 -5.1076 -4.9710 -4.8687 -4.7911 -4.7114 -4.6106
 -4.4872 -4.3423 -4.1748 -3.9822 -3.7637 -3.1552 -2.5768 -2.0786 -1.6589 -1.3176
 -1.0499 -0.8462 -0.7002 -0.6064 -0.5526 -0.5248 -0.5118 -0.5058 -0.5015 -0.4933
 -0.4749
 -6.3853 -6.0089 -5.6802 -5.3946 -5.1507 -4.9468 -4.7785 -4.6432 -4.5384 -4.4469
 -4.3458 -4.2183 -4.0606 -3.8795 -3.6777 -3.0995 -2.5270 -2.0323 -1.6141 -1.2682
 -0.9917 -0.7775 -0.6192 -0.5121 -0.4477 -0.4135 -0.3980 -0.3924 -0.3913 -0.3905
 -0.3855
 -6.8157 -6.3421 -5.9356 -5.5845 -5.2803 -5.0187 -4.7959 -4.6084 -4.4518 -4.3191
 -4.1989 -4.0813 -3.9548 -3.8043 -3.6218 -3.0771 -2.5097 -2.0127 -1.5927 -1.2410
 -0.9537 -0.7268 -0.5544 -0.4325 -0.3551 -0.3116 -0.2908 -0.2834 -0.2832 -0.2859
 -0.2882
 -7.4780 -6.8576 -6.3334 -5.8896 -5.5111 -5.1860 -4.9064 -4.6665 -4.4612 -4.2844
 -4.1276 -3.9813 -3.8392 -3.6965 -3.5469 -3.0809 -2.5306 -2.0285 -1.6030 -1.2440
 -0.9451 -0.7031 -0.5143 -0.3746 -0.2803 -0.2233 -0.1934 -0.1808 -0.1787 -0.1823
 -0.1882
 -8.4048 -7.6158 -6.9386 -6.3619 -5.8767 -5.4655 -5.1150 -4.8138 -4.5538 -4.3281
 -4.1296 -3.9504 -3.7826 -3.6205 -3.4613 -3.0559 -2.5719 -2.0695 -1.6353 -1.2679
 -0.9582 -0.7017 -0.4961 -0.3382 -0.2250 -0.1514 -0.1088 -0.0878 -0.0808 -0.0826
 -0.0894
 -9.5044 -8.5782 -7.7542 -7.0371 -6.4175 -5.8927 -5.4466 -5.0657 -4.7382 -4.4544
 -4.2056 -3.9850 -3.7851 -3.5992 -3.3650 -3.0021 -2.6336 -2.1357 -1.6896
 [Fe/H] = -0.25 [alpha/Fe] = 0.10 BC value = F336W
 -8.2041 -8.2070 -8.1954 -8.1607 -8.1005 -7.9977 -7.8387 -7.6010 -7.4180 -7.2293
 -7.0562 -6.8865 -6.7058 -6.4891 -6.2477 -5.5050
 -7.5609 -7.5691 -7.5638 -7.5388 -7.4903 -7.4090 -7.2859 -7.1205 -6.9363 -6.7515
 -6.5714 -6.3868 -6.1824 -5.9492 -5.6843 -4.9417 -4.1894 -3.5050 -2.9234
 -6.9867 -6.9941 -6.9912 -6.9727 -6.9339 -6.8698 -6.7744 -6.6416 -6.4816 -6.3087
 -6.1286 -5.9367 -5.7242 -5.4824 -5.2136 -4.4858 -3.7647 -3.1251 -2.5997 -2.1746
 -1.8452
 -6.4815 -6.4820 -6.4776 -6.4624 -6.4314 -6.3802 -6.3042 -6.1976 -6.0620 -5.9050
 -5.7323 -5.5432 -5.3329 -5.0964 -4.8356 -4.1373 -3.4533 -2.8471 -2.3510 -1.9579
 -1.6534 -1.4296 -1.2729
 -6.0759 -6.0543 -6.0388 -6.0207 -5.9927 -5.9496 -5.8871 -5.7999 -5.6856 -5.5465
 -5.3862 -5.2063 -5.0049 -4.7793 -4.5311 -3.8667 -3.2190 -2.6395 -2.1604 -1.7828
 -1.4917 -1.2754 -1.1261 -1.0284 -0.9655
 -5.8569 -5.7620 -5.7025 -5.6624 -5.6268 -5.5854 -5.5303 -5.4560 -5.3585 -5.2364
 -5.0911 -4.9237 -4.7343 -4.5218 -4.2873 -3.6544 -3.0382 -2.4833 -2.0159 -1.6448
 -1.3585 -1.1439 -0.9933 -0.8959 -0.8357 -0.7978
 -5.9028 -5.7011 -5.5534 -5.4429 -5.3597 -5.2966 -5.2389 -5.1704 -5.0838 -4.9759
 -4.8452 -4.6920 -4.5162 -4.3177 -4.0968 -3.4916 -2.8994 -2.3660 -1.9089 -1.5393
 -1.2519 -1.0338 -0.8770 -0.7738 -0.7111 -0.6744 -0.6520 -0.6363 -0.6189 -0.5921
 -6.1222 -5.8247 -5.5764 -5.3774 -5.2234 -5.1073 -5.0178 -4.9450 -4.8648 -4.7658
 -4.6464 -4.5063 -4.3445 -4.1604 -3.9539 -3.3746 -2.7984 -2.2812 -1.8333 -1.4627
 -1.1698 -0.9446 -0.7786 -0.6653 -0.5955 -0.5559 -0.5338 -0.5209 -0.5111 -0.4981
 -0.4755
 -6.4229 -6.0509 -5.7288 -5.4536 -5.2232 -5.0333 -4.8792 -4.7593 -4.6693 -4.5856
 -4.4869 -4.3629 -4.2137 -4.0430 -3.8513 -3.2993 -2.7344 -2.2266 -1.7852 -1.4127
 -1.1115 -0.8761 -0.6983 -0.5724 -0.4917 -0.4452 -0.4206 -0.4080 -0.4013 -0.3958
 -0.3868
 -6.8390 -6.3706 -5.9693 -5.6238 -5.3272 -5.0750 -4.8626 -4.6856 -4.5404 -4.4202
 -4.3129 -4.2067 -4.0888 -3.9463 -3.7752 -3.2572 -2.7016 -2.1970 -1.7581 -1.3828
 -1.0723 -0.8247 -0.6338 -0.4940 -0.4003 -0.3440 -0.3139 -0.2995 -0.2937 -0.2916
 -0.2900
 -7.4782 -6.8639 -6.3484 -5.9109 -5.5381 -5.2199 -4.9485 -4.7180 -4.5227 -4.3562
 -4.2098 -4.0746 -3.9448 -3.8155 -3.6786 -3.2421 -2.7069 -2.2027 -1.7628 -1.3833
 -1.0627 -0.8006 -0.5939 -0.4377 -0.3275 -0.2574 -0.2176 -0.1977 -0.1900 -0.1889
 -0.1907
 -8.3947 -7.6037 -6.9303 -6.3621 -5.8836 -5.4793 -5.1364 -4.8441 -4.5938 -4.3786
 -4.1904 -4.0210 -3.8630 -3.7117 -3.5652 -3.1939 -2.7333 -2.2335 -1.7899 -1.4053
 -1.0755 -0.7995 -0.5766 -0.4029 -0.2746 -0.1877 -0.1345 -0.1057 -0.0929 -0.0900
 -0.0928
 -9.5185 -8.5731 -7.7405 -7.0218 -6.4062 -5.8870 -5.4485 -5.0769 -4.7594 -4.4861
 -4.2483 -4.0380 -3.8477 -3.6710 -3.4350 -3.1126 -2.7808 -2.2894 -1.8394
 [Fe/H] =  0.00 [alpha/Fe] = 0.00 BC value = F336W
 -8.4367 -8.4360 -8.4138 -8.3320 -8.1989 -8.0332 -7.8504 -7.6634 -7.4777 -7.2893
 -7.1254 -6.9747 -6.8073 -6.6340 -6.4115 -5.6681
 -7.8150 -7.8159 -7.7999 -7.7599 -7.6892 -7.5786 -7.4211 -7.2227 -7.0225 -6.8351
 -6.6655 -6.5029 -6.3305 -6.1287 -5.8950 -5.1835 -4.4088 -3.6938 -3.0901
 -7.2413 -7.2423 -7.2308 -7.2005 -7.1459 -7.0611 -6.9390 -6.7767 -6.5965 -6.4179
 -6.2465 -6.0755 -5.8923 -5.6838 -5.4446 -4.7499 -4.0081 -3.3295 -2.7748 -2.3255
 -1.9723
 -6.7337 -6.7291 -6.7179 -6.6938 -6.6510 -6.5846 -6.4891 -6.3595 -6.2042 -6.0385
 -5.8705 -5.6983 -5.5140 -5.3079 -5.0753 -4.4130 -3.7131 -3.0677 -2.5371 -2.1156
 -1.7851 -1.5353 -1.3562
 -6.3204 -6.2961 -6.2761 -6.2515 -6.2149 -6.1609 -6.0846 -5.9807 -5.8497 -5.7001
 -5.5399 -5.3713 -5.1906 -4.9914 -4.7696 -4.1443 -3.4882 -2.8728 -2.3563 -1.9466
 -1.6278 -1.3866 -1.2136 -1.0950 -1.0153
 -6.0854 -5.9867 -5.9294 -5.8872 -5.8463 -5.7970 -5.7322 -5.6464 -5.5361 -5.4037
 -5.2546 -5.0926 -4.9176 -4.7264 -4.5155 -3.9241 -3.3079 -2.7233 -2.2191 -1.8139
 -1.4986 -1.2587 -1.0845 -0.9653 -0.8864 -0.8347
 -6.0613 -5.8868 -5.7543 -5.6488 -5.5673 -5.5021 -5.4383 -5.3620 -5.2665 -5.1497
 -5.0135 -4.8607 -4.6928 -4.5092 -4.3081 -3.7446 -3.1606 -2.6059 -2.1155 -1.7120
 -1.3949 -1.1512 -0.9712 -0.8458 -0.7643 -0.7123 -0.6789 -0.6548 -0.6300 -0.5974
 -6.2379 -5.9481 -5.7152 -5.5358 -5.4013 -5.2967 -5.2089 -5.1310 -5.0436 -4.9384
 -4.8144 -4.6723 -4.5133 -4.3379 -4.1457 -3.6059 -3.0444 -2.5145 -2.0389 -1.6369
 -1.3146 -1.0638 -0.8748 -0.7396 -0.6504 -0.5947 -0.5610 -0.5398 -0.5233 -0.5043
 -0.4768
 -6.5284 -6.1528 -5.8325 -5.5644 -5.3446 -5.1669 -5.0264 -4.9198 -4.8368 -4.7517
 -4.6477 -4.5208 -4.3731 -4.2075 -4.0249 -3.5068 -2.9611 -2.4480 -1.9860 -1.5859
 -1.2567 -0.9959 -0.7958 -0.6486 -0.5484 -0.4858 -0.4491 -0.4278 -0.4139 -0.4029
 -0.3890
 -6.9372 -6.4623 -6.0565 -5.7103 -5.4168 -5.1707 -4.9659 -4.7973 -4.6618 -4.5517
 -4.4530 -4.3528 -4.2377 -4.0981 -3.9333 -3.4415 -2.9078 -2.4042 -1.9506 -1.5523
 -1.2163 -0.9444 -0.7318 -0.5717 -0.4587 -0.3860 -0.3433 -0.3198 -0.3068 -0.2991
 -0.2929
 -7.5661 -6.9442 -6.4229 -5.9817 -5.6075 -5.2907 -5.0235 -4.7989 -4.6102 -4.4509
 -4.3120 -4.1859 -4.0665 -3.9484 -3.8211 -3.4073 -2.8924 -2.3946 -1.9457 -1.5477
 -1.2046 -0.9199 -0.6926 -0.5171 -0.3885 -0.3017 -0.2487 -0.2192 -0.2042 -0.1965
 -0.1944
 -8.4801 -7.6740 -6.9892 -6.4176 -5.9365 -5.5313 -5.1900 -4.9015 -4.6571 -4.4484
 -4.2669 -4.1044 -3.9541 -3.8130 -3.6790 -3.3400 -2.9008 -2.4103 -1.9631 -1.5645
 -1.2152 -0.9186 -0.6759 -0.4839 -0.3383 -0.2349 -0.1680 -0.1288 -0.1083 -0.0994
 -0.0974
 -9.6192 -8.6465 -7.7942 -7.0624 -6.4424 -5.9212 -5.4836 -5.1145 -4.8020 -4.5351
 -4.3043 -4.1012 -3.9179 -3.7488 -3.5070 -3.2396 -2.9330 -2.4513 -2.0028
 [Fe/H] =  0.25 [alpha/Fe] = 0.00 BC value = F336W
 -8.6158 -8.6062 -8.5685 -8.4283 -8.2144 -7.9822 -7.7837 -7.6063 -7.4388 -7.2644
 -7.1088 -6.9776 -6.8547 -6.6962 -6.5266 -5.9063
 -7.9813 -7.9782 -7.9520 -7.8730 -7.7469 -7.5876 -7.4066 -7.2137 -7.0187 -6.8368
 -6.6797 -6.5406 -6.4055 -6.2564 -6.0710 -5.4489 -4.6772 -3.9340 -3.2822
 -7.4016 -7.4021 -7.3847 -7.3425 -7.2698 -7.1604 -7.0066 -6.8137 -6.6224 -6.4454
 -6.2869 -6.1410 -5.9962 -5.8368 -5.6490 -5.0404 -4.3049 -3.5851 -2.9898 -2.5136
 -2.1297
 -6.8767 -6.8779 -6.8666 -6.8368 -6.7831 -6.7006 -6.5837 -6.4290 -6.2564 -6.0882
 -5.9315 -5.7826 -5.6339 -5.4728 -5.2881 -4.7094 -4.0216 -3.3392 -2.7653 -2.3095
 -1.9517 -1.6748 -1.4652
 -6.4266 -6.4197 -6.4082 -6.3852 -6.3446 -6.2817 -6.1923 -6.0706 -5.9231 -5.7670
 -5.6146 -5.4658 -5.3161 -5.1570 -4.9789 -4.4356 -3.7989 -3.1550 -2.5957 -2.1484
 -1.7981 -1.5279 -1.3265 -1.1810 -1.0775
 -6.0888 -6.0501 -6.0232 -5.9967 -5.9612 -5.9106 -5.8399 -5.7441 -5.6217 -5.4816
 -5.3358 -5.1892 -5.0401 -4.8835 -4.7121 -4.2013 -3.6116 -3.0085 -2.4655 -2.0218
 -1.6732 -1.4042 -1.2023 -1.0564 -0.9541 -0.8827
 -5.9768 -5.8502 -5.7581 -5.6940 -5.6438 -5.5938 -5.5327 -5.4539 -5.3526 -5.2301
 -5.0942 -4.9523 -4.8047 -4.6502 -4.4840 -3.9997 -3.4485 -2.8859 -2.3641 -1.9234
 -1.5723 -1.2994 -1.0925 -0.9412 -0.8353 -0.7632 -0.7140 -0.6785 -0.6443 -0.6045
 -6.0549 -5.8309 -5.6628 -5.5400 -5.4386 -5.3522 -5.2789 -5.2064 -5.1190 -5.0124
 -4.8888 -4.7537 -4.6100 -4.4580 -4.2957 -3.8318 -3.3090 -2.7809 -2.2834 -1.8487
 -1.4934 -1.2133 -0.9982 -0.8382 -0.7248 -0.6485 -0.5983 -0.5644 -0.5390 -0.5124
 -0.4791
 -6.3029 -5.9742 -5.7015 -5.4831 -5.3129 -5.1821 -5.0795 -4.9936 -4.9158 -4.8250
 -4.7158 -4.5908 -4.4535 -4.3056 -4.1472 -3.7000 -3.1977 -2.6946 -2.2201 -1.7942
 -1.4351 -1.1460 -0.9204 -0.7496 -0.6260 -0.5418 -0.4879 -0.4535 -0.4302 -0.4122
 -0.3922
 -6.6531 -6.2344 -5.8762 -5.5729 -5.3207 -5.1136 -4.9442 -4.8091 -4.7037 -4.6192
 -4.5343 -4.4365 -4.3197 -4.1842 -4.0331 -3.6014 -3.1146 -2.6267 -2.1687 -1.7524
 -1.3914 -1.0935 -0.8568 -0.6742 -0.5388 -0.4445 -0.3839 -0.3468 -0.3239 -0.3087
 -0.2967
 -7.1770 -6.6367 -6.1789 -5.7891 -5.4579 -5.1791 -4.9460 -4.7514 -4.5903 -4.4589
 -4.3479 -4.2478 -4.1496 -4.0448 -3.9250 -3.5385 -3.0685 -2.5913 -2.1443 -1.7357
 -1.3737 -1.0668 -0.8173 -0.6209 -0.4714 -0.3637 -0.2922 -0.2483 -0.2227 -0.2081
 -0.1990
 -7.9754 -7.2577 -6.6564 -6.1518 -5.7254 -5.3651 -5.0615 -4.8062 -4.5918 -4.4110
 -4.2565 -4.1206 -3.9968 -3.8810 -3.7693 -3.4652 -3.0496 -2.5821 -2.1413 -1.7379
 -1.3756 -1.0611 -0.7990 -0.5880 -0.4233 -0.3003 -0.2150 -0.1606 -0.1287 -0.1117
 -0.1032
 -9.0845 -8.1646 -7.3812 -6.7166 -6.1625 -5.6957 -5.3034 -4.9732 -4.6953 -4.4600
 -4.2585 -4.0830 -3.9254 -3.7809 -3.5660 -3.3815 -3.0579 -2.5991 -2.1597
 [Fe/H] =  0.50 [alpha/Fe] = 0.00 BC value = F336W
 -8.8185 -8.6244 -8.4035 -8.1717 -7.9783 -7.8261 -7.7022 -7.5656 -7.4237 -7.2611
 -7.1106 -6.9895 -6.8877 -6.7813 -6.6186 -6.0845
 -8.1872 -8.1210 -8.0252 -7.9031 -7.7573 -7.5903 -7.4044 -7.2090 -7.0286 -6.8534
 -6.7023 -6.5761 -6.4663 -6.3550 -6.2242 -5.7138 -4.9829 -4.2104 -3.5018
 -7.6012 -7.6014 -7.5735 -7.5154 -7.4106 -7.2590 -7.0652 -6.8469 -6.6534 -6.4780
 -6.3266 -6.1960 -6.0775 -5.9576 -5.8196 -5.3252 -4.6289 -3.8773 -3.2366 -2.7200
 -2.3070
 -7.0605 -7.0655 -7.0483 -7.0087 -6.9382 -6.8320 -6.6846 -6.4979 -6.3084 -6.1357
 -5.9850 -5.8512 -5.7273 -5.6028 -5.4638 -4.9945 -4.3508 -3.6455 -3.0274 -2.5330
 -2.1402 -1.8304 -1.5900
 -6.5803 -6.5822 -6.5733 -6.5466 -6.4968 -6.4190 -6.3087 -6.1616 -5.9923 -5.8270
 -5.6769 -5.5418 -5.4148 -5.2881 -5.1510 -4.7104 -4.1242 -3.4699 -2.8705 -2.3826
 -1.9960 -1.6923 -1.4588 -1.2839 -1.1542
 -6.1839 -6.1712 -6.1584 -6.1369 -6.0996 -6.0416 -5.9586 -5.8454 -5.7031 -5.5499
 -5.4030 -5.2671 -5.1380 -5.0098 -4.8747 -4.4604 -3.9252 -3.3240 -2.7482 -2.2639
 -1.8778 -1.5745 -1.3411 -1.1658 -1.0367 -0.9424
 -5.9430 -5.8713 -5.8259 -5.7916 -5.7549 -5.7069 -5.6410 -5.5526 -5.4376 -5.3021
 -5.1618 -5.0264 -4.8959 -4.7660 -4.6317 -4.2377 -3.7439 -3.1932 -2.6480 -2.1706
 -1.7818 -1.4745 -1.2365 -1.0564 -0.9237 -0.8275 -0.7586 -0.7070 -0.6613 -0.6131
 -5.9328 -5.7623 -5.6630 -5.5657 -5.4897 -5.4272 -5.3655 -5.2912 -5.1973 -5.0814
 -4.9520 -4.8197 -4.6886 -4.5573 -4.4228 -4.0429 -3.5805 -3.0721 -2.5620 -2.0967
 -1.7059 -1.3920 -1.1460 -0.9583 -0.8184 -0.7174 -0.6463 -0.5960 -0.5588 -0.5225
 -0.4823
 -6.1099 -5.8317 -5.6155 -5.4568 -5.3381 -5.2411 -5.1516 -5.0692 -4.9868 -4.8881
 -4.7719 -4.6463 -4.5170 -4.3857 -4.2506 -3.8796 -3.4398 -2.9636 -2.4863 -2.0382
 -1.6481 -1.3268 -1.0713 -0.8734 -0.7241 -0.6153 -0.5395 -0.4875 -0.4512 -0.4241
 -0.3961
 -6.4130 -6.0421 -5.7280 -5.4695 -5.2622 -5.0982 -4.9695 -4.8673 -4.7816 -4.7016
 -4.6078 -4.4975 -4.3758 -4.2472 -4.1129 -3.7480 -3.3244 -2.8684 -2.4163 -1.9871
 -1.6013 -1.2743 -1.0092 -0.8004 -0.6405 -0.5220 -0.4389 -0.3832 -0.3464 -0.3211
 -0.3019
 -6.8515 -6.3775 -5.9735 -5.6292 -5.3396 -5.0995 -4.9016 -4.7381 -4.6049 -4.4994
 -4.4110 -4.3242 -4.2302 -4.1242 -4.0041 -3.6532 -3.2443 -2.8031 -2.3684 -1.9556
 -1.5768 -1.2458 -0.9706 -0.7493 -0.5764 -0.4453 -0.3515 -0.2883 -0.2478 -0.2220
 -0.2050
 -7.5196 -6.8905 -6.3664 -5.9232 -5.5468 -5.2285 -4.9614 -4.7381 -4.5510 -4.3946
 -4.2641 -4.1528 -4.0523 -3.9562 -3.8587 -3.5739 -3.1927 -2.7638 -2.3397 -1.9386
 -1.5671 -1.2349 -0.9510 -0.7172 -0.5304 -0.3855 -0.2787 -0.2045 -0.1568 -0.1279
 -0.1107
 -8.5200 -7.6827 -6.9813 -6.3983 -5.9082 -5.4952 -5.1467 -4.8537 -4.6073 -4.3998
 -4.2237 -4.0722 -3.9386 -3.8180 -3.6767 -3.5101 -3.1696 -2.7505 -2.3302
 [Fe/H] =  0.75 [alpha/Fe] = 0.00 BC value = F336W
 -9.0433 -8.5150 -8.0190 -7.6624 -7.5435 -7.5688 -7.6032 -7.5412 -7.4186 -7.2728
 -7.1246 -7.0054 -6.9136 -6.8379 -6.7388 -6.3480
 -8.4155 -8.2242 -8.0395 -7.8609 -7.6881 -7.5207 -7.3583 -7.2006 -7.0434 -6.8784
 -6.7304 -6.6088 -6.5112 -6.4261 -6.3329 -5.9416 -5.2699 -4.4901 -3.7488
 -7.8241 -7.8191 -7.7838 -7.7066 -7.5425 -7.3204 -7.0829 -6.8654 -6.6841 -6.5137
 -6.3659 -6.2417 -6.1372 -6.0428 -5.9438 -5.5716 -4.9428 -4.1820 -3.4997 -2.9553
 -2.5078
 -7.2691 -7.2996 -7.2519 -7.1994 -7.1067 -6.9680 -6.7771 -6.5512 -6.3546 -6.1808
 -6.0319 -5.9059 -5.7960 -5.6954 -5.5923 -5.2380 -4.6692 -3.9628 -3.3066 -2.7761
 -2.3496 -2.0043 -1.7304
 -6.7653 -6.7717 -6.7616 -6.7278 -6.6637 -6.5641 -6.4255 -6.2458 -6.0539 -5.8802
 -5.7293 -5.6013 -5.4877 -5.3826 -5.2772 -4.9418 -4.4335 -3.7930 -3.1637 -2.6388
 -2.2159 -1.8775 -1.6099 -1.4021 -1.2438
 -6.3271 -6.3280 -6.3213 -6.2991 -6.2550 -6.1839 -6.0815 -5.9440 -5.7771 -5.6094
 -5.4586 -5.3277 -5.2113 -5.1024 -4.9950 -4.6758 -4.2189 -3.6446 -3.0498 -2.5309
 -2.1084 -1.7687 -1.5002 -1.2926 -1.1341 -1.0142
 -5.9925 -5.9640 -5.9446 -5.9225 -5.8880 -5.8349 -5.7581 -5.6535 -5.5186 -5.3657
 -5.2175 -5.0846 -4.9651 -4.8529 -4.7431 -4.4349 -4.0183 -3.5028 -2.9511 -2.4440
 -2.0202 -1.6764 -1.4035 -1.1912 -1.0289 -0.9063 -0.8145 -0.7442 -0.6819 -0.6231
 -5.8861 -5.7693 -5.6842 -5.6251 -5.5777 -5.5281 -5.4654 -5.3828 -5.2759 -5.1446
 -5.0045 -4.8711 -4.7485 -4.6334 -4.5208 -4.2186 -3.8320 -3.3642 -2.8584 -2.3718
 -1.9487 -1.6000 -1.3201 -1.1005 -0.9315 -0.8033 -0.7078 -0.6373 -0.5837 -0.5347
 -0.4862
 -5.9563 -5.7490 -5.5931 -5.4798 -5.3871 -5.2991 -5.2201 -5.1437 -5.0551 -4.9456
 -4.8185 -4.6885 -4.5647 -4.4464 -4.3306 -4.0298 -3.6647 -3.2326 -2.7685 -2.3084
 -1.8918 -1.5386 -1.2507 -1.0220 -0.8441 -0.7082 -0.6069 -0.5328 -0.4793 -0.4392
 -0.4012
 -6.2122 -5.8845 -5.6177 -5.4081 -5.2511 -5.1341 -5.0394 -4.9492 -4.8585 -4.7655
 -4.6553 -4.5335 -4.4107 -4.2910 -4.1729 -3.8701 -3.5188 -3.1108 -2.6780 -2.2461
 -1.8412 -1.4865 -1.1914 -0.9532 -0.7656 -0.6206 -0.5119 -0.4330 -0.3772 -0.3379
 -0.3087
 -6.5885 -6.1670 -5.8073 -5.5050 -5.2567 -5.0566 -4.8957 -4.7668 -4.6628 -4.5743
 -4.4894 -4.3921 -4.2825 -4.1676 -4.0504 -3.7466 -3.4057 -3.0154 -2.6052 -2.1977
 -1.8082 -1.4556 -1.1539 -0.9052 -0.7059 -0.5494 -0.4305 -0.3435 -0.2828 -0.2404
 -0.2133
 -7.1417 -6.5936 -6.1315 -5.7387 -5.4054 -5.1261 -4.8945 -4.7022 -4.5421 -4.4096
 -4.3014 -4.2087 -4.1198 -4.0281 -3.9304 -3.6510 -3.3207 -2.9441 -2.5485 -2.1585
 -1.7843 -1.4376 -1.1320 -0.8739 -0.6626 -0.4937 -0.3629 -0.2655 -0.1969 -0.1512
 -0.1222
 -7.9973 -7.2577 -6.6438 -6.1313 -5.6985 -5.3323 -5.0233 -4.7642 -4.5468 -4.3638
 -4.2091 -4.0786 -3.9660 -3.8656 -3.8129 -3.5833 -3.2638 -2.8969 -2.5079
 [Fe/H] =  1.00 [alpha/Fe] = 0.00 BC value = F336W
 -9.2771 -8.2312 -7.3900 -7.0570 -7.0571 -7.3448 -7.6703 -7.5579 -7.4223 -7.2872
 -7.1448 -7.0224 -6.9315 -6.8639 -6.8045 -6.5154
 -8.6502 -8.3830 -8.1392 -7.9166 -7.7134 -7.5279 -7.3587 -7.2044 -7.0587 -6.9052
 -6.7588 -6.6370 -6.5430 -6.4695 -6.4017 -6.1247 -5.5246 -4.7661 -4.0232
 -8.0543 -8.1766 -8.1637 -8.0297 -7.7866 -7.4455 -7.0781 -6.8780 -6.7112 -6.5482
 -6.4014 -6.2787 -6.1791 -6.0978 -6.0232 -5.7603 -5.2193 -4.4809 -3.7572 -3.1850
 -2.7189
 -7.4894 -7.6120 -7.4636 -7.3961 -7.2768 -7.0975 -6.8285 -6.5787 -6.3925 -6.2213
 -6.0731 -5.9491 -5.8450 -5.7568 -5.6765 -5.4222 -4.9481 -4.2625 -3.5786 -3.0190
 -2.5668 -2.1911 -1.8842
 -6.9662 -6.9746 -6.9615 -6.9184 -6.8363 -6.7081 -6.5325 -6.3097 -6.1039 -5.9263
 -5.7742 -5.6479 -5.5404 -5.4468 -5.3614 -5.1160 -4.7017 -4.0964 -3.4491 -2.8971
 -2.4458 -2.0754 -1.7740 -1.5329 -1.3436
 -6.4967 -6.5052 -6.5005 -6.4743 -6.4192 -6.3293 -6.2007 -6.0330 -5.8397 -5.6603
 -5.5049 -5.3746 -5.2644 -5.1666 -5.0767 -4.8365 -4.4704 -3.9431 -3.3442 -2.8000
 -2.3488 -1.9777 -1.6752 -1.4335 -1.2442 -1.0969
 -6.1049 -6.0989 -6.0915 -6.0729 -6.0349 -5.9717 -5.8777 -5.7508 -5.5913 -5.4203
 -5.2641 -5.1299 -5.0156 -4.9142 -4.8203 -4.5813 -4.2508 -3.7893 -3.2471 -2.7215
 -2.2706 -1.8957 -1.5891 -1.3427 -1.1488 -0.9983 -0.8820 -0.7882 -0.7069 -0.6348
 -5.8721 -5.8065 -5.7610 -5.7295 -5.6940 -5.6445 -5.5737 -5.4771 -5.3517 -5.2010
 -5.0487 -4.9120 -4.7931 -4.6882 -4.5904 -4.3494 -4.0439 -3.6334 -3.1479 -2.6521
 -2.2059 -1.8274 -1.5151 -1.2621 -1.0615 -0.9045 -0.7831 -0.6898 -0.6153 -0.5499
 -0.4908
 -5.8658 -5.7266 -5.6108 -5.5157 -5.4375 -5.3708 -5.3037 -5.2247 -5.1247 -5.0001
 -4.8586 -4.7215 -4.5990 -4.4898 -4.3880 -4.1426 -3.8533 -3.4809 -3.0440 -2.5850
 -2.1513 -1.7723 -1.4533 -1.1925 -0.9837 -0.8189 -0.6903 -0.5916 -0.5171 -0.4592
 -0.4077
 -6.0478 -5.7659 -5.5534 -5.4005 -5.2933 -5.2027 -5.1095 -5.0133 -4.9188 -4.8146
 -4.6908 -4.5586 -4.4336 -4.3200 -4.2146 -3.9620 -3.6816 -3.3340 -2.9342 -2.5110
 -2.0972 -1.7216 -1.3988 -1.1303 -0.9127 -0.7393 -0.6034 -0.4983 -0.4194 -0.3618
 -0.3185
 -6.3775 -5.9976 -5.6782 -5.4178 -5.2127 -5.0548 -4.9343 -4.8381 -4.7476 -4.6505
 -4.5460 -4.4253 -4.3017 -4.1852 -4.0759 -3.8158 -3.5396 -3.2110 -2.8376 -2.4454
 -2.0549 -1.6880 -1.3633 -1.0873 -0.8597 -0.6755 -0.5298 -0.4167 -0.3315 -0.2689
 -0.2263
 -6.8474 -6.3590 -5.9451 -5.5939 -5.2998 -5.0581 -4.8613 -4.7007 -4.5700 -4.4627
 -4.3699 -4.2799 -4.1788 -4.0704 -3.9624 -3.6999 -3.4250 -3.1090 -2.7539 -2.3839
 -2.0153 -1.6615 -1.3388 -1.0574 -0.8204 -0.6255 -0.4690 -0.3460 -0.2527 -0.1853
 -0.1384
 -7.5671 -6.9135 -6.3717 -5.9164 -5.5311 -5.2055 -4.9330 -4.7059 -4.5162 -4.3567
 -4.2226 -4.1109 -4.0140 -3.9227 -3.8741 -3.6143 -3.3378 -3.0280 -2.6831
