 [Fe/H] = -4.00 [alpha/Fe] = 0.40 BC value =F850LP
 -1.9017 -1.2227 -0.2235  0.1850 -0.4351 -1.8644 -1.1945 -0.1093  0.5412  0.5604
  0.5816  0.5211  0.1057 -0.3768 -0.6874 -0.6882
 -1.4924 -1.2053 -0.7328 -0.5108 -0.7048 -1.3370 -1.0548 -0.5867 -0.2534 -0.1549
 -0.0944 -0.1115 -0.2933 -0.5150 -0.6601 -0.6681 -0.6805 -0.6982 -0.7876
 -1.1088 -1.0457 -0.9044 -0.8090 -0.7935 -0.9473 -0.8878 -0.7820 -0.6717 -0.5808
 -0.5270 -0.5224 -0.5646 -0.6229 -0.6621 -0.6723 -0.7062 -0.7296 -0.7805 -0.8300
 -0.8515
 -0.7509 -0.7439 -0.7383 -0.7096 -0.7015 -0.6954 -0.6935 -0.6953 -0.7137 -0.7172
 -0.7162 -0.7115 -0.7083 -0.7004 -0.6934 -0.7008 -0.7170 -0.7480 -0.7875 -0.8323
 -0.8778 -0.9233 -0.9671
 -0.6043 -0.6231 -0.6391 -0.6428 -0.6491 -0.6531 -0.6566 -0.6607 -0.6668 -0.6743
 -0.6811 -0.6854 -0.6892 -0.6910 -0.6909 -0.7049 -0.7338 -0.7699 -0.8105 -0.8541
 -0.8991 -0.9445 -0.9890 -1.0331 -1.0774
 -0.4724 -0.5100 -0.5427 -0.5693 -0.5898 -0.6052 -0.6168 -0.6262 -0.6348 -0.6433
 -0.6524 -0.6617 -0.6698 -0.6784 -0.6846 -0.7050 -0.7414 -0.7830 -0.8266 -0.8712
 -0.9168 -0.9628 -1.0084 -1.0534 -1.0976 -1.1418
 -0.3551 -0.4046 -0.4491 -0.4891 -0.5235 -0.5517 -0.5741 -0.5918 -0.6065 -0.6190
 -0.6305 -0.6416 -0.6527 -0.6644 -0.6745 -0.7011 -0.7398 -0.7873 -0.8358 -0.8836
 -0.9309 -0.9782 -1.0252 -1.0715 -1.1170 -1.1618 -1.2066 -1.2542 -1.3064 -1.3606
 -0.2526 -0.3069 -0.3583 -0.4070 -0.4519 -0.4916 -0.5252 -0.5529 -0.5755 -0.5942
 -0.6102 -0.6244 -0.6375 -0.6502 -0.6629 -0.6939 -0.7327 -0.7826 -0.8363 -0.8893
 -0.9403 -0.9900 -1.0389 -1.0871 -1.1344 -1.1807 -1.2260 -1.2724 -1.3223 -1.3768
 -1.4340
 -0.1711 -0.2239 -0.2765 -0.3289 -0.3795 -0.4271 -0.4703 -0.5078 -0.5393 -0.5655
 -0.5873 -0.6061 -0.6225 -0.6374 -0.6511 -0.6851 -0.7236 -0.7722 -0.8286 -0.8865
 -0.9428 -0.9967 -1.0487 -1.0994 -1.1489 -1.1973 -1.2451 -1.2919 -1.3400 -1.3917
 -1.4487
 -0.1087 -0.1582 -0.2091 -0.2612 -0.3133 -0.3645 -0.4135 -0.4586 -0.4985 -0.5323
 -0.5608 -0.5849 -0.6056 -0.6237 -0.6397 -0.6757 -0.7146 -0.7609 -0.8164 -0.8769
 -0.9381 -0.9973 -1.0540 -1.1083 -1.1608 -1.2118 -1.2617 -1.3110 -1.3601 -1.4109
 -1.4637
 -0.0664 -0.1107 -0.1568 -0.2045 -0.2545 -0.3054 -0.3563 -0.4057 -0.4519 -0.4930
 -0.5284 -0.5588 -0.5848 -0.6070 -0.6262 -0.6664 -0.7051 -0.7501 -0.8029 -0.8625
 -0.9257 -0.9892 -1.0508 -1.1098 -1.1662 -1.2205 -1.2732 -1.3248 -1.3756 -1.4264
 -1.4784
 -0.0448 -0.0814 -0.1206 -0.1621 -0.2071 -0.2546 -0.3041 -0.3542 -0.4033 -0.4488
 -0.4900 -0.5268 -0.5591 -0.5869 -0.6104 -0.6569 -0.6969 -0.7403 -0.7910 -0.8484
 -0.9107 -0.9757 -1.0409 -1.1044 -1.1652 -1.2235 -1.2797 -1.3341 -1.3873 -1.4398
 -1.4923
 -0.0438 -0.0703 -0.1005 -0.1340 -0.1711 -0.2121 -0.2602 -0.3081 -0.3568 -0.4036
 -0.4480 -0.4902 -0.5303 -0.5634 -0.5925 -0.6473 -0.6900 -0.7315 -0.7807
 [Fe/H] = -3.00 [alpha/Fe] = 0.40 BC value =F850LP
 -0.6072 -0.5865 -0.5904 -0.6231 -0.6968 -0.8950 -0.8466 -0.7797 -0.7266 -0.6890
 -0.6282 -0.5771 -0.5969 -0.6489 -0.6729 -0.6325
 -0.6618 -0.6425 -0.6392 -0.6552 -0.6988 -0.8137 -0.8109 -0.7929 -0.7738 -0.7559
 -0.7261 -0.6977 -0.6942 -0.7030 -0.7013 -0.6639 -0.6666 -0.6930 -0.7308
 -0.6901 -0.6755 -0.6696 -0.6749 -0.6967 -0.7520 -0.7746 -0.7872 -0.7915 -0.7893
 -0.7820 -0.7708 -0.7568 -0.7410 -0.7242 -0.6905 -0.6955 -0.7227 -0.7606 -0.8040
 -0.8493
 -0.6921 -0.6855 -0.6816 -0.6822 -0.6905 -0.7099 -0.7377 -0.7625 -0.7797 -0.7891
 -0.7958 -0.7965 -0.7848 -0.7630 -0.7416 -0.7123 -0.7189 -0.7473 -0.7857 -0.8287
 -0.8736 -0.9188 -0.9635
 -0.6678 -0.6725 -0.6752 -0.6771 -0.6803 -0.6874 -0.7002 -0.7189 -0.7384 -0.7553
 -0.7676 -0.7748 -0.7781 -0.7689 -0.7535 -0.7293 -0.7368 -0.7668 -0.8060 -0.8490
 -0.8939 -0.9392 -0.9843 -1.0289 -1.0737
 -0.6172 -0.6365 -0.6504 -0.6596 -0.6661 -0.6721 -0.6797 -0.6901 -0.7033 -0.7182
 -0.7314 -0.7413 -0.7514 -0.7569 -0.7538 -0.7397 -0.7482 -0.7798 -0.8212 -0.8654
 -0.9108 -0.9569 -1.0028 -1.0483 -1.0931 -1.1377
 -0.5443 -0.5781 -0.6053 -0.6253 -0.6396 -0.6502 -0.6591 -0.6679 -0.6778 -0.6887
 -0.6994 -0.7093 -0.7180 -0.7294 -0.7350 -0.7402 -0.7523 -0.7853 -0.8301 -0.8771
 -0.9243 -0.9717 -1.0190 -1.0658 -1.1119 -1.1574 -1.2029 -1.2511 -1.3036 -1.3579
 -0.4565 -0.5019 -0.5411 -0.5733 -0.5979 -0.6165 -0.6308 -0.6427 -0.6534 -0.6639
 -0.6743 -0.6839 -0.6923 -0.7024 -0.7111 -0.7281 -0.7485 -0.7832 -0.8310 -0.8825
 -0.9333 -0.9831 -1.0323 -1.0810 -1.1289 -1.1760 -1.2227 -1.2694 -1.3193 -1.3742
 -1.4315
 -0.3909 -0.4248 -0.4632 -0.5055 -0.5408 -0.5692 -0.5915 -0.6094 -0.6244 -0.6375
 -0.6495 -0.6607 -0.6708 -0.6802 -0.6902 -0.7117 -0.7381 -0.7746 -0.8245 -0.8800
 -0.9335 -0.9897 -1.0420 -1.0931 -1.1432 -1.1923 -1.2407 -1.2902 -1.3411 -1.3931
 -1.4462
 -0.2566 -0.3342 -0.3906 -0.4279 -0.4715 -0.5092 -0.5406 -0.5665 -0.5880 -0.6061
 -0.6217 -0.6358 -0.6486 -0.6603 -0.6720 -0.6963 -0.7253 -0.7634 -0.8132 -0.8712
 -0.9314 -0.9905 -1.0473 -1.1020 -1.1550 -1.2066 -1.2572 -1.3070 -1.3567 -1.4074
 -1.4612
 -0.1684 -0.2446 -0.3027 -0.3445 -0.3941 -0.4386 -0.4783 -0.5126 -0.5420 -0.5670
 -0.5883 -0.6069 -0.6234 -0.6384 -0.6526 -0.6823 -0.7127 -0.7513 -0.8000 -0.8573
 -0.9197 -0.9829 -1.0445 -1.1037 -1.1605 -1.2153 -1.2686 -1.3207 -1.3720 -1.4234
 -1.4758
 -0.0873 -0.1559 -0.2176 -0.2730 -0.3258 -0.3758 -0.4211 -0.4497 -0.4869 -0.5195
 -0.5478 -0.5726 -0.5942 -0.6134 -0.6309 -0.6689 -0.7011 -0.7400 -0.7877 -0.8435
 -0.9052 -0.9699 -1.0350 -1.0986 -1.1598 -1.2184 -1.2751 -1.3301 -1.3837 -1.4366
 -1.4896
 -0.0131 -0.0682 -0.1354 -0.2134 -0.2668 -0.3207 -0.3458 -0.3922 -0.4346 -0.4646
 -0.5001 -0.5317 -0.5597 -0.5843 -0.6069 -0.6561 -0.6905 -0.7295 -0.7763
 [Fe/H] = -2.50 [alpha/Fe] = 0.40 BC value =F850LP
 -0.4987 -0.5678 -0.6998 -0.7822 -0.7778 -0.7630 -0.8141 -0.8993 -0.9432 -0.9189
 -0.8693 -0.8107 -0.7605 -0.7264 -0.6928 -0.6391
 -0.5621 -0.5858 -0.6503 -0.7016 -0.7236 -0.7445 -0.7899 -0.8443 -0.8772 -0.8772
 -0.8585 -0.8264 -0.7892 -0.7556 -0.7246 -0.6753 -0.6685 -0.6916 -0.7215
 -0.6102 -0.6056 -0.6248 -0.6521 -0.6849 -0.7229 -0.7624 -0.7980 -0.8249 -0.8406
 -0.8431 -0.8315 -0.8074 -0.7778 -0.7503 -0.7059 -0.6990 -0.7212 -0.7555 -0.7973
 -0.8454
 -0.6430 -0.6272 -0.6233 -0.6337 -0.6617 -0.6982 -0.7316 -0.7604 -0.7863 -0.8091
 -0.8231 -0.8260 -0.8151 -0.7930 -0.7699 -0.7309 -0.7244 -0.7458 -0.7823 -0.8246
 -0.8691 -0.9143 -0.9593
 -0.6605 -0.6506 -0.6458 -0.6464 -0.6540 -0.6704 -0.6975 -0.7315 -0.7614 -0.7827
 -0.7985 -0.8099 -0.8123 -0.8012 -0.7834 -0.7503 -0.7447 -0.7654 -0.8018 -0.8442
 -0.8889 -0.9342 -0.9795 -1.0237 -1.0684
 -0.6517 -0.6527 -0.6545 -0.6564 -0.6598 -0.6668 -0.6787 -0.6959 -0.7189 -0.7449
 -0.7665 -0.7824 -0.7952 -0.7981 -0.7888 -0.7631 -0.7590 -0.7793 -0.8164 -0.8598
 -0.9052 -0.9513 -0.9975 -1.0433 -1.0886 -1.1338
 -0.6155 -0.6300 -0.6422 -0.6511 -0.6574 -0.6629 -0.6698 -0.6793 -0.6918 -0.7068
 -0.7242 -0.7416 -0.7578 -0.7725 -0.7780 -0.7681 -0.7666 -0.7868 -0.8251 -0.8708
 -0.9180 -0.9656 -1.0131 -1.0605 -1.1070 -1.1531 -1.1992 -1.2479 -1.3007 -1.3551
 -0.5545 -0.5830 -0.6076 -0.6268 -0.6403 -0.6499 -0.6575 -0.6649 -0.6736 -0.6838
 -0.6948 -0.7067 -0.7189 -0.7341 -0.7468 -0.7607 -0.7672 -0.7879 -0.8270 -0.8760
 -0.9265 -0.9766 -1.0262 -1.0752 -1.1236 -1.1712 -1.2186 -1.2660 -1.3163 -1.3714
 -1.4288
 -0.4744 -0.5150 -0.5516 -0.5823 -0.6058 -0.6231 -0.6356 -0.6453 -0.6542 -0.6634
 -0.6729 -0.6825 -0.6921 -0.7026 -0.7153 -0.7387 -0.7585 -0.7829 -0.8225 -0.8739
 -0.9288 -0.9829 -1.0355 -1.0870 -1.1375 -1.1872 -1.2362 -1.2849 -1.3342 -1.3861
 -1.4437
 -0.3831 -0.4326 -0.4787 -0.5197 -0.5536 -0.5804 -0.6008 -0.6163 -0.6289 -0.6401
 -0.6506 -0.6608 -0.6706 -0.6801 -0.6912 -0.7159 -0.7423 -0.7727 -0.8134 -0.8663
 -0.9249 -0.9837 -1.0406 -1.0957 -1.1491 -1.2012 -1.2524 -1.3029 -1.3532 -1.4044
 -1.4586
 -0.2875 -0.3420 -0.3943 -0.4427 -0.4856 -0.5218 -0.5515 -0.5750 -0.5939 -0.6098
 -0.6236 -0.6364 -0.6483 -0.6595 -0.6708 -0.6969 -0.7251 -0.7593 -0.8012 -0.8537
 -0.9139 -0.9764 -1.0380 -1.0973 -1.1545 -1.2098 -1.2636 -1.3163 -1.3682 -1.4201
 -1.4730
 -0.1889 -0.2476 -0.3042 -0.3571 -0.4059 -0.4501 -0.4883 -0.5205 -0.5475 -0.5701
 -0.5894 -0.6065 -0.6221 -0.6364 -0.6499 -0.6806 -0.7099 -0.7456 -0.7888 -0.8405
 -0.9000 -0.9640 -1.0289 -1.0925 -1.1538 -1.2129 -1.2700 -1.3255 -1.3797 -1.4332
 -1.4866
 -0.0874 -0.1494 -0.2116 -0.2670 -0.3199 -0.3691 -0.4141 -0.4543 -0.4893 -0.5197
 -0.5460 -0.5691 -0.5899 -0.6087 -0.6285 -0.6670 -0.6967 -0.7316 -0.7762
 [Fe/H] = -2.00 [alpha/Fe] = 0.40 BC value =F850LP
 -0.7824 -0.7901 -0.8081 -0.8315 -0.8555 -0.8787 -0.8972 -0.9078 -0.9067 -0.8932
 -0.8672 -0.8318 -0.7931 -0.7559 -0.7204 -0.6599
 -0.6728 -0.6789 -0.7000 -0.7308 -0.7670 -0.8036 -0.8362 -0.8612 -0.8760 -0.8790
 -0.8686 -0.8456 -0.8139 -0.7806 -0.7497 -0.6957 -0.6763 -0.6910 -0.7248
 -0.6166 -0.6125 -0.6284 -0.6588 -0.6976 -0.7395 -0.7798 -0.8143 -0.8406 -0.8566
 -0.8600 -0.8499 -0.8276 -0.7997 -0.7731 -0.7255 -0.7084 -0.7210 -0.7536 -0.7948
 -0.8396
 -0.6138 -0.5909 -0.5933 -0.6155 -0.6474 -0.6864 -0.7280 -0.7671 -0.8005 -0.8260
 -0.8414 -0.8447 -0.8342 -0.8132 -0.7906 -0.7493 -0.7346 -0.7459 -0.7773 -0.8181
 -0.8619 -0.9073 -0.9529
 -0.6379 -0.6045 -0.5939 -0.6029 -0.6260 -0.6579 -0.6942 -0.7308 -0.7639 -0.7926
 -0.8147 -0.8285 -0.8311 -0.8199 -0.8022 -0.7671 -0.7549 -0.7657 -0.7959 -0.8366
 -0.8810 -0.9265 -0.9720 -1.0167 -1.0621
 -0.6589 -0.6344 -0.6200 -0.6182 -0.6275 -0.6452 -0.6694 -0.6983 -0.7304 -0.7625
 -0.7871 -0.8052 -0.8165 -0.8176 -0.8070 -0.7787 -0.7692 -0.7803 -0.8099 -0.8510
 -0.8963 -0.9427 -0.9893 -1.0357 -1.0817 -1.1275
 -0.6585 -0.6430 -0.6348 -0.6315 -0.6326 -0.6386 -0.6500 -0.6667 -0.6886 -0.7163
 -0.7457 -0.7708 -0.7907 -0.8027 -0.8032 -0.7840 -0.7776 -0.7895 -0.8191 -0.8612
 -0.9082 -0.9562 -1.0043 -1.0521 -1.0994 -1.1464 -1.1934 -1.2429 -1.2961 -1.3502
 -0.6334 -0.6302 -0.6310 -0.6341 -0.6379 -0.6426 -0.6490 -0.6582 -0.6706 -0.6854
 -0.7028 -0.7233 -0.7450 -0.7660 -0.7808 -0.7829 -0.7803 -0.7933 -0.8230 -0.8664
 -0.9159 -0.9664 -1.0166 -1.0663 -1.1154 -1.1638 -1.2121 -1.2605 -1.3115 -1.3668
 -1.4242
 -0.5837 -0.5943 -0.6064 -0.6184 -0.6290 -0.6373 -0.6442 -0.6509 -0.6589 -0.6686
 -0.6794 -0.6914 -0.7050 -0.7218 -0.7402 -0.7679 -0.7771 -0.7920 -0.8218 -0.8660
 -0.9183 -0.9722 -1.0254 -1.0775 -1.1287 -1.1791 -1.2291 -1.2788 -1.3290 -1.3815
 -1.4393
 -0.5106 -0.5348 -0.5596 -0.5827 -0.6022 -0.6177 -0.6293 -0.6381 -0.6458 -0.6537
 -0.6622 -0.6713 -0.6808 -0.6914 -0.7052 -0.7381 -0.7641 -0.7858 -0.8167 -0.8610
 -0.9154 -0.9731 -1.0302 -1.0858 -1.1398 -1.1926 -1.2447 -1.2961 -1.3475 -1.3995
 -1.4543
 -0.4213 -0.4572 -0.4931 -0.5267 -0.5563 -0.5808 -0.5999 -0.6144 -0.6256 -0.6350
 -0.6439 -0.6529 -0.6618 -0.6710 -0.6813 -0.7108 -0.7421 -0.7732 -0.8073 -0.8514
 -0.9061 -0.9665 -1.0276 -1.0872 -1.1449 -1.2008 -1.2555 -1.3090 -1.3619 -1.4148
 -1.4685
 -0.3228 -0.3666 -0.4115 -0.4538 -0.4924 -0.5261 -0.5541 -0.5764 -0.5940 -0.6081
 -0.6201 -0.6312 -0.6418 -0.6521 -0.6624 -0.6900 -0.7210 -0.7565 -0.7951 -0.8398
 -0.8939 -0.9550 -1.0189 -1.0825 -1.1441 -1.2037 -1.2616 -1.3179 -1.3729 -1.4274
 -1.4816
 -0.2165 -0.2688 -0.3195 -0.3684 -0.4142 -0.4557 -0.4921 -0.5231 -0.5486 -0.5697
 -0.5873 -0.6027 -0.6168 -0.6300 -0.6485 -0.6757 -0.7008 -0.7357 -0.7801
 [Fe/H] = -1.50 [alpha/Fe] = 0.40 BC value =F850LP
 -0.9779 -0.9674 -0.9631 -0.9612 -0.9619 -0.9589 -0.9496 -0.9329 -0.9180 -0.9001
 -0.8748 -0.8427 -0.8086 -0.7745 -0.7429 -0.6837
 -0.8529 -0.8434 -0.8449 -0.8532 -0.8658 -0.8784 -0.8868 -0.8897 -0.8919 -0.8894
 -0.8775 -0.8552 -0.8261 -0.7958 -0.7679 -0.7159 -0.6904 -0.6925 -0.7193
 -0.7586 -0.7455 -0.7477 -0.7609 -0.7810 -0.8044 -0.8261 -0.8439 -0.8595 -0.8697
 -0.8702 -0.8588 -0.8371 -0.8115 -0.7871 -0.7417 -0.7205 -0.7236 -0.7485 -0.7865
 -0.8305
 -0.6950 -0.6737 -0.6715 -0.6843 -0.7075 -0.7368 -0.7675 -0.7955 -0.8208 -0.8410
 -0.8529 -0.8535 -0.8416 -0.8216 -0.8005 -0.7611 -0.7437 -0.7479 -0.7715 -0.8086
 -0.8517 -0.8962 -0.9414
 -0.6727 -0.6354 -0.6178 -0.6263 -0.6472 -0.6776 -0.7121 -0.7462 -0.7778 -0.8054
 -0.8263 -0.8380 -0.8379 -0.8259 -0.8089 -0.7748 -0.7609 -0.7663 -0.7893 -0.8258
 -0.8692 -0.9147 -0.9607 -1.0061 -1.0524
 -0.6792 -0.6304 -0.6025 -0.5937 -0.6025 -0.6275 -0.6648 -0.7029 -0.7378 -0.7685
 -0.7942 -0.8134 -0.8241 -0.8230 -0.8120 -0.7837 -0.7728 -0.7797 -0.8029 -0.8391
 -0.8831 -0.9299 -0.9770 -1.0241 -1.0709 -1.1182
 -0.6940 -0.6484 -0.6167 -0.5981 -0.5931 -0.6006 -0.6212 -0.6541 -0.6929 -0.7306
 -0.7621 -0.7855 -0.8017 -0.8105 -0.8086 -0.7879 -0.7801 -0.7886 -0.8123 -0.8488
 -0.8938 -0.9420 -0.9908 -1.0395 -1.0878 -1.1358 -1.1842 -1.2351 -1.2891 -1.3429
 -0.6959 -0.6564 -0.6293 -0.6126 -0.6046 -0.6053 -0.6142 -0.6304 -0.6524 -0.6800
 -0.7120 -0.7438 -0.7696 -0.7874 -0.7961 -0.7877 -0.7831 -0.7933 -0.8178 -0.8548
 -0.9008 -0.9511 -1.0020 -1.0526 -1.1027 -1.1523 -1.2019 -1.2520 -1.3040 -1.3597
 -1.4165
 -0.6809 -0.6499 -0.6293 -0.6175 -0.6125 -0.6124 -0.6168 -0.6257 -0.6389 -0.6553
 -0.6739 -0.6951 -0.7193 -0.7436 -0.7641 -0.7821 -0.7821 -0.7941 -0.8193 -0.8567
 -0.9017 -0.9562 -1.0098 -1.0628 -1.1151 -1.1667 -1.2180 -1.2687 -1.3202 -1.3743
 -1.4321
 -0.6411 -0.6247 -0.6130 -0.6086 -0.6091 -0.6124 -0.6174 -0.6239 -0.6323 -0.6430
 -0.6553 -0.6687 -0.6832 -0.7000 -0.7192 -0.7593 -0.7764 -0.7913 -0.8174 -0.8550
 -0.9028 -0.9574 -1.0140 -1.0703 -1.1253 -1.1794 -1.2328 -1.2856 -1.3383 -1.3917
 -1.4472
 -0.5769 -0.5757 -0.5764 -0.5820 -0.5902 -0.5994 -0.6085 -0.6168 -0.6247 -0.6328
 -0.6418 -0.6517 -0.6622 -0.6734 -0.6863 -0.7242 -0.7585 -0.7837 -0.8116 -0.8491
 -0.8966 -0.9522 -1.0116 -1.0714 -1.1298 -1.1868 -1.2427 -1.2976 -1.3518 -1.4061
 -1.4611
 -0.4914 -0.5046 -0.5192 -0.5353 -0.5528 -0.5700 -0.5856 -0.5988 -0.6097 -0.6191
 -0.6277 -0.6365 -0.6457 -0.6552 -0.6654 -0.6956 -0.7318 -0.7680 -0.8021 -0.8404
 -0.8873 -0.9428 -1.0039 -1.0668 -1.1288 -1.1892 -1.2482 -1.3056 -1.3620 -1.4178
 -1.4734
 -0.3873 -0.4139 -0.4411 -0.4687 -0.4960 -0.5219 -0.5455 -0.5658 -0.5826 -0.5963
 -0.6078 -0.6181 -0.6280 -0.6379 -0.6565 -0.6735 -0.6963 -0.7442 -0.7889
 [Fe/H] = -1.00 [alpha/Fe] = 0.40 BC value =F850LP
 -1.3386 -1.3201 -1.2978 -1.2675 -1.2277 -1.1709 -1.0915 -0.9960 -0.9318 -0.8908
 -0.8632 -0.8363 -0.8094 -0.7819 -0.7557 -0.7035
 -1.1611 -1.1457 -1.1328 -1.1173 -1.0955 -1.0621 -1.0120 -0.9504 -0.9084 -0.8854
 -0.8677 -0.8474 -0.8237 -0.7988 -0.7751 -0.7292 -0.7024 -0.6975 -0.7137
 -1.0165 -0.9992 -0.9902 -0.9842 -0.9764 -0.9624 -0.9373 -0.9034 -0.8816 -0.8713
 -0.8632 -0.8506 -0.8320 -0.8106 -0.7895 -0.7491 -0.7282 -0.7263 -0.7433 -0.7754
 -0.8161
 -0.9048 -0.8806 -0.8700 -0.8682 -0.8703 -0.8718 -0.8674 -0.8550 -0.8482 -0.8485
 -0.8497 -0.8459 -0.8343 -0.8173 -0.7989 -0.7632 -0.7463 -0.7473 -0.7651 -0.7966
 -0.8370 -0.8805 -0.9258
 -0.8264 -0.7920 -0.7747 -0.7709 -0.7765 -0.7871 -0.7979 -0.8028 -0.8084 -0.8178
 -0.8275 -0.8329 -0.8300 -0.8191 -0.8042 -0.7729 -0.7593 -0.7627 -0.7816 -0.8129
 -0.8533 -0.8981 -0.9442 -0.9901 -1.0374
 -0.7689 -0.7247 -0.7016 -0.6935 -0.6975 -0.7108 -0.7295 -0.7475 -0.7635 -0.7807
 -0.7978 -0.8115 -0.8179 -0.8151 -0.8053 -0.7790 -0.7682 -0.7737 -0.7937 -0.8254
 -0.8660 -0.9117 -0.9590 -1.0069 -1.0546 -1.1034
 -0.7596 -0.6977 -0.6544 -0.6308 -0.6267 -0.6396 -0.6635 -0.6917 -0.7173 -0.7409
 -0.7633 -0.7831 -0.7976 -0.8040 -0.8014 -0.7819 -0.7738 -0.7812 -0.8022 -0.8345
 -0.8755 -0.9222 -0.9712 -1.0207 -1.0702 -1.1199 -1.1703 -1.2229 -1.2784 -1.3327
 -0.7626 -0.6999 -0.6516 -0.6176 -0.5986 -0.5943 -0.6039 -0.6269 -0.6597 -0.6947
 -0.7262 -0.7520 -0.7716 -0.7850 -0.7910 -0.7816 -0.7764 -0.7855 -0.8076 -0.8405
 -0.8820 -0.9298 -0.9805 -1.0322 -1.0836 -1.1349 -1.1862 -1.2383 -1.2924 -1.3494
 -1.4059
 -0.7608 -0.7008 -0.6545 -0.6207 -0.5984 -0.5874 -0.5874 -0.5974 -0.6163 -0.6420
 -0.6725 -0.7049 -0.7345 -0.7573 -0.7719 -0.7777 -0.7761 -0.7869 -0.8099 -0.8433
 -0.8854 -0.9342 -0.9868 -1.0407 -1.0945 -1.1478 -1.2009 -1.2540 -1.3081 -1.3632
 -1.4220
 -0.7508 -0.6943 -0.6518 -0.6212 -0.6010 -0.5898 -0.5865 -0.5907 -0.6018 -0.6185
 -0.6388 -0.6614 -0.6856 -0.7106 -0.7337 -0.7669 -0.7724 -0.7855 -0.8097 -0.8436
 -0.8863 -0.9359 -0.9904 -1.0469 -1.1034 -1.1591 -1.2144 -1.2692 -1.3239 -1.3794
 -1.4365
 -0.7248 -0.6781 -0.6407 -0.6146 -0.5979 -0.5893 -0.5869 -0.5893 -0.5963 -0.6073
 -0.6216 -0.6378 -0.6548 -0.6722 -0.6906 -0.7362 -0.7640 -0.7807 -0.8061 -0.8403
 -0.8830 -0.9330 -0.9888 -1.0477 -1.1070 -1.1655 -1.2231 -1.2798 -1.3361 -1.3924
 -1.4492
 -0.6742 -0.6414 -0.6154 -0.5961 -0.5846 -0.5802 -0.5809 -0.5850 -0.5915 -0.6000
 -0.6104 -0.6226 -0.6357 -0.6491 -0.6627 -0.7001 -0.7398 -0.7715 -0.7995 -0.8343
 -0.8769 -0.9269 -0.9833 -1.0438 -1.1057 -1.1671 -1.2276 -1.2867 -1.3450 -1.4027
 -1.4602
 -0.5950 -0.5797 -0.5676 -0.5598 -0.5563 -0.5580 -0.5636 -0.5716 -0.5805 -0.5898
 -0.5995 -0.6096 -0.6205 -0.6318 -0.6500 -0.6586 -0.6998 -0.7579 -0.7899
 [Fe/H] = -0.75 [alpha/Fe] = 0.30 BC value =F850LP
 -1.4947 -1.4748 -1.4478 -1.4086 -1.3522 -1.2709 -1.1581 -1.0247 -0.9363 -0.8848
 -0.8555 -0.8300 -0.8050 -0.7800 -0.7555 -0.7054
 -1.3007 -1.2842 -1.2672 -1.2436 -1.2080 -1.1541 -1.0762 -0.9825 -0.9172 -0.8829
 -0.8614 -0.8410 -0.8187 -0.7956 -0.7733 -0.7295 -0.7046 -0.6978 -0.7101
 -1.1396 -1.1212 -1.1087 -1.0958 -1.0769 -1.0464 -0.9989 -0.9385 -0.8954 -0.8728
 -0.8591 -0.8448 -0.8267 -0.8064 -0.7864 -0.7477 -0.7271 -0.7239 -0.7383 -0.7682
 -0.8066
 -1.0114 -0.9858 -0.9723 -0.9652 -0.9588 -0.9478 -0.9262 -0.8927 -0.8671 -0.8545
 -0.8486 -0.8414 -0.8290 -0.8124 -0.7948 -0.7600 -0.7431 -0.7430 -0.7591 -0.7888
 -0.8281 -0.8715 -0.9172
 -0.9186 -0.8820 -0.8618 -0.8537 -0.8530 -0.8546 -0.8530 -0.8417 -0.8313 -0.8285
 -0.8301 -0.8306 -0.8254 -0.8140 -0.7994 -0.7685 -0.7545 -0.7569 -0.7745 -0.8045
 -0.8438 -0.8882 -0.9336 -0.9802 -1.0287
 -0.8468 -0.8050 -0.7781 -0.7648 -0.7630 -0.7693 -0.7792 -0.7857 -0.7890 -0.7954
 -0.8044 -0.8123 -0.8150 -0.8104 -0.8002 -0.7738 -0.7624 -0.7669 -0.7858 -0.8164
 -0.8559 -0.9011 -0.9485 -0.9966 -1.0452 -1.0947
 -0.8106 -0.7482 -0.7071 -0.6866 -0.6837 -0.6924 -0.7086 -0.7270 -0.7424 -0.7571
 -0.7725 -0.7871 -0.7975 -0.8008 -0.7968 -0.7764 -0.7674 -0.7737 -0.7937 -0.8250
 -0.8649 -0.9108 -0.9597 -1.0096 -1.0597 -1.1099 -1.1613 -1.2154 -1.2717 -1.3266
 -0.8081 -0.7396 -0.6866 -0.6501 -0.6298 -0.6247 -0.6345 -0.6576 -0.6867 -0.7141
 -0.7377 -0.7577 -0.7737 -0.7843 -0.7876 -0.7762 -0.7698 -0.7778 -0.7987 -0.8306
 -0.8709 -0.9177 -0.9682 -1.0202 -1.0723 -1.1244 -1.1768 -1.2298 -1.2851 -1.3430
 -1.3999
 -0.8068 -0.7391 -0.6858 -0.6457 -0.6187 -0.6043 -0.6019 -0.6104 -0.6290 -0.6552
 -0.6858 -0.7165 -0.7423 -0.7607 -0.7714 -0.7727 -0.7696 -0.7793 -0.8010 -0.8333
 -0.8742 -0.9217 -0.9737 -1.0279 -1.0823 -1.1365 -1.1905 -1.2447 -1.2995 -1.3562
 -1.4156
 -0.7999 -0.7348 -0.6839 -0.6456 -0.6188 -0.6022 -0.5951 -0.5969 -0.6067 -0.6230
 -0.6438 -0.6675 -0.6930 -0.7182 -0.7396 -0.7642 -0.7665 -0.7781 -0.8010 -0.8338
 -0.8752 -0.9235 -0.9770 -1.0334 -1.0904 -1.1469 -1.2032 -1.2591 -1.3149 -1.3715
 -1.4298
 -0.7834 -0.7247 -0.6770 -0.6419 -0.6175 -0.6024 -0.5949 -0.5938 -0.5987 -0.6089
 -0.6231 -0.6398 -0.6575 -0.6758 -0.6950 -0.7388 -0.7597 -0.7739 -0.7979 -0.8310
 -0.8724 -0.9211 -0.9756 -1.0339 -1.0934 -1.1526 -1.2111 -1.2689 -1.3263 -1.3837
 -1.4417
 -0.7451 -0.6982 -0.6594 -0.6292 -0.6090 -0.5970 -0.5917 -0.5912 -0.5947 -0.6014
 -0.6112 -0.6233 -0.6366 -0.6503 -0.6641 -0.7019 -0.7397 -0.7661 -0.7921 -0.8257
 -0.8671 -0.9158 -0.9707 -1.0303 -1.0920 -1.1538 -1.2150 -1.2751 -1.3344 -1.3932
 -1.4519
 -0.6779 -0.6473 -0.6216 -0.6017 -0.5880 -0.5810 -0.5796 -0.5821 -0.5870 -0.5936
 -0.6014 -0.6107 -0.6212 -0.6324 -0.6469 -0.6535 -0.7065 -0.7547 -0.7836
 [Fe/H] = -0.50 [alpha/Fe] = 0.20 BC value =F850LP
 -1.6604 -1.6406 -1.6108 -1.5632 -1.4881 -1.3773 -1.2265 -1.0550 -0.9376 -0.8772
 -0.8456 -0.8214 -0.7978 -0.7745 -0.7526 -0.7064
 -1.4531 -1.4361 -1.4158 -1.3844 -1.3335 -1.2559 -1.1455 -1.0147 -0.9238 -0.8779
 -0.8527 -0.8325 -0.8116 -0.7901 -0.7696 -0.7283 -0.7045 -0.6969 -0.7060
 -1.2776 -1.2581 -1.2422 -1.2224 -1.1913 -1.1421 -1.0680 -0.9763 -0.9085 -0.8720
 -0.8526 -0.8370 -0.8197 -0.8007 -0.7819 -0.7448 -0.7248 -0.7207 -0.7326 -0.7598
 -0.7960
 -1.1339 -1.1066 -1.0900 -1.0772 -1.0614 -1.0360 -0.9940 -0.9352 -0.8867 -0.8592
 -0.8453 -0.8349 -0.8221 -0.8063 -0.7895 -0.7559 -0.7390 -0.7379 -0.7521 -0.7798
 -0.8178 -0.8611 -0.9064
 -1.0265 -0.9872 -0.9638 -0.9512 -0.9434 -0.9344 -0.9177 -0.8870 -0.8569 -0.8390
 -0.8312 -0.8265 -0.8193 -0.8077 -0.7937 -0.7633 -0.7490 -0.7504 -0.7664 -0.7949
 -0.8330 -0.8769 -0.9230 -0.9702 -1.0186
 -0.9463 -0.8996 -0.8675 -0.8492 -0.8415 -0.8399 -0.8392 -0.8314 -0.8188 -0.8113
 -0.8103 -0.8118 -0.8107 -0.8047 -0.7944 -0.7680 -0.7560 -0.7594 -0.7768 -0.8061
 -0.8445 -0.8890 -0.9364 -0.9848 -1.0339 -1.0842
 -0.8771 -0.8174 -0.7809 -0.7627 -0.7556 -0.7563 -0.7630 -0.7705 -0.7736 -0.7767
 -0.7829 -0.7906 -0.7961 -0.7965 -0.7912 -0.7704 -0.7605 -0.7656 -0.7841 -0.8142
 -0.8529 -0.8981 -0.9468 -0.9970 -1.0476 -1.0986 -1.1511 -1.2063 -1.2636 -1.3193
 -0.8626 -0.7892 -0.7338 -0.6967 -0.6766 -0.6722 -0.6816 -0.7007 -0.7205 -0.7366
 -0.7506 -0.7640 -0.7754 -0.7824 -0.7834 -0.7703 -0.7627 -0.7694 -0.7888 -0.8194
 -0.8587 -0.9044 -0.9544 -1.0066 -1.0592 -1.1121 -1.1655 -1.2198 -1.2764 -1.3353
 -1.3928
 -0.8594 -0.7843 -0.7246 -0.6796 -0.6489 -0.6319 -0.6273 -0.6342 -0.6521 -0.6768
 -0.7041 -0.7292 -0.7488 -0.7622 -0.7696 -0.7672 -0.7625 -0.7708 -0.7911 -0.8221
 -0.8618 -0.9081 -0.9593 -1.0134 -1.0682 -1.1232 -1.1784 -1.2335 -1.2896 -1.3477
 -1.4082
 -0.8541 -0.7805 -0.7215 -0.6762 -0.6433 -0.6219 -0.6112 -0.6102 -0.6180 -0.6331
 -0.6534 -0.6774 -0.7028 -0.7263 -0.7443 -0.7601 -0.7599 -0.7699 -0.7914 -0.8228
 -0.8629 -0.9099 -0.9623 -1.0183 -1.0755 -1.1328 -1.1900 -1.2471 -1.3042 -1.3621
 -1.4217
 -0.8444 -0.7739 -0.7170 -0.6735 -0.6419 -0.6205 -0.6079 -0.6032 -0.6057 -0.6144
 -0.6279 -0.6442 -0.6621 -0.6810 -0.7005 -0.7405 -0.7542 -0.7662 -0.7887 -0.8204
 -0.8606 -0.9080 -0.9612 -1.0185 -1.0779 -1.1376 -1.1970 -1.2559 -1.3145 -1.3732
 -1.4326
 -0.8166 -0.7557 -0.7051 -0.6649 -0.6362 -0.6171 -0.6058 -0.6007 -0.6009 -0.6056
 -0.6143 -0.6259 -0.6389 -0.6525 -0.6663 -0.7042 -0.7385 -0.7595 -0.7835 -0.8157
 -0.8559 -0.9033 -0.9569 -1.0152 -1.0763 -1.1383 -1.2001 -1.2612 -1.3217 -1.3817
 -1.4418
 -0.7616 -0.7155 -0.6761 -0.6445 -0.6205 -0.6055 -0.5974 -0.5944 -0.5952 -0.5989
 -0.6049 -0.6131 -0.6230 -0.6337 -0.6417 -0.6512 -0.7128 -0.7498 -0.7758
 [Fe/H] = -0.25 [alpha/Fe] = 0.10 BC value =F850LP
 -1.8338 -1.8140 -1.7820 -1.7261 -1.6254 -1.4780 -1.2866 -1.0656 -0.9358 -0.8671
 -0.8327 -0.8082 -0.7854 -0.7622 -0.7464 -0.7033
 -1.6171 -1.5992 -1.5757 -1.5362 -1.4670 -1.3609 -1.2135 -1.0432 -0.9283 -0.8710
 -0.8426 -0.8223 -0.8025 -0.7827 -0.7633 -0.7245 -0.7026 -0.6954 -0.7019
 -1.4306 -1.4092 -1.3894 -1.3620 -1.3175 -1.2465 -1.1407 -1.0141 -0.9198 -0.8695
 -0.8446 -0.8277 -0.8111 -0.7933 -0.7755 -0.7402 -0.7211 -0.7168 -0.7266 -0.7505
 -0.7852
 -1.2743 -1.2440 -1.2231 -1.2035 -1.1769 -1.1347 -1.0682 -0.9802 -0.9061 -0.8623
 -0.8405 -0.8271 -0.8140 -0.7989 -0.7830 -0.7504 -0.7338 -0.7321 -0.7444 -0.7698
 -0.8060 -0.8484 -0.8938
 -1.1541 -1.1105 -1.0825 -1.0640 -1.0476 -1.0260 -0.9910 -0.9371 -0.8839 -0.8488
 -0.8308 -0.8212 -0.8121 -0.8005 -0.7870 -0.7573 -0.7428 -0.7432 -0.7575 -0.7841
 -0.8206 -0.8638 -0.9099 -0.9570 -1.0063
 -1.0651 -1.0111 -0.9731 -0.9488 -0.9340 -0.9230 -0.9092 -0.8837 -0.8518 -0.8278
 -0.8154 -0.8100 -0.8054 -0.7981 -0.7878 -0.7617 -0.7492 -0.7512 -0.7669 -0.7946
 -0.8316 -0.8753 -0.9226 -0.9714 -1.0209 -1.0720
 -0.9671 -0.9123 -0.8783 -0.8556 -0.8401 -0.8314 -0.8278 -0.8223 -0.8102 -0.7989
 -0.7937 -0.7933 -0.7937 -0.7914 -0.7851 -0.7639 -0.7533 -0.7569 -0.7737 -0.8021
 -0.8397 -0.8839 -0.9323 -0.9827 -1.0338 -1.0857 -1.1392 -1.1958 -1.2540 -1.3105
 -0.9315 -0.8540 -0.7977 -0.7617 -0.7432 -0.7390 -0.7439 -0.7535 -0.7600 -0.7625
 -0.7657 -0.7711 -0.7768 -0.7798 -0.7785 -0.7639 -0.7553 -0.7605 -0.7782 -0.8071
 -0.8451 -0.8898 -0.9393 -0.9914 -1.0445 -1.0980 -1.1522 -1.2079 -1.2660 -1.3259
 -1.3844
 -0.9234 -0.8403 -0.7743 -0.7252 -0.6920 -0.6729 -0.6664 -0.6719 -0.6874 -0.7070
 -0.7261 -0.7423 -0.7544 -0.7628 -0.7670 -0.7613 -0.7553 -0.7620 -0.7806 -0.8098
 -0.8481 -0.8933 -0.9437 -0.9974 -1.0525 -1.1081 -1.1642 -1.2205 -1.2780 -1.3376
 -1.3993
 -0.9186 -0.8349 -0.7676 -0.7153 -0.6768 -0.6510 -0.6368 -0.6327 -0.6378 -0.6507
 -0.6695 -0.6920 -0.7148 -0.7342 -0.7474 -0.7551 -0.7528 -0.7611 -0.7810 -0.8107
 -0.8494 -0.8953 -0.9465 -1.0017 -1.0589 -1.1167 -1.1748 -1.2330 -1.2914 -1.3508
 -1.4119
 -0.9132 -0.8302 -0.7638 -0.7118 -0.6729 -0.6454 -0.6281 -0.6196 -0.6191 -0.6255
 -0.6370 -0.6522 -0.6696 -0.6884 -0.7073 -0.7405 -0.7478 -0.7578 -0.7787 -0.8088
 -0.8475 -0.8937 -0.9456 -1.0018 -1.0607 -1.1206 -1.1807 -1.2407 -1.3006 -1.3608
 -1.4216
 -0.8939 -0.8185 -0.7555 -0.7056 -0.6684 -0.6422 -0.6250 -0.6153 -0.6120 -0.6142
 -0.6211 -0.6313 -0.6434 -0.6563 -0.6699 -0.7069 -0.7361 -0.7519 -0.7740 -0.8047
 -0.8434 -0.8895 -0.9417 -0.9987 -1.0589 -1.1207 -1.1830 -1.2450 -1.3066 -1.3681
 -1.4296
 -0.8496 -0.7872 -0.7337 -0.6903 -0.6565 -0.6334 -0.6185 -0.6102 -0.6068 -0.6074
 -0.6112 -0.6179 -0.6266 -0.6364 -0.6352 -0.6543 -0.7177 -0.7434 -0.7669
 [Fe/H] =  0.00 [alpha/Fe] = 0.00 BC value =F850LP
 -2.0080 -1.9868 -1.9524 -1.8379 -1.6600 -1.4537 -1.2479 -1.0664 -0.9307 -0.8564
 -0.8202 -0.7959 -0.7721 -0.7518 -0.7314 -0.6862
 -1.7957 -1.7739 -1.7450 -1.6954 -1.6093 -1.4638 -1.2691 -1.0624 -0.9293 -0.8633
 -0.8318 -0.8111 -0.7923 -0.7730 -0.7548 -0.7181 -0.6980 -0.6923 -0.6977
 -1.6025 -1.5755 -1.5493 -1.5121 -1.4512 -1.3539 -1.2096 -1.0461 -0.9279 -0.8657
 -0.8361 -0.8179 -0.8014 -0.7843 -0.7673 -0.7334 -0.7155 -0.7116 -0.7202 -0.7409
 -0.7742
 -1.4383 -1.4007 -1.3724 -1.3434 -1.3030 -1.2401 -1.1437 -1.0228 -0.9227 -0.8639
 -0.8351 -0.8189 -0.8052 -0.7905 -0.7751 -0.7433 -0.7271 -0.7253 -0.7363 -0.7592
 -0.7929 -0.8343 -0.8795
 -1.3098 -1.2574 -1.2209 -1.1931 -1.1651 -1.1274 -1.0696 -0.9881 -0.9097 -0.8572
 -0.8297 -0.8154 -0.8046 -0.7928 -0.7795 -0.7502 -0.7355 -0.7352 -0.7480 -0.7725
 -0.8071 -0.8490 -0.8950 -0.9428 -0.9930
 -1.1929 -1.1483 -1.1009 -1.0673 -1.0423 -1.0186 -0.9877 -0.9403 -0.8860 -0.8440
 -0.8198 -0.8078 -0.7999 -0.7913 -0.7808 -0.7548 -0.7416 -0.7425 -0.7565 -0.7822
 -0.8176 -0.8602 -0.9072 -0.9562 -1.0058 -1.0581
 -1.0918 -1.0388 -0.9996 -0.9666 -0.9401 -0.9202 -0.9035 -0.8813 -0.8506 -0.8224
 -0.8045 -0.7958 -0.7912 -0.7862 -0.7789 -0.7573 -0.7458 -0.7480 -0.7628 -0.7892
 -0.8252 -0.8684 -0.9164 -0.9669 -1.0184 -1.0707 -1.1254 -1.1835 -1.2427 -1.3003
 -1.0246 -0.9422 -0.8849 -0.8500 -0.8322 -0.8240 -0.8191 -0.8146 -0.8048 -0.7919
 -0.7826 -0.7789 -0.7782 -0.7771 -0.7735 -0.7575 -0.7480 -0.7516 -0.7671 -0.7939
 -0.8303 -0.8741 -0.9229 -0.9749 -1.0282 -1.0820 -1.1370 -1.1942 -1.2540 -1.3149
 -1.3743
 -1.0073 -0.9138 -0.8408 -0.7873 -0.7514 -0.7303 -0.7220 -0.7251 -0.7348 -0.7442
 -0.7509 -0.7560 -0.7603 -0.7636 -0.7642 -0.7553 -0.7480 -0.7531 -0.7696 -0.7966
 -0.8333 -0.8775 -0.9270 -0.9803 -1.0354 -1.0914 -1.1482 -1.2057 -1.2645 -1.3258
 -1.3885
 -1.0014 -0.9048 -0.8272 -0.7671 -0.7227 -0.6924 -0.6743 -0.6665 -0.6682 -0.6779
 -0.6934 -0.7117 -0.7290 -0.7419 -0.7492 -0.7499 -0.7457 -0.7524 -0.7703 -0.7979
 -0.8348 -0.8794 -0.9297 -0.9841 -1.0409 -1.0989 -1.1576 -1.2168 -1.2766 -1.3375
 -1.4003
 -0.9993 -0.9014 -0.8227 -0.7608 -0.7140 -0.6802 -0.6578 -0.6451 -0.6408 -0.6437
 -0.6523 -0.6653 -0.6813 -0.6989 -0.7154 -0.7391 -0.7413 -0.7493 -0.7683 -0.7965
 -0.8334 -0.8782 -0.9289 -0.9840 -1.0421 -1.1019 -1.1625 -1.2233 -1.2844 -1.3461
 -1.4085
 -0.9861 -0.8939 -0.8164 -0.7555 -0.7090 -0.6752 -0.6519 -0.6373 -0.6300 -0.6289
 -0.6330 -0.6408 -0.6510 -0.6628 -0.6757 -0.7100 -0.7323 -0.7439 -0.7640 -0.7929
 -0.8299 -0.8745 -0.9254 -0.9810 -1.0401 -1.1014 -1.1638 -1.2265 -1.2893 -1.3521
 -1.4152
 -0.9500 -0.8690 -0.8000 -0.7433 -0.6993 -0.6675 -0.6457 -0.6318 -0.6239 -0.6210
 -0.6220 -0.6264 -0.6331 -0.6412 -0.6301 -0.6626 -0.7187 -0.7362 -0.7574
 [Fe/H] =  0.25 [alpha/Fe] = 0.00 BC value =F850LP
 -2.1949 -2.1953 -2.1803 -1.9684 -1.6399 -1.3521 -1.1701 -1.0763 -0.9262 -0.8366
 -0.7938 -0.7709 -0.7528 -0.7323 -0.7155 -0.6783
 -1.9776 -1.9765 -1.9647 -1.8709 -1.7079 -1.5075 -1.2961 -1.0954 -0.9323 -0.8449
 -0.8061 -0.7861 -0.7706 -0.7555 -0.7397 -0.7075 -0.6900 -0.6872 -0.6919
 -1.7792 -1.7712 -1.7592 -1.7282 -1.6594 -1.5269 -1.3303 -1.1013 -0.9392 -0.8510
 -0.8115 -0.7927 -0.7793 -0.7661 -0.7522 -0.7224 -0.7067 -0.7043 -0.7131 -0.7319
 -0.7613
 -1.5997 -1.5794 -1.5638 -1.5403 -1.4944 -1.4103 -1.2728 -1.0943 -0.9445 -0.8551
 -0.8129 -0.7939 -0.7824 -0.7715 -0.7595 -0.7320 -0.7173 -0.7163 -0.7271 -0.7481
 -0.7787 -0.8171 -0.8616
 -1.4502 -1.4127 -1.3878 -1.3659 -1.3353 -1.2834 -1.1968 -1.0702 -0.9438 -0.8566
 -0.8115 -0.7914 -0.7813 -0.7729 -0.7633 -0.7388 -0.7252 -0.7251 -0.7373 -0.7601
 -0.7925 -0.8327 -0.8779 -0.9258 -0.9761
 -1.3349 -1.2791 -1.2402 -1.2125 -1.1878 -1.1558 -1.1057 -1.0263 -0.9309 -0.8533
 -0.8075 -0.7862 -0.7767 -0.7706 -0.7637 -0.7433 -0.7311 -0.7319 -0.7450 -0.7690
 -0.8025 -0.8435 -0.8896 -0.9386 -0.9892 -1.0420
 -1.2293 -1.1725 -1.1247 -1.0879 -1.0598 -1.0355 -1.0071 -0.9636 -0.9021 -0.8413
 -0.7994 -0.7782 -0.7693 -0.7651 -0.7609 -0.7456 -0.7353 -0.7371 -0.7508 -0.7755
 -0.8098 -0.8516 -0.8986 -0.9488 -1.0006 -1.0537 -1.1093 -1.1689 -1.2289 -1.2877
 -1.1001 -1.0378 -0.9970 -0.9724 -0.9509 -0.9299 -0.9103 -0.8890 -0.8569 -0.8176
 -0.7852 -0.7666 -0.7589 -0.7565 -0.7548 -0.7455 -0.7376 -0.7408 -0.7551 -0.7800
 -0.8148 -0.8572 -0.9051 -0.9565 -1.0098 -1.0642 -1.1200 -1.1780 -1.2395 -1.3014
 -1.3620
 -1.0565 -0.9669 -0.8999 -0.8543 -0.8263 -0.8117 -0.8051 -0.8008 -0.7939 -0.7790
 -0.7616 -0.7496 -0.7449 -0.7447 -0.7455 -0.7426 -0.7378 -0.7425 -0.7579 -0.7830
 -0.8179 -0.8607 -0.9092 -0.9616 -1.0163 -1.0723 -1.1295 -1.1879 -1.2482 -1.3114
 -1.3753
 -1.0426 -0.9447 -0.8658 -0.8052 -0.7614 -0.7318 -0.7134 -0.7052 -0.7049 -0.7093
 -0.7141 -0.7189 -0.7235 -0.7283 -0.7326 -0.7366 -0.7355 -0.7420 -0.7588 -0.7847
 -0.8197 -0.8629 -0.9120 -0.9652 -1.0211 -1.0788 -1.1378 -1.1977 -1.2587 -1.3213
 -1.3860
 -1.0401 -0.9381 -0.8545 -0.7881 -0.7370 -0.6996 -0.6741 -0.6582 -0.6507 -0.6505
 -0.6564 -0.6672 -0.6811 -0.6959 -0.7091 -0.7271 -0.7310 -0.7392 -0.7573 -0.7840
 -0.8190 -0.8621 -0.9115 -0.9652 -1.0220 -1.0810 -1.1415 -1.2029 -1.2651 -1.3282
 -1.3924
 -1.0375 -0.9348 -0.8491 -0.7804 -0.7268 -0.6866 -0.6578 -0.6387 -0.6279 -0.6240
 -0.6260 -0.6328 -0.6434 -0.6565 -0.6711 -0.7052 -0.7233 -0.7342 -0.7534 -0.7811
 -0.8164 -0.8593 -0.9086 -0.9626 -1.0200 -1.0800 -1.1420 -1.2049 -1.2685 -1.3327
 -1.3974
 -1.0213 -0.9241 -0.8413 -0.7722 -0.7188 -0.6783 -0.6491 -0.6291 -0.6170 -0.6112
 -0.6108 -0.6148 -0.6220 -0.6314 -0.6186 -0.6709 -0.7124 -0.7270 -0.7471
 [Fe/H] =  0.50 [alpha/Fe] = 0.00 BC value =F850LP
 -2.3281 -2.3559 -2.2076 -1.9358 -1.6815 -1.4642 -1.2653 -1.0816 -0.9257 -0.8195
 -0.7666 -0.7423 -0.7268 -0.7122 -0.6942 -0.6610
 -2.1232 -2.1489 -2.1067 -2.0037 -1.8461 -1.6394 -1.3883 -1.1236 -0.9405 -0.8303
 -0.7798 -0.7575 -0.7442 -0.7323 -0.7202 -0.6928 -0.6790 -0.6785 -0.6840
 -1.9277 -1.9463 -1.9537 -1.9380 -1.8507 -1.6828 -1.4375 -1.1530 -0.9561 -0.8405
 -0.7869 -0.7645 -0.7526 -0.7427 -0.7322 -0.7075 -0.6944 -0.6939 -0.7030 -0.7211
 -0.7483
 -1.7416 -1.7480 -1.7486 -1.7387 -1.6953 -1.5946 -1.4129 -1.1719 -0.9735 -0.8513
 -0.7915 -0.7665 -0.7555 -0.7476 -0.7392 -0.7171 -0.7043 -0.7044 -0.7156 -0.7356
 -0.7644 -0.8010 -0.8443
 -1.5783 -1.5624 -1.5557 -1.5464 -1.5197 -1.4579 -1.3420 -1.1655 -0.9867 -0.8619
 -0.7948 -0.7658 -0.7543 -0.7483 -0.7423 -0.7239 -0.7120 -0.7125 -0.7246 -0.7462
 -0.7767 -0.8150 -0.8592 -0.9072 -0.9586
 -1.4460 -1.4083 -1.3856 -1.3700 -1.3508 -1.3140 -1.2453 -1.1309 -0.9882 -0.8694
 -0.7975 -0.7636 -0.7505 -0.7455 -0.7419 -0.7284 -0.7181 -0.7190 -0.7316 -0.7542
 -0.7860 -0.8254 -0.8705 -0.9194 -0.9705 -1.0245
 -1.3409 -1.2864 -1.2467 -1.2189 -1.1971 -1.1724 -1.1335 -1.0669 -0.9695 -0.8692
 -0.7981 -0.7603 -0.7448 -0.7399 -0.7382 -0.7305 -0.7225 -0.7243 -0.7372 -0.7603
 -0.7929 -0.8333 -0.8794 -0.9293 -0.9814 -1.0351 -1.0917 -1.1520 -1.2133 -1.2736
 -1.2113 -1.1473 -1.1287 -1.0969 -1.0689 -1.0443 -1.0190 -0.9834 -0.9270 -0.8554
 -0.7933 -0.7550 -0.7375 -0.7321 -0.7317 -0.7299 -0.7251 -0.7282 -0.7416 -0.7649
 -0.7979 -0.8390 -0.8859 -0.9368 -0.9900 -1.0447 -1.1011 -1.1603 -1.2233 -1.2861
 -1.3480
 -1.1073 -1.0319 -0.9822 -0.9544 -0.9391 -0.9267 -0.9105 -0.8907 -0.8637 -0.8232
 -0.7785 -0.7453 -0.7279 -0.7223 -0.7226 -0.7261 -0.7254 -0.7303 -0.7446 -0.7681
 -0.8011 -0.8425 -0.8901 -0.9417 -0.9961 -1.0520 -1.1095 -1.1687 -1.2303 -1.2952
 -1.3600
 -1.0787 -0.9854 -0.9119 -0.8583 -0.8222 -0.7995 -0.7867 -0.7800 -0.7744 -0.7636
 -0.7450 -0.7258 -0.7136 -0.7096 -0.7110 -0.7193 -0.7230 -0.7301 -0.7459 -0.7702
 -0.8032 -0.8448 -0.8929 -0.9453 -1.0005 -1.0578 -1.1167 -1.1771 -1.2391 -1.3032
 -1.3698
 -1.0714 -0.9708 -0.8877 -0.8216 -0.7715 -0.7354 -0.7106 -0.6941 -0.6848 -0.6814
 -0.6808 -0.6812 -0.6835 -0.6881 -0.6943 -0.7094 -0.7181 -0.7275 -0.7449 -0.7701
 -0.8032 -0.8444 -0.8925 -0.9453 -1.0012 -1.0593 -1.1194 -1.1810 -1.2439 -1.3083
 -1.3742
 -1.0716 -0.9659 -0.8784 -0.8069 -0.7504 -0.7074 -0.6761 -0.6543 -0.6403 -0.6325
 -0.6303 -0.6332 -0.6403 -0.6507 -0.6629 -0.6929 -0.7102 -0.7226 -0.7414 -0.7679
 -0.8014 -0.8422 -0.8900 -0.9429 -0.9993 -1.0582 -1.1193 -1.1819 -1.2459 -1.3111
 -1.3772
 -1.0673 -0.9626 -0.8725 -0.7987 -0.7395 -0.6937 -0.6595 -0.6351 -0.6189 -0.6095
 -0.6057 -0.6068 -0.6121 -0.6207 -0.6168 -0.6698 -0.6993 -0.7154 -0.7354
 [Fe/H] =  0.75 [alpha/Fe] = 0.00 BC value =F850LP
 -2.4255 -2.0321 -1.5496 -1.1122 -0.9391 -0.9679 -1.0586 -1.0878 -0.9258 -0.8069
 -0.7405 -0.7114 -0.6965 -0.6860 -0.6740 -0.6540
 -2.2332 -2.1258 -1.9990 -1.8551 -1.6960 -1.5232 -1.3383 -1.1425 -0.9515 -0.8209
 -0.7550 -0.7269 -0.7136 -0.7043 -0.6953 -0.6736 -0.6644 -0.6662 -0.6741
 -2.0430 -2.0843 -2.1197 -2.1249 -2.0126 -1.7936 -1.5018 -1.1929 -0.9773 -0.8365
 -0.7650 -0.7349 -0.7222 -0.7144 -0.7070 -0.6882 -0.6781 -0.6800 -0.6908 -0.7087
 -0.7338
 -1.8549 -1.9076 -1.9116 -1.9215 -1.8890 -1.7789 -1.5491 -1.2418 -1.0072 -0.8547
 -0.7736 -0.7388 -0.7254 -0.7192 -0.7137 -0.6978 -0.6877 -0.6894 -0.7014 -0.7212
 -0.7486 -0.7839 -0.8263
 -1.6817 -1.6920 -1.7088 -1.7186 -1.7030 -1.6383 -1.4968 -1.2670 -1.0361 -0.8749
 -0.7829 -0.7410 -0.7251 -0.7196 -0.7164 -0.7048 -0.6954 -0.6968 -0.7093 -0.7304
 -0.7596 -0.7962 -0.8393 -0.8874 -0.9399
 -1.5368 -1.5232 -1.5228 -1.5255 -1.5181 -1.4823 -1.3987 -1.2478 -1.0544 -0.8937
 -0.7932 -0.7429 -0.7228 -0.7169 -0.7154 -0.7094 -0.7019 -0.7033 -0.7157 -0.7375
 -0.7678 -0.8059 -0.8501 -0.8986 -0.9505 -1.0060
 -1.4224 -1.3852 -1.3638 -1.3527 -1.3430 -1.3225 -1.2763 -1.1868 -1.0502 -0.9069
 -0.8028 -0.7451 -0.7198 -0.7119 -0.7113 -0.7112 -0.7068 -0.7089 -0.7213 -0.7433
 -0.7743 -0.8133 -0.8585 -0.9082 -0.9606 -1.0151 -1.0732 -1.1350 -1.1962 -1.2580
 -1.3112 -1.2696 -1.2360 -1.2098 -1.1901 -1.1716 -1.1447 -1.0960 -1.0135 -0.9052
 -0.8087 -0.7467 -0.7162 -0.7056 -0.7047 -0.7098 -0.7097 -0.7133 -0.7260 -0.7480
 -0.7791 -0.8187 -0.8648 -0.9154 -0.9687 -1.0239 -1.0812 -1.1416 -1.2057 -1.2691
 -1.3325
 -1.1629 -1.1192 -1.0914 -1.0759 -1.0618 -1.0415 -1.0187 -0.9911 -0.9472 -0.8803
 -0.8042 -0.7452 -0.7120 -0.6983 -0.6962 -0.7051 -0.7100 -0.7159 -0.7296 -0.7516
 -0.7827 -0.8224 -0.8689 -0.9202 -0.9744 -1.0306 -1.0885 -1.1483 -1.2112 -1.2775
 -1.3431
 -1.1083 -1.0265 -0.9675 -0.9291 -0.9086 -0.8995 -0.8929 -0.8805 -0.8597 -0.8270
 -0.7809 -0.7352 -0.7041 -0.6894 -0.6863 -0.6974 -0.7073 -0.7161 -0.7314 -0.7543
 -0.7853 -0.8249 -0.8718 -0.9236 -0.9786 -1.0357 -1.0948 -1.1555 -1.2182 -1.2836
 -1.3518
 -1.0924 -0.9983 -0.9209 -0.8610 -0.8180 -0.7892 -0.7704 -0.7585 -0.7506 -0.7421
 -0.7275 -0.7064 -0.6871 -0.6762 -0.6739 -0.6870 -0.7016 -0.7137 -0.7308 -0.7549
 -0.7860 -0.8252 -0.8717 -0.9236 -0.9791 -1.0368 -1.0966 -1.1581 -1.2215 -1.2869
 -1.3541
 -1.0893 -0.9887 -0.9037 -0.8340 -0.7790 -0.7377 -0.7081 -0.6870 -0.6719 -0.6615
 -0.6550 -0.6506 -0.6475 -0.6476 -0.6516 -0.6730 -0.6930 -0.7088 -0.7278 -0.7532
 -0.7850 -0.8238 -0.8698 -0.9216 -0.9772 -1.0354 -1.0959 -1.1581 -1.2221 -1.2879
 -1.3552
 -1.0904 -0.9861 -0.8962 -0.8217 -0.7612 -0.7137 -0.6778 -0.6516 -0.6331 -0.6204
 -0.6123 -0.6086 -0.6091 -0.6135 -0.6194 -0.6554 -0.6815 -0.7014 -0.7224
 [Fe/H] =  1.00 [alpha/Fe] = 0.00 BC value =F850LP
 -2.4988 -1.3195 -0.2902 -0.0037 -0.1557 -0.6515 -1.1542 -1.1161 -0.9316 -0.7984
 -0.7177 -0.6801 -0.6636 -0.6544 -0.6476 -0.6332
 -2.3164 -2.2079 -2.0776 -1.9278 -1.7606 -1.5780 -1.3815 -1.1727 -0.9669 -0.8183
 -0.7336 -0.6961 -0.6803 -0.6720 -0.6656 -0.6510 -0.6459 -0.6503 -0.6622
 -2.1293 -2.5071 -2.6627 -2.6189 -2.3957 -2.0108 -1.5462 -1.2329 -1.0041 -0.8405
 -0.7475 -0.7059 -0.6894 -0.6820 -0.6767 -0.6645 -0.6578 -0.6622 -0.6752 -0.6939
 -0.7190
 -1.9375 -2.2169 -2.0454 -2.0771 -2.0610 -1.9499 -1.6482 -1.2967 -1.0457 -0.8666
 -0.7619 -0.7129 -0.6937 -0.6868 -0.6833 -0.6737 -0.6671 -0.6709 -0.6842 -0.7044
 -0.7313 -0.7653 -0.8070
 -1.7562 -1.7944 -1.8368 -1.8690 -1.8703 -1.8107 -1.6486 -1.3611 -1.0898 -0.8967
 -0.7785 -0.7193 -0.6952 -0.6877 -0.6858 -0.6807 -0.6748 -0.6778 -0.6911 -0.7122
 -0.7407 -0.7763 -0.8185 -0.8667 -0.9205
 -1.6001 -1.6142 -1.6397 -1.6652 -1.6754 -1.6471 -1.5544 -1.3697 -1.1264 -0.9270
 -0.7968 -0.7265 -0.6958 -0.6859 -0.6848 -0.6852 -0.6816 -0.6843 -0.6971 -0.7188
 -0.7481 -0.7849 -0.8283 -0.8767 -0.9294 -0.9866
 -1.4750 -1.4623 -1.4652 -1.4763 -1.4843 -1.4739 -1.4255 -1.3162 -1.1397 -0.9534
 -0.8163 -0.7353 -0.6965 -0.6826 -0.6809 -0.6867 -0.6871 -0.6903 -0.7027 -0.7242
 -0.7540 -0.7917 -0.8362 -0.8855 -0.9380 -0.9941 -1.0541 -1.1161 -1.1780 -1.2413
 -1.3735 -1.3413 -1.3219 -1.3134 -1.3105 -1.3036 -1.2794 -1.2210 -1.1123 -0.9652
 -0.8329 -0.7449 -0.6978 -0.6788 -0.6750 -0.6846 -0.6902 -0.6953 -0.7079 -0.7290
 -0.7588 -0.7968 -0.8419 -0.8922 -0.9454 -1.0014 -1.0603 -1.1224 -1.1869 -1.2509
 -1.3157
 -1.2280 -1.2120 -1.1960 -1.1801 -1.1652 -1.1512 -1.1337 -1.1032 -1.0445 -0.9500
 -0.8399 -0.7521 -0.6995 -0.6750 -0.6680 -0.6792 -0.6904 -0.6986 -0.7120 -0.7332
 -0.7625 -0.8005 -0.8458 -0.8967 -0.9511 -1.0078 -1.0663 -1.1273 -1.1915 -1.2584
 -1.3246
 -1.1299 -1.0682 -1.0330 -1.0186 -1.0174 -1.0151 -1.0030 -0.9811 -0.9496 -0.8983
 -0.8253 -0.7512 -0.6984 -0.6703 -0.6603 -0.6708 -0.6873 -0.6992 -0.7145 -0.7364
 -0.7657 -0.8033 -0.8487 -0.8999 -0.9549 -1.0124 -1.0719 -1.1330 -1.1965 -1.2631
 -1.3324
 -1.1017 -1.0186 -0.9527 -0.9057 -0.8768 -0.8617 -0.8555 -0.8515 -0.8417 -0.8198
 -0.7834 -0.7352 -0.6915 -0.6638 -0.6518 -0.6603 -0.6807 -0.6970 -0.7145 -0.7377
 -0.7672 -0.8042 -0.8489 -0.8999 -0.9551 -1.0129 -1.0729 -1.1346 -1.1982 -1.2643
 -1.3328
 -1.0933 -1.0015 -0.9235 -0.8599 -0.8114 -0.7770 -0.7538 -0.7378 -0.7263 -0.7166
 -0.7051 -0.6880 -0.6659 -0.6473 -0.6379 -0.6477 -0.6713 -0.6917 -0.7120 -0.7367
 -0.7671 -0.8038 -0.8478 -0.8982 -0.9532 -1.0112 -1.0715 -1.1336 -1.1975 -1.2635
 -1.3316
 -1.0934 -0.9955 -0.9113 -0.8404 -0.7825 -0.7372 -0.7034 -0.6789 -0.6609 -0.6468
 -0.6355 -0.6267 -0.6197 -0.6144 -0.6186 -0.6330 -0.6591 -0.6833 -0.7070
