 [Fe/H] = -4.00 [alpha/Fe] = 0.40 BC value = F606W
  1.3078  3.1765  4.2885  3.1231 -0.0408 -4.3423 -3.3673 -1.5306 -0.4072 -0.2423
 -0.0792  0.0128 -0.3655 -0.8536 -0.9951 -0.5704
 -1.6466 -0.7372  0.0118 -0.2229 -1.3291 -3.1980 -2.7551 -1.8975 -1.2378 -0.9450
 -0.7190 -0.5988 -0.7071 -0.8778 -0.8970 -0.5323 -0.2948 -0.1545 -0.1462
 -2.8077 -2.4626 -2.0302 -1.8185 -1.8270 -2.2248 -2.0751 -1.8035 -1.5048 -1.2420
 -1.0421 -0.9211 -0.8727 -0.8469 -0.7843 -0.4861 -0.2788 -0.1496 -0.0906 -0.0433
  0.0473
 -2.1755 -1.9997 -1.8375 -1.6637 -1.5346 -1.4226 -1.3273 -1.2485 -1.2083 -1.1335
 -1.0483 -0.9542 -0.8624 -0.7607 -0.6570 -0.4318 -0.2642 -0.1490 -0.0698 -0.0152
  0.0257  0.0577  0.0846
 -1.8791 -1.7503 -1.6258 -1.4953 -1.3799 -1.2733 -1.1774 -1.0930 -1.0189 -0.9507
 -0.8816 -0.8072 -0.7311 -0.6526 -0.5721 -0.3880 -0.2496 -0.1528 -0.0839 -0.0334
  0.0052  0.0360  0.0617  0.0824  0.0978
 -1.5953 -1.5053 -1.4140 -1.3196 -1.2241 -1.1310 -1.0430 -0.9618 -0.8878 -0.8203
 -0.7576 -0.6964 -0.6331 -0.5706 -0.5050 -0.3529 -0.2356 -0.1531 -0.0938 -0.0488
 -0.0136  0.0150  0.0389  0.0592  0.0763  0.0892
 -1.3240 -1.2647 -1.2021 -1.1366 -1.0673 -0.9957 -0.9241 -0.8549 -0.7891 -0.7271
 -0.6691 -0.6144 -0.5615 -0.5097 -0.4557 -0.3265 -0.2222 -0.1499 -0.0995 -0.0614
 -0.0307 -0.0053  0.0163  0.0352  0.0517  0.0656  0.0762  0.0794  0.0727  0.0590
 -1.0652 -1.0285 -0.9901 -0.9502 -0.9069 -0.8595 -0.8088 -0.7568 -0.7045 -0.6528
 -0.6025 -0.5539 -0.5073 -0.4622 -0.4176 -0.3064 -0.2119 -0.1436 -0.0989 -0.0678
 -0.0433 -0.0226 -0.0046  0.0115  0.0261  0.0393  0.0514  0.0588  0.0579  0.0468
  0.0281
 -0.8314 -0.8099 -0.7892 -0.7691 -0.7470 -0.7218 -0.6927 -0.6596 -0.6234 -0.5852
 -0.5452 -0.5047 -0.4645 -0.4250 -0.3859 -0.2898 -0.2031 -0.1370 -0.0934 -0.0666
 -0.0485 -0.0341 -0.0212 -0.0094  0.0018  0.0125  0.0220  0.0309  0.0355  0.0315
  0.0163
 -0.6203 -0.6133 -0.6072 -0.6019 -0.5956 -0.5875 -0.5763 -0.5611 -0.5414 -0.5173
 -0.4894 -0.4586 -0.4259 -0.3922 -0.3580 -0.2729 -0.1935 -0.1296 -0.0858 -0.0595
 -0.0455 -0.0374 -0.0312 -0.0252 -0.0189 -0.0122 -0.0055  0.0005  0.0051  0.0052
  0.0004
 -0.4333 -0.4396 -0.4452 -0.4502 -0.4553 -0.4592 -0.4612 -0.4604 -0.4557 -0.4458
 -0.4306 -0.4108 -0.3873 -0.3610 -0.3325 -0.2571 -0.1844 -0.1228 -0.0785 -0.0508
 -0.0371 -0.0327 -0.0326 -0.0333 -0.0334 -0.0323 -0.0303 -0.0278 -0.0254 -0.0242
 -0.0239
 -0.2789 -0.2888 -0.3006 -0.3140 -0.3276 -0.3399 -0.3513 -0.3607 -0.3672 -0.3689
 -0.3654 -0.3571 -0.3442 -0.3269 -0.3056 -0.2417 -0.1748 -0.1158 -0.0713 -0.0425
 -0.0274 -0.0232 -0.0264 -0.0329 -0.0397 -0.0452 -0.0492 -0.0519 -0.0536 -0.0550
 -0.0574
 -0.1570 -0.1610 -0.1734 -0.1933 -0.2125 -0.2296 -0.2482 -0.2648 -0.2789 -0.2890
 -0.2951 -0.2974 -0.2963 -0.2899 -0.2773 -0.2268 -0.1647 -0.1086 -0.0642
 [Fe/H] = -3.00 [alpha/Fe] = 0.40 BC value = F606W
 -2.5086 -2.1696 -1.9622 -1.8729 -1.8784 -2.1881 -1.9483 -1.7325 -1.5685 -1.4394
 -1.2656 -1.0908 -1.0142 -0.9862 -0.9166 -0.5847
 -2.4307 -2.0965 -1.8670 -1.7321 -1.6766 -1.8003 -1.6632 -1.5297 -1.4124 -1.3060
 -1.1813 -1.0548 -0.9633 -0.8896 -0.7993 -0.5165 -0.3022 -0.1544 -0.0544
 -2.3400 -2.0188 -1.7793 -1.6136 -1.5125 -1.5040 -1.4273 -1.3469 -1.2631 -1.1761
 -1.0862 -0.9936 -0.8985 -0.8010 -0.7013 -0.4595 -0.2768 -0.1485 -0.0601  0.0018
  0.0469
 -2.2365 -1.9365 -1.6991 -1.5174 -1.3862 -1.2992 -1.2406 -1.1841 -1.1206 -1.0498
 -0.9804 -0.9071 -0.8197 -0.7202 -0.6226 -0.4137 -0.2568 -0.1456 -0.0676 -0.0116
  0.0302  0.0626  0.0892
 -2.1202 -1.8496 -1.6264 -1.4435 -1.2976 -1.1859 -1.1031 -1.0413 -0.9849 -0.9270
 -0.8638 -0.7953 -0.7270 -0.6473 -0.5632 -0.3791 -0.2422 -0.1457 -0.0770 -0.0263
  0.0124  0.0432  0.0681  0.0882  0.1031
 -1.9911 -1.7581 -1.5612 -1.3919 -1.2467 -1.1261 -1.0297 -0.9530 -0.8898 -0.8335
 -0.7760 -0.7134 -0.6522 -0.5877 -0.5167 -0.3533 -0.2302 -0.1454 -0.0858 -0.0408
 -0.0055  0.0230  0.0466  0.0663  0.0826  0.0951
 -1.8408 -1.6463 -1.4809 -1.3347 -1.2026 -1.0845 -0.9825 -0.8979 -0.8276 -0.7662
 -0.7085 -0.6512 -0.5928 -0.5388 -0.4783 -0.3333 -0.2196 -0.1422 -0.0907 -0.0525
 -0.0218  0.0035  0.0247  0.0430  0.0588  0.0718  0.0816  0.0841  0.0768  0.0630
 -1.6766 -1.5160 -1.3804 -1.2603 -1.1484 -1.0426 -0.9440 -0.8568 -0.7823 -0.7182
 -0.6604 -0.6050 -0.5498 -0.4982 -0.4456 -0.3166 -0.2105 -0.1364 -0.0898 -0.0583
 -0.0338 -0.0132  0.0044  0.0199  0.0337  0.0460  0.0559  0.0629  0.0623  0.0508
  0.0319
 -1.3980 -1.3426 -1.2652 -1.1681 -1.0775 -0.9894 -0.9023 -0.8190 -0.7439 -0.6783
 -0.6205 -0.5673 -0.5160 -0.4659 -0.4180 -0.3008 -0.2024 -0.1295 -0.0821 -0.0569
 -0.0354 -0.0245 -0.0120 -0.0008  0.0097  0.0196  0.0284  0.0329  0.0327  0.0283
  0.0200
 -1.3082 -1.2020 -1.1213 -1.0635 -0.9906 -0.9198 -0.8482 -0.7759 -0.7052 -0.6402
 -0.5826 -0.5312 -0.4832 -0.4371 -0.3928 -0.2845 -0.1924 -0.1224 -0.0760 -0.0497
 -0.0359 -0.0279 -0.0220 -0.0164 -0.0108 -0.0049  0.0010  0.0064  0.0101  0.0106
  0.0042
 -1.1514 -1.0661 -1.0012 -0.9549 -0.8959 -0.8384 -0.7816 -0.7227 -0.6623 -0.6025
 -0.5465 -0.4963 -0.4511 -0.4089 -0.3685 -0.2699 -0.1831 -0.1153 -0.0687 -0.0408
 -0.0276 -0.0236 -0.0237 -0.0248 -0.0254 -0.0249 -0.0237 -0.0218 -0.0201 -0.0196
 -0.0199
 -0.9786 -0.9347 -0.8884 -0.8398 -0.7977 -0.7585 -0.7172 -0.6577 -0.6092 -0.5589
 -0.5086 -0.4609 -0.4176 -0.3785 -0.3420 -0.2548 -0.1731 -0.1080 -0.0613 -0.0323
 -0.0178 -0.0144 -0.0180 -0.0248 -0.0320 -0.0380 -0.0427 -0.0460 -0.0482 -0.0503
 -0.0533
 -0.7896 -0.8081 -0.7828 -0.7182 -0.6962 -0.6801 -0.6346 -0.6003 -0.5626 -0.5061
 -0.4646 -0.4230 -0.3829 -0.3463 -0.3133 -0.2392 -0.1624 -0.1005 -0.0538
 [Fe/H] = -2.50 [alpha/Fe] = 0.40 BC value = F606W
 -3.5568 -3.3461 -3.1902 -2.8727 -2.4088 -2.0236 -1.8610 -1.8253 -1.7591 -1.6160
 -1.4435 -1.2643 -1.1069 -0.9763 -0.8495 -0.5600
 -3.1208 -2.8084 -2.5760 -2.3121 -2.0181 -1.7773 -1.6388 -1.5607 -1.4787 -1.3702
 -1.2477 -1.1154 -0.9839 -0.8617 -0.7461 -0.4930 -0.2942 -0.1494 -0.0385
 -2.7951 -2.4182 -2.1340 -1.9004 -1.7101 -1.5600 -1.4421 -1.3454 -1.2586 -1.1738
 -1.0851 -0.9873 -0.8792 -0.7681 -0.6631 -0.4396 -0.2680 -0.1427 -0.0512  0.0127
  0.0525
 -2.5797 -2.1755 -1.8642 -1.6376 -1.4848 -1.3717 -1.2709 -1.1794 -1.0988 -1.0268
 -0.9557 -0.8800 -0.7928 -0.6955 -0.6005 -0.3998 -0.2488 -0.1392 -0.0617 -0.0056
  0.0365  0.0687  0.0938
 -2.4746 -2.0803 -1.7666 -1.5237 -1.3422 -1.2124 -1.1252 -1.0627 -0.9993 -0.9292
 -0.8595 -0.7935 -0.7247 -0.6439 -0.5583 -0.3736 -0.2366 -0.1389 -0.0700 -0.0194
  0.0194  0.0500  0.0747  0.0953  0.1102
 -2.4006 -2.0297 -1.7294 -1.4892 -1.2995 -1.1533 -1.0440 -0.9634 -0.9036 -0.8525
 -0.7948 -0.7304 -0.6683 -0.6022 -0.5279 -0.3565 -0.2284 -0.1390 -0.0778 -0.0328
  0.0023  0.0306  0.0539  0.0732  0.0888  0.1006
 -2.3153 -1.9783 -1.7016 -1.4752 -1.2894 -1.1374 -1.0156 -0.9205 -0.8459 -0.7847
 -0.7308 -0.6769 -0.6201 -0.5637 -0.5004 -0.3438 -0.2219 -0.1373 -0.0821 -0.0434
 -0.0130  0.0119  0.0328  0.0505  0.0656  0.0779  0.0869  0.0888  0.0812  0.0672
 -2.2043 -1.9060 -1.6591 -1.4541 -1.2813 -1.1338 -1.0080 -0.9028 -0.8175 -0.7474
 -0.6866 -0.6305 -0.5759 -0.5248 -0.4712 -0.3312 -0.2154 -0.1333 -0.0815 -0.0486
 -0.0243 -0.0042  0.0130  0.0280  0.0412  0.0528  0.0618  0.0681  0.0669  0.0550
  0.0360
 -2.0725 -1.8119 -1.5954 -1.4146 -1.2601 -1.1244 -1.0032 -0.8955 -0.8024 -0.7245
 -0.6584 -0.5995 -0.5443 -0.4915 -0.4423 -0.3163 -0.2081 -0.1275 -0.0765 -0.0472
 -0.0289 -0.0149 -0.0029  0.0078  0.0177  0.0269  0.0349  0.0409  0.0436  0.0400
  0.0239
 -1.9240 -1.6999 -1.5118 -1.3540 -1.2187 -1.0982 -0.9877 -0.8851 -0.7911 -0.7079
 -0.6363 -0.5746 -0.5188 -0.4663 -0.4175 -0.2992 -0.1981 -0.1205 -0.0688 -0.0402
 -0.0260 -0.0182 -0.0126 -0.0076 -0.0025  0.0028  0.0079  0.0125  0.0155  0.0152
  0.0083
 -1.7742 -1.5845 -1.4204 -1.2815 -1.1630 -1.0575 -0.9598 -0.8667 -0.7779 -0.6947
 -0.6197 -0.5542 -0.4970 -0.4453 -0.3973 -0.2850 -0.1883 -0.1136 -0.0616 -0.0315
 -0.0179 -0.0140 -0.0145 -0.0159 -0.0169 -0.0170 -0.0164 -0.0154 -0.0144 -0.0146
 -0.0155
 -1.6272 -1.4681 -1.3258 -1.2023 -1.0960 -1.0029 -0.9172 -0.8351 -0.7550 -0.6772
 -0.6033 -0.5357 -0.4760 -0.4238 -0.3769 -0.2714 -0.1785 -0.1059 -0.0546 -0.0230
 -0.0080 -0.0049 -0.0089 -0.0161 -0.0236 -0.0301 -0.0354 -0.0393 -0.0423 -0.0450
 -0.0487
 -1.4829 -1.3507 -1.2316 -1.1217 -1.0251 -0.9402 -0.8634 -0.7911 -0.7205 -0.6508
 -0.5824 -0.5169 -0.4561 -0.4022 -0.3563 -0.2584 -0.1687 -0.0974 -0.0478
 [Fe/H] = -2.00 [alpha/Fe] = 0.40 BC value = F606W
 -4.2668 -3.8131 -3.4503 -3.1893 -2.9081 -2.6267 -2.3360 -2.0521 -1.7896 -1.5673
 -1.3758 -1.2072 -1.0581 -0.9240 -0.7706 -0.5163
 -4.0096 -3.5418 -3.1314 -2.7757 -2.4714 -2.2049 -1.9621 -1.7350 -1.5310 -1.3569
 -1.2043 -1.0643 -0.9328 -0.8112 -0.6900 -0.4591 -0.2784 -0.1411 -0.0426
 -3.7095 -3.2318 -2.8088 -2.4467 -2.1442 -1.8936 -1.6827 -1.4951 -1.3317 -1.1919
 -1.0685 -0.9526 -0.8385 -0.7286 -0.6271 -0.4153 -0.2540 -0.1334 -0.0466  0.0157
  0.0620
 -3.3665 -2.8831 -2.4825 -2.2023 -1.9265 -1.6929 -1.4978 -1.3324 -1.1917 -1.0723
 -0.9684 -0.8721 -0.7752 -0.6762 -0.5819 -0.3849 -0.2378 -0.1296 -0.0521  0.0040
  0.0466  0.0783  0.1022
 -3.1009 -2.6134 -2.2278 -1.9311 -1.7013 -1.5173 -1.3616 -1.2215 -1.0951 -0.9851
 -0.8911 -0.8080 -0.7275 -0.6416 -0.5544 -0.3679 -0.2298 -0.1297 -0.0591 -0.0083
  0.0302  0.0606  0.0848  0.1046  0.1187
 -3.0019 -2.5099 -2.1058 -1.7907 -1.5492 -1.3641 -1.2208 -1.1069 -1.0122 -0.9261
 -0.8387 -0.7585 -0.6859 -0.6140 -0.5360 -0.3586 -0.2260 -0.1313 -0.0659 -0.0201
  0.0147  0.0424  0.0651  0.0837  0.0984  0.1092
 -2.9613 -2.4711 -2.0658 -1.7402 -1.4823 -1.2798 -1.1229 -1.0030 -0.9124 -0.8446
 -0.7849 -0.7199 -0.6528 -0.5872 -0.5194 -0.3525 -0.2237 -0.1321 -0.0704 -0.0293
  0.0008  0.0250  0.0451  0.0620  0.0762  0.0875  0.0954  0.0962  0.0881  0.0743
 -2.9175 -2.4499 -2.0552 -1.7342 -1.4765 -1.2701 -1.1049 -0.9737 -0.8707 -0.7889
 -0.7226 -0.6666 -0.6125 -0.5571 -0.4989 -0.3464 -0.2209 -0.1310 -0.0713 -0.0342
 -0.0093  0.0101  0.0264  0.0405  0.0528  0.0633  0.0712  0.0763  0.0742  0.0620
  0.0429
 -2.8467 -2.4114 -2.0401 -1.7334 -1.4832 -1.2796 -1.1123 -0.9741 -0.8609 -0.7689
 -0.6929 -0.6282 -0.5712 -0.5193 -0.4698 -0.3360 -0.2166 -0.1277 -0.0687 -0.0336
 -0.0136  0.0001  0.0114  0.0213  0.0302  0.0384  0.0452  0.0500  0.0516  0.0471
  0.0307
 -2.7347 -2.3382 -1.9993 -1.7146 -1.4798 -1.2855 -1.1228 -0.9842 -0.8656 -0.7650
 -0.6804 -0.6088 -0.5462 -0.4899 -0.4394 -0.3184 -0.2082 -0.1218 -0.0628 -0.0281
 -0.0111 -0.0029  0.0022  0.0066  0.0108  0.0152  0.0191  0.0224  0.0242  0.0228
  0.0151
 -2.5909 -2.2474 -1.9435 -1.6834 -1.4657 -1.2837 -1.1290 -0.9948 -0.8765 -0.7720
 -0.6806 -0.6019 -0.5340 -0.4741 -0.4202 -0.3019 -0.1984 -0.1155 -0.0564 -0.0205
 -0.0037  0.0011  0.0006 -0.0014 -0.0031 -0.0041 -0.0045 -0.0046 -0.0049 -0.0063
 -0.0084
 -2.4282 -2.1358 -1.8701 -1.6369 -1.4377 -1.2687 -1.1238 -0.9965 -0.8824 -0.7789
 -0.6852 -0.6014 -0.5280 -0.4640 -0.4075 -0.2881 -0.1878 -0.1079 -0.0497 -0.0125
  0.0057  0.0100  0.0061 -0.0015 -0.0096 -0.0169 -0.0231 -0.0280 -0.0322 -0.0361
 -0.0408
 -2.2493 -2.0061 -1.7840 -1.5818 -1.4009 -1.2432 -1.1079 -0.9881 -0.8797 -0.7801
 -0.6878 -0.6028 -0.5257 -0.4574 -0.4013 -0.2770 -0.1764 -0.0990 -0.0427
 [Fe/H] = -1.50 [alpha/Fe] = 0.40 BC value = F606W
 -5.1804 -4.8502 -4.5254 -4.1923 -3.8714 -3.4942 -3.0269 -2.4742 -1.9986 -1.6326
 -1.3582 -1.1506 -0.9870 -0.8512 -0.7338 -0.4912
 -4.8434 -4.4255 -4.0390 -3.6740 -3.3301 -2.9746 -2.5717 -2.1267 -1.7474 -1.4483
 -1.2166 -1.0348 -0.8871 -0.7625 -0.6540 -0.4324 -0.2615 -0.1298 -0.0326
 -4.5686 -4.1016 -3.6738 -3.2829 -2.9231 -2.5833 -2.2338 -1.8714 -1.5616 -1.3111
 -1.1114 -0.9501 -0.8157 -0.7002 -0.5986 -0.3923 -0.2372 -0.1204 -0.0340  0.0287
  0.0755
 -4.3560 -3.8785 -3.4298 -3.0190 -2.6503 -2.3203 -2.0132 -1.7083 -1.4412 -1.2210
 -1.0426 -0.8965 -0.7728 -0.6643 -0.5676 -0.3709 -0.2252 -0.1174 -0.0385  0.0185
  0.0606  0.0931  0.1175
 -4.0195 -3.5476 -3.1687 -2.8030 -2.4556 -2.1368 -1.8528 -1.5903 -1.3548 -1.1559
 -0.9924 -0.8580 -0.7442 -0.6432 -0.5511 -0.3611 -0.2209 -0.1185 -0.0448  0.0079
  0.0465  0.0765  0.1000  0.1188  0.1317
 -3.7116 -3.2286 -2.8217 -2.4777 -2.1842 -1.9309 -1.7050 -1.4874 -1.2842 -1.1051
 -0.9533 -0.8270 -0.7210 -0.6280 -0.5415 -0.3573 -0.2205 -0.1214 -0.0512 -0.0021
  0.0330  0.0601  0.0819  0.0994  0.1130  0.1220
 -3.6069 -3.0814 -2.6314 -2.2563 -1.9479 -1.6940 -1.4866 -1.3179 -1.1745 -1.0437
 -0.9178 -0.8020 -0.7007 -0.6130 -0.5333 -0.3560 -0.2212 -0.1242 -0.0564 -0.0103
  0.0211  0.0446  0.0637  0.0795  0.0923  0.1021  0.1082  0.1075  0.0987  0.0851
 -3.6013 -3.0505 -2.5707 -2.1710 -1.8450 -1.5808 -1.3663 -1.1911 -1.0478 -0.9331
 -0.8415 -0.7596 -0.6779 -0.5980 -0.5231 -0.3546 -0.2217 -0.1256 -0.0593 -0.0155
  0.0124  0.0317  0.0469  0.0597  0.0706  0.0795  0.0857  0.0884  0.0853  0.0729
  0.0543
 -3.6185 -3.0675 -2.5759 -2.1588 -1.8176 -1.5426 -1.3206 -1.1401 -0.9929 -0.8724
 -0.7739 -0.6941 -0.6282 -0.5667 -0.5051 -0.3515 -0.2210 -0.1252 -0.0593 -0.0169
  0.0114  0.0231  0.0335  0.0421  0.0496  0.0562  0.0612  0.0652  0.0653  0.0582
  0.0418
 -3.5958 -3.0702 -2.5864 -2.1701 -1.8231 -1.5413 -1.3137 -1.1283 -0.9760 -0.8504
 -0.7463 -0.6595 -0.5865 -0.5246 -0.4702 -0.3398 -0.2171 -0.1219 -0.0559 -0.0139
  0.0094  0.0204  0.0255  0.0287  0.0316  0.0343  0.0366  0.0381  0.0380  0.0349
  0.0261
 -3.5209 -3.0349 -2.5848 -2.1825 -1.8415 -1.5600 -1.3305 -1.1420 -0.9859 -0.8549
 -0.7444 -0.6511 -0.5717 -0.5034 -0.4442 -0.3213 -0.2101 -0.1181 -0.0515 -0.0087
  0.0147  0.0235  0.0241  0.0215  0.0186  0.0162  0.0141  0.0124  0.0103  0.0070
  0.0032
 -3.3958 -2.9600 -2.5520 -2.1756 -1.8509 -1.5775 -1.3507 -1.1630 -1.0058 -0.8722
 -0.7570 -0.6574 -0.5714 -0.4973 -0.4328 -0.3039 -0.1992 -0.1118 -0.0460 -0.0020
  0.0225  0.0312  0.0291  0.0216  0.0127  0.0042 -0.0034 -0.0099 -0.0157 -0.0214
 -0.0279
 -3.2221 -2.8469 -2.4883 -2.1496 -1.8476 -1.5875 -1.3678 -1.1832 -1.0269 -0.8929
 -0.7758 -0.6726 -0.5813 -0.5010 -0.4360 -0.2876 -0.1844 -0.1030 -0.0394
 [Fe/H] = -1.00 [alpha/Fe] = 0.40 BC value = F606W
 -5.7397 -5.4690 -5.2135 -4.9632 -4.7952 -4.5022 -3.9573 -3.1506 -2.4806 -1.8010
 -1.4063 -1.1381 -0.9481 -0.8017 -0.6821 -0.4494
 -5.3705 -5.0452 -4.7508 -4.4779 -4.2398 -3.9358 -3.4539 -2.7797 -2.1498 -1.6545
 -1.2987 -1.0488 -0.8695 -0.7325 -0.6205 -0.4028 -0.2399 -0.1138 -0.0168
 -5.1035 -4.7294 -4.3936 -4.0897 -3.8028 -3.4935 -3.0709 -2.5087 -1.9848 -1.5555
 -1.2300 -0.9925 -0.8190 -0.6870 -0.5797 -0.3723 -0.2195 -0.1045 -0.0179  0.0463
  0.0932
 -4.9387 -4.5216 -4.1419 -3.7986 -3.4842 -3.1754 -2.8083 -2.3376 -1.8870 -1.5040
 -1.2002 -0.9692 -0.7966 -0.6652 -0.5597 -0.3579 -0.2112 -0.1025 -0.0220  0.0375
  0.0810  0.1138  0.1378
 -4.7858 -4.3621 -3.9609 -3.5878 -3.2441 -2.9241 -2.6008 -2.2083 -1.8164 -1.4716
 -1.1875 -0.9631 -0.7903 -0.6575 -0.5519 -0.3529 -0.2094 -0.1043 -0.0278  0.0283
  0.0689  0.0990  0.1219  0.1397  0.1511
 -4.4314 -4.0714 -3.7317 -3.3949 -3.0571 -2.7306 -2.4188 -2.0933 -1.7540 -1.4441
 -1.1797 -0.9637 -0.7920 -0.6577 -0.5509 -0.3528 -0.2109 -0.1078 -0.0338  0.0195
  0.0575  0.0851  0.1062  0.1224  0.1349  0.1420
 -4.1190 -3.6974 -3.3422 -3.0380 -2.7641 -2.5024 -2.2357 -1.9612 -1.6793 -1.4089
 -1.1683 -0.9642 -0.7963 -0.6614 -0.5533 -0.3549 -0.2138 -0.1116 -0.0390  0.0121
  0.0476  0.0724  0.0907  0.1051  0.1161  0.1238  0.1272  0.1245  0.1142  0.1002
 -4.0152 -3.5286 -3.1077 -2.7529 -2.4537 -2.1926 -1.9553 -1.7336 -1.5194 -1.3168
 -1.1264 -0.9515 -0.7967 -0.6657 -0.5569 -0.3577 -0.2167 -0.1147 -0.0428  0.0068
  0.0401  0.0619  0.0768  0.0881  0.0970  0.1037  0.1076  0.1077  0.1022  0.0885
  0.0704
 -4.0446 -3.5144 -3.0404 -2.6328 -2.2903 -2.0037 -1.7581 -1.5404 -1.3414 -1.1617
 -1.0084 -0.8796 -0.7649 -0.6575 -0.5579 -0.3601 -0.2191 -0.1166 -0.0446  0.0043
  0.0358  0.0548  0.0659  0.0731  0.0786  0.0829  0.0854  0.0859  0.0824  0.0749
  0.0590
 -4.1147 -3.5705 -3.0663 -2.6185 -2.2362 -1.9182 -1.6544 -1.4315 -1.2386 -1.0686
 -0.9200 -0.7944 -0.6923 -0.6083 -0.5326 -0.3591 -0.2189 -0.1161 -0.0436  0.0051
  0.0353  0.0520  0.0593  0.0619  0.0629  0.0634  0.0631  0.0620  0.0593  0.0535
  0.0426
 -4.1657 -3.6375 -3.1290 -2.6635 -2.2554 -1.9103 -1.6251 -1.3901 -1.1936 -1.0266
 -0.8827 -0.7589 -0.6538 -0.5664 -0.4940 -0.3480 -0.2186 -0.1156 -0.0420  0.0076
  0.0378  0.0532  0.0576  0.0558  0.0517  0.0472  0.0428  0.0386  0.0339  0.0279
  0.0194
 -4.1554 -3.6548 -3.1721 -2.7121 -2.2979 -1.9392 -1.6388 -1.3910 -1.1866 -1.0163
 -0.8719 -0.7483 -0.6421 -0.5512 -0.4738 -0.3274 -0.2118 -0.1135 -0.0392  0.0118
  0.0429  0.0580  0.0608  0.0556  0.0465  0.0366  0.0270  0.0182  0.0100  0.0016
 -0.0075
 -4.0842 -3.6276 -3.1731 -2.7389 -2.3346 -1.9776 -1.6725 -1.4167 -1.2050 -1.0293
 -0.8815 -0.7553 -0.6464 -0.5521 -0.4720 -0.2973 -0.1985 -0.1098 -0.0352
 [Fe/H] = -0.75 [alpha/Fe] = 0.30 BC value = F606W
 -5.8628 -5.6036 -5.3614 -5.1318 -5.0101 -4.7461 -4.1872 -3.3291 -2.5870 -1.8511
 -1.4237 -1.1369 -0.9359 -0.7852 -0.6636 -0.4304
 -5.4938 -5.1855 -4.9106 -4.6628 -4.4609 -4.1841 -3.6981 -2.9764 -2.2755 -1.7202
 -1.3271 -1.0561 -0.8650 -0.7223 -0.6077 -0.3890 -0.2277 -0.1041 -0.0082
 -5.2286 -4.8738 -4.5602 -4.2828 -4.0259 -3.7422 -3.3208 -2.7166 -2.1269 -1.6376
 -1.2712 -1.0093 -0.8220 -0.6826 -0.5717 -0.3621 -0.2094 -0.0953 -0.0090  0.0557
  0.1036
 -5.0672 -4.6685 -4.3102 -3.9918 -3.7052 -3.4203 -3.0553 -2.5497 -2.0432 -1.6033
 -1.2560 -0.9965 -0.8069 -0.6661 -0.5556 -0.3497 -0.2019 -0.0930 -0.0124  0.0477
  0.0918  0.1246  0.1481
 -4.9386 -4.5210 -4.1326 -3.7778 -3.4562 -3.1568 -2.8398 -2.4198 -1.9813 -1.5856
 -1.2579 -1.0018 -0.8085 -0.6635 -0.5512 -0.3463 -0.2006 -0.0946 -0.0174  0.0394
  0.0808  0.1112  0.1348  0.1518  0.1618
 -4.6519 -4.2956 -3.9451 -3.6006 -3.2655 -2.9488 -2.6439 -2.3002 -1.9227 -1.5687
 -1.2632 -1.0143 -0.8192 -0.6695 -0.5538 -0.3476 -0.2028 -0.0979 -0.0229  0.0314
  0.0705  0.0986  0.1195  0.1353  0.1465  0.1526
 -4.2705 -3.8839 -3.5622 -3.2822 -3.0183 -2.7486 -2.4630 -2.1694 -1.8529 -1.5424
 -1.2632 -1.0262 -0.8331 -0.6803 -0.5607 -0.3511 -0.2063 -0.1018 -0.0277  0.0247
  0.0616  0.0872  0.1056  0.1194  0.1297  0.1368  0.1391  0.1345  0.1232  0.1086
 -4.1115 -3.6503 -3.2570 -2.9319 -2.6574 -2.4126 -2.1822 -1.9516 -1.7117 -1.4695
 -1.2374 -1.0262 -0.8441 -0.6925 -0.5698 -0.3556 -0.2102 -0.1053 -0.0314  0.0198
  0.0548  0.0779  0.0932  0.1040  0.1121  0.1177  0.1202  0.1193  0.1122  0.0976
  0.0790
 -4.1133 -3.6002 -3.1456 -2.7579 -2.4350 -2.1634 -1.9252 -1.7054 -1.4943 -1.2962
 -1.1223 -0.9681 -0.8262 -0.6952 -0.5782 -0.3603 -0.2137 -0.1081 -0.0334  0.0173
  0.0507  0.0715  0.0835  0.0905  0.0952  0.0983  0.0996  0.0987  0.0947  0.0848
  0.0669
 -4.1870 -3.6478 -3.1528 -2.7165 -2.3450 -2.0356 -1.7763 -1.5524 -1.3514 -1.1672
 -1.0022 -0.8622 -0.7477 -0.6509 -0.5623 -0.3630 -0.2150 -0.1086 -0.0332  0.0178
  0.0501  0.0688  0.0776  0.0804  0.0808  0.0803  0.0788  0.0763  0.0723  0.0649
  0.0525
 -4.2613 -3.7307 -3.2198 -2.7556 -2.3486 -2.0043 -1.7185 -1.4806 -1.2784 -1.1022
 -0.9465 -0.8101 -0.6943 -0.5989 -0.5202 -0.3580 -0.2170 -0.1094 -0.0326  0.0195
  0.0520  0.0695  0.0758  0.0749  0.0705  0.0653  0.0598  0.0542  0.0481  0.0406
  0.0306
 -4.2829 -3.7762 -3.2825 -2.8139 -2.3922 -2.0261 -1.7180 -1.4633 -1.2522 -1.0745
 -0.9220 -0.7897 -0.6750 -0.5767 -0.4937 -0.3381 -0.2138 -0.1090 -0.0310  0.0227
  0.0562  0.0736  0.0785  0.0746  0.0658  0.0555  0.0450  0.0351  0.0255  0.0157
  0.0050
 -4.2446 -3.7719 -3.3054 -2.8577 -2.4396 -2.0681 -1.7494 -1.4818 -1.2604 -1.0765
 -0.9214 -0.7887 -0.6738 -0.5741 -0.4828 -0.3033 -0.2054 -0.1074 -0.0284
 [Fe/H] = -0.50 [alpha/Fe] = 0.20 BC value = F606W
 -5.9831 -5.7313 -5.4966 -5.2805 -5.1902 -4.9403 -4.3669 -3.5577 -2.6778 -1.9733
 -1.4416 -1.1370 -0.9247 -0.7678 -0.6444 -0.4120
 -5.6130 -5.3157 -5.0541 -4.8252 -4.6509 -4.3952 -3.9066 -3.1483 -2.3881 -1.7825
 -1.3553 -1.0642 -0.8612 -0.7118 -0.5943 -0.3741 -0.2144 -0.0931  0.0011
 -5.3478 -5.0059 -4.7086 -4.4526 -4.2214 -3.9622 -3.5447 -2.9067 -2.2608 -1.7148
 -1.3113 -1.0264 -0.8255 -0.6782 -0.5632 -0.3501 -0.1974 -0.0843  0.0012  0.0662
  0.1149
 -5.1875 -4.8019 -4.4601 -4.1627 -3.9017 -3.6413 -3.2812 -2.7501 -2.1927 -1.6982
 -1.3096 -1.0236 -0.8176 -0.6670 -0.5511 -0.3400 -0.1907 -0.0819 -0.0014  0.0590
  0.1039  0.1368  0.1606
 -5.0740 -4.6627 -4.2857 -3.9473 -3.6473 -3.3706 -3.0627 -2.6231 -2.1433 -1.6972
 -1.3264 -1.0399 -0.8269 -0.6699 -0.5505 -0.3383 -0.1902 -0.0832 -0.0057  0.0517
  0.0939  0.1248  0.1475  0.1638  0.1738
 -4.8574 -4.4852 -4.1233 -3.7780 -3.4523 -3.1514 -2.8590 -2.5016 -2.0908 -1.6929
 -1.3459 -1.0643 -0.8463 -0.6819 -0.5570 -0.3412 -0.1930 -0.0865 -0.0105  0.0446
  0.0847  0.1134  0.1345  0.1499  0.1604  0.1656
 -4.4376 -4.0825 -3.7841 -3.5136 -3.2446 -2.9646 -2.6731 -2.3703 -2.0251 -1.6762
 -1.3581 -1.0879 -0.8696 -0.6994 -0.5685 -0.3467 -0.1976 -0.0906 -0.0150  0.0385
  0.0767  0.1034  0.1221  0.1356  0.1452  0.1511  0.1520  0.1462  0.1340  0.1186
 -4.2170 -3.7784 -3.4135 -3.1168 -2.8663 -2.6397 -2.4159 -2.1743 -1.9059 -1.6232
 -1.3488 -1.1019 -0.8914 -0.7195 -0.5833 -0.3532 -0.2026 -0.0947 -0.0186  0.0340
  0.0705  0.0951  0.1111  0.1219  0.1293  0.1338  0.1351  0.1326  0.1240  0.1084
  0.0890
 -4.1838 -3.6858 -3.2507 -2.8854 -2.5842 -2.3308 -2.1041 -1.8868 -1.6670 -1.4516
 -1.2518 -1.0653 -0.8909 -0.7342 -0.5992 -0.3604 -0.2074 -0.0984 -0.0212  0.0316
  0.0667  0.0893  0.1025  0.1099  0.1141  0.1162  0.1161  0.1139  0.1081  0.0967
  0.0776
 -4.2487 -3.7166 -3.2327 -2.8095 -2.4528 -2.1562 -1.9059 -1.6843 -1.4772 -1.2795
 -1.0991 -0.9449 -0.8156 -0.7015 -0.5948 -0.3667 -0.2104 -0.1001 -0.0218  0.0316
  0.0660  0.0867  0.0973  0.1010  0.1011  0.0997  0.0970  0.0931  0.0873  0.0784
  0.0643
 -4.3399 -3.8043 -3.2967 -2.8366 -2.4351 -2.0964 -1.8148 -1.5778 -1.3719 -1.1870
 -1.0188 -0.8700 -0.7432 -0.6392 -0.5525 -0.3687 -0.2147 -0.1024 -0.0223  0.0325
  0.0673  0.0870  0.0955  0.0959  0.0919  0.0862  0.0796  0.0727  0.0650  0.0558
  0.0441
 -4.3882 -3.8735 -3.3738 -2.8996 -2.4745 -2.1053 -1.7952 -1.5379 -1.3226 -1.1390
 -0.9784 -0.8368 -0.7130 -0.6070 -0.5181 -0.3510 -0.2156 -0.1038 -0.0220  0.0347
  0.0707  0.0904  0.0976  0.0955  0.0877  0.0773  0.0661  0.0549  0.0439  0.0325
  0.0202
 -4.3778 -3.8929 -3.4155 -2.9580 -2.5285 -2.1479 -1.8197 -1.5447 -1.3166 -1.1266
 -0.9655 -0.8263 -0.7049 -0.5991 -0.4916 -0.3136 -0.2131 -0.1043 -0.0209
 [Fe/H] = -0.25 [alpha/Fe] = 0.10 BC value = F606W
 -6.1214 -5.8679 -5.6344 -5.4223 -5.3424 -5.0866 -4.5006 -3.6155 -2.7481 -2.0134
 -1.5058 -1.1655 -0.9338 -0.7638 -0.6249 -0.3914
 -5.7473 -5.4525 -5.1965 -4.9777 -4.8185 -4.5713 -4.0721 -3.2812 -2.4839 -1.8354
 -1.3808 -1.0719 -0.8574 -0.7017 -0.5803 -0.3575 -0.1994 -0.0801  0.0121
 -5.4794 -5.1425 -4.8534 -4.6107 -4.3974 -4.1550 -3.7311 -3.0691 -2.3744 -1.7820
 -1.3465 -1.0418 -0.8286 -0.6735 -0.5539 -0.3366 -0.1837 -0.0714  0.0129  0.0779
  0.1268
 -5.3177 -4.9379 -4.6051 -4.3213 -4.0790 -3.8376 -3.4776 -2.9270 -2.3257 -1.7815
 -1.3566 -1.0475 -0.8271 -0.6673 -0.5457 -0.3287 -0.1777 -0.0689  0.0111  0.0717
  0.1172  0.1506  0.1745
 -5.2120 -4.8033 -4.4323 -4.1051 -3.8216 -3.5645 -3.2614 -2.8075 -2.2905 -1.7970
 -1.3868 -1.0735 -0.8435 -0.6753 -0.5489 -0.3288 -0.1778 -0.0700  0.0077  0.0653
  0.1083  0.1397  0.1626  0.1788  0.1878
 -5.0447 -4.6559 -4.2856 -3.9407 -3.6242 -3.3376 -3.0561 -2.6879 -2.2475 -1.8078
 -1.4206 -1.1087 -0.8706 -0.6930 -0.5596 -0.3337 -0.1815 -0.0732  0.0035  0.0592
  0.1001  0.1296  0.1509  0.1661  0.1761  0.1804
 -4.6277 -4.2939 -4.0012 -3.7213 -3.4395 -3.1536 -2.8656 -2.5563 -2.1869 -1.8019
 -1.4459 -1.1439 -0.9028 -0.7171 -0.5756 -0.3411 -0.1872 -0.0777 -0.0007  0.0538
  0.0930  0.1207  0.1399  0.1534  0.1625  0.1673  0.1670  0.1597  0.1466  0.1302
 -4.3429 -3.9231 -3.5817 -3.3080 -3.0767 -2.8625 -2.6383 -2.3816 -2.0866 -1.7658
 -1.4522 -1.1709 -0.9342 -0.7443 -0.5957 -0.3500 -0.1937 -0.0826 -0.0045  0.0496
  0.0874  0.1134  0.1303  0.1413  0.1484  0.1521  0.1524  0.1481  0.1378  0.1211
  0.1008
 -4.2718 -3.7844 -3.3638 -3.0184 -2.7381 -2.5026 -2.2888 -2.0767 -1.8502 -1.6163
 -1.3842 -1.1600 -0.9514 -0.7694 -0.6181 -0.3601 -0.2002 -0.0874 -0.0077  0.0469
  0.0838  0.1080  0.1228  0.1309  0.1350  0.1364  0.1352  0.1315  0.1239  0.1107
  0.0903
 -4.3212 -3.7929 -3.3156 -2.9048 -2.5622 -2.2796 -2.0397 -1.8221 -1.6103 -1.4016
 -1.2090 -1.0398 -0.8912 -0.7547 -0.6270 -0.3698 -0.2050 -0.0905 -0.0091  0.0465
  0.0829  0.1056  0.1180  0.1231  0.1236  0.1217  0.1180  0.1126  0.1051  0.0944
  0.0783
 -4.4209 -3.8781 -3.3713 -2.9143 -2.5191 -2.1878 -1.9124 -1.6783 -1.4700 -1.2767
 -1.0968 -0.9364 -0.7999 -0.6870 -0.5904 -0.3791 -0.2116 -0.0944 -0.0110  0.0465
  0.0836  0.1055  0.1162  0.1185  0.1155  0.1097  0.1023  0.0941  0.0848  0.0738
  0.0601
 -4.4874 -3.9636 -3.4531 -2.9768 -2.5493 -2.1802 -1.8705 -1.6128 -1.3955 -1.2067
 -1.0383 -0.8874 -0.7547 -0.6416 -0.5470 -0.3660 -0.2168 -0.0977 -0.0121  0.0476
  0.0861  0.1082  0.1177  0.1180  0.1118  0.1019  0.0902  0.0781  0.0655  0.0524
  0.0382
 -4.5014 -4.0025 -3.5136 -3.0446 -2.6064 -2.2178 -1.8844 -1.6047 -1.3724 -1.1778
 -1.0114 -0.8662 -0.7383 -0.6264 -0.4968 -0.3305 -0.2206 -0.1004 -0.0124
 [Fe/H] =  0.00 [alpha/Fe] = 0.00 BC value = F606W
 -6.3679 -6.0939 -5.8349 -5.5775 -5.2724 -4.8705 -4.3327 -3.6275 -2.7875 -2.0411
 -1.5169 -1.1641 -0.9153 -0.7472 -0.6136 -0.3692
 -5.9295 -5.6237 -5.3590 -5.1365 -4.9371 -4.6834 -4.1811 -3.3595 -2.5457 -1.8721
 -1.3981 -1.0766 -0.8542 -0.6915 -0.5669 -0.3411 -0.1833 -0.0658  0.0246
 -5.6550 -5.3101 -5.0158 -4.7730 -4.5644 -4.3236 -3.8739 -3.1828 -2.4543 -1.8296
 -1.3717 -1.0526 -0.8296 -0.6680 -0.5442 -0.3226 -0.1690 -0.0571  0.0263  0.0908
  0.1395
 -5.4891 -5.1031 -4.7669 -4.4840 -4.2480 -4.0122 -3.6370 -3.0628 -2.4240 -1.8420
 -1.3905 -1.0647 -0.8332 -0.6659 -0.5392 -0.3162 -0.1635 -0.0543  0.0253  0.0855
  0.1315  0.1654  0.1896
 -5.3847 -4.9694 -4.5945 -4.2672 -3.9893 -3.7409 -3.4299 -2.9575 -2.4062 -1.8728
 -1.4313 -1.0980 -0.8550 -0.6781 -0.5456 -0.3179 -0.1641 -0.0552  0.0226  0.0802
  0.1237  0.1559  0.1789  0.1949  0.2030
 -5.1764 -4.8379 -4.4565 -4.1060 -3.7915 -3.5108 -3.2307 -2.8460 -2.3770 -1.8989
 -1.4774 -1.1418 -0.8883 -0.7005 -0.5599 -0.3245 -0.1684 -0.0584  0.0189  0.0750
  0.1166  0.1469  0.1685  0.1837  0.1938  0.1968
 -4.8497 -4.5195 -4.2135 -3.9142 -3.6184 -3.3269 -3.0403 -2.7193 -2.3257 -1.9064
 -1.5158 -1.1870 -0.9275 -0.7297 -0.5800 -0.3340 -0.1752 -0.0632  0.0150  0.0702
  0.1102  0.1390  0.1589  0.1725  0.1813  0.1858  0.1841  0.1752  0.1611  0.1436
 -4.5059 -4.0947 -3.7664 -3.5053 -3.2829 -3.0685 -2.8351 -2.5617 -2.2407 -1.8856
 -1.5363 -1.2250 -0.9671 -0.7629 -0.6046 -0.3453 -0.1832 -0.0688  0.0111  0.0663
  0.1052  0.1324  0.1504  0.1620  0.1690  0.1726  0.1718  0.1658  0.1537  0.1359
  0.1145
 -4.3983 -3.9097 -3.4966 -3.1626 -2.8957 -2.6726 -2.4689 -2.2610 -2.0268 -1.7695
 -1.5008 -1.2374 -0.9984 -0.7960 -0.6323 -0.3583 -0.1915 -0.0748  0.0073  0.0635
  0.1018  0.1275  0.1437  0.1528  0.1573  0.1585  0.1565  0.1513  0.1421  0.1268
  0.1053
 -4.4309 -3.8951 -3.4176 -3.0110 -2.6771 -2.4039 -2.1709 -1.9555 -1.7397 -1.5240
 -1.3209 -1.1357 -0.9637 -0.8017 -0.6526 -0.3713 -0.1984 -0.0794  0.0049  0.0626
  0.1008  0.1252  0.1395  0.1461  0.1476  0.1457  0.1414  0.1348  0.1256  0.1129
  0.0946
 -4.5301 -3.9748 -3.4608 -3.0007 -2.6070 -2.2798 -2.0083 -1.7754 -1.5636 -1.3621
 -1.1730 -1.0043 -0.8604 -0.7380 -0.6295 -0.3870 -0.2075 -0.0852  0.0017  0.0617
  0.1008  0.1248  0.1376  0.1421  0.1405  0.1353  0.1276  0.1184  0.1075  0.0943
  0.0789
 -4.6074 -4.0671 -3.5429 -3.0580 -2.6244 -2.2528 -1.9427 -1.6844 -1.4647 -1.2708
 -1.0948 -0.9358 -0.7964 -0.6779 -0.5785 -0.3816 -0.2165 -0.0906 -0.0011  0.0615
  0.1025  0.1268  0.1387  0.1414  0.1373  0.1285  0.1170  0.1041  0.0904  0.0755
  0.0592
 -4.6350 -4.1197 -3.6139 -3.1288 -2.6805 -2.2827 -1.9431 -1.6598 -1.4242 -1.2258
 -1.0546 -0.9037 -0.7701 -0.6534 -0.4996 -0.3551 -0.2254 -0.0956 -0.0035
 [Fe/H] =  0.25 [alpha/Fe] = 0.00 BC value = F606W
 -6.3084 -6.0680 -5.8561 -5.5913 -5.1542 -4.5667 -4.0797 -3.7530 -2.9784 -2.2177
 -1.6291 -1.2303 -0.9565 -0.7500 -0.6079 -0.3581
 -5.9384 -5.6678 -5.4443 -5.2404 -4.9985 -4.6643 -4.1940 -3.5527 -2.7669 -2.0473
 -1.5122 -1.1442 -0.8902 -0.7088 -0.5703 -0.3323 -0.1709 -0.0532  0.0368
 -5.6718 -5.3642 -5.1130 -4.9195 -4.7627 -4.5628 -4.1432 -3.4334 -2.6914 -2.0140
 -1.4943 -1.1279 -0.8722 -0.6893 -0.5523 -0.3170 -0.1589 -0.0448  0.0397  0.1044
  0.1545
 -5.5086 -5.1572 -4.8622 -4.6287 -4.4469 -4.2623 -3.9272 -3.3446 -2.6748 -2.0389
 -1.5265 -1.1511 -0.8847 -0.6934 -0.5515 -0.3126 -0.1545 -0.0423  0.0391  0.1003
  0.1481  0.1840  0.2088
 -5.4148 -5.0265 -4.6855 -4.4016 -4.1766 -3.9830 -3.7178 -3.2538 -2.6742 -2.0852
 -1.5833 -1.1981 -0.9172 -0.7135 -0.5631 -0.3160 -0.1558 -0.0433  0.0368  0.0957
  0.1404  0.1739  0.1978  0.2139  0.2224
 -5.3336 -4.9315 -4.5638 -4.2388 -3.9661 -3.7366 -3.5056 -3.1452 -2.6581 -2.1295
 -1.6466 -1.2573 -0.9629 -0.7453 -0.5841 -0.3246 -0.1611 -0.0468  0.0333  0.0910
  0.1339  0.1658  0.1886  0.2040  0.2134  0.2161
 -5.1068 -4.7564 -4.4175 -4.0978 -3.8032 -3.5384 -3.2982 -3.0094 -2.6127 -2.1523
 -1.7025 -1.3196 -1.0159 -0.7854 -0.6123 -0.3368 -0.1690 -0.0522  0.0292  0.0866
  0.1281  0.1585  0.1799  0.1942  0.2030  0.2068  0.2043  0.1939  0.1789  0.1601
 -4.6648 -4.3327 -4.0557 -3.8204 -3.5914 -3.3574 -3.1139 -2.8535 -2.5314 -2.1429
 -1.7398 -1.3740 -1.0700 -0.8305 -0.6463 -0.3517 -0.1783 -0.0588  0.0248  0.0827
  0.1234  0.1523  0.1721  0.1849  0.1923  0.1954  0.1940  0.1871  0.1730  0.1541
  0.1315
 -4.4515 -4.0193 -3.6696 -3.3988 -3.1869 -3.0082 -2.8360 -2.6398 -2.3897 -2.0838
 -1.7445 -1.4117 -1.1183 -0.8762 -0.6838 -0.3693 -0.1884 -0.0661  0.0201  0.0794
  0.1199  0.1476  0.1659  0.1768  0.1823  0.1838  0.1814  0.1751  0.1642  0.1467
  0.1240
 -4.4299 -3.9355 -3.5070 -3.1562 -2.8774 -2.6549 -2.4650 -2.2844 -2.0898 -1.8668
 -1.6247 -1.3760 -1.1324 -0.9095 -0.7184 -0.3880 -0.1976 -0.0722  0.0165  0.0776
  0.1185  0.1453  0.1620  0.1709  0.1741  0.1731  0.1687  0.1612  0.1504  0.1357
  0.1150
 -4.5218 -3.9942 -3.5129 -3.0945 -2.7456 -2.4608 -2.2260 -2.0207 -1.8235 -1.6199
 -1.4154 -1.2198 -1.0411 -0.8778 -0.7269 -0.4122 -0.2099 -0.0798  0.0116  0.0754
  0.1177  0.1444  0.1600  0.1671  0.1680  0.1643  0.1570  0.1473  0.1351  0.1203
  0.1022
 -4.6346 -4.1042 -3.5994 -3.1393 -2.7359 -2.3940 -2.1093 -1.8699 -1.6597 -1.4639
 -1.2744 -1.0948 -0.9327 -0.7919 -0.6707 -0.4214 -0.2238 -0.0874  0.0070  0.0736
  0.1180  0.1455  0.1605  0.1662  0.1650  0.1585  0.1481  0.1351  0.1204  0.1039
  0.0853
 -4.7122 -4.1982 -3.7003 -3.2232 -2.7914 -2.4089 -2.0822 -1.8076 -1.5751 -1.3739
 -1.1926 -1.0263 -0.8747 -0.7401 -0.5498 -0.4156 -0.2393 -0.0950  0.0027
 [Fe/H] =  0.50 [alpha/Fe] = 0.00 BC value = F606W
 -6.2465 -7.2810 -7.6101 -7.2825 -6.3622 -5.2812 -4.3967 -3.8306 -3.1485 -2.4041
 -1.7668 -1.3198 -1.0115 -0.7873 -0.6090 -0.3432
 -5.8978 -6.0850 -6.0728 -5.8817 -5.5298 -5.0332 -4.4058 -3.6864 -2.9658 -2.2396
 -1.6510 -1.2342 -0.9457 -0.7395 -0.5869 -0.3288 -0.1624 -0.0422  0.0482
 -5.6438 -5.3812 -5.1775 -5.0349 -4.9462 -4.7627 -4.3279 -3.6151 -2.8999 -2.2080
 -1.6385 -1.2252 -0.9336 -0.7253 -0.5716 -0.3165 -0.1519 -0.0341  0.0547  0.1217
  0.1714
 -5.4845 -5.1695 -4.9242 -4.7421 -4.6113 -4.4699 -4.1630 -3.5734 -2.8970 -2.2398
 -1.6813 -1.2586 -0.9546 -0.7359 -0.5751 -0.3140 -0.1482 -0.0317  0.0522  0.1149
  0.1639  0.2008  0.2263
 -5.3956 -5.0406 -4.7393 -4.5026 -4.3297 -4.1852 -3.9571 -3.5071 -2.9099 -2.2964
 -1.7485 -1.3177 -0.9976 -0.7642 -0.5925 -0.3192 -0.1503 -0.0330  0.0502  0.1110
  0.1570  0.1918  0.2169  0.2334  0.2413
 -5.3426 -4.9599 -4.6174 -4.3274 -4.1025 -3.9231 -3.7357 -3.4052 -2.9097 -2.3515
 -1.8253 -1.3904 -1.0554 -0.8059 -0.6208 -0.3301 -0.1564 -0.0369  0.0469  0.1068
  0.1512  0.1845  0.2086  0.2248  0.2342  0.2362
 -5.2335 -4.8623 -4.5154 -4.2010 -3.9283 -3.7036 -3.5124 -3.2594 -2.8724 -2.3883
 -1.8972 -1.4665 -1.1219 -0.8573 -0.6580 -0.3456 -0.1652 -0.0428  0.0426  0.1026
  0.1459  0.1778  0.2007  0.2160  0.2252  0.2289  0.2256  0.2148  0.1985  0.1782
 -4.8771 -4.5285 -4.2977 -4.0311 -3.7746 -3.5332 -3.3117 -3.0895 -2.7888 -2.3899
 -1.9497 -1.5373 -1.1896 -0.9142 -0.7021 -0.3651 -0.1761 -0.0502  0.0377  0.0986
  0.1414  0.1720  0.1936  0.2077  0.2160  0.2194  0.2176  0.2097  0.1941  0.1743
  0.1503
 -4.5151 -4.1476 -3.8632 -3.6455 -3.4654 -3.2954 -3.1147 -2.9111 -2.6638 -2.3450
 -1.9689 -1.5899 -1.2516 -0.9724 -0.7502 -0.3885 -0.1882 -0.0586  0.0322  0.0950
  0.1379  0.1676  0.1878  0.2005  0.2073  0.2095  0.2073  0.2004  0.1881  0.1687
  0.1450
 -4.4130 -3.9652 -3.5924 -3.2992 -3.0760 -2.9022 -2.7558 -2.6131 -2.4408 -2.2091
 -1.9208 -1.6018 -1.2924 -1.0205 -0.7952 -0.4136 -0.2001 -0.0660  0.0274  0.0925
  0.1363  0.1654  0.1842  0.1952  0.2003  0.2006  0.1968  0.1891  0.1773  0.1607
  0.1378
 -4.4711 -3.9753 -3.5345 -3.1638 -2.8651 -2.6297 -2.4402 -2.2752 -2.1133 -1.9327
 -1.7242 -1.4972 -1.2653 -1.0411 -0.8351 -0.4457 -0.2163 -0.0754  0.0212  0.0891
  0.1348  0.1642  0.1822  0.1918  0.1950  0.1932  0.1871  0.1776  0.1648  0.1485
  0.1282
 -4.5968 -4.0806 -3.6016 -3.1738 -2.8093 -2.5080 -2.2623 -2.0569 -1.8736 -1.6939
 -1.5068 -1.3161 -1.1309 -0.9594 -0.8028 -0.4725 -0.2353 -0.0855  0.0149  0.0857
  0.1339  0.1645  0.1823  0.1907  0.1922  0.1883  0.1796  0.1676  0.1526  0.1350
  0.1146
 -4.7085 -4.2035 -3.7134 -3.2593 -2.8504 -2.4967 -2.1981 -1.9483 -1.7355 -1.5456
 -1.3660 -1.1912 -1.0236 -0.8699 -0.6983 -0.4940 -0.2571 -0.0963  0.0085
 [Fe/H] =  0.75 [alpha/Fe] = 0.00 BC value = F606W
 -6.1316 -6.5602 -6.5358 -6.0361 -5.2419 -4.5048 -4.0676 -3.8704 -3.2767 -2.5916
 -1.9232 -1.4282 -1.0829 -0.8397 -0.6483 -0.3485
 -5.8095 -5.8383 -5.7401 -5.5282 -5.2143 -4.8085 -4.3199 -3.7565 -3.1213 -2.4320
 -1.8108 -1.3464 -1.0198 -0.7878 -0.6155 -0.3318 -0.1575 -0.0339  0.0588
 -5.5710 -5.3587 -5.2140 -5.1264 -5.0501 -4.8551 -4.4147 -3.7270 -3.0689 -2.4017
 -1.8037 -1.3447 -1.0148 -0.7780 -0.6043 -0.3232 -0.1486 -0.0264  0.0632  0.1309
  0.1837
 -5.4161 -5.1217 -4.9575 -4.8306 -4.7492 -4.6446 -4.3519 -3.7377 -3.0780 -2.4342
 -1.8508 -1.3871 -1.0444 -0.7955 -0.6127 -0.3227 -0.1463 -0.0242  0.0633  0.1281
  0.1776  0.2153  0.2423
 -5.3295 -5.0158 -4.7618 -4.5779 -4.4577 -4.3566 -4.1632 -3.7201 -3.1075 -2.4947
 -1.9247 -1.4561 -1.0975 -0.8323 -0.6364 -0.3299 -0.1490 -0.0257  0.0615  0.1248
  0.1727  0.2088  0.2352  0.2524  0.2602
 -5.2897 -4.9380 -4.6322 -4.3860 -4.2123 -4.0815 -3.9326 -3.6282 -3.1249 -2.5552
 -2.0092 -1.5391 -1.1668 -0.8840 -0.6726 -0.3435 -0.1558 -0.0298  0.0583  0.1211
  0.1675  0.2024  0.2279  0.2452  0.2548  0.2563
 -5.2434 -4.8801 -4.5472 -4.2558 -4.0183 -3.8403 -3.6944 -3.4743 -3.1013 -2.6040
 -2.0889 -1.6262 -1.2451 -0.9465 -0.7194 -0.3630 -0.1657 -0.0361  0.0540  0.1173
  0.1628  0.1965  0.2209  0.2374  0.2473  0.2510  0.2471  0.2354  0.2193  0.1978
 -5.0358 -4.7218 -4.4215 -4.1365 -3.8777 -3.6546 -3.4722 -3.2890 -3.0147 -2.6156
 -2.1528 -1.7070 -1.3236 -1.0151 -0.7737 -0.3882 -0.1781 -0.0441  0.0487  0.1133
  0.1586  0.1912  0.2145  0.2301  0.2393  0.2431  0.2413  0.2327  0.2165  0.1961
  0.1706
 -4.6030 -4.3175 -4.0762 -3.8706 -3.6782 -3.4818 -3.2880 -3.1001 -2.8796 -2.5736
 -2.1821 -1.7713 -1.3990 -1.0847 -0.8324 -0.4186 -0.1930 -0.0535  0.0425  0.1093
  0.1552  0.1871  0.2091  0.2236  0.2318  0.2348  0.2330  0.2261  0.2129  0.1924
  0.1677
 -4.3969 -4.0057 -3.6951 -3.4573 -3.2818 -3.1439 -3.0176 -2.8802 -2.7058 -2.4674
 -2.1559 -1.7992 -1.4503 -1.1428 -0.8871 -0.4509 -0.2084 -0.0623  0.0369  0.1061
  0.1532  0.1849  0.2059  0.2189  0.2257  0.2274  0.2245  0.2172  0.2050  0.1872
  0.1626
 -4.3966 -3.9417 -3.5492 -3.2295 -2.9828 -2.7958 -2.6500 -2.5267 -2.4045 -2.2521
 -2.0397 -1.7710 -1.4763 -1.1929 -0.9428 -0.4908 -0.2293 -0.0737  0.0294  0.1017
  0.1510  0.1834  0.2039  0.2157  0.2210  0.2211  0.2166  0.2079  0.1952  0.1779
  0.1562
 -4.5070 -4.0199 -3.5733 -3.1850 -2.8638 -2.6072 -2.4043 -2.2388 -2.0924 -1.9463
 -1.7826 -1.5914 -1.3812 -1.1658 -0.9586 -0.5307 -0.2539 -0.0866  0.0216  0.0970
  0.1491  0.1830  0.2036  0.2147  0.2186  0.2169  0.2104  0.1998  0.1855  0.1674
  0.1455
 -4.6446 -4.1516 -3.6818 -3.2524 -2.8744 -2.5552 -2.2924 -2.0765 -1.8938 -1.7290
 -1.5668 -1.3974 -1.2243 -1.0522 -0.9345 -0.5706 -0.2822 -0.1010  0.0135
 [Fe/H] =  1.00 [alpha/Fe] = 0.00 BC value = F606W
 -5.9885 -5.1635 -4.1890 -3.8488 -3.8058 -3.9649 -4.0702 -3.8753 -3.3823 -2.7555
 -2.0905 -1.5498 -1.1668 -0.8948 -0.6971 -0.3583
 -5.6878 -5.7078 -5.6146 -5.4199 -5.1341 -4.7664 -4.3248 -3.8165 -3.2457 -2.6159
 -1.9837 -1.4775 -1.1122 -0.8505 -0.6580 -0.3452 -0.1561 -0.0285  0.0686
 -5.4595 -5.7776 -5.8734 -5.7697 -5.4867 -5.0420 -4.4573 -3.8049 -3.2048 -2.5855
 -1.9801 -1.4840 -1.1157 -0.8482 -0.6516 -0.3394 -0.1508 -0.0219  0.0708  0.1411
  0.1947
 -5.3036 -5.3728 -4.9654 -4.8983 -4.8636 -4.7916 -4.4676 -3.8405 -3.2214 -2.6121
 -2.0294 -1.5344 -1.1544 -0.8736 -0.6662 -0.3409 -0.1503 -0.0211  0.0708  0.1388
  0.1902  0.2296  0.2577
 -5.2148 -4.9513 -4.7540 -4.6298 -4.5631 -4.5015 -4.3356 -3.8826 -3.2691 -2.6715
 -2.1057 -1.6115 -1.2170 -0.9193 -0.6970 -0.3507 -0.1539 -0.0228  0.0691  0.1359
  0.1858  0.2239  0.2518  0.2700  0.2779
 -5.1808 -4.8694 -4.6100 -4.4172 -4.2989 -4.2154 -4.1004 -3.8176 -3.3082 -2.7365
 -2.1895 -1.6999 -1.2962 -0.9808 -0.7417 -0.3677 -0.1615 -0.0272  0.0661  0.1326
  0.1815  0.2183  0.2455  0.2641  0.2743  0.2754
 -5.1666 -4.8288 -4.5260 -4.2727 -4.0821 -3.9547 -3.8507 -3.6599 -3.2985 -2.7940
 -2.2731 -1.7931 -1.3836 -1.0538 -0.7981 -0.3921 -0.1726 -0.0338  0.0618  0.1291
  0.1774  0.2131  0.2392  0.2574  0.2686  0.2721  0.2676  0.2568  0.2406  0.2182
 -5.0763 -4.7515 -4.4496 -4.1723 -3.9340 -3.7457 -3.6080 -3.4616 -3.2112 -2.8144
 -2.3419 -1.8808 -1.4709 -1.1329 -0.8627 -0.4237 -0.1871 -0.0423  0.0564  0.1252
  0.1736  0.2086  0.2337  0.2510  0.2619  0.2665  0.2642  0.2550  0.2393  0.2186
  0.1920
 -4.7142 -4.4745 -4.2396 -4.0102 -3.7909 -3.5867 -3.4071 -3.2544 -3.0634 -2.7754
 -2.3794 -1.9504 -1.5531 -1.2120 -0.9313 -0.4621 -0.2052 -0.0527  0.0497  0.1210
  0.1703  0.2048  0.2290  0.2453  0.2549  0.2589  0.2579  0.2510  0.2373  0.2167
  0.1915
 -4.3881 -4.0621 -3.8154 -3.6293 -3.4829 -3.3474 -3.2055 -3.0548 -2.8858 -2.6642
 -2.3575 -1.9858 -1.6126 -1.2778 -0.9949 -0.5022 -0.2251 -0.0628  0.0435  0.1175
  0.1683  0.2028  0.2262  0.2413  0.2498  0.2528  0.2509  0.2443  0.2323  0.2139
  0.1885
 -4.3102 -3.9074 -3.5685 -3.3039 -3.1080 -2.9643 -2.8549 -2.7599 -2.6555 -2.5067
 -2.2809 -1.9842 -1.6551 -1.3392 -1.0597 -0.5503 -0.2516 -0.0767  0.0350  0.1122
  0.1656  0.2011  0.2242  0.2384  0.2458  0.2476  0.2445  0.2370  0.2249  0.2074
  0.1849
 -4.3839 -3.9348 -3.5303 -3.1882 -2.9140 -2.7025 -2.5416 -2.4153 -2.3075 -2.2002
 -2.0671 -1.8762 -1.6300 -1.3617 -1.1042 -0.5989 -0.2824 -0.0929  0.0256  0.1066
  0.1628  0.2002  0.2238  0.2374  0.2436  0.2441  0.2395  0.2306  0.2174  0.1998
  0.1777
 -4.5251 -4.0572 -3.6172 -3.2195 -2.8783 -2.5982 -2.3735 -2.1941 -2.0461 -1.9137
 -1.7826 -1.6377 -1.4676 -1.2763 -1.1284 -0.6480 -0.3175 -0.1114  0.0153
