 [Fe/H] = -4.00 [alpha/Fe] = 0.40 BC value =F850LP
 -0.2668  0.4230  1.4162  1.8262  1.2201 -0.2218  0.4498  1.5369  2.1902  2.2086
  2.2302  2.1683  1.7488  1.2680  0.9596  0.9567
  0.1434  0.4368  0.9072  1.1296  0.9427  0.3044  0.5877  1.0557  1.3901  1.4886
  1.5492  1.5323  1.3483  1.1274  0.9830  0.9735  0.9604  0.9422  0.8528
  0.5292  0.5947  0.7360  0.8311  0.8489  0.6933  0.7534  0.8584  0.9689  1.0602
  1.1139  1.1191  1.0760  1.0181  0.9788  0.9678  0.9347  0.9110  0.8593  0.8097
  0.7889
  0.8906  0.8967  0.9026  0.9307  0.9388  0.9449  0.9469  0.9450  0.9267  0.9232
  0.9242  0.9288  0.9321  0.9399  0.9470  0.9396  0.9234  0.8921  0.8526  0.8081
  0.7623  0.7171  0.6738
  1.0364  1.0173  1.0015  0.9976  0.9912  0.9872  0.9838  0.9796  0.9736  0.9660
  0.9593  0.9550  0.9512  0.9494  0.9494  0.9355  0.9066  0.8704  0.8298  0.7863
  0.7412  0.6959  0.6514  0.6073  0.5630
  1.1679  1.1303  1.0977  1.0711  1.0505  1.0351  1.0236  1.0141  1.0056  0.9971
  0.9880  0.9787  0.9705  0.9620  0.9557  0.9354  0.8990  0.8574  0.8138  0.7692
  0.7236  0.6776  0.6319  0.5869  0.5427  0.4985
  1.2852  1.2357  1.1912  1.1512  1.1168  1.0886  1.0663  1.0485  1.0339  1.0213
  1.0099  0.9988  0.9877  0.9760  0.9659  0.9393  0.9006  0.8531  0.8046  0.7568
  0.7095  0.6622  0.6152  0.5689  0.5234  0.4785  0.4337  0.3861  0.3340  0.2797
  1.3882  1.3335  1.2820  1.2334  1.1885  1.1488  1.1152  1.0875  1.0649  1.0461
  1.0301  1.0160  1.0029  0.9902  0.9775  0.9465  0.9077  0.8578  0.8040  0.7511
  0.7001  0.6504  0.6015  0.5533  0.5060  0.4597  0.4144  0.3680  0.3181  0.2636
  0.2063
  1.4694  1.4165  1.3639  1.3115  1.2609  1.2132  1.1700  1.1326  1.1011  1.0748
  1.0530  1.0343  1.0178  1.0030  0.9893  0.9552  0.9167  0.8682  0.8118  0.7539
  0.6976  0.6437  0.5917  0.5410  0.4915  0.4431  0.3953  0.3485  0.3004  0.2487
  0.1917
  1.5319  1.4822  1.4312  1.3791  1.3271  1.2758  1.2268  1.1817  1.1419  1.1080
  1.0796  1.0555  1.0348  1.0167  1.0008  0.9647  0.9257  0.8794  0.8240  0.7634
  0.7023  0.6430  0.5864  0.5321  0.4796  0.4286  0.3787  0.3294  0.2802  0.2294
  0.1767
  1.5736  1.5296  1.4836  1.4359  1.3859  1.3350  1.2841  1.2347  1.1885  1.1473
  1.1118  1.0815  1.0555  1.0333  1.0141  0.9739  0.9352  0.8903  0.8374  0.7779
  0.7147  0.6511  0.5895  0.5306  0.4741  0.4199  0.3671  0.3156  0.2648  0.2139
  0.1620
  1.5950  1.5587  1.5197  1.4782  1.4332  1.3858  1.3362  1.2862  1.2371  1.1916
  1.1504  1.1135  1.0812  1.0534  1.0299  0.9835  0.9435  0.9000  0.8494  0.7919
  0.7296  0.6647  0.5995  0.5360  0.4751  0.4169  0.3607  0.3062  0.2531  0.2006
  0.1481
  1.5959  1.5696  1.5395  1.5060  1.4690  1.4282  1.3802  1.3323  1.2835  1.2366
  1.1922  1.1500  1.1100  1.0770  1.0480  0.9936  0.9506  0.9085  0.8600
 [Fe/H] = -3.00 [alpha/Fe] = 0.40 BC value =F850LP
  1.0316  1.0544  1.0505  1.0173  0.9448  0.7448  0.7938  0.8615  0.9151  0.9528
  1.0135  1.0636  1.0437  0.9924  0.9680  1.0084
  0.9777  0.9981  1.0014  0.9852  0.9423  0.8264  0.8295  0.8478  0.8671  0.8851
  0.9148  0.9429  0.9463  0.9377  0.9393  0.9767  0.9738  0.9474  0.9094
  0.9499  0.9649  0.9708  0.9655  0.9440  0.8883  0.8658  0.8533  0.8490  0.8512
  0.8585  0.8697  0.8836  0.8994  0.9162  0.9499  0.9449  0.9176  0.8796  0.8363
  0.7911
  0.9482  0.9548  0.9587  0.9582  0.9499  0.9305  0.9027  0.8778  0.8606  0.8512
  0.8445  0.8439  0.8556  0.8773  0.8987  0.9280  0.9215  0.8930  0.8546  0.8116
  0.7668  0.7216  0.6769
  0.9726  0.9678  0.9651  0.9633  0.9600  0.9530  0.9402  0.9215  0.9020  0.8851
  0.8728  0.8656  0.8623  0.8715  0.8868  0.9110  0.9036  0.8736  0.8344  0.7913
  0.7465  0.7011  0.6561  0.6115  0.5667
  1.0231  1.0039  0.9900  0.9808  0.9743  0.9682  0.9606  0.9503  0.9370  0.9221
  0.9090  0.8991  0.8890  0.8835  0.8866  0.9006  0.8922  0.8605  0.8191  0.7750
  0.7295  0.6835  0.6376  0.5921  0.5473  0.5026
  1.0961  1.0623  1.0351  1.0150  1.0007  0.9901  0.9813  0.9725  0.9626  0.9517
  0.9410  0.9311  0.9224  0.9110  0.9054  0.9002  0.8881  0.8550  0.8103  0.7632
  0.7160  0.6687  0.6214  0.5745  0.5285  0.4829  0.4374  0.3893  0.3368  0.2825
  1.1839  1.1385  1.0992  1.0671  1.0424  1.0238  1.0095  0.9977  0.9870  0.9764
  0.9660  0.9564  0.9481  0.9380  0.9293  0.9122  0.8919  0.8572  0.8094  0.7578
  0.7070  0.6573  0.6080  0.5593  0.5115  0.4644  0.4177  0.3710  0.3211  0.2662
  0.2089
  1.2494  1.2156  1.1772  1.1348  1.0996  1.0711  1.0488  1.0310  1.0159  1.0028
  0.9909  0.9797  0.9696  0.9602  0.9501  0.9287  0.9023  0.8658  0.8159  0.7604
  0.7069  0.6506  0.5984  0.5472  0.4971  0.4481  0.3997  0.3502  0.2993  0.2472
  0.1941
  1.3834  1.3061  1.2498  1.2124  1.1689  1.1312  1.0998  1.0739  1.0524  1.0343
  1.0186  1.0046  0.9918  0.9801  0.9684  0.9441  0.9151  0.8769  0.8272  0.7692
  0.7089  0.6499  0.5931  0.5384  0.4853  0.4338  0.3832  0.3333  0.2836  0.2329
  0.1792
  1.4719  1.3958  1.3376  1.2958  1.2463  1.2018  1.1621  1.1277  1.0984  1.0734
  1.0521  1.0334  1.0169  1.0019  0.9878  0.9580  0.9277  0.8891  0.8404  0.7830
  0.7207  0.6575  0.5959  0.5367  0.4798  0.4251  0.3717  0.3197  0.2683  0.2170
  0.1646
  1.5531  1.4844  1.4228  1.3674  1.3144  1.2647  1.2193  1.1907  1.1535  1.1209
  1.0925  1.0678  1.0462  1.0269  1.0095  0.9715  0.9393  0.9003  0.8526  0.7968
  0.7352  0.6705  0.6053  0.5417  0.4806  0.4219  0.3652  0.3103  0.2567  0.2037
  0.1508
  1.6269  1.5722  1.5052  1.4272  1.3733  1.3200  1.2947  1.2482  1.2059  1.1758
  1.1403  1.1086  1.0807  1.0560  1.0335  0.9846  0.9499  0.9105  0.8638
 [Fe/H] = -2.50 [alpha/Fe] = 0.40 BC value =F850LP
  1.1414  1.0723  0.9411  0.8582  0.8617  0.8765  0.8257  0.7411  0.6972  0.7215
  0.7711  0.8291  0.8796  0.9142  0.9470  1.0013
  1.0782  1.0545  0.9903  0.9388  0.9164  0.8955  0.8502  0.7961  0.7632  0.7632
  0.7819  0.8137  0.8511  0.8848  0.9155  0.9651  0.9718  0.9488  0.9187
  1.0302  1.0348  1.0156  0.9883  0.9554  0.9174  0.8779  0.8424  0.8155  0.7998
  0.7973  0.8088  0.8330  0.8625  0.8900  0.9345  0.9413  0.9191  0.8848  0.8431
  0.7950
  0.9974  1.0132  1.0170  1.0067  0.9787  0.9422  0.9088  0.8800  0.8541  0.8313
  0.8173  0.8144  0.8253  0.8473  0.8705  0.9095  0.9159  0.8945  0.8581  0.8157
  0.7712  0.7261  0.6811
  0.9798  0.9897  0.9945  0.9940  0.9863  0.9699  0.9429  0.9089  0.8790  0.8577
  0.8419  0.8305  0.8280  0.8392  0.8570  0.8901  0.8956  0.8750  0.8386  0.7961
  0.7515  0.7061  0.6609  0.6167  0.5720
  0.9887  0.9877  0.9859  0.9840  0.9806  0.9736  0.9617  0.9445  0.9215  0.8954
  0.8738  0.8579  0.8451  0.8423  0.8516  0.8773  0.8814  0.8611  0.8240  0.7806
  0.7352  0.6891  0.6429  0.5971  0.5517  0.5065
  1.0248  1.0104  0.9981  0.9892  0.9830  0.9775  0.9706  0.9611  0.9486  0.9335
  0.9162  0.8988  0.8826  0.8679  0.8623  0.8723  0.8737  0.8536  0.8152  0.7695
  0.7223  0.6747  0.6272  0.5799  0.5333  0.4872  0.4412  0.3925  0.3397  0.2853
  1.0859  1.0573  1.0327  1.0136  1.0001  0.9905  0.9829  0.9755  0.9667  0.9566
  0.9455  0.9337  0.9215  0.9063  0.8936  0.8797  0.8732  0.8525  0.8133  0.7644
  0.7138  0.6638  0.6142  0.5651  0.5167  0.4691  0.4218  0.3744  0.3241  0.2690
  0.2116
  1.1660  1.1254  1.0888  1.0581  1.0346  1.0173  1.0048  0.9950  0.9861  0.9770
  0.9675  0.9579  0.9482  0.9378  0.9251  0.9016  0.8819  0.8575  0.8179  0.7664
  0.7115  0.6575  0.6049  0.5534  0.5028  0.4532  0.4042  0.3554  0.3061  0.2543
  0.1967
  1.2573  1.2078  1.1617  1.1207  1.0868  1.0599  1.0396  1.0240  1.0114  1.0003
  0.9898  0.9795  0.9697  0.9602  0.9492  0.9245  0.8980  0.8677  0.8270  0.7741
  0.7155  0.6567  0.5997  0.5447  0.4913  0.4392  0.3880  0.3375  0.2872  0.2360
  0.1818
  1.3529  1.2984  1.2460  1.1977  1.1547  1.1186  1.0889  1.0654  1.0464  1.0306
  1.0167  1.0040  0.9921  0.9809  0.9696  0.9435  0.9153  0.8811  0.8392  0.7866
  0.7264  0.6639  0.6024  0.5430  0.4859  0.4306  0.3767  0.3241  0.2721  0.2202
  0.1674
  1.4514  1.3928  1.3362  1.2833  1.2344  1.1903  1.1521  1.1198  1.0929  1.0703
  1.0510  1.0338  1.0183  1.0040  0.9905  0.9598  0.9304  0.8948  0.8516  0.7999
  0.7403  0.6764  0.6115  0.5479  0.4865  0.4275  0.3703  0.3148  0.2607  0.2072
  0.1537
  1.5528  1.4910  1.4288  1.3734  1.3205  1.2713  1.2263  1.1861  1.1511  1.1207
  1.0944  1.0712  1.0505  1.0317  1.0119  0.9734  0.9433  0.9088  0.8642
 [Fe/H] = -2.00 [alpha/Fe] = 0.40 BC value =F850LP
  0.8579  0.8500  0.8323  0.8092  0.7849  0.7613  0.7429  0.7329  0.7336  0.7468
  0.7731  0.8086  0.8470  0.8848  0.9194  0.9807
  0.9676  0.9614  0.9404  0.9096  0.8733  0.8367  0.8041  0.7792  0.7643  0.7613
  0.7718  0.7948  0.8264  0.8598  0.8904  0.9447  0.9640  0.9494  0.9153
  1.0238  1.0279  1.0120  0.9815  0.9427  0.9009  0.8606  0.8260  0.7997  0.7838
  0.7804  0.7905  0.8128  0.8406  0.8672  0.9148  0.9319  0.9194  0.8867  0.8455
  0.8008
  1.0265  1.0495  1.0471  1.0249  0.9930  0.9540  0.9124  0.8733  0.8398  0.8143
  0.7989  0.7957  0.8062  0.8272  0.8498  0.8910  0.9057  0.8945  0.8631  0.8223
  0.7785  0.7331  0.6876
  1.0024  1.0358  1.0465  1.0375  1.0145  0.9826  0.9462  0.9095  0.8765  0.8477
  0.8257  0.8118  0.8093  0.8205  0.8382  0.8733  0.8854  0.8747  0.8445  0.8038
  0.7593  0.7139  0.6684  0.6236  0.5782
  0.9815  1.0060  1.0204  1.0222  1.0129  0.9952  0.9709  0.9420  0.9099  0.8778
  0.8533  0.8352  0.8238  0.8227  0.8334  0.8617  0.8711  0.8601  0.8305  0.7894
  0.7441  0.6976  0.6510  0.6047  0.5587  0.5128
  0.9819  0.9973  1.0056  1.0089  1.0078  1.0017  0.9903  0.9736  0.9518  0.9241
  0.8947  0.8696  0.8496  0.8377  0.8372  0.8563  0.8627  0.8509  0.8213  0.7792
  0.7322  0.6842  0.6361  0.5882  0.5409  0.4940  0.4469  0.3974  0.3443  0.2901
  1.0070  1.0102  1.0094  1.0062  1.0024  0.9978  0.9914  0.9822  0.9698  0.9549
  0.9375  0.9170  0.8953  0.8744  0.8596  0.8574  0.8601  0.8471  0.8174  0.7740
  0.7245  0.6739  0.6238  0.5741  0.5250  0.4765  0.4282  0.3799  0.3289  0.2736
  0.2162
  1.0567  1.0461  1.0340  1.0220  1.0114  1.0030  0.9962  0.9895  0.9815  0.9717
  0.9609  0.9490  0.9354  0.9186  0.9002  0.8724  0.8633  0.8484  0.8185  0.7744
  0.7221  0.6681  0.6150  0.5629  0.5116  0.4612  0.4113  0.3616  0.3114  0.2588
  0.2010
  1.1297  1.1056  1.0807  1.0577  1.0382  1.0226  1.0111  1.0022  0.9946  0.9867
  0.9782  0.9691  0.9596  0.9490  0.9352  0.9022  0.8763  0.8545  0.8237  0.7794
  0.7250  0.6672  0.6101  0.5546  0.5006  0.4477  0.3957  0.3442  0.2929  0.2409
  0.1861
  1.2190  1.1832  1.1472  1.1137  1.0841  1.0596  1.0405  1.0260  1.0148  1.0054
  0.9965  0.9875  0.9785  0.9694  0.9591  0.9296  0.8982  0.8672  0.8331  0.7890
  0.7343  0.6739  0.6128  0.5531  0.4955  0.4396  0.3849  0.3313  0.2784  0.2256
  0.1719
  1.3175  1.2737  1.2289  1.1866  1.1480  1.1142  1.0863  1.0639  1.0464  1.0323
  1.0203  1.0092  0.9986  0.9883  0.9779  0.9504  0.9194  0.8839  0.8453  0.8005
  0.7465  0.6853  0.6214  0.5579  0.4962  0.4367  0.3788  0.3225  0.2674  0.2130
  0.1587
  1.4239  1.3716  1.3209  1.2720  1.2262  1.1846  1.1482  1.1173  1.0917  1.0706
  1.0531  1.0377  1.0236  1.0103  0.9916  0.9646  0.9399  0.9046  0.8603
 [Fe/H] = -1.50 [alpha/Fe] = 0.40 BC value =F850LP
  0.6628  0.6733  0.6775  0.6789  0.6782  0.6810  0.6904  0.7075  0.7227  0.7402
  0.7655  0.7974  0.8321  0.8656  0.8971  0.9567
  0.7875  0.7970  0.7955  0.7871  0.7744  0.7618  0.7535  0.7507  0.7485  0.7510
  0.7629  0.7851  0.8143  0.8445  0.8724  0.9244  0.9500  0.9479  0.9211
  0.8817  0.8948  0.8926  0.8795  0.8593  0.8360  0.8143  0.7965  0.7808  0.7707
  0.7702  0.7816  0.8032  0.8289  0.8533  0.8986  0.9198  0.9168  0.8919  0.8539
  0.8099
  0.9454  0.9667  0.9688  0.9561  0.9329  0.9036  0.8728  0.8449  0.8196  0.7993
  0.7874  0.7869  0.7988  0.8188  0.8398  0.8793  0.8966  0.8925  0.8689  0.8318
  0.7887  0.7442  0.6990
  0.9677  1.0051  1.0225  1.0141  0.9931  0.9628  0.9282  0.8942  0.8626  0.8350
  0.8141  0.8023  0.8025  0.8144  0.8314  0.8655  0.8795  0.8740  0.8510  0.8145
  0.7711  0.7256  0.6797  0.6343  0.5880
  0.9612  1.0100  1.0379  1.0467  1.0379  1.0129  0.9756  0.9374  0.9025  0.8718
  0.8462  0.8270  0.8163  0.8174  0.8284  0.8567  0.8676  0.8606  0.8375  0.8012
  0.7572  0.7105  0.6634  0.6163  0.5695  0.5221
  0.9464  0.9919  1.0237  1.0422  1.0473  1.0398  1.0192  0.9863  0.9475  0.9097
  0.8782  0.8549  0.8386  0.8299  0.8317  0.8524  0.8603  0.8517  0.8280  0.7916
  0.7466  0.6983  0.6495  0.6009  0.5526  0.5045  0.4561  0.4053  0.3513  0.2975
  0.9444  0.9840  1.0111  1.0278  1.0357  1.0351  1.0262  1.0100  0.9880  0.9604
  0.9283  0.8966  0.8707  0.8529  0.8443  0.8526  0.8572  0.8470  0.8225  0.7856
  0.7395  0.6893  0.6384  0.5877  0.5376  0.4880  0.4384  0.3884  0.3364  0.2807
  0.2239
  0.9594  0.9905  1.0111  1.0229  1.0279  1.0279  1.0235  1.0147  1.0014  0.9851
  0.9664  0.9452  0.9211  0.8968  0.8763  0.8583  0.8583  0.8462  0.8211  0.7837
  0.7386  0.6842  0.6306  0.5775  0.5253  0.4737  0.4224  0.3717  0.3202  0.2661
  0.2083
  0.9992  1.0156  1.0274  1.0317  1.0313  1.0279  1.0230  1.0165  1.0081  0.9974
  0.9850  0.9716  0.9572  0.9404  0.9211  0.8811  0.8640  0.8491  0.8229  0.7854
  0.7376  0.6830  0.6263  0.5701  0.5150  0.4610  0.4076  0.3548  0.3021  0.2487
  0.1931
  1.0634  1.0646  1.0640  1.0584  1.0502  1.0409  1.0319  1.0235  1.0157  1.0076
  0.9986  0.9886  0.9781  0.9669  0.9541  0.9162  0.8818  0.8566  0.8288  0.7913
  0.7438  0.6882  0.6287  0.5690  0.5105  0.4535  0.3977  0.3428  0.2885  0.2343
  0.1792
  1.1489  1.1358  1.1212  1.1051  1.0876  1.0704  1.0548  1.0416  1.0306  1.0213
  1.0126  1.0039  0.9947  0.9851  0.9750  0.9448  0.9086  0.8723  0.8383  0.8000
  0.7531  0.6976  0.6365  0.5736  0.5116  0.4512  0.3922  0.3347  0.2783  0.2226
  0.1670
  1.2531  1.2265  1.1993  1.1717  1.1444  1.1184  1.0949  1.0746  1.0578  1.0441
  1.0326  1.0223  1.0123  1.0024  0.9838  0.9669  0.9444  0.8962  0.8514
 [Fe/H] = -1.00 [alpha/Fe] = 0.40 BC value =F850LP
  0.3014  0.3202  0.3426  0.3729  0.4127  0.4694  0.5488  0.6443  0.7085  0.7499
  0.7774  0.8040  0.8309  0.8585  0.8846  0.9371
  0.4792  0.4947  0.5076  0.5231  0.5449  0.5783  0.6284  0.6900  0.7320  0.7550
  0.7727  0.7930  0.8167  0.8416  0.8652  0.9112  0.9381  0.9430  0.9267
  0.6239  0.6412  0.6502  0.6562  0.6640  0.6780  0.7031  0.7370  0.7587  0.7690
  0.7771  0.7898  0.8084  0.8298  0.8508  0.8912  0.9121  0.9140  0.8971  0.8649
  0.8243
  0.7355  0.7597  0.7704  0.7722  0.7701  0.7685  0.7729  0.7853  0.7921  0.7919
  0.7906  0.7944  0.8060  0.8231  0.8414  0.8771  0.8940  0.8930  0.8753  0.8438
  0.8033  0.7598  0.7146
  0.8140  0.8484  0.8657  0.8695  0.8639  0.8532  0.8424  0.8375  0.8320  0.8226
  0.8128  0.8075  0.8104  0.8213  0.8361  0.8674  0.8811  0.8776  0.8588  0.8274
  0.7870  0.7423  0.6962  0.6502  0.6029
  0.8715  0.9157  0.9388  0.9469  0.9428  0.9295  0.9108  0.8929  0.8768  0.8596
  0.8425  0.8289  0.8225  0.8253  0.8350  0.8613  0.8722  0.8667  0.8467  0.8150
  0.7744  0.7287  0.6813  0.6335  0.5859  0.5371
  0.8808  0.9426  0.9859  1.0095  1.0137  1.0008  0.9768  0.9486  0.9231  0.8994
  0.8771  0.8573  0.8427  0.8364  0.8390  0.8584  0.8665  0.8592  0.8381  0.8058
  0.7649  0.7182  0.6692  0.6196  0.5701  0.5205  0.4701  0.4175  0.3620  0.3077
  0.8778  0.9405  0.9887  1.0228  1.0417  1.0461  1.0365  1.0134  0.9807  0.9457
  0.9142  0.8884  0.8687  0.8554  0.8494  0.8587  0.8640  0.8549  0.8328  0.7998
  0.7583  0.7106  0.6598  0.6082  0.5567  0.5055  0.4542  0.4021  0.3480  0.2910
  0.2345
  0.8796  0.9396  0.9859  1.0196  1.0420  1.0530  1.0530  1.0429  1.0241  0.9984
  0.9678  0.9354  0.9059  0.8831  0.8685  0.8627  0.8643  0.8534  0.8304  0.7970
  0.7549  0.7062  0.6535  0.5996  0.5459  0.4926  0.4394  0.3864  0.3324  0.2772
  0.2183
  0.8895  0.9461  0.9885  1.0192  1.0393  1.0506  1.0539  1.0497  1.0385  1.0218
  1.0015  0.9790  0.9547  0.9297  0.9067  0.8735  0.8679  0.8548  0.8307  0.7967
  0.7541  0.7045  0.6499  0.5934  0.5370  0.4812  0.4260  0.3712  0.3165  0.2610
  0.2038
  0.9155  0.9623  0.9996  1.0258  1.0424  1.0511  1.0535  1.0510  1.0441  1.0330
  1.0188  1.0025  0.9856  0.9682  0.9498  0.9042  0.8764  0.8597  0.8343  0.8001
  0.7574  0.7073  0.6515  0.5927  0.5334  0.4749  0.4173  0.3606  0.3043  0.2480
  0.1911
  0.9661  0.9991  1.0250  1.0442  1.0557  1.0601  1.0594  1.0553  1.0489  1.0403
  1.0299  1.0178  1.0047  0.9912  0.9777  0.9403  0.9005  0.8689  0.8409  0.8060
  0.7635  0.7134  0.6571  0.5966  0.5346  0.4732  0.4128  0.3536  0.2954  0.2377
  0.1802
  1.0453  1.0607  1.0727  1.0806  1.0840  1.0824  1.0767  1.0688  1.0599  1.0505
  1.0409  1.0307  1.0199  1.0085  0.9904  0.9818  0.9402  0.8824  0.8505
 [Fe/H] = -0.75 [alpha/Fe] = 0.30 BC value =F850LP
  0.1453  0.1655  0.1923  0.2318  0.2881  0.3697  0.4822  0.6157  0.7040  0.7555
  0.7846  0.8101  0.8353  0.8606  0.8849  0.9349
  0.3396  0.3562  0.3731  0.3967  0.4323  0.4863  0.5642  0.6579  0.7232  0.7575
  0.7789  0.7993  0.8217  0.8448  0.8671  0.9109  0.9358  0.9426  0.9303
  0.5008  0.5192  0.5317  0.5445  0.5635  0.5939  0.6415  0.7019  0.7450  0.7676
  0.7813  0.7956  0.8137  0.8339  0.8540  0.8927  0.9133  0.9165  0.9021  0.8722
  0.8338
  0.6289  0.6545  0.6681  0.6752  0.6816  0.6926  0.7141  0.7477  0.7733  0.7858
  0.7918  0.7990  0.8113  0.8279  0.8456  0.8803  0.8973  0.8973  0.8813  0.8516
  0.8123  0.7689  0.7232
  0.7217  0.7584  0.7786  0.7866  0.7873  0.7857  0.7874  0.7986  0.8090  0.8119
  0.8102  0.8098  0.8150  0.8264  0.8410  0.8719  0.8859  0.8834  0.8658  0.8358
  0.7965  0.7521  0.7067  0.6602  0.6117
  0.7935  0.8353  0.8622  0.8756  0.8774  0.8711  0.8612  0.8547  0.8513  0.8450
  0.8360  0.8280  0.8253  0.8299  0.8401  0.8665  0.8780  0.8735  0.8545  0.8240
  0.7845  0.7393  0.6919  0.6438  0.5952  0.5456
  0.8298  0.8922  0.9333  0.9537  0.9566  0.9479  0.9318  0.9133  0.8980  0.8833
  0.8678  0.8532  0.8429  0.8396  0.8436  0.8640  0.8730  0.8666  0.8466  0.8153
  0.7755  0.7296  0.6806  0.6307  0.5806  0.5305  0.4791  0.4250  0.3686  0.3137
  0.8323  0.9008  0.9537  0.9902  1.0106  1.0157  1.0059  0.9828  0.9537  0.9263
  0.9026  0.8827  0.8667  0.8561  0.8527  0.8642  0.8705  0.8626  0.8416  0.8098
  0.7694  0.7227  0.6721  0.6202  0.5681  0.5160  0.4636  0.4106  0.3553  0.2974
  0.2404
  0.8336  0.9012  0.9546  0.9947  1.0217  1.0360  1.0385  1.0300  1.0114  0.9852
  0.9545  0.9239  0.8981  0.8797  0.8690  0.8676  0.8707  0.8611  0.8394  0.8070
  0.7662  0.7187  0.6666  0.6125  0.5581  0.5039  0.4499  0.3957  0.3409  0.2842
  0.2247
  0.8405  0.9055  0.9565  0.9947  1.0215  1.0382  1.0453  1.0435  1.0337  1.0174
  0.9966  0.9729  0.9473  0.9222  0.9008  0.8762  0.8738  0.8623  0.8393  0.8066
  0.7652  0.7169  0.6633  0.6070  0.5500  0.4934  0.4372  0.3813  0.3255  0.2688
  0.2105
  0.8570  0.9157  0.9634  0.9985  1.0228  1.0380  1.0455  1.0466  1.0417  1.0315
  1.0173  1.0006  0.9829  0.9646  0.9454  0.9015  0.8807  0.8665  0.8424  0.8094
  0.7679  0.7192  0.6648  0.6065  0.5469  0.4878  0.4292  0.3715  0.3141  0.2567
  0.1987
  0.8953  0.9422  0.9810  1.0112  1.0314  1.0433  1.0487  1.0491  1.0457  1.0389
  1.0292  1.0171  1.0037  0.9901  0.9763  0.9384  0.9007  0.8742  0.8483  0.8147
  0.7733  0.7246  0.6696  0.6101  0.5484  0.4866  0.4254  0.3653  0.3060  0.2472
  0.1885
  0.9624  0.9930  1.0188  1.0386  1.0524  1.0594  1.0608  1.0583  1.0534  1.0468
  1.0389  1.0296  1.0192  1.0080  0.9935  0.9869  0.9338  0.8854  0.8570
 [Fe/H] = -0.50 [alpha/Fe] = 0.20 BC value =F850LP
 -0.0203 -0.0003  0.0299  0.0775  0.1527  0.2636  0.4142  0.5854  0.7028  0.7632
  0.7945  0.8189  0.8425  0.8655  0.8877  0.9340
  0.1872  0.2042  0.2246  0.2560  0.3069  0.3846  0.4949  0.6256  0.7166  0.7625
  0.7876  0.8079  0.8288  0.8502  0.8708  0.9120  0.9358  0.9434  0.9344
  0.3628  0.3822  0.3981  0.4179  0.4490  0.4982  0.5723  0.6641  0.7318  0.7684
  0.7878  0.8034  0.8207  0.8397  0.8585  0.8955  0.9155  0.9197  0.9077  0.8806
  0.8444
  0.5065  0.5337  0.5504  0.5632  0.5790  0.6044  0.6464  0.7052  0.7537  0.7812
  0.7951  0.8054  0.8182  0.8340  0.8508  0.8845  0.9014  0.9024  0.8883  0.8605
  0.8226  0.7793  0.7340
  0.6139  0.6532  0.6766  0.6892  0.6969  0.7059  0.7226  0.7534  0.7834  0.8014
  0.8092  0.8138  0.8211  0.8326  0.8467  0.8770  0.8913  0.8900  0.8740  0.8455
  0.8074  0.7635  0.7173  0.6702  0.6218
  0.6941  0.7408  0.7729  0.7912  0.7989  0.8004  0.8011  0.8090  0.8216  0.8291
  0.8301  0.8286  0.8296  0.8357  0.8460  0.8723  0.8843  0.8810  0.8636  0.8342
  0.7959  0.7514  0.7040  0.6555  0.6065  0.5562
  0.7633  0.8229  0.8594  0.8777  0.8848  0.8841  0.8774  0.8698  0.8668  0.8637
  0.8575  0.8498  0.8442  0.8439  0.8491  0.8700  0.8798  0.8748  0.8562  0.8262
  0.7874  0.7423  0.6936  0.6434  0.5927  0.5417  0.4892  0.4340  0.3767  0.3211
  0.7778  0.8512  0.9066  0.9436  0.9637  0.9681  0.9588  0.9397  0.9198  0.9038
  0.8897  0.8764  0.8650  0.8579  0.8570  0.8701  0.8777  0.8710  0.8515  0.8209
  0.7817  0.7360  0.6859  0.6338  0.5812  0.5283  0.4749  0.4206  0.3640  0.3051
  0.2475
  0.7810  0.8560  0.9158  0.9607  0.9914  1.0084  1.0131  1.0061  0.9883  0.9635
  0.9363  0.9112  0.8916  0.8781  0.8707  0.8731  0.8778  0.8695  0.8492  0.8183
  0.7786  0.7323  0.6810  0.6270  0.5721  0.5172  0.4620  0.4068  0.3507  0.2926
  0.2321
  0.7862  0.8599  0.9189  0.9642  0.9971  1.0185  1.0292  1.0302  1.0223  1.0073
  0.9870  0.9630  0.9376  0.9141  0.8961  0.8803  0.8805  0.8705  0.8490  0.8176
  0.7775  0.7304  0.6780  0.6221  0.5649  0.5076  0.4504  0.3933  0.3362  0.2783
  0.2187
  0.7960  0.8665  0.9234  0.9669  0.9985  1.0199  1.0324  1.0372  1.0347  1.0259
  1.0125  0.9962  0.9783  0.9594  0.9399  0.8999  0.8862  0.8742  0.8517  0.8199
  0.7798  0.7324  0.6792  0.6218  0.5624  0.5028  0.4433  0.3845  0.3258  0.2672
  0.2078
  0.8237  0.8847  0.9353  0.9755  1.0042  1.0233  1.0346  1.0396  1.0395  1.0347
  1.0261  1.0145  1.0014  0.9879  0.9740  0.9362  0.9018  0.8809  0.8569  0.8246
  0.7845  0.7371  0.6835  0.6252  0.5641  0.5021  0.4403  0.3791  0.3187  0.2586
  0.1986
  0.8787  0.9248  0.9643  0.9959  1.0198  1.0349  1.0430  1.0460  1.0451  1.0415
  1.0355  1.0272  1.0174  1.0066  0.9984  0.9892  0.9273  0.8906  0.8646
 [Fe/H] = -0.25 [alpha/Fe] = 0.10 BC value =F850LP
 -0.1931 -0.1736 -0.1416 -0.0861  0.0147  0.1626  0.3537  0.5748  0.7046  0.7733
  0.8077  0.8322  0.8549  0.8781  0.8937  0.9371
  0.0233  0.0412  0.0647  0.1041  0.1733  0.2794  0.4269  0.5972  0.7121  0.7693
  0.7978  0.8181  0.8378  0.8577  0.8770  0.9159  0.9378  0.9450  0.9385
  0.2097  0.2312  0.2510  0.2784  0.3229  0.3938  0.4997  0.6262  0.7205  0.7709
  0.7958  0.8126  0.8292  0.8471  0.8649  0.9002  0.9193  0.9236  0.9138  0.8899
  0.8552
  0.3661  0.3964  0.4173  0.4368  0.4635  0.5057  0.5721  0.6601  0.7343  0.7781
  0.7999  0.8132  0.8264  0.8414  0.8574  0.8900  0.9066  0.9083  0.8959  0.8705
  0.8344  0.7919  0.7465
  0.4862  0.5298  0.5578  0.5764  0.5927  0.6144  0.6493  0.7033  0.7565  0.7916
  0.8095  0.8192  0.8283  0.8398  0.8534  0.8831  0.8976  0.8972  0.8829  0.8563
  0.8197  0.7766  0.7304  0.6832  0.6340
  0.5753  0.6292  0.6672  0.6915  0.7063  0.7173  0.7312  0.7567  0.7885  0.8125
  0.8250  0.8304  0.8350  0.8422  0.8526  0.8786  0.8912  0.8891  0.8734  0.8457
  0.8087  0.7650  0.7177  0.6690  0.6194  0.5683
  0.6733  0.7281  0.7620  0.7847  0.8003  0.8089  0.8125  0.8180  0.8301  0.8415
  0.8467  0.8470  0.8466  0.8490  0.8552  0.8764  0.8871  0.8834  0.8667  0.8383
  0.8007  0.7565  0.7080  0.6577  0.6066  0.5546  0.5012  0.4446  0.3864  0.3298
  0.7089  0.7864  0.8427  0.8787  0.8972  0.9013  0.8965  0.8868  0.8804  0.8779
  0.8747  0.8693  0.8636  0.8606  0.8619  0.8765  0.8850  0.8798  0.8622  0.8333
  0.7953  0.7506  0.7011  0.6490  0.5959  0.5423  0.4882  0.4325  0.3743  0.3144
  0.2560
  0.7170  0.8001  0.8661  0.9152  0.9484  0.9674  0.9739  0.9685  0.9530  0.9334
  0.9142  0.8981  0.8860  0.8775  0.8734  0.8791  0.8851  0.8784  0.8598  0.8306
  0.7923  0.7470  0.6967  0.6430  0.5878  0.5322  0.4762  0.4199  0.3623  0.3027
  0.2411
  0.7218  0.8055  0.8728  0.9251  0.9636  0.9894  1.0036  1.0077  1.0025  0.9897
  0.9709  0.9484  0.9255  0.9061  0.8930  0.8853  0.8876  0.8792  0.8594  0.8297
  0.7910  0.7451  0.6938  0.6387  0.5815  0.5237  0.4656  0.4074  0.3489  0.2896
  0.2285
  0.7271  0.8101  0.8766  0.9286  0.9675  0.9949  1.0123  1.0208  1.0212  1.0149
  1.0033  0.9882  0.9707  0.9519  0.9331  0.8998  0.8925  0.8826  0.8617  0.8315
  0.7928  0.7467  0.6948  0.6385  0.5797  0.5198  0.4596  0.3997  0.3398  0.2796
  0.2188
  0.7464  0.8219  0.8849  0.9348  0.9720  0.9982  1.0154  1.0251  1.0284  1.0262
  1.0193  1.0091  0.9970  0.9840  0.9704  0.9335  0.9043  0.8885  0.8664  0.8357
  0.7970  0.7508  0.6986  0.6417  0.5815  0.5197  0.4574  0.3954  0.3337  0.2723
  0.2108
  0.7907  0.8532  0.9066  0.9501  0.9838  1.0070  1.0218  1.0302  1.0335  1.0330
  1.0291  1.0225  1.0138  1.0039  1.0049  0.9864  0.9230  0.8969  0.8735
 [Fe/H] =  0.00 [alpha/Fe] = 0.00 BC value =F850LP
 -0.3677 -0.3464 -0.3120 -0.1974 -0.0195  0.1868  0.3926  0.5740  0.7096  0.7840
  0.8202  0.8445  0.8682  0.8885  0.9090  0.9542
 -0.1554 -0.1336 -0.1046 -0.0551  0.0311  0.1765  0.3712  0.5780  0.7111  0.7770
  0.8086  0.8292  0.8481  0.8674  0.8855  0.9223  0.9424  0.9481  0.9426
  0.0379  0.0648  0.0911  0.1283  0.1892  0.2865  0.4308  0.5943  0.7125  0.7746
  0.8043  0.8225  0.8390  0.8560  0.8731  0.9070  0.9249  0.9287  0.9202  0.8995
  0.8662
  0.2021  0.2396  0.2680  0.2970  0.3374  0.4003  0.4966  0.6175  0.7176  0.7765
  0.8053  0.8214  0.8352  0.8499  0.8653  0.8971  0.9133  0.9151  0.9041  0.8812
  0.8474  0.8060  0.7609
  0.3305  0.3830  0.4194  0.4472  0.4752  0.5130  0.5708  0.6523  0.7306  0.7831
  0.8107  0.8249  0.8358  0.8476  0.8609  0.8901  0.9049  0.9052  0.8924  0.8679
  0.8333  0.7913  0.7453  0.6976  0.6473
  0.4474  0.4921  0.5395  0.5731  0.5981  0.6218  0.6527  0.7001  0.7544  0.7964
  0.8205  0.8326  0.8405  0.8490  0.8595  0.8855  0.8987  0.8978  0.8838  0.8582
  0.8228  0.7802  0.7331  0.6842  0.6345  0.5822
  0.5486  0.6016  0.6407  0.6737  0.7002  0.7201  0.7368  0.7590  0.7897  0.8180
  0.8359  0.8445  0.8492  0.8542  0.8614  0.8831  0.8946  0.8924  0.8776  0.8512
  0.8152  0.7720  0.7239  0.6735  0.6220  0.5697  0.5150  0.4569  0.3977  0.3401
  0.6158  0.6982  0.7555  0.7904  0.8082  0.8163  0.8212  0.8258  0.8356  0.8485
  0.8577  0.8615  0.8622  0.8633  0.8668  0.8828  0.8924  0.8888  0.8733  0.8465
  0.8100  0.7663  0.7174  0.6655  0.6121  0.5582  0.5032  0.4461  0.3864  0.3254
  0.2660
  0.6330  0.7266  0.7996  0.8531  0.8890  0.9101  0.9184  0.9153  0.9056  0.8962
  0.8894  0.8844  0.8800  0.8768  0.8761  0.8851  0.8924  0.8873  0.8707  0.8437
  0.8071  0.7629  0.7134  0.6601  0.6050  0.5490  0.4922  0.4347  0.3759  0.3146
  0.2518
  0.6390  0.7356  0.8132  0.8733  0.9177  0.9479  0.9661  0.9738  0.9722  0.9624
  0.9470  0.9287  0.9113  0.8985  0.8912  0.8905  0.8946  0.8880  0.8701  0.8425
  0.8056  0.7609  0.7106  0.6563  0.5995  0.5415  0.4828  0.4236  0.3638  0.3029
  0.2401
  0.6411  0.7390  0.8176  0.8795  0.9264  0.9601  0.9826  0.9953  0.9996  0.9967
  0.9881  0.9750  0.9591  0.9415  0.9250  0.9012  0.8991  0.8911  0.8720  0.8438
  0.8069  0.7622  0.7114  0.6563  0.5982  0.5385  0.4779  0.4170  0.3559  0.2942
  0.2318
  0.6543  0.7465  0.8240  0.8848  0.9313  0.9652  0.9884  1.0031  1.0104  1.0114
  1.0074  0.9995  0.9894  0.9776  0.9647  0.9303  0.9080  0.8964  0.8763  0.8474
  0.8105  0.7658  0.7149  0.6593  0.6003  0.5390  0.4766  0.4138  0.3511  0.2883
  0.2252
  0.6904  0.7713  0.8404  0.8971  0.9410  0.9728  0.9946  1.0086  1.0164  1.0194
  1.0184  1.0140  1.0073  0.9992  1.0103  0.9778  0.9213  0.9039  0.8830
 [Fe/H] =  0.25 [alpha/Fe] = 0.00 BC value =F850LP
 -0.5549 -0.5550 -0.5399 -0.3280  0.0006  0.2885  0.4705  0.5641  0.7141  0.8038
  0.8465  0.8695  0.8876  0.9081  0.9248  0.9620
 -0.3373 -0.3361 -0.3243 -0.2305 -0.0674  0.1330  0.3444  0.5450  0.7080  0.7954
  0.8342  0.8543  0.8698  0.8849  0.9007  0.9329  0.9504  0.9532  0.9484
 -0.1388 -0.1308 -0.1188 -0.0878 -0.0190  0.1135  0.3101  0.5391  0.7012  0.7893
  0.8288  0.8477  0.8611  0.8743  0.8882  0.9179  0.9337  0.9361  0.9273  0.9085
  0.8791
  0.0406  0.0609  0.0766  0.1001  0.1459  0.2301  0.3676  0.5460  0.6958  0.7853
  0.8275  0.8465  0.8579  0.8688  0.8808  0.9084  0.9231  0.9240  0.9133  0.8922
  0.8616  0.8233  0.7788
  0.1902  0.2276  0.2526  0.2745  0.3050  0.3570  0.4436  0.5702  0.6966  0.7838
  0.8288  0.8490  0.8591  0.8675  0.8771  0.9016  0.9152  0.9152  0.9030  0.8802
  0.8478  0.8077  0.7625  0.7145  0.6642
  0.3055  0.3613  0.4001  0.4279  0.4527  0.4846  0.5347  0.6141  0.7095  0.7871
  0.8329  0.8542  0.8636  0.8698  0.8767  0.8971  0.9092  0.9085  0.8954  0.8714
  0.8379  0.7969  0.7508  0.7017  0.6512  0.5983
  0.4111  0.4679  0.5156  0.5525  0.5806  0.6049  0.6332  0.6767  0.7383  0.7991
  0.8409  0.8621  0.8711  0.8753  0.8795  0.8948  0.9050  0.9032  0.8895  0.8649
  0.8306  0.7888  0.7418  0.6915  0.6397  0.5866  0.5311  0.4715  0.4115  0.3526
  0.5403  0.6025  0.6433  0.6679  0.6894  0.7105  0.7300  0.7514  0.7834  0.8228
  0.8552  0.8738  0.8815  0.8839  0.8855  0.8949  0.9028  0.8996  0.8853  0.8603
  0.8256  0.7831  0.7353  0.6839  0.6306  0.5762  0.5204  0.4623  0.4009  0.3389
  0.2784
  0.5838  0.6735  0.7405  0.7861  0.8141  0.8287  0.8353  0.8395  0.8465  0.8614
  0.8787  0.8907  0.8955  0.8957  0.8948  0.8978  0.9026  0.8979  0.8825  0.8574
  0.8225  0.7796  0.7312  0.6788  0.6241  0.5681  0.5109  0.4524  0.3922  0.3289
  0.2651
  0.5977  0.6957  0.7745  0.8351  0.8790  0.9086  0.9269  0.9350  0.9354  0.9311
  0.9263  0.9215  0.9168  0.9121  0.9078  0.9037  0.9048  0.8984  0.8816  0.8557
  0.8207  0.7775  0.7284  0.6752  0.6192  0.5616  0.5026  0.4427  0.3816  0.3191
  0.2544
  0.6003  0.7022  0.7858  0.8523  0.9034  0.9407  0.9663  0.9821  0.9897  0.9899
  0.9840  0.9732  0.9593  0.9445  0.9313  0.9133  0.9094  0.9012  0.8831  0.8564
  0.8213  0.7782  0.7289  0.6752  0.6184  0.5594  0.4989  0.4375  0.3753  0.3121
  0.2479
  0.6029  0.7055  0.7913  0.8599  0.9136  0.9538  0.9826  1.0017  1.0125  1.0164
  1.0144  1.0076  0.9970  0.9839  0.9693  0.9352  0.9171  0.9062  0.8869  0.8592
  0.8240  0.7811  0.7318  0.6777  0.6203  0.5603  0.4984  0.4354  0.3718  0.3077
  0.2430
  0.6191  0.7163  0.7991  0.8682  0.9216  0.9621  0.9913  1.0112  1.0234  1.0292
  1.0296  1.0256  1.0184  1.0090  1.0218  0.9694  0.9279  0.9134  0.8930
 [Fe/H] =  0.50 [alpha/Fe] = 0.00 BC value =F850LP
 -0.6875 -0.7155 -0.5674 -0.2957 -0.0412  0.1761  0.3751  0.5587  0.7147  0.8209
  0.8737  0.8981  0.9136  0.9282  0.9462  0.9793
 -0.4828 -0.5085 -0.4664 -0.3634 -0.2058  0.0009  0.2520  0.5167  0.6998  0.8101
  0.8605  0.8828  0.8962  0.9081  0.9201  0.9475  0.9614  0.9618  0.9562
 -0.2874 -0.3059 -0.3133 -0.2976 -0.2104 -0.0425  0.2028  0.4874  0.6843  0.7998
  0.8534  0.8759  0.8877  0.8977  0.9082  0.9328  0.9459  0.9465  0.9374  0.9193
  0.8922
 -0.1013 -0.1076 -0.1082 -0.0983 -0.0549  0.0457  0.2275  0.4685  0.6668  0.7891
  0.8489  0.8738  0.8849  0.8927  0.9012  0.9233  0.9360  0.9359  0.9248  0.9048
  0.8760  0.8395  0.7962
  0.0621  0.0780  0.0847  0.0940  0.1207  0.1825  0.2984  0.4748  0.6537  0.7785
  0.8455  0.8746  0.8860  0.8921  0.8981  0.9165  0.9284  0.9279  0.9158  0.8942
  0.8637  0.8253  0.7812  0.7331  0.6818
  0.1943  0.2321  0.2548  0.2704  0.2897  0.3264  0.3950  0.5095  0.6522  0.7710
  0.8429  0.8767  0.8899  0.8949  0.8985  0.9119  0.9223  0.9213  0.9088  0.8862
  0.8544  0.8149  0.7698  0.7210  0.6698  0.6158
  0.2995  0.3539  0.3936  0.4214  0.4433  0.4680  0.5069  0.5734  0.6709  0.7711
  0.8423  0.8801  0.8956  0.9004  0.9021  0.9098  0.9178  0.9161  0.9032  0.8800
  0.8475  0.8070  0.7609  0.7111  0.6590  0.6053  0.5486  0.4883  0.4271  0.3668
  0.4292  0.4930  0.5117  0.5434  0.5715  0.5961  0.6213  0.6569  0.7134  0.7850
  0.8471  0.8853  0.9029  0.9082  0.9087  0.9105  0.9152  0.9122  0.8988  0.8755
  0.8425  0.8014  0.7545  0.7036  0.6504  0.5957  0.5392  0.4801  0.4170  0.3543
  0.2924
  0.5331  0.6085  0.6582  0.6859  0.7012  0.7136  0.7298  0.7497  0.7767  0.8172
  0.8618  0.8950  0.9125  0.9181  0.9178  0.9142  0.9150  0.9100  0.8957  0.8723
  0.8393  0.7978  0.7503  0.6986  0.6443  0.5884  0.5309  0.4717  0.4101  0.3451
  0.2803
  0.5616  0.6549  0.7284  0.7821  0.8182  0.8409  0.8536  0.8603  0.8660  0.8768
  0.8954  0.9146  0.9267  0.9307  0.9294  0.9211  0.9173  0.9103  0.8944  0.8702
  0.8371  0.7955  0.7475  0.6951  0.6398  0.5826  0.5237  0.4633  0.4013  0.3372
  0.2706
  0.5690  0.6696  0.7526  0.8187  0.8689  0.9050  0.9298  0.9462  0.9556  0.9590
  0.9596  0.9592  0.9569  0.9523  0.9461  0.9309  0.9223  0.9129  0.8955  0.8702
  0.8372  0.7959  0.7478  0.6951  0.6392  0.5811  0.5209  0.4594  0.3964  0.3321
  0.2662
  0.5688  0.6744  0.7620  0.8335  0.8900  0.9330  0.9643  0.9860  1.0001  1.0079
  1.0101  1.0071  1.0001  0.9897  0.9775  0.9475  0.9302  0.9177  0.8989  0.8725
  0.8390  0.7981  0.7503  0.6974  0.6411  0.5822  0.5211  0.4584  0.3944  0.3293
  0.2631
  0.5730  0.6777  0.7678  0.8416  0.9008  0.9467  0.9808  1.0053  1.0214  1.0308
  1.0347  1.0336  1.0283  1.0197  1.0236  0.9709  0.9410  0.9247  0.9046
 [Fe/H] =  0.75 [alpha/Fe] = 0.00 BC value =F850LP
 -0.7849 -0.3922  0.0900  0.5275  0.7006  0.6718  0.5812  0.5526  0.7146  0.8334
  0.8999  0.9290  0.9438  0.9544  0.9664  0.9861
 -0.5928 -0.4855 -0.3589 -0.2151 -0.0559  0.1169  0.3019  0.4978  0.6889  0.8195
  0.8854  0.9134  0.9268  0.9360  0.9451  0.9667  0.9760  0.9741  0.9662
 -0.4027 -0.4438 -0.4793 -0.4846 -0.3724 -0.1532  0.1386  0.4475  0.6630  0.8039
  0.8754  0.9054  0.9182  0.9260  0.9334  0.9522  0.9623  0.9604  0.9496  0.9316
  0.9065
 -0.2146 -0.2671 -0.2712 -0.2811 -0.2487 -0.1386  0.0913  0.3986  0.6331  0.7857
  0.8667  0.9015  0.9150  0.9212  0.9267  0.9426  0.9526  0.9510  0.9390  0.9192
  0.8917  0.8565  0.8141
 -0.0414 -0.0516 -0.0684 -0.0782 -0.0627  0.0020  0.1436  0.3734  0.6043  0.7654
  0.8575  0.8994  0.9153  0.9207  0.9240  0.9356  0.9450  0.9435  0.9311  0.9100
  0.8807  0.8441  0.8011  0.7530  0.7004
  0.1035  0.1171  0.1176  0.1148  0.1222  0.1581  0.2417  0.3926  0.5860  0.7466
  0.8472  0.8975  0.9175  0.9235  0.9249  0.9310  0.9385  0.9371  0.9247  0.9028
  0.8725  0.8345  0.7903  0.7417  0.6898  0.6344
  0.2180  0.2552  0.2765  0.2876  0.2974  0.3178  0.3641  0.4536  0.5901  0.7335
  0.8376  0.8953  0.9206  0.9284  0.9291  0.9292  0.9336  0.9314  0.9191  0.8971
  0.8661  0.8271  0.7818  0.7322  0.6798  0.6253  0.5671  0.5053  0.4442  0.3824
  0.3292  0.3708  0.4044  0.4306  0.4502  0.4688  0.4957  0.5443  0.6269  0.7351
  0.8317  0.8937  0.9242  0.9348  0.9357  0.9305  0.9307  0.9271  0.9143  0.8924
  0.8612  0.8216  0.7756  0.7250  0.6717  0.6164  0.5592  0.4987  0.4347  0.3713
  0.3079
  0.4774  0.5212  0.5490  0.5646  0.5786  0.5988  0.6216  0.6493  0.6931  0.7601
  0.8361  0.8951  0.9284  0.9420  0.9441  0.9352  0.9304  0.9245  0.9108  0.8887
  0.8577  0.8180  0.7714  0.7202  0.6660  0.6098  0.5519  0.4920  0.4292  0.3629
  0.2973
  0.5320  0.6138  0.6729  0.7113  0.7317  0.7408  0.7475  0.7598  0.7807  0.8133
  0.8595  0.9052  0.9363  0.9510  0.9541  0.9430  0.9331  0.9242  0.9090  0.8861
  0.8551  0.8154  0.7686  0.7168  0.6618  0.6046  0.5456  0.4849  0.4222  0.3568
  0.2885
  0.5480  0.6421  0.7195  0.7794  0.8224  0.8512  0.8699  0.8819  0.8897  0.8983
  0.9129  0.9340  0.9533  0.9642  0.9665  0.9534  0.9388  0.9266  0.9095  0.8855
  0.8543  0.8152  0.7687  0.7167  0.6613  0.6035  0.5438  0.4822  0.4189  0.3535
  0.2862
  0.5511  0.6516  0.7367  0.8064  0.8614  0.9027  0.9323  0.9534  0.9685  0.9788
  0.9853  0.9898  0.9928  0.9928  0.9887  0.9673  0.9473  0.9316  0.9126  0.8872
  0.8554  0.8166  0.7706  0.7188  0.6631  0.6049  0.5445  0.4823  0.4182  0.3525
  0.2850
  0.5500  0.6542  0.7441  0.8187  0.8792  0.9266  0.9626  0.9888  1.0072  1.0200
  1.0281  1.0318  1.0313  1.0269  1.0207  0.9847  0.9586  0.9392  0.9183
 [Fe/H] =  1.00 [alpha/Fe] = 0.00 BC value =F850LP
 -0.8584  0.3217  1.3516  1.6382  1.4861  0.9899  0.4866  0.5242  0.7088  0.8420
  0.9227  0.9603  0.9768  0.9860  0.9927  1.0072
 -0.6761 -0.5674 -0.4370 -0.2871 -0.1200  0.0626  0.2590  0.4677  0.6734  0.8221
  0.9068  0.9442  0.9600  0.9683  0.9747  0.9894  0.9946  0.9901  0.9782
 -0.4890 -0.8669 -1.0225 -0.9787 -0.7555 -0.3705  0.0942  0.4075  0.6363  0.7998
  0.8928  0.9344  0.9510  0.9584  0.9636  0.9759  0.9826  0.9782  0.9652  0.9464
  0.9213
 -0.2971 -0.5766 -0.4050 -0.4367 -0.4206 -0.3095 -0.0078  0.3436  0.5947  0.7737
  0.8784  0.9275  0.9467  0.9536  0.9571  0.9667  0.9733  0.9695  0.9562  0.9360
  0.9091  0.8751  0.8334
 -0.1158 -0.1540 -0.1965 -0.2287 -0.2300 -0.1703 -0.0082  0.2793  0.5506  0.7437
  0.8619  0.9211  0.9451  0.9526  0.9546  0.9597  0.9656  0.9626  0.9493  0.9282
  0.8997  0.8641  0.8219  0.7737  0.7199
  0.0402  0.0261  0.0006 -0.0248 -0.0351 -0.0068  0.0859  0.2706  0.5140  0.7134
  0.8435  0.9139  0.9446  0.9544  0.9556  0.9551  0.9587  0.9561  0.9433  0.9216
  0.8923  0.8554  0.8121  0.7636  0.7110  0.6537
  0.1653  0.1781  0.1752  0.1641  0.1561  0.1665  0.2148  0.3242  0.5007  0.6869
  0.8241  0.9050  0.9439  0.9577  0.9595  0.9537  0.9533  0.9500  0.9377  0.9162
  0.8864  0.8487  0.8042  0.7549  0.7023  0.6462  0.5863  0.5242  0.4623  0.3991
  0.2669  0.2992  0.3185  0.3269  0.3299  0.3368  0.3609  0.4194  0.5281  0.6751
  0.8075  0.8955  0.9425  0.9615  0.9654  0.9558  0.9501  0.9450  0.9325  0.9113
  0.8816  0.8436  0.7984  0.7482  0.6950  0.6391  0.5801  0.5180  0.4535  0.3895
  0.3247
  0.4124  0.4284  0.4444  0.4602  0.4751  0.4891  0.5067  0.5371  0.5959  0.6904
  0.8005  0.8883  0.9409  0.9654  0.9724  0.9612  0.9499  0.9418  0.9284  0.9072
  0.8778  0.8399  0.7946  0.7437  0.6893  0.6326  0.5741  0.5131  0.4489  0.3819
  0.3157
  0.5105  0.5721  0.6074  0.6218  0.6230  0.6253  0.6374  0.6593  0.6907  0.7420
  0.8151  0.8892  0.9419  0.9700  0.9800  0.9695  0.9531  0.9412  0.9259  0.9040
  0.8747  0.8371  0.7917  0.7405  0.6855  0.6280  0.5685  0.5074  0.4439  0.3773
  0.3080
  0.5387  0.6217  0.6877  0.7347  0.7636  0.7786  0.7849  0.7888  0.7986  0.8206
  0.8570  0.9052  0.9488  0.9766  0.9886  0.9801  0.9597  0.9434  0.9258  0.9027
  0.8731  0.8361  0.7914  0.7405  0.6853  0.6274  0.5675  0.5057  0.4421  0.3760
  0.3076
  0.5471  0.6389  0.7169  0.7804  0.8290  0.8634  0.8866  0.9026  0.9141  0.9237
  0.9352  0.9524  0.9745  0.9931  1.0024  0.9927  0.9691  0.9487  0.9284  0.9037
  0.8733  0.8365  0.7926  0.7422  0.6871  0.6291  0.5688  0.5067  0.4428  0.3768
  0.3087
  0.5470  0.6449  0.7290  0.8000  0.8579  0.9032  0.9370  0.9615  0.9795  0.9935
  1.0049  1.0136  1.0207  1.0259  1.0214  1.0073  0.9813  0.9571  0.9337
