 [Fe/H] = -4.00 [alpha/Fe] = 0.40 BC value = F475W
 -3.0682 -1.2395  0.3706 -0.0150 -2.7512 -7.6246 -5.8190 -3.1598 -1.7420 -1.7742
 -1.6607 -1.5613 -2.0490 -2.5616 -2.5928 -1.8145
 -5.1642 -4.1102 -3.0325 -2.8641 -3.7427 -5.9094 -5.1297 -3.9177 -3.0715 -2.7650
 -2.4925 -2.3312 -2.4472 -2.5764 -2.4794 -1.7699 -1.3090 -1.0223 -0.9326
 -5.6954 -5.1641 -4.5409 -4.1492 -4.0406 -4.5153 -4.2808 -3.9079 -3.5047 -3.1414
 -2.8542 -2.6675 -2.5611 -2.4545 -2.2833 -1.6756 -1.2290 -0.9601 -0.8047 -0.6700
 -0.4634
 -4.6618 -4.4012 -4.1546 -3.8703 -3.6448 -3.4422 -3.2723 -3.1303 -3.0418 -2.9033
 -2.7457 -2.5703 -2.3907 -2.1959 -2.0045 -1.5316 -1.1780 -0.9213 -0.7324 -0.5884
 -0.4719 -0.3726 -0.2848
 -4.2641 -4.0580 -3.8533 -3.6285 -3.4168 -3.2123 -3.0243 -2.8574 -2.7098 -2.5736
 -2.4362 -2.2892 -2.1360 -1.9779 -1.8180 -1.4324 -1.1206 -0.8942 -0.7270 -0.5969
 -0.4900 -0.3976 -0.3150 -0.2403 -0.1723
 -3.8741 -3.7135 -3.5469 -3.3704 -3.1840 -2.9939 -2.8073 -2.6332 -2.4755 -2.3332
 -2.2016 -2.0734 -1.9417 -1.8087 -1.6729 -1.3523 -1.0778 -0.8744 -0.7242 -0.6064
 -0.5086 -0.4232 -0.3462 -0.2753 -0.2096 -0.1491
 -3.4919 -3.3677 -3.2354 -3.0960 -2.9465 -2.7870 -2.6213 -2.4577 -2.3033 -2.1615
 -2.0325 -1.9131 -1.7985 -1.6851 -1.5692 -1.2913 -1.0496 -0.8619 -0.7240 -0.6169
 -0.5277 -0.4494 -0.3783 -0.3121 -0.2498 -0.1914 -0.1378 -0.0896 -0.0497 -0.0272
 -3.1175 -3.0206 -2.9188 -2.8127 -2.6995 -2.5766 -2.4436 -2.3047 -2.1658 -2.0332
 -1.9103 -1.7970 -1.6921 -1.5921 -1.4934 -1.2502 -1.0331 -0.8564 -0.7246 -0.6250
 -0.5439 -0.4731 -0.4086 -0.3481 -0.2904 -0.2354 -0.1833 -0.1360 -0.0953 -0.0642
 -0.0496
 -2.7650 -2.6903 -2.6133 -2.5343 -2.4513 -2.3621 -2.2642 -2.1571 -2.0431 -1.9280
 -1.8162 -1.7110 -1.6132 -1.5218 -1.4341 -1.2212 -1.0234 -0.8567 -0.7267 -0.6298
 -0.5545 -0.4911 -0.4339 -0.3802 -0.3286 -0.2786 -0.2308 -0.1846 -0.1432 -0.1101
 -0.0876
 -2.4411 -2.3849 -2.3286 -2.2723 -2.2135 -2.1511 -2.0829 -2.0068 -1.9217 -1.8293
 -1.7341 -1.6404 -1.5506 -1.4658 -1.3854 -1.1953 -1.0143 -0.8567 -0.7297 -0.6321
 -0.5589 -0.5010 -0.4513 -0.4052 -0.3609 -0.3173 -0.2748 -0.2337 -0.1950 -0.1612
 -0.1325
 -2.1444 -2.1081 -2.0702 -2.0309 -1.9912 -1.9494 -1.9039 -1.8534 -1.7956 -1.7287
 -1.6549 -1.5772 -1.4985 -1.4209 -1.3461 -1.1706 -1.0075 -0.8576 -0.7340 -0.6361
 -0.5616 -0.5056 -0.4611 -0.4225 -0.3861 -0.3503 -0.3148 -0.2796 -0.2454 -0.2131
 -0.1827
 -1.8880 -1.8599 -1.8338 -1.8095 -1.7851 -1.7588 -1.7308 -1.6994 -1.6627 -1.6169
 -1.5633 -1.5042 -1.4415 -1.3771 -1.3122 -1.1518 -0.9982 -0.8569 -0.7360 -0.6393
 -0.5639 -0.5071 -0.4646 -0.4311 -0.4020 -0.3742 -0.3467 -0.3189 -0.2910 -0.2637
 -0.2379
 -1.6720 -1.6403 -1.6194 -1.6081 -1.5952 -1.5793 -1.5652 -1.5481 -1.5269 -1.4994
 -1.4655 -1.4257 -1.3806 -1.3344 -1.2837 -1.1388 -0.9864 -0.8546 -0.7357
 [Fe/H] = -3.00 [alpha/Fe] = 0.40 BC value = F475W
 -4.7661 -4.4389 -4.2204 -4.1156 -4.1411 -4.6128 -4.3157 -4.0119 -3.7624 -3.5575
 -3.2871 -3.0183 -2.8779 -2.7734 -2.6003 -1.9789
 -4.6370 -4.3019 -4.0520 -3.8877 -3.8183 -4.0026 -3.8198 -3.6203 -3.4311 -3.2514
 -3.0419 -2.8292 -2.6608 -2.5046 -2.3203 -1.7910 -1.3560 -1.0308 -0.7900
 -4.4936 -4.1612 -3.8938 -3.6884 -3.5488 -3.5286 -3.4080 -3.2726 -3.1248 -2.9668
 -2.8006 -2.6277 -2.4496 -2.2676 -2.0827 -1.6310 -1.2559 -0.9697 -0.7572 -0.5948
 -0.4645
 -4.3359 -4.0168 -3.7458 -3.5177 -3.3324 -3.1908 -3.0803 -2.9688 -2.8435 -2.7039
 -2.5631 -2.4138 -2.2442 -2.0624 -1.8875 -1.4989 -1.1754 -0.9236 -0.7353 -0.5899
 -0.4718 -0.3714 -0.2813
 -4.1639 -3.8687 -3.6080 -3.3756 -3.1692 -2.9892 -2.8367 -2.7087 -2.5871 -2.4626
 -2.3295 -2.1876 -2.0447 -1.8891 -1.7347 -1.3947 -1.1145 -0.8925 -0.7244 -0.5933
 -0.4855 -0.3926 -0.3100 -0.2353 -0.1673
 -3.9776 -3.7169 -3.4804 -3.2621 -3.0592 -2.8719 -2.7013 -2.5491 -2.4136 -2.2889
 -2.1638 -2.0320 -1.9004 -1.7637 -1.6240 -1.3181 -1.0701 -0.8719 -0.7205 -0.6015
 -0.5029 -0.4171 -0.3399 -0.2692 -0.2039 -0.1437
 -3.7705 -3.5481 -3.3433 -3.1492 -2.9630 -2.7840 -2.6137 -2.4541 -2.3075 -2.1731
 -2.0466 -1.9235 -1.8004 -1.6801 -1.5540 -1.2680 -1.0403 -0.8587 -0.7195 -0.6110
 -0.5210 -0.4422 -0.3710 -0.3050 -0.2432 -0.1854 -0.1324 -0.0847 -0.0452 -0.0230
 -3.5527 -3.3651 -3.1918 -3.0264 -2.8632 -2.7017 -2.5424 -2.3877 -2.2397 -2.1015
 -1.9725 -1.8506 -1.7329 -1.6202 -1.5070 -1.2416 -1.0238 -0.8518 -0.7194 -0.6184
 -0.5364 -0.4651 -0.4005 -0.3402 -0.2830 -0.2288 -0.1780 -0.1310 -0.0903 -0.0597
 -0.0455
 -3.3026 -3.1686 -3.0315 -2.8919 -2.7535 -2.6137 -2.4714 -2.3286 -2.1881 -2.0522
 -1.9232 -1.8020 -1.6873 -1.5781 -1.4722 -1.2262 -1.0178 -0.8505 -0.7192 -0.6227
 -0.5442 -0.4828 -0.4255 -0.3720 -0.3208 -0.2714 -0.2243 -0.1820 -0.1447 -0.1119
 -0.0833
 -3.1009 -2.9858 -2.8685 -2.7493 -2.6317 -2.5131 -2.3907 -2.2646 -2.1364 -2.0085
 -1.8838 -1.7647 -1.6521 -1.5459 -1.4442 -1.2116 -1.0131 -0.8510 -0.7224 -0.6243
 -0.5507 -0.4925 -0.4427 -0.3968 -0.3529 -0.3099 -0.2680 -0.2276 -0.1895 -0.1553
 -0.1281
 -2.9134 -2.8134 -2.7109 -2.6062 -2.5052 -2.4032 -2.2997 -2.1918 -2.0797 -1.9646
 -1.8488 -1.7351 -1.6258 -1.5223 -1.4241 -1.2006 -1.0108 -0.8529 -0.7265 -0.6277
 -0.5532 -0.4972 -0.4527 -0.4142 -0.3782 -0.3428 -0.3079 -0.2734 -0.2397 -0.2080
 -0.1782
 -2.7402 -2.6513 -2.5622 -2.4731 -2.3879 -2.3040 -2.2173 -2.1041 -2.0090 -1.9095
 -1.8067 -1.7026 -1.5996 -1.5002 -1.4054 -1.1899 -1.0068 -0.8536 -0.7289 -0.6306
 -0.5551 -0.4986 -0.4563 -0.4230 -0.3942 -0.3669 -0.3399 -0.3127 -0.2853 -0.2585
 -0.2333
 -2.5815 -2.4994 -2.4225 -2.3501 -2.2800 -2.2156 -2.1037 -2.0266 -1.9450 -1.8379
 -1.7502 -1.6594 -1.5667 -1.4745 -1.3881 -1.1795 -1.0011 -0.8531 -0.7296
 [Fe/H] = -2.50 [alpha/Fe] = 0.40 BC value = F475W
 -5.2204 -5.0659 -5.0044 -4.8005 -4.4291 -4.1141 -4.0260 -4.0364 -3.9492 -3.7215
 -3.4532 -3.1778 -2.9288 -2.7075 -2.4851 -1.9520
 -4.8003 -4.5371 -4.3657 -4.1652 -3.9205 -3.7140 -3.6036 -3.5338 -3.4252 -3.2559
 -3.0575 -2.8396 -2.6194 -2.4105 -2.2097 -1.7504 -1.3519 -1.0325 -0.7738
 -4.4828 -4.1486 -3.9010 -3.6947 -3.5208 -3.3762 -3.2521 -3.1358 -3.0146 -2.8804
 -2.7278 -2.5532 -2.3609 -2.1671 -1.9848 -1.5844 -1.2461 -0.9697 -0.7518 -0.5851
 -0.4630
 -4.2679 -3.9004 -3.6103 -3.3890 -3.2300 -3.1007 -2.9715 -2.8424 -2.7174 -2.5950
 -2.4641 -2.3186 -2.1533 -1.9773 -1.8104 -1.4540 -1.1624 -0.9222 -0.7347 -0.5883
 -0.4692 -0.3684 -0.2800
 -4.1556 -3.7925 -3.4936 -3.2481 -3.0481 -2.8875 -2.7618 -2.6536 -2.5336 -2.3997
 -2.2664 -2.1358 -1.9966 -1.8411 -1.6865 -1.3592 -1.1008 -0.8900 -0.7226 -0.5905
 -0.4818 -0.3884 -0.3056 -0.2308 -0.1630
 -4.0703 -3.7246 -3.4335 -3.1866 -2.9754 -2.7945 -2.6396 -2.5062 -2.3898 -2.2774
 -2.1502 -2.0141 -1.8828 -1.7462 -1.6037 -1.2953 -1.0580 -0.8686 -0.7177 -0.5975
 -0.4980 -0.4118 -0.3345 -0.2639 -0.1989 -0.1390
 -3.9771 -3.6595 -3.3863 -3.1485 -2.9390 -2.7526 -2.5860 -2.4369 -2.3023 -2.1786
 -2.0608 -1.9399 -1.8138 -1.6870 -1.5534 -1.2562 -1.0307 -0.8549 -0.7159 -0.6058
 -0.5150 -0.4359 -0.3646 -0.2988 -0.2373 -0.1800 -0.1275 -0.0801 -0.0408 -0.0189
 -3.8634 -3.5803 -3.3321 -3.1112 -2.9112 -2.7283 -2.5599 -2.4041 -2.2605 -2.1274
 -2.0021 -1.8817 -1.7630 -1.6472 -1.5263 -1.2382 -1.0158 -0.8469 -0.7152 -0.6125
 -0.5295 -0.4579 -0.3933 -0.3331 -0.2763 -0.2225 -0.1724 -0.1260 -0.0857 -0.0552
 -0.0413
 -3.7334 -3.4837 -3.2628 -3.0634 -2.8787 -2.7055 -2.5415 -2.3861 -2.2394 -2.1015
 -1.9716 -1.8481 -1.7299 -1.6159 -1.5046 -1.2345 -1.0122 -0.8442 -0.7154 -0.6163
 -0.5391 -0.4749 -0.4175 -0.3642 -0.3133 -0.2645 -0.2179 -0.1743 -0.1345 -0.1008
 -0.0790
 -3.5923 -3.3723 -3.1761 -2.9982 -2.8315 -2.6720 -2.5175 -2.3677 -2.2232 -2.0850
 -1.9532 -1.8281 -1.7090 -1.5952 -1.4862 -1.2297 -1.0137 -0.8447 -0.7158 -0.6174
 -0.5429 -0.4843 -0.4343 -0.3886 -0.3449 -0.3024 -0.2611 -0.2214 -0.1840 -0.1505
 -0.1237
 -3.4565 -3.2613 -3.0833 -2.9221 -2.7721 -2.6274 -2.4859 -2.3457 -2.2077 -2.0731
 -1.9429 -1.8180 -1.6989 -1.5856 -1.4774 -1.2277 -1.0175 -0.8493 -0.7195 -0.6200
 -0.5451 -0.4888 -0.4442 -0.4058 -0.3700 -0.3350 -0.3007 -0.2668 -0.2338 -0.2028
 -0.1736
 -3.3300 -3.1510 -2.9876 -2.8375 -2.6985 -2.5672 -2.4387 -2.3106 -2.1826 -2.0554
 -1.9302 -1.8085 -1.6911 -1.5788 -1.4716 -1.2262 -1.0198 -0.8529 -0.7229 -0.6225
 -0.5465 -0.4900 -0.4478 -0.4146 -0.3860 -0.3590 -0.3325 -0.3059 -0.2792 -0.2530
 -0.2284
 -3.2129 -3.0414 -2.8894 -2.7470 -2.6157 -2.4927 -2.3748 -2.2588 -2.1422 -2.0254
 -1.9086 -1.7932 -1.6803 -1.5709 -1.4688 -1.2252 -1.0206 -0.8555 -0.7260
 [Fe/H] = -2.00 [alpha/Fe] = 0.40 BC value = F475W
 -5.6948 -5.3363 -5.0520 -4.8367 -4.6168 -4.4019 -4.1790 -3.9484 -3.7119 -3.4776
 -3.2403 -3.0033 -2.7751 -2.5600 -2.3180 -1.8689
 -5.2482 -4.8652 -4.5487 -4.2865 -4.0656 -3.8686 -3.6799 -3.4887 -3.2954 -3.1013
 -2.9004 -2.6910 -2.4792 -2.2777 -2.0784 -1.6757 -1.3294 -1.0325 -0.7943
 -4.8654 -4.4619 -4.1287 -3.8588 -3.6381 -3.4511 -3.2832 -3.1195 -2.9575 -2.7945
 -2.6244 -2.4424 -2.2503 -2.0620 -1.8885 -1.5216 -1.2208 -0.9665 -0.7586 -0.5939
 -0.4601
 -4.5464 -4.1264 -3.7920 -3.5536 -3.3344 -3.1494 -2.9889 -2.8408 -2.6982 -2.5572
 -2.4123 -2.2575 -2.0884 -1.9129 -1.7483 -1.4066 -1.1385 -0.9169 -0.7339 -0.5865
 -0.4648 -0.3642 -0.2757
 -4.3448 -3.9146 -3.5763 -3.3175 -3.1157 -2.9489 -2.7991 -2.6543 -2.5151 -2.3820
 -2.2512 -2.1177 -1.9735 -1.8147 -1.6578 -1.3307 -1.0825 -0.8837 -0.7202 -0.5869
 -0.4769 -0.3827 -0.2994 -0.2245 -0.1569
 -4.2875 -3.8542 -3.4996 -3.2204 -3.0005 -2.8228 -2.6731 -2.5395 -2.4121 -2.2826
 -2.1482 -2.0178 -1.8885 -1.7504 -1.6031 -1.2845 -1.0470 -0.8627 -0.7138 -0.5921
 -0.4912 -0.4042 -0.3267 -0.2562 -0.1916 -0.1328
 -4.2748 -3.8435 -3.4865 -3.1925 -2.9499 -2.7487 -2.5804 -2.4377 -2.3142 -2.2048
 -2.0927 -1.9659 -1.8361 -1.7066 -1.5715 -1.2596 -1.0263 -0.8500 -0.7111 -0.5989
 -0.5064 -0.4266 -0.3552 -0.2895 -0.2285 -0.1719 -0.1202 -0.0734 -0.0342 -0.0122
 -4.2649 -3.8497 -3.4980 -3.2039 -2.9568 -2.7471 -2.5671 -2.4108 -2.2729 -2.1478
 -2.0319 -1.9207 -1.8051 -1.6840 -1.5563 -1.2499 -1.0162 -0.8430 -0.7098 -0.6046
 -0.5195 -0.4471 -0.3823 -0.3225 -0.2662 -0.2131 -0.1638 -0.1184 -0.0786 -0.0480
 -0.0343
 -4.2381 -3.8483 -3.5119 -3.2244 -2.9781 -2.7654 -2.5790 -2.4135 -2.2651 -2.1301
 -2.0044 -1.8853 -1.7712 -1.6603 -1.5470 -1.2527 -1.0144 -0.8403 -0.7092 -0.6079
 -0.5284 -0.4629 -0.4054 -0.3523 -0.3020 -0.2538 -0.2082 -0.1655 -0.1267 -0.0936
 -0.0717
 -4.1800 -3.8196 -3.5079 -3.2354 -2.9969 -2.7863 -2.5981 -2.4279 -2.2726 -2.1298
 -1.9970 -1.8719 -1.7528 -1.6390 -1.5301 -1.2573 -1.0192 -0.8400 -0.7083 -0.6083
 -0.5318 -0.4718 -0.4214 -0.3758 -0.3326 -0.2907 -0.2504 -0.2117 -0.1754 -0.1428
 -0.1165
 -4.1005 -3.7774 -3.4903 -3.2361 -3.0099 -2.8062 -2.6204 -2.4492 -2.2906 -2.1432
 -2.0053 -1.8756 -1.7526 -1.6355 -1.5241 -1.2617 -1.0309 -0.8470 -0.7111 -0.6099
 -0.5335 -0.4760 -0.4309 -0.3924 -0.3569 -0.3226 -0.2890 -0.2561 -0.2242 -0.1943
 -0.1662
 -4.0130 -3.7195 -3.4558 -3.2193 -3.0068 -2.8135 -2.6345 -2.4666 -2.3084 -2.1592
 -2.0186 -1.8861 -1.7605 -1.6412 -1.5274 -1.2655 -1.0402 -0.8562 -0.7159 -0.6119
 -0.5344 -0.4769 -0.4343 -0.4011 -0.3727 -0.3461 -0.3203 -0.2945 -0.2689 -0.2439
 -0.2203
 -3.9202 -3.6534 -3.4108 -3.1902 -2.9888 -2.8042 -2.6337 -2.4728 -2.3189 -2.1717
 -2.0312 -1.8976 -1.7710 -1.6506 -1.5400 -1.2687 -1.0471 -0.8676 -0.7227
 [Fe/H] = -1.50 [alpha/Fe] = 0.40 BC value = F475W
 -6.3694 -6.0839 -5.8041 -5.5167 -5.2296 -4.9037 -4.5195 -4.0852 -3.6992 -3.3733
 -3.0880 -2.8326 -2.6028 -2.3955 -2.2068 -1.7987
 -5.8482 -5.5082 -5.1937 -4.8951 -4.6086 -4.3137 -3.9892 -3.6384 -3.3258 -3.0537
 -2.8070 -2.5756 -2.3588 -2.1608 -1.9823 -1.6079 -1.2986 -1.0302 -0.8019
 -5.4405 -5.0603 -4.7172 -4.4065 -4.1207 -3.8497 -3.5736 -3.2878 -3.0303 -2.8002
 -2.5864 -2.3793 -2.1778 -1.9889 -1.8180 -1.4665 -1.1892 -0.9573 -0.7595 -0.5948
 -0.4584
 -5.1463 -4.7402 -4.3746 -4.0509 -3.7659 -3.5116 -3.2727 -3.0334 -2.8127 -2.6128
 -2.4262 -2.2437 -2.0598 -1.8798 -1.7139 -1.3745 -1.1161 -0.9077 -0.7325 -0.5851
 -0.4625 -0.3587 -0.2692
 -4.8774 -4.4471 -4.0985 -3.7897 -3.5116 -3.2657 -3.0472 -2.8410 -2.6475 -2.4702
 -2.3050 -2.1448 -1.9818 -1.8143 -1.6530 -1.3191 -1.0705 -0.8762 -0.7169 -0.5830
 -0.4708 -0.3750 -0.2910 -0.2159 -0.1483
 -4.6932 -4.2350 -3.8566 -3.5444 -3.2859 -3.0704 -2.8842 -2.7039 -2.5293 -2.3657
 -2.2134 -2.0687 -1.9250 -1.7747 -1.6209 -1.2894 -1.0441 -0.8578 -0.7090 -0.5857
 -0.4824 -0.3940 -0.3158 -0.2453 -0.1810 -0.1226
 -4.6566 -4.1678 -3.7555 -3.4137 -3.1342 -2.9061 -2.7211 -2.5698 -2.4354 -2.3014
 -2.1590 -2.0179 -1.8820 -1.7471 -1.6055 -1.2771 -1.0308 -0.8478 -0.7055 -0.5903
 -0.4949 -0.4136 -0.3417 -0.2762 -0.2159 -0.1601 -0.1093 -0.0634 -0.0247 -0.0023
 -4.6925 -4.1819 -3.7489 -3.3894 -3.0932 -2.8502 -2.6501 -2.4829 -2.3402 -2.2171
 -2.1055 -1.9890 -1.8611 -1.7297 -1.5978 -1.2767 -1.0267 -0.8432 -0.7043 -0.5947
 -0.5059 -0.4316 -0.3664 -0.3068 -0.2513 -0.1992 -0.1512 -0.1073 -0.0681 -0.0374
 -0.0232
 -4.7615 -4.2411 -3.7943 -3.4197 -3.1095 -2.8532 -2.6397 -2.4602 -2.3067 -2.1719
 -2.0503 -1.9386 -1.8315 -1.7186 -1.5967 -1.2846 -1.0295 -0.8426 -0.7040 -0.5977
 -0.5125 -0.4457 -0.3874 -0.3345 -0.2850 -0.2379 -0.1937 -0.1515 -0.1136 -0.0826
 -0.0602
 -4.8120 -4.3058 -3.8567 -3.4760 -3.1558 -2.8881 -2.6632 -2.4718 -2.3066 -2.1616
 -2.0312 -1.9107 -1.7973 -1.6897 -1.5829 -1.2952 -1.0361 -0.8436 -0.7031 -0.5979
 -0.5170 -0.4538 -0.4019 -0.3563 -0.3138 -0.2730 -0.2340 -0.1968 -0.1621 -0.1310
 -0.1053
 -4.8293 -4.3518 -3.9221 -3.5461 -3.2231 -2.9480 -2.7134 -2.5115 -2.3353 -2.1794
 -2.0393 -1.9109 -1.7909 -1.6773 -1.5691 -1.3047 -1.0528 -0.8517 -0.7062 -0.5991
 -0.5188 -0.4580 -0.4109 -0.3720 -0.3369 -0.3034 -0.2711 -0.2396 -0.2093 -0.1811
 -0.1546
 -4.8103 -4.3700 -3.9689 -3.6065 -3.2901 -3.0146 -2.7750 -2.5653 -2.3800 -2.2145
 -2.0650 -1.9282 -1.8014 -1.6824 -1.5696 -1.3082 -1.0693 -0.8657 -0.7123 -0.6012
 -0.5195 -0.4590 -0.4143 -0.3802 -0.3519 -0.3260 -0.3012 -0.2767 -0.2525 -0.2290
 -0.2071
 -4.7528 -4.3552 -3.9872 -3.6484 -3.3447 -3.0752 -2.8365 -2.6237 -2.4324 -2.2595
 -2.1020 -1.9577 -1.8243 -1.6997 -1.5844 -1.3057 -1.0856 -0.8856 -0.7214
 [Fe/H] = -1.00 [alpha/Fe] = 0.40 BC value = F475W
 -7.0222 -6.8047 -6.5908 -6.3635 -6.1419 -5.8038 -5.2577 -4.5176 -3.9264 -3.3483
 -2.9886 -2.7065 -2.4727 -2.2692 -2.0884 -1.7102
 -6.4684 -6.2159 -5.9770 -5.7360 -5.4833 -5.1543 -4.6822 -4.0725 -3.5229 -3.0988
 -2.7730 -2.5084 -2.2832 -2.0860 -1.9110 -1.5509 -1.2670 -1.0213 -0.8055
 -6.0257 -5.7382 -5.4709 -5.2120 -4.9416 -4.6293 -4.2270 -3.7286 -3.2760 -2.9083
 -2.6121 -2.3642 -2.1481 -1.9564 -1.7854 -1.4364 -1.1679 -0.9483 -0.7606 -0.5984
 -0.4606
 -5.6941 -5.3716 -5.0725 -4.7915 -4.5169 -4.2287 -3.8921 -3.4859 -3.1022 -2.7768
 -2.5059 -2.2739 -2.0674 -1.8804 -1.7116 -1.3667 -1.1074 -0.9023 -0.7316 -0.5853
 -0.4600 -0.3534 -0.2617
 -5.4488 -5.1004 -4.7734 -4.4680 -4.1814 -3.9055 -3.6211 -3.2922 -2.9654 -2.6766
 -2.4294 -2.2143 -2.0197 -1.8393 -1.6728 -1.3280 -1.0716 -0.8743 -0.7145 -0.5799
 -0.4648 -0.3660 -0.2803 -0.2048 -0.1371
 -5.1986 -4.8441 -4.5235 -4.2194 -3.9270 -3.6514 -3.3914 -3.1239 -2.8475 -2.5924
 -2.3677 -2.1695 -1.9888 -1.8183 -1.6563 -1.3105 -1.0527 -0.8587 -0.7056 -0.5794
 -0.4727 -0.3813 -0.3016 -0.2306 -0.1667 -0.1088
 -5.0400 -4.6137 -4.2491 -3.9369 -3.6652 -3.4222 -3.1932 -2.9694 -2.7397 -2.5171
 -2.3138 -2.1312 -1.9645 -1.8064 -1.6523 -1.3074 -1.0455 -0.8513 -0.7018 -0.5816
 -0.4818 -0.3972 -0.3237 -0.2580 -0.1981 -0.1433 -0.0939 -0.0488 -0.0113  0.0106
 -5.0156 -4.5344 -4.1157 -3.7579 -3.4548 -3.1963 -2.9738 -2.7815 -2.6059 -2.4355
 -2.2654 -2.1000 -1.9438 -1.7962 -1.6532 -1.3140 -1.0467 -0.8494 -0.7011 -0.5846
 -0.4903 -0.4118 -0.3446 -0.2848 -0.2300 -0.1792 -0.1327 -0.0905 -0.0527 -0.0229
 -0.0082
 -5.0860 -4.5609 -4.1002 -3.7046 -3.3695 -3.0885 -2.8519 -2.6503 -2.4744 -2.3189
 -2.1816 -2.0543 -1.9247 -1.7899 -1.6547 -1.3276 -1.0546 -0.8520 -0.7021 -0.5874
 -0.4968 -0.4237 -0.3625 -0.3092 -0.2603 -0.2146 -0.1722 -0.1329 -0.0977 -0.0667
 -0.0447
 -5.2190 -4.6553 -4.1599 -3.7313 -3.3676 -3.0629 -2.8086 -2.5950 -2.4129 -2.2546
 -2.1142 -1.9886 -1.8746 -1.7646 -1.6491 -1.3422 -1.0657 -0.8565 -0.7031 -0.5883
 -0.5001 -0.4308 -0.3751 -0.3282 -0.2861 -0.2467 -0.2096 -0.1745 -0.1420 -0.1131
 -0.0890
 -5.3667 -4.7966 -4.2773 -3.8225 -3.4328 -3.1042 -2.8297 -2.5998 -2.4055 -2.2389
 -2.0931 -1.9627 -1.8436 -1.7328 -1.6275 -1.3572 -1.0857 -0.8683 -0.7087 -0.5911
 -0.5030 -0.4357 -0.3839 -0.3425 -0.3072 -0.2747 -0.2441 -0.2145 -0.1866 -0.1608
 -0.1379
 -5.4799 -4.9223 -4.4102 -3.9441 -3.5370 -3.1888 -2.8949 -2.6474 -2.4377 -2.2583
 -2.1022 -1.9640 -1.8388 -1.7231 -1.6141 -1.3595 -1.1082 -0.8854 -0.7176 -0.5952
 -0.5050 -0.4380 -0.3881 -0.3507 -0.3212 -0.2957 -0.2722 -0.2494 -0.2273 -0.2062
 -0.1868
 -5.5311 -5.0141 -4.5208 -4.0664 -3.6558 -3.2975 -2.9897 -2.7264 -2.5013 -2.3075
 -2.1385 -1.9891 -1.8549 -1.7324 -1.6089 -1.3491 -1.1332 -0.9078 -0.7298
 [Fe/H] = -0.75 [alpha/Fe] = 0.30 BC value = F475W
 -7.2205 -7.0213 -6.8254 -6.6169 -6.4268 -6.0957 -5.5035 -4.6725 -3.9891 -3.3528
 -2.9703 -2.6791 -2.4424 -2.2399 -2.0607 -1.6882
 -6.6705 -6.4389 -6.2212 -6.0014 -5.7711 -5.4464 -4.9390 -4.2482 -3.6099 -3.1291
 -2.7761 -2.5004 -2.2717 -2.0744 -1.9000 -1.5424 -1.2610 -1.0227 -0.8117
 -6.2260 -5.9606 -5.7158 -5.4787 -5.2255 -4.9161 -4.4866 -3.9189 -3.3871 -2.9627
 -2.6352 -2.3729 -2.1515 -1.9584 -1.7871 -1.4379 -1.1704 -0.9526 -0.7660 -0.6037
 -0.4641
 -5.8870 -5.5864 -5.3092 -5.0488 -4.7899 -4.5048 -4.1463 -3.6846 -3.2338 -2.8536
 -2.5476 -2.2966 -2.0818 -1.8919 -1.7220 -1.3747 -1.1136 -0.9077 -0.7362 -0.5890
 -0.4618 -0.3531 -0.2593
 -5.6348 -5.3044 -4.9955 -4.7074 -4.4344 -4.1621 -3.8631 -3.4922 -3.1102 -2.7715
 -2.4877 -2.2496 -2.0428 -1.8573 -1.6888 -1.3403 -1.0800 -0.8802 -0.7183 -0.5818
 -0.4646 -0.3637 -0.2757 -0.1984 -0.1301
 -5.3957 -5.0630 -4.7483 -4.4465 -4.1575 -3.8826 -3.6138 -3.3176 -2.9978 -2.6995
 -2.4398 -2.2166 -2.0202 -1.8414 -1.6760 -1.3256 -1.0626 -0.8647 -0.7086 -0.5797
 -0.4706 -0.3769 -0.2955 -0.2236 -0.1593 -0.1014
 -5.1808 -4.7853 -4.4512 -4.1622 -3.9002 -3.6477 -3.3981 -3.1503 -2.8872 -2.6291
 -2.3947 -2.1880 -2.0039 -1.8346 -1.6749 -1.3243 -1.0564 -0.8573 -0.7041 -0.5807
 -0.4780 -0.3908 -0.3155 -0.2489 -0.1888 -0.1342 -0.0848 -0.0405 -0.0036  0.0177
 -5.1199 -4.6571 -4.2562 -3.9162 -3.6262 -3.3738 -3.1513 -2.9502 -2.7518 -2.5481
 -2.3476 -2.1600 -1.9885 -1.8300 -1.6788 -1.3323 -1.0588 -0.8558 -0.7030 -0.5828
 -0.4851 -0.4039 -0.3345 -0.2737 -0.2187 -0.1682 -0.1224 -0.0806 -0.0437 -0.0147
 -0.0005
 -5.1681 -4.6555 -4.2048 -3.8166 -3.4877 -3.2097 -2.9720 -2.7650 -2.5805 -2.4134
 -2.2624 -2.1176 -1.9712 -1.8252 -1.6831 -1.3471 -1.0681 -0.8592 -0.7041 -0.5853
 -0.4911 -0.4146 -0.3509 -0.2962 -0.2471 -0.2018 -0.1601 -0.1217 -0.0866 -0.0573
 -0.0357
 -5.2909 -4.7360 -4.2441 -3.8173 -3.4535 -3.1475 -2.8905 -2.6726 -2.4844 -2.3180
 -2.1697 -2.0381 -1.9191 -1.8026 -1.6802 -1.3634 -1.0808 -0.8650 -0.7058 -0.5864
 -0.4941 -0.4213 -0.3627 -0.3139 -0.2713 -0.2321 -0.1956 -0.1615 -0.1300 -0.1024
 -0.0795
 -5.4571 -4.8810 -4.3559 -3.8962 -3.5010 -3.1671 -2.8874 -2.6528 -2.4540 -2.2826
 -2.1320 -1.9974 -1.8755 -1.7635 -1.6571 -1.3802 -1.1024 -0.8784 -0.7126 -0.5899
 -0.4974 -0.4264 -0.3713 -0.3276 -0.2912 -0.2587 -0.2286 -0.2000 -0.1731 -0.1486
 -0.1270
 -5.6017 -5.0301 -4.4994 -4.0187 -3.6001 -3.2418 -2.9393 -2.6852 -2.4707 -2.2876
 -2.1288 -1.9885 -1.8620 -1.7457 -1.6368 -1.3827 -1.1268 -0.8973 -0.7232 -0.5950
 -0.5002 -0.4292 -0.3759 -0.3359 -0.3048 -0.2788 -0.2555 -0.2335 -0.2124 -0.1925
 -0.1745
 -5.6896 -5.1464 -4.6305 -4.1548 -3.7255 -3.3510 -3.0303 -2.7575 -2.5259 -2.3279
 -2.1564 -2.0059 -1.8715 -1.7492 -1.6193 -1.3709 -1.1540 -0.9217 -0.7376
 [Fe/H] = -0.50 [alpha/Fe] = 0.20 BC value = F475W
 -7.4325 -7.2439 -7.0585 -6.8620 -6.6951 -6.3614 -5.7224 -4.8923 -4.0474 -3.4254
 -2.9562 -2.6565 -2.4161 -2.2129 -2.0365 -1.6711
 -6.8850 -6.6658 -6.4620 -6.2579 -6.0458 -5.7235 -5.1834 -4.4177 -3.6952 -3.1618
 -2.7823 -2.4961 -2.2638 -2.0657 -1.8923 -1.5377 -1.2608 -1.0276 -0.8205
 -6.4385 -6.1869 -5.9579 -5.7383 -5.5008 -5.1969 -4.7444 -4.1109 -3.5007 -3.0179
 -2.6603 -2.3843 -2.1579 -1.9634 -1.7919 -1.4426 -1.1761 -0.9597 -0.7739 -0.6110
 -0.4697
 -6.0930 -5.8072 -5.5462 -5.3032 -5.0602 -4.7815 -4.4054 -3.8911 -3.3700 -2.9318
 -2.5902 -2.3211 -2.0984 -1.9060 -1.7353 -1.3858 -1.1229 -0.9161 -0.7434 -0.5946
 -0.4654 -0.3541 -0.2583
 -5.8322 -5.5156 -5.2214 -4.9491 -4.6903 -4.4250 -4.1147 -3.7037 -3.2636 -2.8699
 -2.5471 -2.2860 -2.0676 -1.8774 -1.7073 -1.3554 -1.0914 -0.8890 -0.7247 -0.5857
 -0.4662 -0.3628 -0.2732 -0.1949 -0.1258
 -5.6058 -5.2787 -4.9683 -4.6738 -4.3938 -4.1244 -3.8502 -3.5255 -3.1597 -2.8129
 -2.5142 -2.2646 -2.0526 -1.8663 -1.6978 -1.3432 -1.0752 -0.8734 -0.7141 -0.5821
 -0.4702 -0.3739 -0.2903 -0.2169 -0.1517 -0.0934
 -5.3426 -4.9798 -4.6746 -4.4027 -4.1405 -3.8778 -3.6159 -3.3480 -3.0497 -2.7512
 -2.4808 -2.2467 -2.0441 -1.8640 -1.6992 -1.3437 -1.0701 -0.8659 -0.7088 -0.5818
 -0.4758 -0.3858 -0.3080 -0.2398 -0.1790 -0.1240 -0.0747 -0.0309  0.0051  0.0258
 -5.2365 -4.7916 -4.4126 -4.0946 -3.8222 -3.5814 -3.3598 -3.1445 -2.9157 -2.6743
 -2.4398 -2.2263 -2.0361 -1.8647 -1.7059 -1.3531 -1.0735 -0.8646 -0.7072 -0.5831
 -0.4817 -0.3970 -0.3250 -0.2624 -0.2065 -0.1561 -0.1108 -0.0699 -0.0333 -0.0051
  0.0083
 -5.2579 -4.7562 -4.3170 -3.9409 -3.6226 -3.3520 -3.1164 -2.9068 -2.7141 -2.5322
 -2.3594 -2.1898 -2.0230 -1.8641 -1.7137 -1.3688 -1.0839 -0.8688 -0.7084 -0.5851
 -0.4869 -0.4066 -0.3399 -0.2829 -0.2328 -0.1875 -0.1463 -0.1089 -0.0753 -0.0463
 -0.0256
 -5.3669 -4.8180 -4.3316 -3.9090 -3.5491 -3.2455 -2.9889 -2.7684 -2.5738 -2.3981
 -2.2402 -2.1006 -1.9728 -1.8457 -1.7137 -1.3863 -1.0983 -0.8760 -0.7108 -0.5864
 -0.4897 -0.4127 -0.3506 -0.2992 -0.2552 -0.2158 -0.1798 -0.1467 -0.1165 -0.0899
 -0.0681
 -5.5412 -4.9584 -4.4320 -3.9704 -3.5732 -3.2374 -2.9555 -2.7180 -2.5151 -2.3382
 -2.1810 -2.0406 -1.9147 -1.8004 -1.6914 -1.4053 -1.1215 -0.8912 -0.7190 -0.5907
 -0.4934 -0.4180 -0.3590 -0.3123 -0.2739 -0.2407 -0.2109 -0.1832 -0.1574 -0.1342
 -0.1141
 -5.7113 -5.1242 -4.5805 -4.0888 -3.6616 -3.2961 -2.9882 -2.7298 -2.5116 -2.3252
 -2.1630 -2.0195 -1.8904 -1.7727 -1.6635 -1.4085 -1.1477 -0.9120 -0.7313 -0.5971
 -0.4971 -0.4215 -0.3641 -0.3206 -0.2871 -0.2599 -0.2365 -0.2151 -0.1950 -0.1764
 -0.1596
 -5.8304 -5.2646 -4.7279 -4.2340 -3.7878 -3.4010 -3.0701 -2.7902 -2.5537 -2.3525
 -2.1790 -2.0271 -1.8918 -1.7692 -1.6300 -1.3959 -1.1769 -0.9384 -0.7477
 [Fe/H] = -0.25 [alpha/Fe] = 0.10 BC value = F475W
 -7.6606 -7.4736 -7.2919 -7.1013 -6.9389 -6.5832 -5.8973 -4.9592 -4.0968 -3.4361
 -2.9913 -2.6697 -2.4195 -2.2093 -2.0148 -1.6544
 -7.1156 -6.9002 -6.7028 -6.5078 -6.3041 -5.9748 -5.3971 -4.5627 -3.7755 -3.1939
 -2.7919 -2.4958 -2.2594 -2.0608 -1.8873 -1.5350 -1.2630 -1.0343 -0.8308
 -6.6687 -6.4224 -6.2014 -5.9926 -5.7658 -5.4637 -4.9829 -4.2908 -3.6066 -3.0714
 -2.6863 -2.3981 -2.1673 -1.9711 -1.7992 -1.4500 -1.1845 -0.9695 -0.7844 -0.6204
 -0.4776
 -6.3199 -6.0402 -5.7877 -5.5557 -5.3240 -5.0500 -4.6547 -4.0914 -3.5022 -3.0067
 -2.6318 -2.3464 -2.1170 -1.9221 -1.7505 -1.3994 -1.1350 -0.9275 -0.7536 -0.6028
 -0.4713 -0.3574 -0.2590
 -6.0531 -5.7428 -5.4565 -5.1941 -4.9461 -4.6869 -4.3644 -3.9146 -3.4155 -2.9652
 -2.6042 -2.3218 -2.0933 -1.8990 -1.7274 -1.3729 -1.1057 -0.9010 -0.7343 -0.5924
 -0.4700 -0.3639 -0.2718 -0.1910 -0.1196
 -5.8316 -5.5048 -5.1969 -4.9078 -4.6358 -4.3716 -4.0915 -3.7379 -3.3242 -2.9259
 -2.5865 -2.3110 -2.0849 -1.8919 -1.7209 -1.3630 -1.0907 -0.8853 -0.7228 -0.5873
 -0.4720 -0.3728 -0.2865 -0.2111 -0.1445 -0.0853
 -5.5402 -5.2063 -4.9187 -4.6481 -4.3796 -4.1110 -3.8425 -3.5544 -3.2190 -2.8761
 -2.5666 -2.3040 -2.0836 -1.8939 -1.7244 -1.3650 -1.0865 -0.8776 -0.7167 -0.5857
 -0.4760 -0.3825 -0.3019 -0.2315 -0.1693 -0.1141 -0.0651 -0.0204  0.0149  0.0350
 -5.3799 -4.9511 -4.5932 -4.2973 -4.0438 -3.8139 -3.5877 -3.3515 -3.0893 -2.8075
 -2.5361 -2.2936 -2.0832 -1.8992 -1.7336 -1.3754 -1.0909 -0.8764 -0.7145 -0.5861
 -0.4805 -0.3921 -0.3168 -0.2517 -0.1944 -0.1434 -0.0983 -0.0577 -0.0214  0.0059
  0.0185
 -5.3718 -4.8767 -4.4460 -4.0822 -3.7771 -3.5163 -3.2858 -3.0757 -2.8737 -2.6708
 -2.4673 -2.2673 -2.0776 -1.9040 -1.7448 -1.3921 -1.1027 -0.8813 -0.7157 -0.5878
 -0.4850 -0.4005 -0.3300 -0.2702 -0.2182 -0.1722 -0.1312 -0.0945 -0.0617 -0.0335
 -0.0138
 -5.4648 -4.9171 -4.4324 -4.0138 -3.6585 -3.3593 -3.1047 -2.8823 -2.6812 -2.4956
 -2.3276 -2.1763 -2.0341 -1.8922 -1.7494 -1.4106 -1.1184 -0.8898 -0.7186 -0.5890
 -0.4875 -0.4060 -0.3397 -0.2850 -0.2387 -0.1982 -0.1623 -0.1298 -0.1008 -0.0754
 -0.0548
 -5.6397 -5.0480 -4.5190 -4.0545 -3.6557 -3.3189 -3.0360 -2.7964 -2.5892 -2.4055
 -2.2403 -2.0931 -1.9625 -1.8443 -1.7303 -1.4320 -1.1430 -0.9070 -0.7282 -0.5942
 -0.4917 -0.4114 -0.3480 -0.2974 -0.2562 -0.2215 -0.1913 -0.1641 -0.1395 -0.1175
 -0.0990
 -5.8255 -5.2226 -4.6640 -4.1646 -3.7294 -3.3582 -3.0458 -2.7837 -2.5621 -2.3718
 -2.2051 -2.0571 -1.9244 -1.8047 -1.6949 -1.4372 -1.1710 -0.9298 -0.7426 -0.6020
 -0.4963 -0.4156 -0.3536 -0.3059 -0.2689 -0.2396 -0.2154 -0.1941 -0.1750 -0.1577
 -0.1424
 -5.9714 -5.3816 -4.8245 -4.3123 -3.8520 -3.4535 -3.1143 -2.8285 -2.5877 -2.3834
 -2.2074 -2.0534 -1.9163 -1.7926 -1.6432 -1.4262 -1.2024 -0.9582 -0.7618
 [Fe/H] =  0.00 [alpha/Fe] = 0.00 BC value = F475W
 -7.9647 -7.7642 -7.5666 -7.2926 -6.9099 -6.4046 -5.7662 -4.9869 -4.1285 -3.4462
 -2.9854 -2.6559 -2.3939 -2.1892 -2.0091 -1.6402
 -7.3876 -7.1629 -6.9588 -6.7608 -6.5306 -6.1757 -5.5582 -4.6626 -3.8354 -3.2213
 -2.8019 -2.4980 -2.2593 -2.0585 -1.8857 -1.5352 -1.2668 -1.0429 -0.8431
 -6.9409 -6.6867 -6.4607 -6.2509 -6.0238 -5.7115 -5.1859 -4.4335 -3.6918 -3.1165
 -2.7104 -2.4127 -2.1779 -1.9807 -1.8085 -1.4596 -1.1953 -0.9817 -0.7976 -0.6328
 -0.4879
 -6.5921 -6.3052 -6.0482 -5.8152 -5.5844 -5.3050 -4.8789 -4.2633 -3.6125 -3.0698
 -2.6687 -2.3708 -2.1360 -1.9391 -1.7669 -1.4148 -1.1497 -0.9418 -0.7671 -0.6143
 -0.4800 -0.3630 -0.2619
 -6.3236 -6.0068 -5.7158 -5.4516 -5.2041 -4.9427 -4.5992 -4.1060 -3.5491 -3.0474
 -2.6540 -2.3548 -2.1184 -1.9209 -1.7481 -1.3919 -1.1226 -0.9161 -0.7475 -0.6026
 -0.4768 -0.3675 -0.2726 -0.1898 -0.1155
 -6.0625 -5.7678 -5.4534 -5.1604 -4.8879 -4.6213 -4.3285 -3.9395 -3.4758 -3.0265
 -2.6500 -2.3527 -2.1154 -1.9173 -1.7442 -1.3842 -1.1087 -0.9005 -0.7353 -0.5962
 -0.4770 -0.3742 -0.2850 -0.2070 -0.1388 -0.0777
 -5.7966 -5.4771 -5.1871 -4.9052 -4.6269 -4.3509 -4.0729 -3.7586 -3.3816 -2.9922
 -2.6439 -2.3556 -2.1200 -1.9224 -1.7497 -1.3873 -1.1053 -0.8926 -0.7284 -0.5934
 -0.4793 -0.3819 -0.2980 -0.2249 -0.1608 -0.1047 -0.0543 -0.0091  0.0255  0.0451
 -5.5744 -5.1533 -4.8096 -4.5297 -4.2891 -4.0604 -3.8214 -3.5596 -3.2605 -2.9363
 -2.6266 -2.3555 -2.1267 -1.9319 -1.7607 -1.3987 -1.1106 -0.8914 -0.7255 -0.5929
 -0.4827 -0.3898 -0.3109 -0.2426 -0.1831 -0.1312 -0.0854 -0.0444 -0.0082  0.0181
  0.0300
 -5.5348 -5.0349 -4.6066 -4.2496 -3.9536 -3.7010 -3.4760 -3.2653 -3.0488 -2.8164
 -2.5756 -2.3423 -2.1298 -1.9421 -1.7748 -1.4160 -1.1233 -0.8967 -0.7264 -0.5940
 -0.4863 -0.3971 -0.3225 -0.2591 -0.2045 -0.1570 -0.1153 -0.0787 -0.0466 -0.0190
 -0.0003
 -5.6122 -5.0539 -4.5627 -4.1414 -3.7870 -3.4899 -3.2358 -3.0105 -2.8025 -2.6074
 -2.4272 -2.2601 -2.0987 -1.9392 -1.7846 -1.4353 -1.1402 -0.9063 -0.7297 -0.5951
 -0.4886 -0.4020 -0.3311 -0.2724 -0.2229 -0.1806 -0.1438 -0.1115 -0.0833 -0.0589
 -0.0394
 -5.7845 -5.1762 -4.6343 -4.1603 -3.7554 -3.4149 -3.1294 -2.8862 -2.6731 -2.4812
 -2.3077 -2.1539 -2.0182 -1.8941 -1.7724 -1.4593 -1.1661 -0.9253 -0.7406 -0.6010
 -0.4931 -0.4075 -0.3391 -0.2841 -0.2392 -0.2020 -0.1706 -0.1433 -0.1194 -0.0989
 -0.0816
 -5.9806 -5.3534 -4.7734 -4.2595 -3.8123 -3.4324 -3.1141 -2.8474 -2.6213 -2.4258
 -2.2532 -2.0998 -1.9635 -1.8419 -1.7312 -1.4679 -1.1957 -0.9503 -0.7571 -0.6103
 -0.4988 -0.4125 -0.3452 -0.2927 -0.2516 -0.2191 -0.1931 -0.1713 -0.1525 -0.1364
 -0.1226
 -6.1418 -5.5246 -4.9405 -4.4042 -3.9274 -3.5152 -3.1664 -2.8740 -2.6286 -2.4206
 -2.2413 -2.0843 -1.9448 -1.8197 -1.6610 -1.4611 -1.2290 -0.9813 -0.7792
 [Fe/H] =  0.25 [alpha/Fe] = 0.00 BC value = F475W
 -8.0830 -7.9099 -7.7499 -7.4041 -6.8262 -6.1269 -5.5486 -5.1298 -4.2914 -3.5590
 -3.0389 -2.6804 -2.4109 -2.1824 -2.0018 -1.6382
 -7.5545 -7.3603 -7.1918 -6.9711 -6.6539 -6.2134 -5.6282 -4.8820 -4.0325 -3.3432
 -2.8683 -2.5353 -2.2827 -2.0773 -1.8995 -1.5457 -1.2756 -1.0539 -0.8585
 -7.1124 -6.8913 -6.7033 -6.5343 -6.3469 -6.0577 -5.5272 -4.7193 -3.9140 -3.2564
 -2.7912 -2.4620 -2.2124 -2.0088 -1.8338 -1.4808 -1.2128 -0.9971 -0.8124 -0.6474
 -0.4996
 -6.7567 -6.5029 -6.2844 -6.0938 -5.9051 -5.6597 -5.2455 -4.5875 -3.8590 -3.2301
 -2.7654 -2.4310 -2.1786 -1.9739 -1.7983 -1.4419 -1.1718 -0.9600 -0.7830 -0.6278
 -0.4921 -0.3731 -0.2681
 -6.4739 -6.1893 -5.9355 -5.7134 -5.5102 -5.2875 -4.9661 -4.4495 -3.8214 -3.2303
 -2.7679 -2.4260 -2.1677 -1.9601 -1.7830 -1.4223 -1.1473 -0.9357 -0.7635 -0.6154
 -0.4860 -0.3730 -0.2748 -0.1890 -0.1132
 -6.2476 -5.9399 -5.6562 -5.3998 -5.1703 -4.9449 -4.6805 -4.2868 -3.7670 -3.2332
 -2.7822 -2.4361 -2.1714 -1.9599 -1.7810 -1.4162 -1.1350 -0.9206 -0.7510 -0.6079
 -0.4845 -0.3775 -0.2848 -0.2039 -0.1328 -0.0698
 -6.0169 -5.7096 -5.4186 -5.1452 -4.8887 -4.6456 -4.3992 -4.0922 -3.6798 -3.2180
 -2.7947 -2.4526 -2.1837 -1.9685 -1.7877 -1.4199 -1.1326 -0.9130 -0.7435 -0.6040
 -0.4852 -0.3833 -0.2955 -0.2192 -0.1526 -0.0940 -0.0424  0.0038  0.0376  0.0569
 -5.7012 -5.3659 -5.0873 -4.8516 -4.6222 -4.3870 -4.1426 -3.8788 -3.5551 -3.1732
 -2.7941 -2.4663 -2.1993 -1.9825 -1.8004 -1.4312 -1.1386 -0.9123 -0.7402 -0.6025
 -0.4872 -0.3895 -0.3062 -0.2345 -0.1722 -0.1179 -0.0706 -0.0293  0.0073  0.0325
  0.0438
 -5.5819 -5.1398 -4.7731 -4.4780 -4.2375 -4.0304 -3.8340 -3.6246 -3.3788 -3.0849
 -2.7682 -2.4696 -2.2128 -1.9981 -1.8164 -1.4480 -1.1519 -0.9185 -0.7412 -0.6031
 -0.4901 -0.3955 -0.3161 -0.2488 -0.1911 -0.1411 -0.0980 -0.0609 -0.0289 -0.0015
  0.0160
 -5.6092 -5.0998 -4.6565 -4.2826 -3.9729 -3.7145 -3.4900 -3.2858 -3.0850 -2.8736
 -2.6498 -2.4238 -2.2060 -2.0071 -1.8307 -1.4667 -1.1694 -0.9293 -0.7451 -0.6042
 -0.4919 -0.3997 -0.3236 -0.2604 -0.2071 -0.1619 -0.1235 -0.0906 -0.0626 -0.0392
 -0.0204
 -5.7550 -5.1894 -4.6863 -4.2493 -3.8771 -3.5642 -3.2997 -3.0692 -2.8593 -2.6598
 -2.4706 -2.2942 -2.1322 -1.9800 -1.8332 -1.4913 -1.1955 -0.9499 -0.7576 -0.6108
 -0.4968 -0.4054 -0.3313 -0.2712 -0.2220 -0.1813 -0.1476 -0.1194 -0.0957 -0.0759
 -0.0603
 -5.9688 -5.3629 -4.8107 -4.3220 -3.8974 -3.5352 -3.2292 -2.9695 -2.7447 -2.5440
 -2.3603 -2.1931 -2.0439 -1.9116 -1.7914 -1.5064 -1.2255 -0.9765 -0.7764 -0.6221
 -0.5038 -0.4113 -0.3380 -0.2800 -0.2339 -0.1972 -0.1683 -0.1450 -0.1260 -0.1105
 -0.0984
 -6.1831 -5.5668 -4.9912 -4.4624 -3.9978 -3.5933 -3.2484 -2.9570 -2.7099 -2.4979
 -2.3119 -2.1466 -1.9990 -1.8675 -1.7053 -1.5120 -1.2594 -1.0091 -0.8015
 [Fe/H] =  0.50 [alpha/Fe] = 0.00 BC value = F475W
 -8.1741 -9.1048 -9.3022 -8.8475 -7.8978 -6.8191 -5.8996 -5.2397 -4.4621 -3.7020
 -3.1247 -2.7305 -2.4432 -2.2125 -2.0068 -1.6349
 -7.6708 -7.8726 -7.8461 -7.6150 -7.2000 -6.6194 -5.8893 -5.0533 -4.2345 -3.4979
 -2.9636 -2.5948 -2.3244 -2.1093 -1.9288 -1.5671 -1.2943 -1.0712 -0.8773
 -7.2417 -7.0598 -6.9072 -6.7776 -6.6289 -6.3357 -5.7756 -4.9447 -4.1334 -3.4220
 -2.8974 -2.5314 -2.2622 -2.0492 -1.8698 -1.5111 -1.2386 -1.0191 -0.8290 -0.6614
 -0.5135
 -6.8868 -6.6664 -6.4855 -6.3353 -6.1844 -5.9681 -5.5585 -4.8668 -4.0999 -3.4111
 -2.8853 -2.5099 -2.2349 -2.0191 -1.8385 -1.4769 -1.2016 -0.9847 -0.8046 -0.6467
 -0.5074 -0.3844 -0.2753
 -6.5958 -6.3409 -6.1229 -5.9408 -5.7779 -5.5900 -5.2879 -4.7589 -4.0830 -3.4297
 -2.9015 -2.5148 -2.2299 -2.0086 -1.8253 -1.4593 -1.1792 -0.9619 -0.7856 -0.6338
 -0.5002 -0.3828 -0.2804 -0.1911 -0.1117
 -6.3586 -6.0773 -5.8243 -5.6049 -5.4172 -5.2308 -4.9948 -4.6076 -4.0499 -3.4509
 -2.9323 -2.5360 -2.2400 -2.0113 -1.8243 -1.4538 -1.1678 -0.9473 -0.7727 -0.6254
 -0.4973 -0.3855 -0.2885 -0.2040 -0.1300 -0.0638
 -6.1499 -5.8540 -5.5807 -5.3317 -5.1085 -4.9051 -4.6943 -4.4044 -3.9742 -3.4552
 -2.9637 -2.5649 -2.2600 -2.0235 -1.8319 -1.4571 -1.1656 -0.9397 -0.7645 -0.6204
 -0.4965 -0.3894 -0.2971 -0.2171 -0.1474 -0.0862 -0.0320  0.0148  0.0494  0.0689
 -5.8613 -5.5401 -5.3281 -5.0857 -4.8531 -4.6302 -4.4123 -4.1718 -3.8463 -3.4239
 -2.9811 -2.5939 -2.2846 -2.0419 -1.8460 -1.4673 -1.1716 -0.9391 -0.7605 -0.6178
 -0.4973 -0.3941 -0.3058 -0.2301 -0.1645 -0.1074 -0.0580 -0.0147  0.0230  0.0472
  0.0583
 -5.6256 -5.2499 -4.9533 -4.7222 -4.5284 -4.3444 -4.1489 -3.9321 -3.6742 -3.3456
 -2.9700 -2.6116 -2.3083 -2.0637 -1.8643 -1.4829 -1.1846 -0.9457 -0.7614 -0.6174
 -0.4991 -0.3989 -0.3142 -0.2424 -0.1810 -0.1279 -0.0825 -0.0438 -0.0107  0.0171
  0.0334
 -5.5883 -5.1299 -4.7408 -4.4228 -4.1680 -3.9593 -3.7787 -3.6066 -3.4177 -3.1832
 -2.8997 -2.5982 -2.3189 -2.0806 -1.8819 -1.5002 -1.2014 -0.9570 -0.7657 -0.6183
 -0.5003 -0.4023 -0.3206 -0.2524 -0.1949 -0.1461 -0.1050 -0.0704 -0.0416 -0.0182
  0.0002
 -5.6888 -5.1694 -4.7120 -4.3200 -3.9921 -3.7208 -3.4925 -3.2911 -3.1027 -2.9131
 -2.7098 -2.4960 -2.2836 -2.0827 -1.8993 -1.5242 -1.2266 -0.9782 -0.7793 -0.6255
 -0.5052 -0.4079 -0.3280 -0.2624 -0.2084 -0.1635 -0.1266 -0.0962 -0.0715 -0.0520
 -0.0371
 -5.8904 -5.3160 -4.8026 -4.3510 -3.9620 -3.6318 -3.3535 -3.1157 -2.9052 -2.7100
 -2.5219 -2.3412 -2.1716 -2.0159 -1.8718 -1.5456 -1.2557 -1.0055 -0.7998 -0.6383
 -0.5132 -0.4145 -0.3351 -0.2712 -0.2198 -0.1784 -0.1455 -0.1194 -0.0990 -0.0834
 -0.0721
 -6.1309 -5.5303 -4.9725 -4.4737 -4.0335 -3.6530 -3.3279 -3.0516 -2.8146 -2.6066
 -2.4184 -2.2448 -2.0857 -1.9429 -1.7994 -1.5644 -1.2887 -1.0389 -0.8272
 [Fe/H] =  0.75 [alpha/Fe] = 0.00 BC value = F475W
 -8.2036 -8.4579 -8.2358 -7.5789 -6.7805 -6.0941 -5.6381 -5.3257 -4.6110 -3.8674
 -3.2393 -2.8041 -2.4945 -2.2583 -2.0537 -1.6631
 -7.7308 -7.7398 -7.6008 -7.3292 -6.9386 -6.4410 -5.8468 -5.1655 -4.4147 -3.6726
 -3.0869 -2.6774 -2.3841 -2.1583 -1.9708 -1.5991 -1.3218 -1.0952 -0.8995
 -7.3202 -7.1774 -7.0726 -6.9836 -6.8205 -6.4875 -5.9056 -5.0990 -4.3313 -3.6058
 -3.0307 -2.6224 -2.3288 -2.1030 -1.9175 -1.5516 -1.2727 -1.0486 -0.8588 -0.6903
 -0.5365
 -6.9718 -6.7705 -6.6511 -6.5420 -6.4262 -6.2336 -5.8144 -5.0770 -4.3136 -3.6044
 -3.0279 -2.6092 -2.3067 -2.0763 -1.8885 -1.5206 -1.2399 -1.0173 -0.8328 -0.6717
 -0.5272 -0.3982 -0.2846
 -6.6802 -6.4577 -6.2780 -6.1369 -6.0120 -5.8543 -5.5700 -5.0245 -4.3166 -3.6345
 -3.0559 -2.6233 -2.3071 -2.0683 -1.8762 -1.5035 -1.2189 -0.9958 -0.8145 -0.6588
 -0.5205 -0.3981 -0.2910 -0.1968 -0.1130
 -6.4372 -6.1828 -5.9628 -5.7812 -5.6333 -5.4822 -5.2713 -4.8902 -4.3044 -3.6675
 -3.0998 -2.6547 -2.3238 -2.0738 -1.8756 -1.4971 -1.2076 -0.9815 -0.8015 -0.6498
 -0.5167 -0.3994 -0.2971 -0.2084 -0.1303 -0.0603
 -6.2285 -5.9543 -5.7049 -5.4855 -5.2983 -5.1336 -4.9555 -4.6838 -4.2458 -3.6882
 -3.1443 -2.6953 -2.3515 -2.0898 -1.8842 -1.4989 -1.2046 -0.9735 -0.7925 -0.6436
 -0.5147 -0.4019 -0.3040 -0.2195 -0.1459 -0.0813 -0.0237  0.0261  0.0599  0.0804
 -6.0030 -5.7295 -5.4752 -5.2395 -5.0247 -4.8310 -4.6487 -4.4352 -4.1177 -3.6703
 -3.1770 -2.7361 -2.3844 -2.1132 -1.8999 -1.5074 -1.2095 -0.9723 -0.7877 -0.6398
 -0.5141 -0.4051 -0.3111 -0.2305 -0.1610 -0.1006 -0.0482 -0.0017  0.0374  0.0614
  0.0729
 -5.6839 -5.3941 -5.1529 -4.9510 -4.7631 -4.5704 -4.3774 -4.1781 -3.9335 -3.5958
 -3.1789 -2.7673 -2.4194 -2.1412 -1.9209 -1.5214 -1.2213 -0.9785 -0.7880 -0.6383
 -0.5147 -0.4088 -0.3182 -0.2411 -0.1753 -0.1188 -0.0703 -0.0289  0.0066  0.0355
  0.0509
 -5.5658 -5.1623 -4.8342 -4.5750 -4.3758 -4.2146 -4.0657 -3.9047 -3.7095 -3.4540
 -3.1274 -2.7694 -2.4397 -2.1646 -1.9419 -1.5370 -1.2365 -0.9896 -0.7923 -0.6384
 -0.5149 -0.4111 -0.3234 -0.2496 -0.1875 -0.1347 -0.0901 -0.0527 -0.0220  0.0029
  0.0219
 -5.6098 -5.1385 -4.7296 -4.3863 -4.1080 -3.8847 -3.7006 -3.5402 -3.3862 -3.2129
 -2.9915 -2.7231 -2.4426 -2.1862 -1.9675 -1.5600 -1.2597 -1.0104 -0.8063 -0.6458
 -0.5194 -0.4162 -0.3303 -0.2589 -0.1997 -0.1504 -0.1095 -0.0759 -0.0489 -0.0281
 -0.0130
 -5.7704 -5.2431 -4.7731 -4.3638 -4.0154 -3.7248 -3.4836 -3.2787 -3.0957 -2.9217
 -2.7441 -2.5525 -2.3515 -2.1534 -1.9684 -1.5844 -1.2869 -1.0372 -0.8277 -0.6595
 -0.5278 -0.4230 -0.3375 -0.2675 -0.2105 -0.1641 -0.1267 -0.0968 -0.0736 -0.0567
 -0.0456
 -6.0120 -5.4387 -4.9171 -4.4540 -4.0483 -3.7000 -3.4041 -3.1535 -2.9372 -2.7439
 -2.5629 -2.3875 -2.2187 -2.0586 -1.9446 -1.6102 -1.3181 -1.0700 -0.8565
 [Fe/H] =  1.00 [alpha/Fe] = 0.00 BC value = F475W
 -8.1901 -6.9908 -5.7089 -5.2748 -5.2635 -5.5597 -5.7690 -5.3831 -4.7488 -4.0302
 -3.3770 -2.8970 -2.5615 -2.3103 -2.1098 -1.6991
 -7.7426 -7.7300 -7.5834 -7.3168 -6.9426 -6.4717 -5.9134 -5.2764 -4.5741 -3.8568
 -3.2329 -2.7812 -2.4614 -2.2206 -2.0259 -1.6447 -1.3576 -1.1257 -0.9251
 -7.3474 -7.8013 -7.9402 -7.7964 -7.3985 -6.7713 -5.9829 -5.2217 -4.5058 -3.7970
 -3.1851 -2.7346 -2.4124 -2.1707 -1.9767 -1.6027 -1.3153 -1.0846 -0.8912 -0.7200
 -0.5639
 -7.0045 -7.2049 -6.7794 -6.7137 -6.6310 -6.4586 -5.9774 -5.2190 -4.4967 -3.7980
 -3.1908 -2.7294 -2.3955 -2.1466 -1.9493 -1.5731 -1.2865 -1.0574 -0.8676 -0.7023
 -0.5542 -0.4197 -0.3000
 -6.7139 -6.5313 -6.3966 -6.2999 -6.2126 -6.0819 -5.8090 -5.2320 -4.5165 -3.8327
 -3.2280 -2.7525 -2.4014 -2.1409 -1.9370 -1.5553 -1.2664 -1.0374 -0.8504 -0.6898
 -0.5476 -0.4198 -0.3062 -0.2064 -0.1175
 -6.4716 -6.2486 -6.0665 -5.9270 -5.8194 -5.7008 -5.5109 -5.1338 -4.5259 -3.8733
 -3.2782 -2.7922 -2.4249 -2.1497 -1.9368 -1.5469 -1.2543 -1.0232 -0.8375 -0.6811
 -0.5431 -0.4201 -0.3118 -0.2173 -0.1345 -0.0598
 -6.2647 -6.0147 -5.7940 -5.6096 -5.4613 -5.3338 -5.1845 -4.9286 -4.4848 -3.9043
 -3.3316 -2.8424 -2.4601 -2.1701 -1.9467 -1.5463 -1.2498 -1.0145 -0.8279 -0.6740
 -0.5402 -0.4215 -0.3175 -0.2273 -0.1495 -0.0805 -0.0185  0.0325  0.0679  0.0904
 -6.0658 -5.8034 -5.5650 -5.3501 -5.1633 -5.0039 -4.8562 -4.6680 -4.3601 -3.8971
 -3.3730 -2.8934 -2.5013 -2.1992 -1.9647 -1.5525 -1.2526 -1.0122 -0.8221 -0.6688
 -0.5383 -0.4234 -0.3233 -0.2369 -0.1629 -0.0988 -0.0421  0.0084  0.0489  0.0739
  0.0866
 -5.7676 -5.5356 -5.3156 -5.1071 -4.9111 -4.7287 -4.5595 -4.3899 -4.1647 -3.8279
 -3.3854 -2.9333 -2.5441 -2.2334 -1.9891 -1.5647 -1.2620 -1.0174 -0.8215 -0.6662
 -0.5375 -0.4260 -0.3291 -0.2461 -0.1753 -0.1146 -0.0627 -0.0176  0.0217  0.0519
  0.0674
 -5.5465 -5.2044 -4.9419 -4.7423 -4.5856 -4.4404 -4.2872 -4.1217 -3.9320 -3.6809
 -3.3396 -2.9449 -2.5733 -2.2627 -2.0138 -1.5789 -1.2748 -1.0271 -0.8253 -0.6654
 -0.5364 -0.4272 -0.3333 -0.2534 -0.1858 -0.1286 -0.0801 -0.0394 -0.0054  0.0225
  0.0427
 -5.5270 -5.1055 -4.7470 -4.4566 -4.2309 -4.0562 -3.9170 -3.7935 -3.6602 -3.4848
 -3.2370 -2.9230 -2.5922 -2.2940 -2.0447 -1.6010 -1.2951 -1.0465 -0.8390 -0.6725
 -0.5402 -0.4315 -0.3395 -0.2619 -0.1969 -0.1427 -0.0975 -0.0601 -0.0299 -0.0065
  0.0105
 -5.6378 -5.1578 -4.7331 -4.3682 -4.0641 -3.8170 -3.6175 -3.4517 -3.3061 -3.1656
 -3.0072 -2.8027 -2.5543 -2.2980 -2.0651 -1.6262 -1.3196 -1.0714 -0.8601 -0.6865
 -0.5485 -0.4378 -0.3464 -0.2701 -0.2071 -0.1554 -0.1133 -0.0791 -0.0523 -0.0325
 -0.0193
 -5.8519 -5.3189 -4.8396 -4.4156 -4.0484 -3.7366 -3.4759 -3.2578 -3.0711 -2.9028
 -2.7423 -2.5790 -2.4034 -2.2180 -2.0750 -1.6545 -1.3483 -1.1018 -0.8886
