 [Fe/H] = -4.00 [alpha/Fe] = 0.40 BC value = F160W
  2.5887  1.2373 -0.2992 -0.0836  2.0908  4.6016  3.6452  2.2823  1.6585  1.7807
  1.9677  2.0948  2.2173  2.3051  2.3271  2.2008
  2.6769  2.1086  1.3869  1.4101  2.2516  3.3623  3.0052  2.4828  2.2045  2.1936
  2.2218  2.2453  2.2725  2.2883  2.2742  2.1585  2.0252  1.8868  1.7407
  2.5819  2.4642  2.2530  2.2093  2.3278  2.6039  2.5674  2.5012  2.4353  2.3817
  2.3430  2.3169  2.2940  2.2693  2.2367  2.1290  2.0084  1.8753  1.7356  1.5981
  1.4673
  2.3037  2.3041  2.2991  2.3140  2.3194  2.3265  2.3318  2.3373  2.3509  2.3449
  2.3312  2.3094  2.2819  2.2480  2.2146  2.1123  1.9910  1.8603  1.7260  1.5943
  1.4635  1.3340  1.2058
  2.2472  2.2495  2.2481  2.2537  2.2575  2.2629  2.2679  2.2709  2.2703  2.2659
  2.2566  2.2417  2.2215  2.1953  2.1631  2.0708  1.9644  1.8450  1.7172  1.5877
  1.4592  1.3325  1.2076  1.0843  0.9628
  2.1672  2.1752  2.1800  2.1840  2.1888  2.1946  2.2009  2.2048  2.2045  2.1994
  2.1899  2.1771  2.1600  2.1392  2.1132  2.0306  1.9350  1.8259  1.7058  1.5804
  1.4547  1.3305  1.2083  1.0879  0.9692  0.8522
  2.0637  2.0812  2.0948  2.1049  2.1132  2.1216  2.1308  2.1390  2.1434  2.1422
  2.1350  2.1223  2.1061  2.0876  2.0649  1.9917  1.9028  1.8030  1.6918  1.5724
  1.4500  1.3280  1.2080  1.0899  0.9737  0.8593  0.7466  0.6352  0.5254  0.4200
  1.9367  1.9675  1.9925  2.0123  2.0283  2.0419  2.0553  2.0683  2.0792  2.0849
  2.0839  2.0760  2.0617  2.0430  2.0222  1.9557  1.8721  1.7779  1.6747  1.5624
  1.4446  1.3252  1.2072  1.0910  0.9769  0.8647  0.7544  0.6456  0.5379  0.4317
  0.3294
  1.7887  1.8332  1.8713  1.9037  1.9306  1.9529  1.9728  1.9915  2.0089  2.0226
  2.0303  2.0299  2.0217  2.0064  1.9861  1.9238  1.8447  1.7539  1.6554  1.5499
  1.4378  1.3219  1.2059  1.0915  0.9792  0.8689  0.7604  0.6538  0.5487  0.4447
  0.3416
  1.6357  1.6866  1.7334  1.7765  1.8162  1.8503  1.8800  1.9066  1.9311  1.9531
  1.9701  1.9793  1.9796  1.9710  1.9548  1.8942  1.8200  1.7319  1.6356  1.5341
  1.4273  1.3158  1.2023  1.0893  0.9783  0.8695  0.7627  0.6578  0.5546  0.4527
  0.3520
  1.4867  1.5368  1.5878  1.6395  1.6894  1.7355  1.7764  1.8128  1.8458  1.8757
  1.9009  1.9195  1.9303  1.9319  1.9239  1.8729  1.7977  1.7136  1.6194  1.5200
  1.4169  1.3100  1.2002  1.0895  0.9799  0.8724  0.7671  0.6640  0.5627  0.4630
  0.3628
  1.3239  1.3838  1.4415  1.4972  1.5536  1.6084  1.6601  1.7071  1.7499  1.7900
  1.8257  1.8546  1.8749  1.8849  1.8840  1.8455  1.7772  1.6967  1.6055  1.5077
  1.4064  1.3025  1.1964  1.0887  0.9811  0.8748  0.7706  0.6687  0.5690  0.4711
  0.3748
  1.1475  1.2275  1.2945  1.3496  1.4088  1.4690  1.5345  1.5905  1.6423  1.6894
  1.7318  1.7700  1.8043  1.8300  1.8350  1.8120  1.7585  1.6812  1.5939
 [Fe/H] = -3.00 [alpha/Fe] = 0.40 BC value = F160W
  2.1756  2.1923  2.2435  2.3446  2.4923  2.7105  2.5678  2.4616  2.4175  2.4165
  2.4051  2.3858  2.3747  2.3576  2.3227  2.1909
  2.2156  2.2225  2.2511  2.3128  2.4074  2.5471  2.5087  2.4731  2.4521  2.4408
  2.4206  2.3938  2.3668  2.3349  2.2942  2.1675  2.0291  1.8894  1.7497
  2.2416  2.2421  2.2542  2.2859  2.3391  2.4183  2.4414  2.4506  2.4478  2.4347
  2.4131  2.3842  2.3493  2.3093  2.2652  2.1429  2.0123  1.8766  1.7396  1.6031
  1.4680
  2.2536  2.2511  2.2528  2.2639  2.2874  2.3241  2.3659  2.3941  2.4044  2.3984
  2.3825  2.3569  2.3222  2.2806  2.2357  2.1171  1.9931  1.8629  1.7296  1.5967
  1.4651  1.3351  1.2074
  2.2516  2.2495  2.2469  2.2468  2.2522  2.2645  2.2822  2.3037  2.3220  2.3317
  2.3288  2.3119  2.2856  2.2489  2.2057  2.0901  1.9715  1.8483  1.7197  1.5900
  1.4614  1.3345  1.2094  1.0859  0.9642
  2.2356  2.2373  2.2365  2.2346  2.2335  2.2350  2.2397  2.2458  2.2513  2.2562
  2.2565  2.2486  2.2324  2.2070  2.1719  2.0625  1.9478  1.8313  1.7091  1.5832
  1.4572  1.3328  1.2104  1.0897  0.9708  0.8536
  2.2021  2.2097  2.2134  2.2141  2.2130  2.2113  2.2101  2.2095  2.2076  2.2030
  2.1955  2.1852  2.1710  2.1526  2.1262  2.0330  1.9231  1.8118  1.6964  1.5757
  1.4529  1.3307  1.2104  1.0920  0.9756  0.8610  0.7480  0.6364  0.5266  0.4213
  2.1478  2.1633  2.1735  2.1793  2.1819  2.1817  2.1800  2.1772  2.1730  2.1659
  2.1550  2.1400  2.1217  2.1017  2.0782  1.9987  1.8979  1.7909  1.6813  1.5667
  1.4479  1.3282  1.2098  1.0934  0.9790  0.8665  0.7558  0.6468  0.5391  0.4329
  0.3306
  2.1092  2.1082  2.1145  2.1272  2.1356  2.1399  2.1413  2.1401  2.1366  2.1305
  2.1205  2.1058  2.0864  2.0634  2.0386  1.9642  1.8722  1.7699  1.6689  1.5554
  1.4432  1.3252  1.2088  1.0941  0.9815  0.8709  0.7621  0.6549  0.5494  0.4453
  0.3428
  1.9740  2.0227  2.0493  2.0559  2.0716  2.0825  2.0893  2.0924  2.0924  2.0893
  2.0827  2.0713  2.0547  2.0330  2.0078  1.9329  1.8465  1.7490  1.6463  1.5409
  1.4319  1.3194  1.2054  1.0920  0.9807  0.8717  0.7646  0.6594  0.5559  0.4539
  0.3531
  1.8637  1.9195  1.9529  1.9661  1.9899  2.0084  2.0221  2.0315  2.0369  2.0387
  2.0370  2.0309  2.0197  2.0026  1.9805  1.9076  1.8239  1.7311  1.6311  1.5278
  1.4223  1.3141  1.2036  1.0924  0.9825  0.8747  0.7691  0.6657  0.5642  0.4642
  0.3638
  1.7474  1.7987  1.8415  1.8766  1.9085  1.9359  1.9581  1.9555  1.9680  1.9763
  1.9808  1.9810  1.9765  1.9663  1.9500  1.8863  1.8029  1.7142  1.6176  1.5161
  1.4124  1.3070  1.2000  1.0918  0.9837  0.8771  0.7726  0.6705  0.5705  0.4725
  0.3760
  1.6249  1.6602  1.7151  1.7873  1.8275  1.8649  1.8590  1.8841  1.9044  1.9005
  1.9124  1.9200  1.9230  1.9206  1.9163  1.8690  1.7835  1.6983  1.6058
 [Fe/H] = -2.50 [alpha/Fe] = 0.40 BC value = F160W
  2.1704  2.3641  2.6065  2.6764  2.5460  2.4161  2.4261  2.5075  2.5466  2.5255
  2.4850  2.4432  2.4067  2.3678  2.3218  2.1913
  2.1789  2.2772  2.4099  2.4718  2.4522  2.4282  2.4493  2.4882  2.5032  2.4883
  2.4589  2.4227  2.3843  2.3424  2.2961  2.1687  2.0312  1.8913  1.7521
  2.1916  2.2248  2.2797  2.3275  2.3686  2.4056  2.4351  2.4533  2.4580  2.4495
  2.4290  2.3984  2.3606  2.3177  2.2715  2.1467  2.0144  1.8783  1.7416  1.6053
  1.4695
  2.2085  2.2069  2.2159  2.2435  2.2952  2.3483  2.3835  2.4028  2.4110  2.4091
  2.3953  2.3703  2.3356  2.2937  2.2480  2.1253  1.9971  1.8652  1.7317  1.5986
  1.4669  1.3368  1.2083
  2.2296  2.2235  2.2185  2.2198  2.2320  2.2563  2.2945  2.3367  2.3622  2.3671
  2.3578  2.3384  2.3093  2.2704  2.2256  2.1045  1.9793  1.8520  1.7223  1.5922
  1.4635  1.3364  1.2111  1.0875  0.9656
  2.2416  2.2374  2.2307  2.2242  2.2217  2.2254  2.2360  2.2518  2.2737  2.2957
  2.3042  2.2960  2.2763  2.2449  2.2034  2.0843  1.9610  1.8377  1.7127  1.5860
  1.4597  1.3351  1.2125  1.0916  0.9725  0.8551
  2.2411  2.2410  2.2370  2.2307  2.2235  2.2176  2.2152  2.2160  2.2182  2.2217
  2.2272  2.2295  2.2218  2.2037  2.1738  2.0644  1.9429  1.8222  1.7018  1.5793
  1.4558  1.3333  1.2127  1.0941  0.9774  0.8626  0.7495  0.6377  0.5278  0.4226
  2.2250  2.2302  2.2310  2.2281  2.2223  2.2144  2.2060  2.1985  2.1917  2.1844
  2.1762  2.1680  2.1590  2.1466  2.1268  2.0399  1.9247  1.8062  1.6892  1.5713
  1.4514  1.3312  1.2125  1.0957  0.9811  0.8684  0.7574  0.6482  0.5404  0.4341
  0.3320
  2.1900  2.2019  2.2085  2.2108  2.2092  2.2039  2.1957  2.1855  2.1742  2.1619
  2.1480  2.1323  2.1150  2.0969  2.0776  2.0056  1.9040  1.7899  1.6755  1.5617
  1.4459  1.3286  1.2117  1.0967  0.9838  0.8730  0.7639  0.6568  0.5513  0.4471
  0.3440
  2.1354  2.1538  2.1672  2.1755  2.1797  2.1795  2.1750  2.1669  2.1555  2.1418
  2.1260  2.1076  2.0869  2.0641  2.0404  1.9697  1.8781  1.7714  1.6601  1.5490
  1.4371  1.3233  1.2086  1.0949  0.9833  0.8739  0.7665  0.6611  0.5574  0.4553
  0.3543
  2.0623  2.0847  2.1053  2.1207  2.1316  2.1378  2.1391  2.1359  2.1283  2.1168
  2.1022  2.0846  2.0640  2.0404  2.0145  1.9403  1.8536  1.7537  1.6464  1.5376
  1.4287  1.3186  1.2071  1.0955  0.9852  0.8771  0.7712  0.6676  0.5658  0.4657
  0.3651
  1.9711  1.9989  2.0243  2.0464  2.0644  2.0775  2.0856  2.0889  2.0872  2.0808
  2.0703  2.0559  2.0380  2.0166  1.9918  1.9177  1.8310  1.7365  1.6334  1.5269
  1.4197  1.3122  1.2040  1.0951  0.9866  0.8797  0.7749  0.6725  0.5723  0.4740
  0.3773
  1.8617  1.8964  1.9291  1.9553  1.9791  1.9987  2.0137  2.0241  2.0296  2.0301
  2.0258  2.0169  2.0038  1.9867  1.9723  1.9019  1.8103  1.7198  1.6211
 [Fe/H] = -2.00 [alpha/Fe] = 0.40 BC value = F160W
  2.3523  2.3987  2.4471  2.5053  2.5357  2.5537  2.5602  2.5532  2.5355  2.5097
  2.4788  2.4433  2.4053  2.3630  2.3148  2.1890
  2.2715  2.3304  2.3865  2.4359  2.4748  2.5018  2.5158  2.5167  2.5058  2.4851
  2.4564  2.4213  2.3821  2.3393  2.2926  2.1677  2.0334  1.8936  1.7531
  2.2217  2.2700  2.3218  2.3713  2.4139  2.4463  2.4666  2.4747  2.4709  2.4564
  2.4321  2.3996  2.3611  2.3184  2.2725  2.1484  2.0166  1.8807  1.7437  1.6072
  1.4718
  2.2029  2.2175  2.2530  2.3115  2.3529  2.3873  2.4126  2.4272  2.4308  2.4236
  2.4059  2.3782  2.3423  2.3003  2.2545  2.1311  2.0013  1.8686  1.7348  1.6016
  1.4697  1.3394  1.2106
  2.2108  2.2001  2.2124  2.2438  2.2847  2.3261  2.3603  2.3818  2.3896  2.3872
  2.3754  2.3541  2.3232  2.2837  2.2386  2.1158  1.9875  1.8573  1.7264  1.5959
  1.4669  1.3395  1.2139  1.0900  0.9678
  2.2351  2.2283  2.2208  2.2253  2.2407  2.2626  2.2873  2.3118  2.3335  2.3474
  2.3429  2.3264  2.3010  2.2666  2.2237  2.1020  1.9747  1.8466  1.7184  1.5904
  1.4636  1.3387  1.2157  1.0945  0.9750  0.8574
  2.2532  2.2476  2.2384  2.2280  2.2195  2.2165  2.2194  2.2276  2.2410  2.2620
  2.2809  2.2836  2.2705  2.2446  2.2076  2.0893  1.9626  1.8359  1.7101  1.5850
  1.4604  1.3374  1.2164  1.0974  0.9804  0.8652  0.7518  0.6399  0.5300  0.4249
  2.2636  2.2606  2.2532  2.2425  2.2302  2.2185  2.2093  2.2039  2.2009  2.1994
  2.2013  2.2076  2.2097  2.2006  2.1788  2.0762  1.9511  1.8253  1.7013  1.5789
  1.4569  1.3359  1.2166  1.0995  0.9844  0.8713  0.7600  0.6506  0.5426  0.4363
  0.3343
  2.2626  2.2634  2.2594  2.2514  2.2402  2.2267  2.2123  2.1985  2.1859  2.1742
  2.1628  2.1522  2.1442  2.1373  2.1260  2.0544  1.9391  1.8147  1.6920  1.5719
  1.4528  1.3340  1.2164  1.1009  0.9876  0.8763  0.7668  0.6593  0.5536  0.4493
  0.3462
  2.2452  2.2534  2.2536  2.2493  2.2413  2.2300  2.2156  2.1992  2.1815  2.1632
  2.1448  2.1260  2.1071  2.0893  2.0731  2.0161  1.9199  1.8019  1.6808  1.5622
  1.4457  1.3295  1.2138  1.0995  0.9874  0.8776  0.7698  0.6640  0.5600  0.4576
  0.3564
  2.2099  2.2236  2.2304  2.2316  2.2284  2.2212  2.2103  2.1957  2.1778  2.1574
  2.1353  2.1121  2.0881  2.0637  2.0396  1.9775  1.8940  1.7875  1.6707  1.5539
  1.4394  1.3261  1.2130  1.1005  0.9897  0.8811  0.7748  0.6707  0.5686  0.4681
  0.3673
  2.1564  2.1738  2.1870  2.1949  2.1979  2.1964  2.1906  2.1805  2.1660  2.1476
  2.1258  2.1015  2.0754  2.0480  2.0199  1.9479  1.8669  1.7696  1.6595  1.5454
  1.4325  1.3212  1.2108  1.1007  0.9915  0.8840  0.7788  0.6760  0.5754  0.4767
  0.3797
  2.0845  2.1061  2.1238  2.1378  2.1476  2.1529  2.1534  2.1493  2.1405  2.1268
  2.1088  2.0869  2.0618  2.0344  2.0140  1.9273  1.8386  1.7482  1.6472
 [Fe/H] = -1.50 [alpha/Fe] = 0.40 BC value = F160W
  2.4210  2.4730  2.5194  2.5566  2.5804  2.5911  2.5872  2.5683  2.5393  2.5047
  2.4677  2.4294  2.3899  2.3487  2.3048  2.1839
  2.3597  2.4172  2.4690  2.5121  2.5425  2.5584  2.5589  2.5445  2.5197  2.4879
  2.4515  2.4122  2.3712  2.3286  2.2838  2.1627  2.0322  1.8955  1.7555
  2.3030  2.3599  2.4136  2.4603  2.4959  2.5174  2.5237  2.5154  2.4962  2.4688
  2.4351  2.3968  2.3556  2.3123  2.2669  2.1453  2.0163  1.8828  1.7468  1.6106
  1.4751
  2.2509  2.3011  2.3532  2.4012  2.4406  2.4681  2.4816  2.4810  2.4688  2.4474
  2.4185  2.3832  2.3431  2.2998  2.2541  2.1317  2.0031  1.8717  1.7386  1.6057
  1.4738  1.3433  1.2143
  2.2269  2.2511  2.2895  2.3396  2.3820  2.4139  2.4335  2.4405  2.4357  2.4212
  2.3984  2.3681  2.3313  2.2893  2.2438  2.1211  1.9926  1.8624  1.7314  1.6009
  1.4716  1.3440  1.2180  1.0937  0.9711
  2.2313  2.2306  2.2443  2.2690  2.3017  2.3398  2.3767  2.3956  2.3990  2.3909
  2.3739  2.3492  2.3175  2.2790  2.2349  2.1127  1.9843  1.8547  1.7253  1.5966
  1.4693  1.3439  1.2204  1.0988  0.9790  0.8609
  2.2529  2.2478  2.2421  2.2400  2.2451  2.2565  2.2760  2.3037  2.3301  2.3453
  2.3430  2.3261  2.2996  2.2661  2.2256  2.1055  1.9772  1.8481  1.7198  1.5928
  1.4672  1.3435  1.2219  1.1024  0.9848  0.8691  0.7553  0.6432  0.5334  0.4287
  2.2712  2.2663  2.2579  2.2477  2.2387  2.2335  2.2328  2.2352  2.2398  2.2494
  2.2647  2.2740  2.2676  2.2459  2.2127  2.0986  1.9709  1.8421  1.7147  1.5890
  1.4651  1.3429  1.2230  1.1051  0.9895  0.8758  0.7640  0.6541  0.5461  0.4400
  0.3383
  2.2864  2.2831  2.2750  2.2631  2.2489  2.2346  2.2219  2.2120  2.2039  2.1967
  2.1911  2.1903  2.1940  2.1927  2.1791  2.0902  1.9650  1.8365  1.7096  1.5851
  1.4636  1.3421  1.2236  1.1073  0.9933  0.8814  0.7714  0.6634  0.5572  0.4528
  0.3500
  2.2959  2.2956  2.2897  2.2783  2.2632  2.2458  2.2274  2.2092  2.1922  2.1760
  2.1603  2.1451  2.1321  2.1234  2.1164  2.0650  1.9564  1.8293  1.7028  1.5790
  1.4580  1.3390  1.2218  1.1066  0.9939  0.8834  0.7749  0.6685  0.5640  0.4613
  0.3601
  2.2951  2.2988  2.2969  2.2876  2.2741  2.2570  2.2373  2.2160  2.1937  2.1712
  2.1488  2.1264  2.1043  2.0832  2.0647  2.0206  1.9388  1.8226  1.6977  1.5747
  1.4548  1.3376  1.2222  1.1084  0.9968  0.8876  0.7806  0.6759  0.5731  0.4722
  0.3710
  2.2796  2.2880  2.2899  2.2858  2.2757  2.2613  2.2432  2.2222  2.1989  2.1737
  2.1472  2.1199  2.0924  2.0650  2.0383  1.9778  1.9081  1.8092  1.6913  1.5700
  1.4511  1.3351  1.2216  1.1095  0.9992  0.8910  0.7851  0.6817  0.5805  0.4812
  0.3837
  2.2458  2.2594  2.2666  2.2678  2.2629  2.2530  2.2388  2.2208  2.1994  2.1750
  2.1479  2.1188  2.0883  2.0571  2.0372  1.9366  1.8643  1.7891  1.6836
 [Fe/H] = -1.00 [alpha/Fe] = 0.40 BC value = F160W
  2.5178  2.5616  2.5975  2.6231  2.6366  2.6353  2.6179  2.5852  2.5476  2.4977
  2.4534  2.4099  2.3672  2.3247  2.2814  2.1669
  2.4678  2.5195  2.5627  2.5952  2.6141  2.6175  2.6042  2.5746  2.5347  2.4902
  2.4446  2.3994  2.3550  2.3110  2.2664  2.1494  2.0257  1.8947  1.7580
  2.4126  2.4685  2.5171  2.5558  2.5812  2.5912  2.5842  2.5601  2.5246  2.4825
  2.4374  2.3916  2.3461  2.3009  2.2552  2.1360  2.0110  1.8821  1.7492  1.6144
  1.4796
  2.3522  2.4086  2.4607  2.5049  2.5379  2.5563  2.5579  2.5417  2.5124  2.4746
  2.4318  2.3865  2.3405  2.2944  2.2478  2.1267  2.0006  1.8723  1.7419  1.6102
  1.4788  1.3483  1.2191
  2.2943  2.3464  2.3987  2.4463  2.4850  2.5114  2.5226  2.5161  2.4948  2.4631
  2.4245  2.3816  2.3363  2.2899  2.2429  2.1206  1.9934  1.8650  1.7358  1.6065
  1.4776  1.3498  1.2236  1.0991  0.9763
  2.2483  2.2823  2.3312  2.3813  2.4251  2.4583  2.4778  2.4816  2.4696  2.4455
  2.4129  2.3742  2.3314  2.2860  2.2391  2.1165  1.9886  1.8598  1.7313  1.6034
  1.4764  1.3508  1.2269  1.1047  0.9843  0.8658
  2.2564  2.2591  2.2725  2.2997  2.3386  2.3820  2.4168  2.4347  2.4350  2.4204
  2.3951  2.3622  2.3237  2.2811  2.2354  2.1135  1.9854  1.8562  1.7280  1.6011
  1.4755  1.3515  1.2295  1.1093  0.9912  0.8749  0.7605  0.6481  0.5385  0.4342
  2.2732  2.2699  2.2674  2.2701  2.2808  2.2979  2.3178  2.3385  2.3571  2.3667
  2.3617  2.3415  2.3106  2.2729  2.2303  2.1108  1.9830  1.8536  1.7255  1.5993
  1.4749  1.3523  1.2317  1.1132  0.9968  0.8824  0.7700  0.6596  0.5513  0.4454
  0.3444
  2.2885  2.2849  2.2786  2.2713  2.2661  2.2648  2.2667  2.2690  2.2694  2.2694
  2.2718  2.2750  2.2700  2.2511  2.2191  2.1078  1.9810  1.8516  1.7235  1.5978
  1.4743  1.3529  1.2336  1.1165  1.0017  0.8890  0.7782  0.6695  0.5629  0.4583
  0.3543
  2.3042  2.3017  2.2947  2.2844  2.2721  2.2597  2.2485  2.2387  2.2287  2.2171
  2.2044  2.1931  2.1867  2.1833  2.1742  2.1000  1.9775  1.8484  1.7202  1.5947
  1.4718  1.3513  1.2330  1.1169  1.0033  0.8919  0.7826  0.6754  0.5703  0.4671
  0.3657
  2.3194  2.3176  2.3119  2.3011  2.2864  2.2690  2.2503  2.2314  2.2128  2.1941
  2.1746  2.1542  2.1344  2.1175  2.1053  2.0670  1.9733  1.8469  1.7190  1.5937
  1.4715  1.3519  1.2347  1.1197  1.0072  0.8971  0.7892  0.6837  0.5802  0.4785
  0.3787
  2.3314  2.3315  2.3266  2.3171  2.3025  2.2835  2.2615  2.2378  2.2131  2.1881
  2.1629  2.1373  2.1114  2.0857  2.0618  2.0145  1.9498  1.8433  1.7176  1.5927
  1.4708  1.3519  1.2359  1.1221  1.0106  0.9014  0.7947  0.6904  0.5883  0.4883
  0.3901
  2.3342  2.3373  2.3350  2.3274  2.3147  2.2967  2.2743  2.2489  2.2214  2.1928
  2.1633  2.1333  2.1029  2.0724  2.0437  1.9425  1.9070  1.8376  1.7160
 [Fe/H] = -0.75 [alpha/Fe] = 0.30 BC value = F160W
  2.5542  2.5930  2.6239  2.6442  2.6522  2.6451  2.6219  2.5837  2.5418  2.4887
  2.4417  2.3960  2.3519  2.3082  2.2646  2.1529
  2.5106  2.5576  2.5956  2.6223  2.6352  2.6326  2.6134  2.5781  2.5332  2.4850
  2.4365  2.3892  2.3434  2.2984  2.2535  2.1380  2.0172  1.8909  1.7577
  2.4598  2.5119  2.5557  2.5888  2.6082  2.6123  2.5994  2.5695  2.5285  2.4820
  2.4335  2.3853  2.3382  2.2920  2.2459  2.1273  2.0050  1.8795  1.7494  1.6159
  1.4823
  2.4018  2.4559  2.5042  2.5437  2.5712  2.5841  2.5799  2.5579  2.5228  2.4797
  2.4327  2.3843  2.3363  2.2890  2.2418  2.1208  1.9964  1.8707  1.7425  1.6121
  1.4812  1.3508  1.2216
  2.3441  2.3960  2.4459  2.4898  2.5241  2.5457  2.5517  2.5395  2.5122  2.4746
  2.4309  2.3839  2.3358  2.2878  2.2399  2.1172  1.9910  1.8643  1.7370  1.6087
  1.4804  1.3528  1.2264  1.1015  0.9784
  2.2902  2.3349  2.3835  2.4299  2.4693  2.4981  2.5132  2.5119  2.4940  2.4638
  2.4253  2.3815  2.3349  2.2871  2.2389  2.1154  1.9880  1.8603  1.7331  1.6061
  1.4797  1.3543  1.2303  1.1080  0.9875  0.8688
  2.2776  2.2871  2.3114  2.3499  2.3956  2.4362  2.4629  2.4731  2.4663  2.4451
  2.4137  2.3750  2.3316  2.2855  2.2377  2.1144  1.9864  1.8578  1.7306  1.6044
  1.4794  1.3556  1.2335  1.1131  0.9947  0.8781  0.7635  0.6510  0.5414  0.4373
  2.2919  2.2895  2.2906  2.2997  2.3180  2.3421  2.3686  2.3932  2.4081  2.4076
  2.3908  2.3614  2.3239  2.2813  2.2355  2.1134  1.9854  1.8564  1.7289  1.6033
  1.4793  1.3569  1.2363  1.1176  1.0009  0.8862  0.7735  0.6628  0.5543  0.4485
  0.3477
  2.3073  2.3029  2.2968  2.2918  2.2906  2.2945  2.3010  2.3066  2.3099  2.3123
  2.3149  2.3121  2.2971  2.2684  2.2295  2.1122  1.9848  1.8556  1.7279  1.6025
  1.4793  1.3580  1.2388  1.1215  1.0063  0.8933  0.7823  0.6732  0.5662  0.4614
  0.3590
  2.3237  2.3196  2.3118  2.3014  2.2903  2.2804  2.2724  2.2654  2.2569  2.2457
  2.2331  2.2229  2.2171  2.2111  2.1965  2.1079  1.9829  1.8536  1.7255  1.6002
  1.4774  1.3569  1.2387  1.1225  1.0085  0.8968  0.7871  0.6795  0.5740  0.4705
  0.3690
  2.3411  2.3372  2.3298  2.3179  2.3027  2.2855  2.2678  2.2504  2.2331  2.2148
  2.1949  2.1739  2.1539  2.1380  2.1268  2.0835  1.9813  1.8535  1.7255  1.6002
  1.4779  1.3582  1.2409  1.1258  1.0130  0.9025  0.7943  0.6883  0.5844  0.4824
  0.3822
  2.3585  2.3552  2.3478  2.3363  2.3198  2.2995  2.2767  2.2527  2.2282  2.2034
  2.1781  2.1519  2.1254  2.0994  2.0759  2.0310  1.9639  1.8523  1.7255  1.6003
  1.4783  1.3592  1.2428  1.1287  1.0169  0.9074  0.8003  0.6955  0.5931  0.4926
  0.3940
  2.3710  2.3693  2.3631  2.3520  2.3362  2.3155  2.2909  2.2636  2.2348  2.2052
  2.1751  2.1446  2.1137  2.0828  2.0438  1.9504  1.9307  1.8500  1.7255
 [Fe/H] = -0.50 [alpha/Fe] = 0.20 BC value = F160W
  2.5888  2.6223  2.6484  2.6633  2.6651  2.6521  2.6232  2.5833  2.5331  2.4814
  2.4272  2.3788  2.3328  2.2880  2.2435  2.1330
  2.5523  2.5938  2.6262  2.6468  2.6534  2.6445  2.6190  2.5778  2.5284  2.4766
  2.4254  2.3758  2.3282  2.2820  2.2363  2.1216  2.0049  1.8844  1.7561
  2.5070  2.5541  2.5923  2.6192  2.6323  2.6299  2.6105  2.5746  2.5285  2.4779
  2.4264  2.3759  2.3270  2.2795  2.2326  2.1143  1.9949  1.8740  1.7481  1.6169
  1.4846
  2.4529  2.5032  2.5467  2.5805  2.6017  2.6082  2.5977  2.5695  2.5287  2.4809
  2.4302  2.3791  2.3292  2.2805  2.2324  2.1111  1.9886  1.8664  1.7416  1.6134
  1.4834  1.3534  1.2244
  2.3974  2.4472  2.4933  2.5323  2.5611  2.5768  2.5766  2.5583  2.5250  2.4819
  2.4336  2.3831  2.3327  2.2830  2.2340  2.1106  1.9855  1.8613  1.7368  1.6104
  1.4830  1.3558  1.2296  1.1048  0.9818
  2.3446  2.3898  2.4356  2.4777  2.5121  2.5355  2.5452  2.5381  2.5141  2.4778
  2.4339  2.3856  2.3358  2.2858  2.2362  2.1115  1.9845  1.8585  1.7335  1.6082
  1.4828  1.3578  1.2339  1.1115  0.9909  0.8721
  2.3075  2.3274  2.3635  2.4089  2.4516  2.4841  2.5031  2.5069  2.4938  2.4663
  2.4287  2.3846  2.3369  2.2877  2.2381  2.1129  1.9849  1.8574  1.7317  1.6070
  1.4828  1.3596  1.2376  1.1172  0.9986  0.8818  0.7669  0.6543  0.5448  0.4409
  2.3156  2.3154  2.3216  2.3383  2.3639  2.3943  2.4248  2.4468  2.4531  2.4413
  2.4146  2.3776  2.3344  2.2875  2.2388  2.1140  1.9857  1.8573  1.7309  1.6064
  1.4833  1.3614  1.2410  1.1223  1.0054  0.8904  0.7775  0.6666  0.5578  0.4521
  0.3515
  2.3300  2.3252  2.3201  2.3179  2.3217  2.3306  2.3410  2.3501  2.3567  2.3604
  2.3590  2.3462  2.3197  2.2817  2.2371  2.1147  1.9867  1.8576  1.7307  1.6062
  1.4837  1.3630  1.2440  1.1268  1.0115  0.8981  0.7867  0.6774  0.5702  0.4651
  0.3628
  2.3469  2.3411  2.3325  2.3225  2.3131  2.3061  2.3015  2.2970  2.2897  2.2790
  2.2673  2.2581  2.2511  2.2395  2.2167  2.1131  1.9862  1.8569  1.7292  1.6045
  1.4824  1.3624  1.2444  1.1283  1.0143  0.9023  0.7923  0.6843  0.5784  0.4746
  0.3729
  2.3651  2.3596  2.3503  2.3374  2.3219  2.3055  2.2893  2.2737  2.2575  2.2394
  2.2189  2.1972  2.1775  2.1625  2.1511  2.0981  1.9867  1.8582  1.7303  1.6054
  1.4835  1.3642  1.2471  1.1321  1.0193  0.9086  0.8001  0.6937  0.5893  0.4869
  0.3865
  2.3857  2.3798  2.3700  2.3564  2.3385  2.3174  2.2943  2.2706  2.2465  2.2219
  2.1962  2.1693  2.1419  2.1156  2.0926  2.0484  1.9760  1.8588  1.7315  1.6065
  1.4847  1.3658  1.2496  1.1356  1.0237  0.9141  0.8066  0.7015  0.5986  0.4977
  0.3986
  2.4050  2.3993  2.3896  2.3754  2.3572  2.3342  2.3079  2.2795  2.2498  2.2196
  2.1891  2.1580  2.1265  2.0949  2.0412  1.9640  1.9541  1.8587  1.7328
 [Fe/H] = -0.25 [alpha/Fe] = 0.10 BC value = F160W
  2.6219  2.6498  2.6703  2.6797  2.6753  2.6561  2.6210  2.5759  2.5216  2.4669
  2.4135  2.3625  2.3140  2.2677  2.2188  2.1088
  2.5925  2.6279  2.6540  2.6682  2.6682  2.6526  2.6206  2.5736  2.5201  2.4652
  2.4112  2.3592  2.3095  2.2616  2.2149  2.1002  1.9872  1.8732  1.7518
  2.5536  2.5947  2.6264  2.6465  2.6527  2.6433  2.6171  2.5751  2.5243  2.4702
  2.4159  2.3630  2.3122  2.2630  2.2149  2.0961  1.9796  1.8643  1.7441  1.6168
  1.4858
  2.5052  2.5502  2.5875  2.6146  2.6288  2.6281  2.6105  2.5759  2.5297  2.4777
  2.4238  2.3703  2.3184  2.2681  2.2188  2.0965  1.9761  1.8581  1.7382  1.6134
  1.4852  1.3561  1.2273
  2.4541  2.4997  2.5405  2.5733  2.5953  2.6040  2.5968  2.5718  2.5324  2.4842
  2.4319  2.3786  2.3260  2.2746  2.2244  2.0995  1.9755  1.8546  1.7341  1.6108
  1.4851  1.3587  1.2328  1.1081  0.9849
  2.4047  2.4473  2.4888  2.5252  2.5532  2.5701  2.5732  2.5593  2.5288  2.4866
  2.4378  2.3858  2.3332  2.2813  2.2303  2.1038  1.9771  1.8533  1.7315  1.6090
  1.4852  1.3610  1.2376  1.1153  0.9946  0.8758
  2.3513  2.3830  2.4263  2.4686  2.5031  2.5273  2.5390  2.5361  2.5162  2.4823
  2.4389  2.3900  2.3387  2.2869  2.2356  2.1081  1.9799  1.8538  1.7305  1.6082
  1.4856  1.3632  1.2418  1.1215  1.0029  0.8861  0.7711  0.6581  0.5488  0.4450
  2.3471  2.3504  2.3633  2.3872  2.4187  2.4523  2.4798  2.4933  2.4891  2.4674
  2.4326  2.3892  2.3411  2.2906  2.2395  2.1118  1.9829  1.8552  1.7305  1.6081
  1.4864  1.3655  1.2457  1.1272  1.0103  0.8952  0.7821  0.6709  0.5619  0.4563
  0.3559
  2.3587  2.3539  2.3506  2.3522  2.3605  2.3732  2.3865  2.3988  2.4071  2.4083
  2.3980  2.3731  2.3358  2.2906  2.2416  2.1147  1.9857  1.8570  1.7312  1.6084
  1.4873  1.3675  1.2492  1.1323  1.0170  0.9035  0.7918  0.6823  0.5748  0.4695
  0.3672
  2.3751  2.3680  2.3589  2.3496  2.3422  2.3380  2.3358  2.3327  2.3261  2.3164
  2.3060  2.2967  2.2852  2.2649  2.2322  2.1156  1.9870  1.8576  1.7307  1.6072
  1.4862  1.3672  1.2499  1.1343  1.0205  0.9084  0.7981  0.6898  0.5836  0.4795
  0.3775
  2.3940  2.3868  2.3755  2.3615  2.3460  2.3303  2.3155  2.3011  2.2855  2.2669
  2.2456  2.2238  2.2049  2.1903  2.1767  2.1091  1.9893  1.8602  1.7327  1.6086
  1.4878  1.3693  1.2530  1.1385  1.0259  0.9153  0.8065  0.6998  0.5950  0.4922
  0.3915
  2.4163  2.4079  2.3958  2.3800  2.3606  2.3388  2.3156  2.2920  2.2681  2.2433
  2.2169  2.1889  2.1606  2.1343  2.1121  2.0658  1.9849  1.8624  1.7350  1.6105
  1.4895  1.3714  1.2558  1.1422  1.0307  0.9212  0.8137  0.7083  0.6050  0.5036
  0.4042
  2.4398  2.4306  2.4176  2.4006  2.3797  2.3547  2.3270  2.2975  2.2672  2.2365
  2.2053  2.1734  2.1409  2.1086  2.0384  1.9857  1.9738  1.8642  1.7376
 [Fe/H] =  0.00 [alpha/Fe] = 0.00 BC value = F160W
  2.6461  2.6698  2.6865  2.6893  2.6775  2.6522  2.6144  2.5650  2.5070  2.4493
  2.3931  2.3394  2.2891  2.2406  2.1943  2.0855
  2.6312  2.6597  2.6788  2.6861  2.6793  2.6565  2.6177  2.5654  2.5081  2.4503
  2.3937  2.3392  2.2872  2.2373  2.1891  2.0739  1.9645  1.8567  1.7433
  2.5998  2.6335  2.6577  2.6702  2.6689  2.6521  2.6185  2.5707  2.5157  2.4585
  2.4017  2.3464  2.2934  2.2423  2.1927  2.0728  1.9591  1.8493  1.7361  1.6145
  1.4858
  2.5590  2.5968  2.6264  2.6456  2.6518  2.6432  2.6179  2.5767  2.5255  2.4698
  2.4132  2.3574  2.3034  2.2513  2.2005  2.0766  1.9581  1.8448  1.7310  1.6112
  1.4859  1.3581  1.2301
  2.5150  2.5540  2.5874  2.6123  2.6263  2.6268  2.6115  2.5791  2.5337  2.4810
  2.4255  2.3697  2.3150  2.2619  2.2101  2.0832  1.9602  1.8430  1.7276  1.6089
  1.4860  1.3611  1.2360  1.1116  0.9883
  2.4609  2.5092  2.5439  2.5726  2.5927  2.6014  2.5962  2.5744  2.5370  2.4893
  2.4362  2.3812  2.3263  2.2726  2.2200  2.0910  1.9645  1.8434  1.7259  1.6075
  1.4864  1.3637  1.2411  1.1192  0.9988  0.8798
  2.4127  2.4523  2.4933  2.5270  2.5522  2.5676  2.5709  2.5599  2.5325  2.4919
  2.4432  2.3903  2.3361  2.2821  2.2290  2.0988  1.9700  1.8456  1.7258  1.6070
  1.4871  1.3662  1.2456  1.1259  1.0075  0.8907  0.7756  0.6625  0.5534  0.4499
  2.3908  2.3986  2.4175  2.4463  2.4802  2.5104  2.5286  2.5310  2.5164  2.4859
  2.4441  2.3952  2.3430  2.2897  2.2365  2.1056  1.9757  1.8488  1.7268  1.6074
  1.4882  1.3688  1.2499  1.1320  1.0154  0.9004  0.7872  0.6758  0.5666  0.4612
  0.3610
  2.3974  2.3930  2.3915  2.3963  2.4074  2.4215  2.4363  2.4493  2.4552  2.4488
  2.4269  2.3906  2.3448  2.2943  2.2421  2.1113  1.9809  1.8524  1.7284  1.6081
  1.4893  1.3711  1.2538  1.1376  1.0227  0.9093  0.7975  0.6877  0.5801  0.4746
  0.3724
  2.4126  2.4040  2.3942  2.3852  2.3791  2.3762  2.3745  2.3711  2.3646  2.3557
  2.3458  2.3337  2.3143  2.2833  2.2411  2.1147  1.9842  1.8546  1.7289  1.6073
  1.4884  1.3709  1.2548  1.1400  1.0267  0.9148  0.8044  0.6959  0.5894  0.4851
  0.3829
  2.4317  2.4219  2.4085  2.3932  2.3770  2.3614  2.3468  2.3322  2.3156  2.2958
  2.2738  2.2526  2.2345  2.2188  2.2006  2.1149  1.9885  1.8587  1.7318  1.6092
  1.4901  1.3731  1.2579  1.1444  1.0325  0.9223  0.8136  0.7066  0.6016  0.4985
  0.3973
  2.4551  2.4435  2.4287  2.4100  2.3886  2.3654  2.3414  2.3173  2.2927  2.2667
  2.2387  2.2094  2.1807  2.1549  2.1334  2.0817  1.9891  1.8626  1.7351  1.6116
  1.4920  1.3753  1.2608  1.1483  1.0375  0.9286  0.8212  0.7157  0.6122  0.5105
  0.4106
  2.4805  2.4677  2.4510  2.4307  2.4067  2.3792  2.3496  2.3188  2.2873  2.2555
  2.2231  2.1899  2.1562  2.1232  2.0395  2.0151  1.9860  1.8663  1.7388
 [Fe/H] =  0.25 [alpha/Fe] = 0.00 BC value = F160W
  2.6796  2.6991  2.7102  2.7022  2.6778  2.6458  2.6082  2.5662  2.5039  2.4426
  2.3829  2.3255  2.2712  2.2209  2.1723  2.0603
  2.6646  2.6897  2.7048  2.7051  2.6905  2.6622  2.6213  2.5686  2.5073  2.4460
  2.3859  2.3279  2.2726  2.2199  2.1696  2.0518  1.9430  1.8382  1.7312
  2.6381  2.6686  2.6888  2.6968  2.6908  2.6685  2.6296  2.5765  2.5173  2.4566
  2.3964  2.3379  2.2816  2.2278  2.1761  2.0536  1.9399  1.8327  1.7248  1.6091
  1.4850
  2.6001  2.6358  2.6622  2.6772  2.6786  2.6645  2.6332  2.5862  2.5301  2.4706
  2.4107  2.3517  2.2946  2.2398  2.1869  2.0604  1.9417  1.8304  1.7208  1.6062
  1.4854  1.3604  1.2335
  2.5558  2.5948  2.6264  2.6483  2.6580  2.6533  2.6320  2.5935  2.5424  2.4852
  2.4260  2.3670  2.3093  2.2535  2.1995  2.0699  1.9465  1.8307  1.7187  1.6044
  1.4852  1.3626  1.2389  1.1153  0.9929
  2.5102  2.5495  2.5840  2.6110  2.6281  2.6326  2.6222  2.5945  2.5509  2.4978
  2.4405  2.3819  2.3239  2.2674  2.2125  2.0805  1.9535  1.8332  1.7183  1.6037
  1.4858  1.3654  1.2442  1.1231  1.0032  0.8846
  2.4630  2.5019  2.5372  2.5676  2.5901  2.6022  2.6017  2.5856  2.5523  2.5058
  2.4518  2.3947  2.3371  2.2802  2.2247  2.0909  1.9614  1.8374  1.7194  1.6038
  1.4868  1.3681  1.2490  1.1302  1.0124  0.8959  0.7809  0.6678  0.5591  0.4559
  2.4063  2.4334  2.4692  2.5096  2.5416  2.5618  2.5699  2.5648  2.5435  2.5063
  2.4581  2.4040  2.3476  2.2910  2.2351  2.1002  1.9693  1.8425  1.7217  1.6048
  1.4883  1.3709  1.2535  1.1366  1.0207  0.9061  0.7930  0.6817  0.5724  0.4673
  0.3674
  2.4008  2.4023  2.4113  2.4299  2.4547  2.4817  2.5049  2.5173  2.5138  2.4925
  2.4554  2.4077  2.3545  2.2991  2.2436  2.1080  1.9763  1.8478  1.7246  1.6062
  1.4897  1.3735  1.2577  1.1426  1.0285  0.9156  0.8041  0.6943  0.5865  0.4808
  0.3789
  2.4110  2.4049  2.3996  2.3982  2.4025  2.4106  2.4191  2.4262  2.4292  2.4254
  2.4116  2.3859  2.3480  2.3006  2.2482  2.1133  1.9810  1.8513  1.7260  1.6059
  1.4890  1.3734  1.2588  1.1452  1.0329  0.9217  0.8117  0.7032  0.5966  0.4921
  0.3897
  2.4277  2.4187  2.4076  2.3961  2.3861  2.3786  2.3729  2.3666  2.3571  2.3436
  2.3270  2.3085  2.2883  2.2641  2.2325  2.1181  1.9865  1.8563  1.7297  1.6081
  1.4906  1.3755  1.2619  1.1496  1.0389  0.9296  0.8214  0.7146  0.6095  0.5061
  0.4047
  2.4490  2.4386  2.4250  2.4086  2.3908  2.3726  2.3549  2.3375  2.3191  2.2979
  2.2732  2.2460  2.2190  2.1938  2.1705  2.1013  1.9905  1.8611  1.7336  1.6107
  1.4924  1.3773  1.2644  1.1533  1.0439  0.9360  0.8294  0.7243  0.6208  0.5188
  0.4187
  2.4745  2.4627  2.4471  2.4286  2.4064  2.3820  2.3562  2.3298  2.3030  2.2752
  2.2457  2.2141  2.1811  2.1484  2.0622  2.0629  1.9930  1.8657  1.7377
 [Fe/H] =  0.50 [alpha/Fe] = 0.00 BC value = F160W
  2.7006  2.7679  2.7934  2.7831  2.7474  2.6949  2.6317  2.5677  2.5012  2.4364
  2.3733  2.3125  2.2548  2.2006  2.1510  2.0367
  2.6920  2.7310  2.7477  2.7447  2.7237  2.6865  2.6348  2.5719  2.5068  2.4422
  2.3788  2.3175  2.2589  2.2032  2.1503  2.0290  1.9197  1.8169  1.7156
  2.6706  2.6985  2.7142  2.7182  2.7081  2.6823  2.6396  2.5819  2.5190  2.4551
  2.3918  2.3300  2.2706  2.2138  2.1596  2.0334  1.9190  1.8135  1.7067  1.5954
  1.4787
  2.6364  2.6705  2.6928  2.7037  2.7008  2.6822  2.6461  2.5943  2.5343  2.4715
  2.4085  2.3464  2.2863  2.2286  2.1732  2.0430  1.9234  1.8133  1.7072  1.5978
  1.4814  1.3598  1.2352
  2.5934  2.6317  2.6612  2.6797  2.6853  2.6759  2.6494  2.6055  2.5497  2.4888
  2.4265  2.3645  2.3038  2.2452  2.1888  2.0554  1.9310  1.8157  1.7066  1.5968
  1.4819  1.3625  1.2409  1.1187  0.9970
  2.5467  2.5871  2.6210  2.6461  2.6600  2.6603  2.6448  2.6114  2.5624  2.5048
  2.4439  2.3823  2.3214  2.2621  2.2048  2.0687  1.9404  1.8204  1.7076  1.5968
  1.4829  1.3655  1.2462  1.1266  1.0076  0.8895
  2.4992  2.5390  2.5750  2.6046  2.6250  2.6341  2.6294  2.6081  2.5691  2.5172
  2.4589  2.3984  2.3377  2.2780  2.2199  2.0818  1.9508  1.8267  1.7102  1.5977
  1.4843  1.3684  1.2512  1.1338  1.0170  0.9012  0.7866  0.6741  0.5657  0.4627
  2.4436  2.4726  2.5237  2.5567  2.5820  2.5979  2.6022  2.5926  2.5661  2.5231
  2.4696  2.4113  2.3515  2.2919  2.2334  2.0937  1.9609  1.8339  1.7139  1.5994
  1.4860  1.3713  1.2558  1.1404  1.0256  0.9118  0.7993  0.6882  0.5790  0.4744
  0.3746
  2.4068  2.4190  2.4439  2.4792  2.5159  2.5450  2.5605  2.5620  2.5487  2.5185
  2.4735  2.4197  2.3619  2.3031  2.2446  2.1037  1.9699  1.8410  1.7182  1.6016
  1.4878  1.3740  1.2601  1.1464  1.0336  0.9217  0.8108  0.7014  0.5937  0.4880
  0.3864
  2.4098  2.4076  2.4096  2.4192  2.4360  2.4559  2.4755  2.4909  2.4961  2.4860
  2.4587  2.4167  2.3655  2.3097  2.2523  2.1110  1.9760  1.8459  1.7209  1.6020
  1.4873  1.3740  1.2612  1.1491  1.0381  0.9280  0.8189  0.7110  0.6046  0.5000
  0.3974
  2.4228  2.4156  2.4078  2.4019  2.4001  2.4026  2.4066  2.4092  2.4088  2.4040
  2.3918  2.3704  2.3399  2.3004  2.2531  2.1182  1.9827  1.8516  1.7252  1.6045
  1.4888  1.3758  1.2641  1.1535  1.0442  0.9361  0.8290  0.7229  0.6181  0.5147
  0.4132
  2.4415  2.4328  2.4207  2.4073  2.3941  2.3824  2.3726  2.3635  2.3524  2.3376
  2.3186  2.2956  2.2702  2.2427  2.2123  2.1155  1.9884  1.8571  1.7295  1.6072
  1.4903  1.3771  1.2661  1.1567  1.0488  0.9424  0.8371  0.7330  0.6299  0.5281
  0.4279
  2.4652  2.4550  2.4412  2.4241  2.4048  2.3844  2.3638  2.3436  2.3231  2.3010
  2.2758  2.2471  2.2160  2.1843  2.1299  2.1029  1.9931  1.8624  1.7338
 [Fe/H] =  0.75 [alpha/Fe] = 0.00 BC value = F160W
  2.7158  2.7578  2.7714  2.7545  2.7159  2.6666  2.6161  2.5685  2.4982  2.4299
  2.3638  2.2999  2.2390  2.1816  2.1283  2.0050
  2.7131  2.7420  2.7518  2.7444  2.7216  2.6850  2.6357  2.5751  2.5064  2.4385
  2.3721  2.3076  2.2459  2.1872  2.1317  2.0063  1.8958  1.7943  1.6967
  2.6967  2.7215  2.7338  2.7345  2.7224  2.6949  2.6493  2.5873  2.5209  2.4539
  2.3876  2.3228  2.2603  2.2005  2.1436  2.0130  1.8971  1.7923  1.6918  1.5876
  1.4747
  2.6666  2.6963  2.7175  2.7248  2.7183  2.6963  2.6569  2.6018  2.5384  2.4726
  2.4067  2.3417  2.2786  2.2179  2.1598  2.0251  1.9038  1.7941  1.6906  1.5860
  1.4750  1.3573  1.2357
  2.6262  2.6634  2.6905  2.7059  2.7077  2.6944  2.6636  2.6157  2.5563  2.4923
  2.4271  2.3623  2.2988  2.2373  2.1782  2.0401  1.9139  1.7987  1.6915  1.5858
  1.4755  1.3603  1.2416  1.1213  1.0009
  2.5791  2.6204  2.6535  2.6765  2.6873  2.6838  2.6638  2.6257  2.5722  2.5111
  2.4472  2.3828  2.3192  2.2571  2.1971  2.0561  1.9259  1.8055  1.6941  1.5866
  1.4771  1.3634  1.2469  1.1293  1.0115  0.8943
  2.5300  2.5722  2.6089  2.6376  2.6562  2.6622  2.6535  2.6274  2.5833  2.5269
  2.4652  2.4017  2.3383  2.2759  2.2152  2.0719  1.9386  1.8140  1.6982  1.5884
  1.4789  1.3665  1.2519  1.1364  1.0210  0.9063  0.7925  0.6804  0.5732  0.4706
  2.4801  2.5218  2.5589  2.5912  2.6156  2.6294  2.6307  2.6171  2.5855  2.5373
  2.4795  2.4178  2.3551  2.2928  2.2317  2.0865  1.9511  1.8233  1.7036  1.5910
  1.4809  1.3695  1.2565  1.1429  1.0296  0.9171  0.8055  0.6950  0.5864  0.4824
  0.3830
  2.4180  2.4529  2.4920  2.5329  2.5666  2.5867  2.5956  2.5925  2.5743  2.5385
  2.4881  2.4298  2.3686  2.3068  2.2457  2.0991  1.9621  1.8322  1.7095  1.5941
  1.4830  1.3723  1.2607  1.1489  1.0375  0.9270  0.8173  0.7088  0.6015  0.4961
  0.3950
  2.4089  2.4133  2.4273  2.4504  2.4811  2.5125  2.5371  2.5481  2.5433  2.5223
  2.4844  2.4338  2.3764  2.3164  2.2558  2.1085  1.9700  1.8386  1.7136  1.5956
  1.4829  1.3723  1.2619  1.1516  1.0420  0.9334  0.8255  0.7187  0.6130  0.5087
  0.4063
  2.4170  2.4128  2.4099  2.4120  2.4210  2.4346  2.4488  2.4611  2.4691  2.4675
  2.4510  2.4180  2.3726  2.3197  2.2630  2.1176  1.9779  1.8454  1.7188  1.5987
  1.4846  1.3739  1.2645  1.1558  1.0480  0.9414  0.8357  0.7309  0.6269  0.5241
  0.4226
  2.4330  2.4256  2.4162  2.4069  2.4000  2.3966  2.3960  2.3954  2.3922  2.3855
  2.3739  2.3547  2.3268  2.2908  2.2483  2.1221  1.9849  1.8513  1.7234  1.6016
  1.4858  1.3746  1.2659  1.1584  1.0523  0.9474  0.8436  0.7409  0.6391  0.5380
  0.4379
  2.4541  2.4455  2.4335  2.4188  2.4031  2.3878  2.3739  2.3611  2.3478  2.3321
  2.3128  2.2891  2.2615  2.2307  2.2117  2.1220  1.9910  1.8563  1.7274
 [Fe/H] =  1.00 [alpha/Fe] = 0.00 BC value = F160W
  2.7246  2.7516  2.7549  2.7449  2.7177  2.6720  2.6163  2.5647  2.4943  2.4229
  2.3539  2.2872  2.2236  2.1636  2.1072  1.9800
  2.7273  2.7559  2.7648  2.7561  2.7315  2.6926  2.6408  2.5773  2.5055  2.4346
  2.3653  2.2980  2.2335  2.1720  2.1139  1.9837  1.8719  1.7708  1.6744
  2.7159  2.7463  2.7585  2.7546  2.7360  2.7042  2.6578  2.5921  2.5226  2.4527
  2.3835  2.3159  2.2506  2.1880  2.1284  1.9928  1.8751  1.7706  1.6720  1.5723
  1.4653
  2.6904  2.7227  2.7361  2.7404  2.7311  2.7068  2.6673  2.6091  2.5424  2.4738
  2.4052  2.3374  2.2715  2.2080  2.1472  2.0073  1.8838  1.7738  1.6721  1.5711
  1.4656  1.3529  1.2350
  2.6529  2.6890  2.7140  2.7264  2.7251  2.7087  2.6752  2.6249  2.5625  2.4959
  2.4280  2.3605  2.2943  2.2300  2.1682  2.0247  1.8960  1.7803  1.6744  1.5718
  1.4667  1.3558  1.2406  1.1229  1.0043
  2.6062  2.6482  2.6805  2.7015  2.7095  2.7027  2.6794  2.6377  2.5811  2.5171
  2.4505  2.3835  2.3173  2.2525  2.1898  2.0433  1.9103  1.7892  1.6785  1.5737
  1.4685  1.3590  1.2459  1.1306  1.0147  0.8989
  2.5553  2.6000  2.6375  2.6657  2.6824  2.6857  2.6737  2.6436  2.5956  2.5357
  2.4712  2.4051  2.3391  2.2742  2.2109  2.0618  1.9254  1.7998  1.6843  1.5765
  1.4706  1.3622  1.2508  1.1377  1.0243  0.9109  0.7981  0.6877  0.5816  0.4795
  2.5038  2.5488  2.5878  2.6207  2.6445  2.6568  2.6554  2.6381  2.6021  2.5498
  2.4885  2.4239  2.3586  2.2938  2.2302  2.0792  1.9402  1.8110  1.6913  1.5800
  1.4730  1.3653  1.2554  1.1442  1.0328  0.9218  0.8113  0.7018  0.5945  0.4915
  0.3924
  2.4401  2.4911  2.5342  2.5700  2.5978  2.6165  2.6240  2.6182  2.5960  2.5555
  2.5007  2.4390  2.3749  2.3106  2.2469  2.0945  1.9534  1.8219  1.6988  1.5842
  1.4754  1.3680  1.2595  1.1500  1.0404  0.9314  0.8232  0.7159  0.6095  0.5050
  0.4047
  2.4077  2.4231  2.4531  2.4924  2.5338  2.5651  2.5810  2.5832  2.5725  2.5460
  2.5027  2.4471  2.3858  2.3227  2.2594  2.1062  1.9634  1.8300  1.7044  1.5868
  1.4759  1.3680  1.2604  1.1524  1.0447  0.9376  0.8313  0.7260  0.6215  0.5179
  0.4161
  2.4097  2.4099  2.4144  2.4275  2.4492  2.4746  2.4993  2.5185  2.5253  2.5156
  2.4880  2.4440  2.3899  2.3308  2.2697  2.1172  1.9729  1.8380  1.7108  1.5909
  1.4779  1.3695  1.2628  1.1564  1.0504  0.9454  0.8413  0.7380  0.6356  0.5339
  0.4329
  2.4221  2.4172  2.4115  2.4079  2.4092  2.4160  2.4253  2.4336  2.4389  2.4400
  2.4323  2.4101  2.3723  2.3235  2.2692  2.1250  1.9810  1.8446  1.7158  1.5941
  1.4793  1.3699  1.2635  1.1584  1.0542  0.9510  0.8489  0.7479  0.6476  0.5479
  0.4488
  2.4404  2.4342  2.4243  2.4129  2.4019  2.3931  2.3871  2.3826  2.3770  2.3682
  2.3560  2.3389  2.3144  2.2812  2.2579  2.1296  1.9877  1.8498  1.7194
