 [Fe/H] = -4.00 [alpha/Fe] = 0.40 BC value = F125W
  1.1903  1.5153  2.0356  2.1669  1.7293  1.4865  2.0958  2.5152  2.5579  2.4310
  2.3948  2.3543  2.1782  1.9355  1.7378  1.6318
  1.7024  1.8042  2.0130  2.0559  1.8752  1.7343  1.9451  2.1061  2.1433  2.1180
  2.1078  2.0746  1.9738  1.8410  1.7284  1.6291  1.5474  1.4646  1.3551
  1.9705  1.9562  1.9827  1.9772  1.9335  1.8647  1.8639  1.8764  1.8905  1.8992
  1.8937  1.8669  1.8172  1.7575  1.7042  1.6124  1.5188  1.4353  1.3419  1.2497
  1.1665
  1.9946  1.9713  1.9447  1.9308  1.9042  1.8778  1.8522  1.8261  1.7997  1.7747
  1.7525  1.7314  1.7085  1.6849  1.6652  1.5817  1.4990  1.4130  1.3246  1.2360
  1.1475  1.0592  0.9714
  2.0165  1.9889  1.9601  1.9366  1.9094  1.8818  1.8535  1.8244  1.7941  1.7638
  1.7354  1.7096  1.6851  1.6612  1.6370  1.5638  1.4806  1.3939  1.3061  1.2188
  1.1321  1.0461  0.9607  0.8753  0.7891
  2.0136  1.9871  1.9600  1.9335  1.9074  1.8806  1.8524  1.8227  1.7917  1.7600
  1.7280  1.6972  1.6688  1.6416  1.6159  1.5473  1.4659  1.3794  1.2917  1.2047
  1.1188  1.0341  0.9503  0.8671  0.7841  0.7005
  1.9858  1.9659  1.9444  1.9215  1.8981  1.8742  1.8489  1.8210  1.7906  1.7587
  1.7259  1.6929  1.6608  1.6303  1.6019  1.5322  1.4549  1.3695  1.2814  1.1937
  1.1076  1.0232  0.9401  0.8583  0.7772  0.6963  0.6151  0.5318  0.4458  0.3605
  1.9332  1.9253  1.9133  1.8976  1.8796  1.8602  1.8393  1.8157  1.7886  1.7582
  1.7258  1.6924  1.6588  1.6260  1.5947  1.5217  1.4463  1.3633  1.2756  1.1868
  1.0994  1.0141  0.9308  0.8492  0.7691  0.6899  0.6114  0.5320  0.4502  0.3657
  0.2813
  1.8523  1.8612  1.8630  1.8586  1.8497  1.8372  1.8220  1.8041  1.7825  1.7562
  1.7262  1.6935  1.6598  1.6259  1.5929  1.5157  1.4403  1.3597  1.2733  1.1842
  1.0952  1.0080  0.9234  0.8411  0.7609  0.6823  0.6046  0.5277  0.4500  0.3701
  0.2868
  1.7521  1.7759  1.7917  1.8003  1.8038  1.8016  1.7948  1.7840  1.7690  1.7491
  1.7238  1.6940  1.6613  1.6274  1.5937  1.5127  1.4363  1.3569  1.2723  1.1838
  1.0939  1.0047  0.9177  0.8336  0.7521  0.6730  0.5955  0.5192  0.4434  0.3667
  0.2888
  1.6387  1.6732  1.7019  1.7254  1.7422  1.7530  1.7573  1.7557  1.7486  1.7361
  1.7165  1.6910  1.6617  1.6302  1.5978  1.5155  1.4348  1.3562  1.2732  1.1864
  1.0970  1.0068  0.9178  0.8313  0.7477  0.6671  0.5888  0.5124  0.4374  0.3630
  0.2875
  1.4958  1.5531  1.5989  1.6345  1.6646  1.6885  1.7055  1.7155  1.7186  1.7135
  1.7012  1.6827  1.6593  1.6319  1.6014  1.5181  1.4345  1.3560  1.2744  1.1890
  1.1010  1.0113  0.9214  0.8329  0.7468  0.6638  0.5837  0.5062  0.4307  0.3567
  0.2834
  1.3234  1.4155  1.4827  1.5276  1.5710  1.6081  1.6388  1.6612  1.6759  1.6821
  1.6801  1.6707  1.6543  1.6325  1.6047  1.5205  1.4354  1.3563  1.2759
 [Fe/H] = -3.00 [alpha/Fe] = 0.40 BC value = F125W
  1.9684  1.9695  1.9633  1.9467  1.9068  1.8609  1.8780  1.8628  1.8377  1.8249
  1.8336  1.8445  1.8226  1.7759  1.7339  1.6692
  1.9496  1.9415  1.9299  1.9123  1.8803  1.8412  1.8333  1.8155  1.7951  1.7798
  1.7729  1.7668  1.7483  1.7198  1.6922  1.6327  1.5535  1.4658  1.3743
  1.9412  1.9249  1.9080  1.8886  1.8617  1.8282  1.8044  1.7833  1.7641  1.7461
  1.7289  1.7117  1.6943  1.6763  1.6573  1.6011  1.5243  1.4382  1.3489  1.2582
  1.1671
  1.9432  1.9197  1.8976  1.8756  1.8511  1.8219  1.7913  1.7660  1.7446  1.7238
  1.7016  1.6794  1.6605  1.6452  1.6292  1.5744  1.4999  1.4152  1.3274  1.2389
  1.1505  1.0622  0.9740
  1.9556  1.9259  1.8987  1.8733  1.8484  1.8223  1.7940  1.7638  1.7367  1.7128
  1.6911  1.6698  1.6469  1.6266  1.6079  1.5526  1.4803  1.3968  1.3098  1.2226
  1.1360  1.0499  0.9641  0.8783  0.7916
  1.9784  1.9435  1.9113  1.8817  1.8536  1.8260  1.7979  1.7687  1.7389  1.7102
  1.6844  1.6617  1.6386  1.6155  1.5938  1.5359  1.4652  1.3828  1.2959  1.2091
  1.1232  1.0384  0.9543  0.8707  0.7872  0.7032
  2.0033  1.9664  1.9308  1.8977  1.8665  1.8362  1.8064  1.7765  1.7460  1.7157
  1.6868  1.6599  1.6350  1.6094  1.5857  1.5243  1.4542  1.3732  1.2862  1.1987
  1.1125  1.0279  0.9446  0.8623  0.7807  0.6993  0.6176  0.5339  0.4477  0.3623
  2.0200  1.9862  1.9513  1.9167  1.8835  1.8513  1.8198  1.7883  1.7567  1.7251
  1.6939  1.6640  1.6360  1.6084  1.5820  1.5173  1.4469  1.3675  1.2808  1.1922
  1.1046  1.0191  0.9356  0.8536  0.7730  0.6932  0.6137  0.5340  0.4522  0.3675
  0.2831
  2.0122  1.9915  1.9647  1.9326  1.9000  1.8674  1.8352  1.8028  1.7701  1.7373
  1.7046  1.6725  1.6415  1.6118  1.5827  1.5140  1.4426  1.3645  1.2804  1.1899
  1.1026  1.0133  0.9283  0.8456  0.7650  0.6859  0.6077  0.5289  0.4494  0.3692
  0.2885
  2.0115  1.9894  1.9647  1.9378  1.9095  1.8793  1.8481  1.8163  1.7837  1.7505
  1.7169  1.6833  1.6501  1.6179  1.5864  1.5129  1.4401  1.3623  1.2783  1.1896
  1.0994  1.0099  0.9227  0.8382  0.7563  0.6767  0.5988  0.5221  0.4459  0.3692
  0.2906
  1.9603  1.9636  1.9522  1.9275  1.9070  1.8827  1.8553  1.8261  1.7952  1.7630
  1.7297  1.6957  1.6613  1.6273  1.5938  1.5150  1.4399  1.3624  1.2796  1.1924
  1.1025  1.0120  0.9227  0.8359  0.7520  0.6709  0.5922  0.5154  0.4400  0.3652
  0.2895
  1.9043  1.9141  1.9159  1.9104  1.8983  1.8802  1.8576  1.8272  1.8002  1.7710
  1.7397  1.7067  1.6725  1.6377  1.6029  1.5190  1.4408  1.3629  1.2812  1.1953
  1.1066  1.0164  0.9261  0.8373  0.7509  0.6676  0.5871  0.5092  0.4334  0.3590
  0.2854
  1.8436  1.8408  1.8558  1.8865  1.8834  1.8718  1.8448  1.8265  1.8042  1.7706
  1.7435  1.7135  1.6812  1.6472  1.6137  1.5249  1.4428  1.3638  1.2831
 [Fe/H] = -2.50 [alpha/Fe] = 0.40 BC value = F125W
  2.0657  2.0163  1.9359  1.8955  1.9027  1.8862  1.8171  1.7458  1.7120  1.7097
  1.7166  1.7285  1.7331  1.7266  1.7159  1.6666
  2.0063  1.9755  1.9269  1.8936  1.8770  1.8503  1.8038  1.7574  1.7263  1.7092
  1.6989  1.6944  1.6906  1.6833  1.6726  1.6258  1.5534  1.4676  1.3790
  1.9651  1.9448  1.9164  1.8884  1.8586  1.8266  1.7937  1.7620  1.7329  1.7073
  1.6861  1.6700  1.6587  1.6490  1.6373  1.5914  1.5230  1.4401  1.3524  1.2622
  1.1702
  1.9421  1.9242  1.9044  1.8799  1.8475  1.8151  1.7868  1.7596  1.7318  1.7040
  1.6782  1.6553  1.6374  1.6237  1.6100  1.5634  1.4976  1.4172  1.3305  1.2423
  1.1540  1.0655  0.9766
  1.9373  1.9137  1.8909  1.8681  1.8437  1.8158  1.7831  1.7502  1.7230  1.6993
  1.6752  1.6503  1.6267  1.6074  1.5907  1.5418  1.4772  1.3989  1.3134  1.2265
  1.1398  1.0536  0.9676  0.8817  0.7949
  1.9500  1.9197  1.8916  1.8654  1.8400  1.8139  1.7862  1.7564  1.7249  1.6951
  1.6705  1.6478  1.6235  1.5999  1.5792  1.5264  1.4619  1.3850  1.3001  1.2135
  1.1276  1.0425  0.9582  0.8742  0.7903  0.7059
  1.9765  1.9397  1.9056  1.8746  1.8457  1.8178  1.7900  1.7614  1.7319  1.7021
  1.6734  1.6473  1.6232  1.5984  1.5749  1.5167  1.4514  1.3754  1.2909  1.2037
  1.1173  1.0324  0.9489  0.8661  0.7841  0.7023  0.6201  0.5360  0.4497  0.3643
  2.0102  1.9691  1.9301  1.8941  1.8610  1.8299  1.7998  1.7700  1.7400  1.7100
  1.6806  1.6525  1.6262  1.6001  1.5748  1.5126  1.4451  1.3697  1.2857  1.1976
  1.1099  1.0241  0.9402  0.8578  0.7768  0.6966  0.6166  0.5365  0.4543  0.3694
  0.2850
  2.0412  2.0009  1.9600  1.9206  1.8838  1.8491  1.8162  1.7842  1.7526  1.7211
  1.6902  1.6602  1.6317  1.6044  1.5771  1.5122  1.4426  1.3671  1.2839  1.1956
  1.1062  1.0185  0.9333  0.8502  0.7691  0.6896  0.6109  0.5327  0.4542  0.3740
  0.2904
  2.0597  2.0252  1.9873  1.9481  1.9097  1.8728  1.8373  1.8030  1.7692  1.7358
  1.7028  1.6707  1.6397  1.6102  1.5813  1.5127  1.4418  1.3657  1.2834  1.1954
  1.1051  1.0153  0.9278  0.8430  0.7607  0.6807  0.6023  0.5251  0.4484  0.3714
  0.2925
  2.0585  2.0339  2.0040  1.9698  1.9336  1.8971  1.8606  1.8249  1.7896  1.7545
  1.7197  1.6854  1.6520  1.6197  1.5886  1.5153  1.4430  1.3666  1.2850  1.1983
  1.1082  1.0174  0.9278  0.8407  0.7565  0.6750  0.5959  0.5186  0.4428  0.3676
  0.2915
  2.0362  2.0230  2.0029  1.9777  1.9482  1.9154  1.8809  1.8458  1.8103  1.7745
  1.7386  1.7027  1.6672  1.6325  1.5989  1.5198  1.4449  1.3681  1.2869  1.2014
  1.1125  1.0218  0.9312  0.8421  0.7555  0.6718  0.5909  0.5126  0.4364  0.3616
  0.2877
  1.9928  1.9925  1.9822  1.9673  1.9468  1.9214  1.8922  1.8604  1.8270  1.7923
  1.7568  1.7205  1.6839  1.6475  1.6122  1.5262  1.4475  1.3702  1.2891
 [Fe/H] = -2.00 [alpha/Fe] = 0.40 BC value = F125W
  2.0030  1.9687  1.9308  1.8932  1.8577  1.8234  1.7914  1.7635  1.7412  1.7257
  1.7172  1.7131  1.7098  1.7053  1.6926  1.6546
  2.0184  1.9864  1.9496  1.9103  1.8698  1.8298  1.7919  1.7574  1.7277  1.7042
  1.6873  1.6764  1.6695  1.6628  1.6520  1.6131  1.5512  1.4702  1.3804
  2.0147  1.9884  1.9553  1.9176  1.8773  1.8361  1.7957  1.7576  1.7231  1.6936
  1.6698  1.6522  1.6403  1.6306  1.6196  1.5790  1.5190  1.4423  1.3558  1.2661
  1.1752
  1.9919  1.9747  1.9479  1.9151  1.8802  1.8422  1.8028  1.7641  1.7274  1.6939
  1.6647  1.6405  1.6222  1.6087  1.5954  1.5523  1.4930  1.4192  1.3353  1.2478
  1.1595  1.0708  0.9811
  1.9676  1.9535  1.9315  1.9028  1.8697  1.8347  1.7997  1.7657  1.7320  1.6989
  1.6677  1.6390  1.6144  1.5955  1.5794  1.5330  1.4732  1.4009  1.3189  1.2328
  1.1460  1.0595  0.9730  0.8865  0.7990
  1.9589  1.9368  1.9141  1.8876  1.8577  1.8258  1.7931  1.7603  1.7284  1.6981
  1.6700  1.6422  1.6151  1.5905  1.5704  1.5200  1.4590  1.3872  1.3063  1.2207
  1.1345  1.0490  0.9642  0.8797  0.7951  0.7101
  1.9675  1.9388  1.9108  1.8835  1.8565  1.8287  1.7995  1.7686  1.7358  1.7019
  1.6707  1.6439  1.6179  1.5921  1.5681  1.5125  1.4498  1.3779  1.2974  1.2116
  1.1251  1.0397  0.9555  0.8722  0.7895  0.7070  0.6241  0.5395  0.4529  0.3676
  1.9912  1.9553  1.9213  1.8890  1.8586  1.8293  1.8002  1.7707  1.7404  1.7098
  1.6792  1.6495  1.6222  1.5960  1.5707  1.5097  1.4448  1.3723  1.2920  1.2060
  1.1183  1.0319  0.9474  0.8645  0.7828  0.7019  0.6211  0.5402  0.4576  0.3726
  0.2883
  2.0251  1.9837  1.9439  1.9064  1.8713  1.8385  1.8075  1.7772  1.7469  1.7165
  1.6866  1.6574  1.6293  1.6018  1.5750  1.5114  1.4434  1.3700  1.2898  1.2038
  1.1149  1.0268  0.9410  0.8574  0.7757  0.6954  0.6160  0.5371  0.4580  0.3772
  0.2935
  2.0629  2.0196  1.9757  1.9333  1.8936  1.8566  1.8221  1.7894  1.7576  1.7262
  1.6953  1.6651  1.6360  1.6080  1.5801  1.5141  1.4443  1.3693  1.2891  1.2033
  1.1137  1.0238  0.9359  0.8506  0.7678  0.6871  0.6079  0.5300  0.4526  0.3750
  0.2957
  2.0946  2.0542  2.0107  1.9666  1.9238  1.8831  1.8449  1.8090  1.7746  1.7412
  1.7085  1.6764  1.6453  1.6155  1.5866  1.5173  1.4472  1.3715  1.2910  1.2059
  1.1168  1.0260  0.9361  0.8486  0.7638  0.6818  0.6020  0.5240  0.4474  0.3715
  0.2949
  2.1111  2.0788  2.0401  1.9986  1.9562  1.9141  1.8734  1.8346  1.7973  1.7614
  1.7264  1.6921  1.6586  1.6262  1.5950  1.5214  1.4499  1.3742  1.2937  1.2093
  1.1210  1.0304  0.9396  0.8501  0.7630  0.6789  0.5974  0.5184  0.4415  0.3660
  0.2914
  2.1106  2.0865  2.0566  2.0216  1.9834  1.9434  1.9030  1.8630  1.8239  1.7858
  1.7486  1.7120  1.6761  1.6410  1.6053  1.5264  1.4524  1.3774  1.2972
 [Fe/H] = -1.50 [alpha/Fe] = 0.40 BC value = F125W
  2.0375  2.0007  1.9610  1.9210  1.8812  1.8424  1.8056  1.7711  1.7414  1.7195
  1.7058  1.6980  1.6923  1.6870  1.6789  1.6441
  2.0556  2.0182  1.9773  1.9348  1.8915  1.8482  1.8057  1.7652  1.7294  1.7005
  1.6795  1.6658  1.6569  1.6490  1.6393  1.6022  1.5465  1.4736  1.3873
  2.0653  2.0305  1.9909  1.9481  1.9034  1.8578  1.8121  1.7677  1.7273  1.6927
  1.6652  1.6453  1.6319  1.6210  1.6094  1.5696  1.5142  1.4442  1.3621  1.2737
  1.1829
  2.0666  2.0376  2.0018  1.9609  1.9170  1.8713  1.8248  1.7786  1.7351  1.6961
  1.6629  1.6365  1.6173  1.6030  1.5892  1.5463  1.4900  1.4213  1.3420  1.2562
  1.1680  1.0791  0.9894
  2.0417  2.0231  2.0006  1.9658  1.9264  1.8832  1.8382  1.7927  1.7483  1.7067
  1.6694  1.6374  1.6118  1.5927  1.5763  1.5302  1.4724  1.4039  1.3262  1.2422
  1.1555  1.0685  0.9813  0.8939  0.8056
  2.0102  1.9971  1.9783  1.9534  1.9222  1.8845  1.8417  1.7995  1.7582  1.7182
  1.6803  1.6455  1.6146  1.5896  1.5696  1.5198  1.4603  1.3913  1.3142  1.2310
  1.1452  1.0590  0.9735  0.8880  0.8025  0.7164
  1.9962  1.9772  1.9571  1.9350  1.9094  1.8791  1.8434  1.8026  1.7604  1.7208
  1.6858  1.6533  1.6223  1.5934  1.5686  1.5140  1.4526  1.3827  1.3055  1.2227
  1.1368  1.0507  0.9657  0.8815  0.7979  0.7143  0.6303  0.5448  0.4578  0.3727
  1.9994  1.9745  1.9488  1.9226  1.8957  1.8670  1.8356  1.8017  1.7657  1.7281
  1.6907  1.6570  1.6272  1.5994  1.5727  1.5122  1.4486  1.3777  1.3000  1.2171
  1.1308  1.0440  0.9587  0.8748  0.7921  0.7101  0.6283  0.5462  0.4629  0.3777
  0.2937
  2.0159  1.9854  1.9543  1.9232  1.8923  1.8617  1.8308  1.7990  1.7659  1.7323
  1.6988  1.6657  1.6340  1.6049  1.5780  1.5140  1.4477  1.3755  1.2975  1.2143
  1.1296  1.0397  0.9532  0.8686  0.7859  0.7046  0.6241  0.5443  0.4641  0.3825
  0.2987
  2.0448  2.0071  1.9711  1.9349  1.8995  1.8653  1.8324  1.8002  1.7680  1.7357
  1.7036  1.6721  1.6416  1.6120  1.5836  1.5182  1.4491  1.3752  1.2964  1.2131
  1.1260  1.0370  0.9487  0.8626  0.7788  0.6971  0.6168  0.5377  0.4593  0.3807
  0.3008
  2.0805  2.0388  1.9988  1.9576  1.9177  1.8794  1.8431  1.8086  1.7754  1.7430
  1.7110  1.6794  1.6487  1.6191  1.5902  1.5225  1.4536  1.3780  1.2985  1.2153
  1.1284  1.0389  0.9492  0.8610  0.7755  0.6925  0.6116  0.5326  0.4549  0.3780
  0.3004
  2.1162  2.0746  2.0320  1.9886  1.9452  1.9031  1.8629  1.8251  1.7894  1.7553
  1.7222  1.6897  1.6579  1.6271  1.5972  1.5264  1.4574  1.3825  1.3021  1.2188
  1.1324  1.0431  0.9526  0.8628  0.7750  0.6901  0.6077  0.5277  0.4497  0.3732
  0.2977
  2.1461  2.1083  2.0671  2.0233  1.9786  1.9342  1.8911  1.8500  1.8110  1.7740
  1.7387  1.7044  1.6709  1.6382  1.6046  1.5299  1.4605  1.3887  1.3072
 [Fe/H] = -1.00 [alpha/Fe] = 0.40 BC value = F125W
  2.0587  2.0199  1.9814  1.9435  1.9063  1.8690  1.8312  1.7950  1.7666  1.7340
  1.7141  1.7001  1.6890  1.6792  1.6693  1.6341
  2.0820  2.0426  2.0012  1.9591  1.9167  1.8741  1.8313  1.7889  1.7495  1.7162
  1.6904  1.6719  1.6583  1.6467  1.6349  1.5965  1.5437  1.4763  1.3961
  2.1007  2.0622  2.0201  1.9761  1.9309  1.8851  1.8389  1.7922  1.7483  1.7097
  1.6782  1.6545  1.6372  1.6231  1.6094  1.5679  1.5137  1.4476  1.3704  1.2848
  1.1945
  2.1148  2.0787  2.0381  1.9945  1.9489  1.9020  1.8540  1.8049  1.7576  1.7145
  1.6775  1.6479  1.6257  1.6084  1.5928  1.5483  1.4925  1.4263  1.3508  1.2679
  1.1805  1.0914  1.0009
  2.1216  2.0908  2.0535  2.0118  1.9672  1.9206  1.8726  1.8228  1.7735  1.7271
  1.6855  1.6502  1.6222  1.6008  1.5826  1.5351  1.4776  1.4107  1.3358  1.2546
  1.1691  1.0817  0.9937  0.9054  0.8159
  2.0984  2.0846  2.0583  2.0233  1.9822  1.9374  1.8907  1.8422  1.7926  1.7444
  1.6996  1.6597  1.6261  1.5993  1.5777  1.5267  1.4675  1.3997  1.3247  1.2442
  1.1598  1.0736  0.9871  0.9006  0.8139  0.7264
  2.0561  2.0473  2.0344  2.0141  1.9841  1.9451  1.9007  1.8544  1.8077  1.7612
  1.7162  1.6740  1.6361  1.6039  1.5778  1.5222  1.4611  1.3923  1.3168  1.2364
  1.1525  1.0668  0.9809  0.8955  0.8105  0.7254  0.6399  0.5530  0.4653  0.3802
  2.0366  2.0214  2.0050  1.9867  1.9642  1.9359  1.9012  1.8598  1.8134  1.7673
  1.7247  1.6852  1.6481  1.6136  1.5830  1.5209  1.4579  1.3878  1.3118  1.2311
  1.1472  1.0614  0.9755  0.8903  0.8062  0.7226  0.6392  0.5556  0.4710  0.3852
  0.3016
  2.0357  2.0148  1.9926  1.9695  1.9453  1.9185  1.8881  1.8534  1.8146  1.7726
  1.7299  1.6894  1.6534  1.6211  1.5908  1.5228  1.4572  1.3860  1.3093  1.2283
  1.1442  1.0579  0.9713  0.8856  0.8014  0.7186  0.6364  0.5548  0.4728  0.3904
  0.3058
  2.0457  2.0211  1.9941  1.9660  1.9372  1.9077  1.8770  1.8443  1.8090  1.7715
  1.7331  1.6951  1.6589  1.6256  1.5957  1.5274  1.4586  1.3857  1.3081  1.2267
  1.1421  1.0554  0.9677  0.8808  0.7956  0.7124  0.6305  0.5498  0.4697  0.3896
  0.3087
  2.0647  2.0357  2.0056  1.9735  1.9406  1.9074  1.8740  1.8406  1.8066  1.7715
  1.7357  1.6998  1.6650  1.6321  1.6012  1.5325  1.4634  1.3887  1.3102  1.2284
  1.1437  1.0566  0.9682  0.8799  0.7933  0.7089  0.6265  0.5460  0.4667  0.3882
  0.3098
  2.0916  2.0583  2.0241  1.9891  1.9531  1.9163  1.8798  1.8440  1.8090  1.7743
  1.7398  1.7053  1.6713  1.6385  1.6072  1.5361  1.4686  1.3937  1.3141  1.2318
  1.1470  1.0598  0.9710  0.8816  0.7934  0.7073  0.6236  0.5422  0.4628  0.3847
  0.3076
  2.1245  2.0881  2.0505  2.0122  1.9734  1.9340  1.8945  1.8558  1.8185  1.7824
  1.7475  1.7132  1.6795  1.6465  1.6137  1.5382  1.4742  1.4007  1.3198
 [Fe/H] = -0.75 [alpha/Fe] = 0.30 BC value = F125W
  2.0526  2.0156  1.9799  1.9442  1.9097  1.8751  1.8400  1.8054  1.7776  1.7453
  1.7239  1.7079  1.6951  1.6836  1.6724  1.6356
  2.0791  2.0401  1.9999  1.9593  1.9188  1.8783  1.8376  1.7971  1.7590  1.7261
  1.6999  1.6801  1.6650  1.6520  1.6391  1.5993  1.5457  1.4793  1.4011
  2.1012  2.0620  2.0199  1.9766  1.9325  1.8882  1.8436  1.7987  1.7561  1.7182
  1.6870  1.6627  1.6443  1.6291  1.6145  1.5719  1.5174  1.4518  1.3760  1.2914
  1.2020
  2.1189  2.0813  2.0399  1.9961  1.9509  1.9049  1.8580  1.8102  1.7639  1.7216
  1.6852  1.6557  1.6330  1.6149  1.5986  1.5534  1.4974  1.4316  1.3569  1.2750
  1.1878  1.0983  1.0072
  2.1309  2.0970  2.0578  2.0152  1.9703  1.9240  1.8765  1.8275  1.7789  1.7330
  1.6920  1.6572  1.6294  1.6075  1.5889  1.5409  1.4835  1.4170  1.3426  1.2621
  1.1770  1.0894  1.0010  0.9119  0.8214
  2.1208  2.1002  2.0692  2.0309  1.9881  1.9427  1.8958  1.8473  1.7978  1.7497
  1.7051  1.6656  1.6325  1.6060  1.5842  1.5329  1.4740  1.4067  1.3321  1.2522
  1.1683  1.0820  0.9951  0.9080  0.8205  0.7322
  2.0758  2.0684  2.0542  2.0300  1.9958  1.9548  1.9100  1.8637  1.8160  1.7682
  1.7221  1.6794  1.6416  1.6100  1.5841  1.5285  1.4680  1.3997  1.3247  1.2448
  1.1615  1.0759  0.9897  0.9037  0.8180  0.7322  0.6457  0.5580  0.4698  0.3844
  2.0476  2.0349  2.0208  2.0035  1.9808  1.9513  1.9145  1.8710  1.8240  1.7782
  1.7347  1.6933  1.6544  1.6191  1.5887  1.5272  1.4648  1.3954  1.3200  1.2399
  1.1566  1.0712  0.9851  0.8994  0.8145  0.7301  0.6458  0.5613  0.4759  0.3897
  0.3059
  2.0403  2.0216  2.0018  1.9811  1.9586  1.9328  1.9025  1.8674  1.8270  1.7831
  1.7390  1.6982  1.6617  1.6282  1.5970  1.5288  1.4642  1.3936  1.3177  1.2373
  1.1538  1.0681  0.9816  0.8955  0.8106  0.7269  0.6439  0.5613  0.4786  0.3953
  0.3109
  2.0455  2.0226  1.9979  1.9722  1.9457  1.9181  1.8886  1.8563  1.8206  1.7820
  1.7420  1.7025  1.6654  1.6319  1.6020  1.5332  1.4654  1.3934  1.3165  1.2357
  1.1518  1.0657  0.9784  0.8913  0.8055  0.7215  0.6387  0.5571  0.4762  0.3952
  0.3136
  2.0584  2.0323  2.0047  1.9751  1.9445  1.9133  1.8817  1.8494  1.8156  1.7801
  1.7434  1.7064  1.6707  1.6372  1.6063  1.5384  1.4698  1.3963  1.3185  1.2374
  1.1533  1.0669  0.9790  0.8908  0.8038  0.7188  0.6356  0.5541  0.4739  0.3945
  0.3153
  2.0786  2.0488  2.0178  1.9858  1.9522  1.9177  1.8831  1.8488  1.8146  1.7803
  1.7455  1.7105  1.6760  1.6427  1.6114  1.5414  1.4751  1.4011  1.3223  1.2407
  1.1565  1.0699  0.9817  0.8926  0.8042  0.7177  0.6333  0.5511  0.4708  0.3918
  0.3139
  2.1063  2.0726  2.0382  2.0030  1.9671  1.9302  1.8929  1.8561  1.8201  1.7850
  1.7506  1.7165  1.6828  1.6497  1.6173  1.5422  1.4813  1.4078  1.3279
 [Fe/H] = -0.50 [alpha/Fe] = 0.20 BC value = F125W
  2.0404  2.0065  1.9739  1.9416  1.9115  1.8808  1.8497  1.8215  1.7915  1.7638
  1.7372  1.7193  1.7047  1.6918  1.6786  1.6396
  2.0703  2.0325  1.9943  1.9562  1.9188  1.8816  1.8443  1.8068  1.7709  1.7389
  1.7124  1.6914  1.6748  1.6604  1.6462  1.6046  1.5500  1.4835  1.4066
  2.0961  2.0567  2.0155  1.9737  1.9316  1.8899  1.8480  1.8059  1.7656  1.7293
  1.6984  1.6736  1.6541  1.6377  1.6222  1.5782  1.5229  1.4571  1.3822  1.2990
  1.2103
  2.1178  2.0791  2.0375  1.9941  1.9500  1.9056  1.8608  1.8153  1.7712  1.7306
  1.6952  1.6659  1.6426  1.6237  1.6066  1.5604  1.5040  1.4380  1.3640  1.2829
  1.1963  1.1065  1.0151
  2.1343  2.0982  2.0579  2.0148  1.9702  1.9248  1.8786  1.8312  1.7842  1.7399
  1.7002  1.6661  1.6385  1.6161  1.5969  1.5483  1.4908  1.4243  1.3504  1.2706
  1.1859  1.0983  1.0094  0.9196  0.8288
  2.1350  2.1089  2.0739  2.0334  1.9898  1.9444  1.8981  1.8504  1.8019  1.7550
  1.7115  1.6730  1.6406  1.6142  1.5920  1.5405  1.4817  1.4146  1.3406  1.2612
  1.1777  1.0915  1.0043  0.9166  0.8284  0.7393
  2.0952  2.0870  2.0685  2.0393  2.0023  1.9603  1.9154  1.8691  1.8212  1.7732
  1.7274  1.6853  1.6484  1.6174  1.5916  1.5360  1.4759  1.4080  1.3336  1.2543
  1.1715  1.0861  0.9997  0.9132  0.8267  0.7400  0.6526  0.5641  0.4752  0.3895
  2.0588  2.0483  2.0355  2.0181  1.9939  1.9621  1.9231  1.8789  1.8329  1.7874
  1.7430  1.7003  1.6607  1.6255  1.5955  1.5344  1.4727  1.4039  1.3292  1.2497
  1.1670  1.0820  0.9959  0.9097  0.8241  0.7389  0.6537  0.5683  0.4819  0.3951
  0.3111
  2.0450  2.0283  2.0106  1.9917  1.9704  1.9449  1.9145  1.8788  1.8372  1.7923
  1.7482  1.7077  1.6705  1.6358  1.6036  1.5357  1.4719  1.4021  1.3269  1.2473
  1.1644  1.0793  0.9931  0.9067  0.8212  0.7366  0.6526  0.5692  0.4856  0.4012
  0.3162
  2.0455  2.0241  2.0015  1.9778  1.9533  1.9273  1.8987  1.8668  1.8310  1.7916
  1.7506  1.7103  1.6729  1.6396  1.6096  1.5397  1.4729  1.4019  1.3257  1.2457
  1.1625  1.0770  0.9903  0.9032  0.8169  0.7321  0.6485  0.5659  0.4839  0.4020
  0.3194
  2.0532  2.0295  2.0037  1.9762  1.9477  1.9185  1.8886  1.8573  1.8240  1.7882
  1.7508  1.7132  1.6769  1.6432  1.6125  1.5452  1.4770  1.4045  1.3277  1.2473
  1.1639  1.0781  0.9909  0.9030  0.8159  0.7302  0.6462  0.5638  0.4826  0.4022
  0.3220
  2.0672  2.0405  2.0122  1.9826  1.9511  1.9187  1.8860  1.8532  1.8200  1.7861
  1.7512  1.7158  1.6809  1.6475  1.6163  1.5477  1.4823  1.4092  1.3314  1.2505
  1.1670  1.0810  0.9934  0.9049  0.8167  0.7298  0.6447  0.5616  0.4803  0.4004
  0.3214
  2.0882  2.0577  2.0266  1.9944  1.9614  1.9267  1.8915  1.8564  1.8218  1.7877
  1.7538  1.7199  1.6862  1.6532  1.6210  1.5472  1.4888  1.4160  1.3368
 [Fe/H] = -0.25 [alpha/Fe] = 0.10 BC value = F125W
  2.0210  1.9910  1.9628  1.9355  1.9112  1.8866  1.8605  1.8365  1.8079  1.7805
  1.7567  1.7373  1.7214  1.7076  1.6882  1.6468
  2.0540  2.0184  1.9833  1.9489  1.9160  1.8838  1.8513  1.8180  1.7850  1.7542
  1.7276  1.7056  1.6877  1.6718  1.6565  1.6128  1.5566  1.4891  1.4126
  2.0835  2.0449  2.0055  1.9662  1.9274  1.8895  1.8518  1.8138  1.7768  1.7425
  1.7124  1.6872  1.6667  1.6493  1.6328  1.5871  1.5305  1.4638  1.3892  1.3073
  1.2190
  2.1095  2.0705  2.0294  1.9874  1.9454  1.9037  1.8620  1.8200  1.7793  1.7412
  1.7072  1.6784  1.6547  1.6349  1.6171  1.5697  1.5125  1.4458  1.3719  1.2917
  1.2058  1.1161  1.0242
  2.1306  2.0931  2.0522  2.0095  1.9660  1.9222  1.8782  1.8335  1.7894  1.7477
  1.7099  1.6770  1.6495  1.6268  1.6070  1.5577  1.4998  1.4329  1.3592  1.2800
  1.1959  1.1084  1.0191  0.9287  0.8369
  2.1398  2.1092  2.0717  2.0302  1.9867  1.9422  1.8972  1.8512  1.8049  1.7601
  1.7187  1.6818  1.6503  1.6240  1.6016  1.5496  1.4909  1.4238  1.3500  1.2711
  1.1883  1.1023  1.0147  0.9264  0.8375  0.7477
  2.1106  2.0981  2.0741  2.0415  2.0030  1.9604  1.9158  1.8702  1.8232  1.7766
  1.7323  1.6919  1.6563  1.6261  1.6005  1.5447  1.4849  1.4174  1.3435  1.2648
  1.1824  1.0974  1.0109  0.9238  0.8367  0.7492  0.6610  0.5712  0.4818  0.3957
  2.0685  2.0593  2.0465  2.0274  2.0006  1.9660  1.9262  1.8829  1.8383  1.7930
  1.7483  1.7058  1.6669  1.6327  1.6035  1.5427  1.4815  1.4133  1.3392  1.2605
  1.1783  1.0938  1.0078  0.9213  0.8351  0.7491  0.6632  0.5766  0.4890  0.4016
  0.3172
  2.0483  2.0334  2.0175  1.9996  1.9785  1.9527  1.9219  1.8855  1.8434  1.7991
  1.7564  1.7162  1.6784  1.6429  1.6105  1.5435  1.4804  1.4114  1.3369  1.2581
  1.1759  1.0914  1.0055  0.9191  0.8331  0.7478  0.6629  0.5785  0.4938  0.4083
  0.3227
  2.0441  2.0244  2.0033  1.9814  1.9584  1.9335  1.9057  1.8742  1.8385  1.7989
  1.7577  1.7177  1.6811  1.6481  1.6176  1.5470  1.4812  1.4110  1.3357  1.2565
  1.1740  1.0892  1.0030  0.9162  0.8297  0.7443  0.6598  0.5762  0.4931  0.4101
  0.3265
  2.0478  2.0260  2.0016  1.9757  1.9490  1.9216  1.8931  1.8629  1.8300  1.7944
  1.7569  1.7191  1.6830  1.6498  1.6198  1.5527  1.4848  1.4135  1.3375  1.2580
  1.1754  1.0903  1.0037  0.9164  0.8293  0.7433  0.6585  0.5752  0.4929  0.4114
  0.3301
  2.0562  2.0322  2.0062  1.9783  1.9487  1.9182  1.8873  1.8560  1.8238  1.7904
  1.7557  1.7202  1.6854  1.6524  1.6218  1.5549  1.4900  1.4179  1.3412  1.2611
  1.1783  1.0931  1.0062  0.9184  0.8305  0.7435  0.6578  0.5740  0.4917  0.4106
  0.3305
  2.0708  2.0435  2.0154  1.9858  1.9550  1.9224  1.8891  1.8557  1.8225  1.7894
  1.7562  1.7226  1.6892  1.6565  1.6236  1.5536  1.4968  1.4242  1.3468
 [Fe/H] =  0.00 [alpha/Fe] = 0.00 BC value = F125W
  1.9942  1.9698  1.9480  1.9298  1.9133  1.8962  1.8767  1.8532  1.8258  1.7988
  1.7743  1.7536  1.7372  1.7211  1.7058  1.6645
  2.0276  1.9954  1.9647  1.9358  1.9089  1.8837  1.8581  1.8302  1.8004  1.7712
  1.7448  1.7221  1.7029  1.6860  1.6693  1.6231  1.5654  1.4964  1.4193
  2.0608  2.0240  1.9876  1.9522  1.9184  1.8861  1.8541  1.8216  1.7889  1.7572
  1.7281  1.7030  1.6819  1.6635  1.6461  1.5983  1.5402  1.4722  1.3970  1.3160
  1.2282
  2.0912  2.0527  2.0131  1.9737  1.9351  1.8977  1.8606  1.8237  1.7875  1.7527
  1.7207  1.6926  1.6689  1.6487  1.6302  1.5814  1.5229  1.4551  1.3807  1.3011
  1.2162  1.1267  1.0345
  2.1168  2.0788  2.0383  1.9969  1.9555  1.9147  1.8741  1.8335  1.7936  1.7556
  1.7205  1.6892  1.6624  1.6396  1.6194  1.5693  1.5107  1.4430  1.3688  1.2900
  1.2068  1.1196  1.0301  0.9391  0.8461
  2.1292  2.0991  2.0606  2.0192  1.9767  1.9341  1.8915  1.8485  1.8056  1.7644
  1.7260  1.6914  1.6612  1.6354  1.6130  1.5607  1.5018  1.4343  1.3603  1.2818
  1.1996  1.1140  1.0262  0.9374  0.8481  0.7572
  2.1145  2.0959  2.0680  2.0341  1.9951  1.9531  1.9099  1.8661  1.8216  1.7778
  1.7364  1.6985  1.6650  1.6359  1.6107  1.5551  1.4955  1.4281  1.3542  1.2759
  1.1942  1.1096  1.0231  0.9356  0.8479  0.7598  0.6705  0.5797  0.4897  0.4030
  2.0726  2.0634  2.0489  2.0266  1.9965  1.9608  1.9219  1.8806  1.8375  1.7935
  1.7504  1.7098  1.6730  1.6405  1.6123  1.5522  1.4915  1.4238  1.3501  1.2719
  1.1904  1.1063  1.0205  0.9338  0.8472  0.7607  0.6739  0.5861  0.4974  0.4094
  0.3245
  2.0477  2.0340  2.0187  2.0010  1.9793  1.9528  1.9211  1.8844  1.8434  1.8014
  1.7607  1.7214  1.6839  1.6490  1.6177  1.5522  1.4898  1.4216  1.3477  1.2696
  1.1881  1.1042  1.0187  0.9324  0.8461  0.7602  0.6747  0.5892  0.5034  0.4168
  0.3305
  2.0393  2.0209  2.0010  1.9802  1.9582  1.9339  1.9065  1.8755  1.8402  1.8012
  1.7612  1.7232  1.6881  1.6558  1.6250  1.5548  1.4901  1.4208  1.3463  1.2679
  1.1862  1.1021  1.0165  0.9300  0.8436  0.7577  0.6726  0.5881  0.5040  0.4198
  0.3350
  2.0393  2.0190  1.9958  1.9713  1.9461  1.9200  1.8927  1.8634  1.8313  1.7964
  1.7596  1.7228  1.6880  1.6562  1.6274  1.5604  1.4931  1.4230  1.3479  1.2692
  1.1875  1.1032  1.0173  0.9306  0.8438  0.7576  0.6724  0.5882  0.5049  0.4221
  0.3397
  2.0434  2.0215  1.9975  1.9708  1.9428  1.9139  1.8845  1.8547  1.8236  1.7910
  1.7570  1.7223  1.6885  1.6566  1.6273  1.5627  1.4982  1.4270  1.3514  1.2723
  1.1903  1.1059  1.0198  0.9327  0.8454  0.7585  0.6726  0.5880  0.5048  0.4226
  0.3413
  2.0520  2.0279  2.0023  1.9750  1.9459  1.9151  1.8835  1.8518  1.8201  1.7882
  1.7559  1.7231  1.6905  1.6589  1.6247  1.5617  1.5054  1.4328  1.3568
 [Fe/H] =  0.25 [alpha/Fe] = 0.00 BC value = F125W
  1.9621  1.9452  1.9322  1.9297  1.9293  1.9238  1.9103  1.8912  1.8620  1.8320
  1.8035  1.7780  1.7559  1.7378  1.7194  1.6722
  2.0048  1.9785  1.9552  1.9373  1.9224  1.9071  1.8889  1.8654  1.8362  1.8051
  1.7751  1.7481  1.7246  1.7037  1.6845  1.6342  1.5749  1.5048  1.4268
  2.0452  2.0125  1.9816  1.9531  1.9274  1.9037  1.8798  1.8536  1.8234  1.7911
  1.7593  1.7302  1.7048  1.6826  1.6623  1.6106  1.5508  1.4820  1.4061  1.3253
  1.2392
  2.0833  2.0472  2.0114  1.9770  1.9443  1.9134  1.8831  1.8522  1.8197  1.7857
  1.7520  1.7206  1.6928  1.6687  1.6471  1.5945  1.5345  1.4659  1.3909  1.3115
  1.2276  1.1394  1.0474
  2.1166  2.0796  2.0414  2.0032  1.9659  1.9299  1.8943  1.8588  1.8230  1.7869
  1.7512  1.7174  1.6870  1.6603  1.6369  1.5827  1.5228  1.4545  1.3799  1.3012
  1.2188  1.1324  1.0430  0.9515  0.8583
  2.1425  2.1072  2.0688  2.0290  1.9891  1.9497  1.9107  1.8715  1.8322  1.7933
  1.7555  1.7194  1.6863  1.6569  1.6310  1.5741  1.5140  1.4462  1.3719  1.2936
  1.2119  1.1271  1.0396  0.9505  0.8603  0.7687
  2.1458  2.1221  2.0898  2.0520  2.0116  1.9705  1.9294  1.8881  1.8460  1.8044
  1.7640  1.7255  1.6899  1.6577  1.6292  1.5682  1.5075  1.4400  1.3661  1.2881
  1.2069  1.1229  1.0368  0.9492  0.8610  0.7722  0.6820  0.5900  0.4996  0.4122
  2.1102  2.1018  2.0831  2.0560  2.0239  1.9875  1.9476  1.9059  1.8627  1.8190
  1.7763  1.7355  1.6973  1.6625  1.6313  1.5653  1.5031  1.4355  1.3620  1.2842
  1.2033  1.1198  1.0345  0.9480  0.8611  0.7739  0.6863  0.5978  0.5078  0.4193
  0.3338
  2.0738  2.0646  2.0527  2.0361  2.0134  1.9848  1.9518  1.9158  1.8761  1.8340
  1.7909  1.7485  1.7081  1.6708  1.6370  1.5654  1.5011  1.4329  1.3594  1.2818
  1.2010  1.1178  1.0329  0.9470  0.8608  0.7747  0.6885  0.6022  0.5153  0.4273
  0.3404
  2.0578  2.0431  2.0270  2.0095  1.9897  1.9666  1.9399  1.9094  1.8747  1.8363
  1.7965  1.7571  1.7185  1.6810  1.6454  1.5683  1.5010  1.4317  1.3577  1.2799
  1.1990  1.1157  1.0308  0.9450  0.8590  0.7732  0.6876  0.6024  0.5172  0.4317
  0.3456
  2.0542  2.0362  2.0160  1.9945  1.9722  1.9486  1.9231  1.8952  1.8642  1.8294
  1.7922  1.7544  1.7183  1.6843  1.6520  1.5747  1.5040  1.4336  1.3589  1.2808
  1.1999  1.1165  1.0315  0.9457  0.8597  0.7739  0.6884  0.6037  0.5195  0.4356
  0.3518
  2.0541  2.0356  2.0139  1.9897  1.9641  1.9378  1.9107  1.8826  1.8525  1.8202
  1.7856  1.7495  1.7139  1.6803  1.6493  1.5795  1.5093  1.4374  1.3621  1.2835
  1.2024  1.1189  1.0338  0.9477  0.8614  0.7753  0.6895  0.6046  0.5206  0.4373
  0.3548
  2.0552  2.0363  2.0144  1.9902  1.9632  1.9346  1.9052  1.8753  1.8447  1.8131
  1.7802  1.7461  1.7118  1.6783  1.6373  1.5827  1.5169  1.4431  1.3673
 [Fe/H] =  0.50 [alpha/Fe] = 0.00 BC value = F125W
  1.9198  1.9847  2.0234  2.0369  2.0231  1.9935  1.9603  1.9331  1.9013  1.8685
  1.8362  1.8062  1.7793  1.7557  1.7359  1.6844
  1.9699  1.9749  1.9743  1.9688  1.9588  1.9448  1.9272  1.9051  1.8755  1.8427
  1.8095  1.7784  1.7504  1.7255  1.7026  1.6471  1.5852  1.5142  1.4352
  2.0183  1.9907  1.9671  1.9479  1.9344  1.9230  1.9095  1.8900  1.8618  1.8289
  1.7946  1.7618  1.7322  1.7059  1.6821  1.6251  1.5628  1.4930  1.4176  1.3368
  1.2507
  2.0650  2.0321  2.0018  1.9742  1.9499  1.9281  1.9072  1.8844  1.8561  1.8230
  1.7877  1.7531  1.7214  1.6931  1.6679  1.6099  1.5477  1.4781  1.4024  1.3227
  1.2392  1.1517  1.0601
  2.1069  2.0719  2.0371  2.0038  1.9727  1.9434  1.9153  1.8870  1.8565  1.8226
  1.7865  1.7503  1.7163  1.6857  1.6585  1.5985  1.5365  1.4674  1.3922  1.3132
  1.2312  1.1456  1.0566  0.9649  0.8708
  2.1417  2.1067  2.0702  2.0336  1.9980  1.9635  1.9299  1.8964  1.8623  1.8267
  1.7896  1.7521  1.7161  1.6830  1.6534  1.5900  1.5279  1.4594  1.3847  1.3062
  1.2249  1.1406  1.0536  0.9644  0.8737  0.7812
  2.1643  2.1341  2.0988  2.0612  2.0231  1.9854  1.9482  1.9109  1.8731  1.8349
  1.7963  1.7575  1.7197  1.6843  1.6522  1.5842  1.5212  1.4532  1.3791  1.3010
  1.2202  1.1367  1.0510  0.9636  0.8751  0.7857  0.6947  0.6023  0.5110  0.4228
  2.1433  2.1279  2.1097  2.0804  2.0453  2.0070  1.9677  1.9282  1.8879  1.8471
  1.8063  1.7660  1.7267  1.6894  1.6548  1.5814  1.5165  1.4485  1.3750  1.2973
  1.2168  1.1338  1.0490  0.9627  0.8757  0.7883  0.7001  0.6107  0.5197  0.4307
  0.3445
  2.1030  2.0980  2.0873  2.0685  2.0433  2.0140  1.9816  1.9450  1.9047  1.8623
  1.8195  1.7774  1.7365  1.6975  1.6609  1.5819  1.5140  1.4454  1.3721  1.2948
  1.2146  1.1319  1.0475  0.9620  0.8760  0.7898  0.7033  0.6163  0.5284  0.4392
  0.3518
  2.0770  2.0667  2.0548  2.0402  2.0219  1.9991  1.9724  1.9428  1.9104  1.8734
  1.8327  1.7904  1.7483  1.7077  1.6694  1.5853  1.5138  1.4438  1.3700  1.2926
  1.2124  1.1298  1.0455  0.9602  0.8747  0.7891  0.7035  0.6178  0.5318  0.4452
  0.3578
  2.0686  2.0537  2.0368  2.0187  1.9994  1.9780  1.9541  1.9279  1.8989  1.8665
  1.8310  1.7938  1.7560  1.7180  1.6802  1.5924  1.5170  1.4452  1.3708  1.2932
  1.2130  1.1305  1.0462  0.9611  0.8757  0.7904  0.7052  0.6203  0.5354  0.4506
  0.3656
  2.0668  2.0508  2.0309  2.0091  1.9863  1.9626  1.9378  1.9116  1.8835  1.8531
  1.8199  1.7844  1.7486  1.7140  1.6808  1.6005  1.5227  1.4489  1.3736  1.2955
  1.2151  1.1326  1.0483  0.9631  0.8775  0.7922  0.7069  0.6221  0.5377  0.4537
  0.3701
  2.0648  2.0491  2.0297  2.0068  1.9817  1.9553  1.9281  1.9003  1.8716  1.8414
  1.8094  1.7755  1.7406  1.7062  1.6712  1.6096  1.5309  1.4549  1.3784
 [Fe/H] =  0.75 [alpha/Fe] = 0.00 BC value = F125W
  1.8664  2.0041  2.1034  2.1430  2.1216  2.0679  2.0127  1.9765  1.9423  1.9068
  1.8711  1.8370  1.8056  1.7770  1.7517  1.6879
  1.9236  1.9601  1.9836  1.9956  1.9970  1.9890  1.9724  1.9481  1.9172  1.8826
  1.8467  1.8118  1.7797  1.7504  1.7237  1.6617  1.5960  1.5239  1.4444
  1.9801  1.9587  1.9437  1.9362  1.9402  1.9470  1.9461  1.9307  1.9031  1.8694
  1.8330  1.7970  1.7634  1.7329  1.7053  1.6416  1.5762  1.5047  1.4276  1.3461
  1.2612
  2.0359  2.0000  1.9836  1.9649  1.9513  1.9419  1.9337  1.9207  1.8958  1.8632
  1.8267  1.7894  1.7540  1.7216  1.6925  1.6276  1.5623  1.4912  1.4147  1.3346
  1.2514  1.1644  1.0731
  2.0876  2.0551  2.0249  1.9980  1.9749  1.9551  1.9368  1.9179  1.8935  1.8617
  1.8253  1.7871  1.7499  1.7154  1.6842  1.6169  1.5518  1.4814  1.4055  1.3261
  1.2441  1.1590  1.0706  0.9788  0.8839
  2.1318  2.0980  2.0643  2.0322  2.0024  1.9747  1.9487  1.9230  1.8957  1.8638
  1.8275  1.7887  1.7501  1.7135  1.6800  1.6087  1.5434  1.4738  1.3986  1.3197
  1.2384  1.1545  1.0679  0.9788  0.8877  0.7944
  2.1662  2.1340  2.0995  2.0645  2.0304  1.9976  1.9660  1.9347  1.9028  1.8691
  1.8325  1.7935  1.7539  1.7155  1.6797  1.6034  1.5367  1.4676  1.3932  1.3149
  1.2341  1.1510  1.0657  0.9784  0.8897  0.7998  0.7080  0.6147  0.5238  0.4348
  2.1735  2.1536  2.1261  2.0927  2.0571  2.0211  1.9857  1.9505  1.9147  1.8782
  1.8403  1.8008  1.7605  1.7208  1.6830  1.6011  1.5318  1.4627  1.3889  1.3113
  1.2310  1.1484  1.0639  0.9779  0.8909  0.8032  0.7145  0.6243  0.5328  0.4436
  0.3566
  2.1355  2.1304  2.1170  2.0964  2.0704  2.0401  2.0054  1.9684  1.9301  1.8908
  1.8510  1.8105  1.7694  1.7288  1.6896  1.6023  1.5292  1.4592  1.3857  1.3086
  1.2287  1.1466  1.0627  0.9775  0.8916  0.8054  0.7187  0.6313  0.5426  0.4526
  0.3649
  2.0978  2.0924  2.0841  2.0713  2.0527  2.0295  2.0040  1.9766  1.9443  1.9057
  1.8641  1.8219  1.7800  1.7385  1.6981  1.6065  1.5290  1.4572  1.3833  1.3061
  1.2264  1.1444  1.0607  0.9758  0.8906  0.8052  0.7197  0.6338  0.5474  0.4599
  0.3714
  2.0822  2.0711  2.0582  2.0438  2.0272  2.0076  1.9852  1.9607  1.9347  1.9064
  1.8727  1.8340  1.7926  1.7506  1.7094  1.6143  1.5326  1.4583  1.3835  1.3062
  1.2265  1.1448  1.0613  0.9768  0.8918  0.8070  0.7221  0.6373  0.5522  0.4666
  0.3807
  2.0784  2.0643  2.0473  2.0286  2.0088  1.9878  1.9652  1.9412  1.9156  1.8885
  1.8589  1.8263  1.7916  1.7552  1.7178  1.6241  1.5390  1.4620  1.3860  1.3080
  1.2281  1.1464  1.0631  0.9786  0.8937  0.8089  0.7243  0.6399  0.5556  0.4712
  0.3867
  2.0760  2.0620  2.0443  2.0233  2.0003  1.9763  1.9514  1.9259  1.8992  1.8714
  1.8421  1.8105  1.7774  1.7435  1.7233  1.6359  1.5482  1.4683  1.3908
 [Fe/H] =  1.00 [alpha/Fe] = 0.00 BC value = F125W
  1.8049  2.0137  2.1596  2.2185  2.2097  2.1386  2.0447  2.0146  1.9829  1.9450
  1.9063  1.8686  1.8331  1.8002  1.7698  1.6992
  1.8683  1.9331  1.9795  2.0092  2.0238  2.0249  2.0137  1.9913  1.9597  1.9236
  1.8853  1.8470  1.8109  1.7776  1.7467  1.6768  1.6073  1.5336  1.4545
  1.9325  1.9159  1.9120  1.9194  1.9369  1.9636  1.9873  1.9734  1.9458  1.9116
  1.8735  1.8345  1.7973  1.7628  1.7311  1.6595  1.5901  1.5166  1.4386  1.3567
  1.2713
  1.9975  1.9621  1.9572  1.9491  1.9489  1.9546  1.9655  1.9609  1.9376  1.9055
  1.8679  1.8283  1.7896  1.7535  1.7203  1.6473  1.5777  1.5047  1.4273  1.3467
  1.2632  1.1767  1.0859
  2.0593  2.0297  2.0048  1.9857  1.9726  1.9645  1.9589  1.9519  1.9330  1.9032
  1.8665  1.8267  1.7868  1.7487  1.7136  1.6378  1.5683  1.4960  1.4191  1.3392
  1.2569  1.1721  1.0841  0.9925  0.8974
  2.1135  2.0813  2.0511  2.0245  2.0021  1.9834  1.9672  1.9513  1.9318  1.9036
  1.8681  1.8285  1.7877  1.7479  1.7107  1.6306  1.5605  1.4889  1.4129  1.3335
  1.2520  1.1683  1.0821  0.9933  0.9020  0.8079
  2.1582  2.1259  2.0934  2.0621  2.0333  2.0069  1.9827  1.9591  1.9348  1.9063
  1.8719  1.8328  1.7917  1.7506  1.7114  1.6261  1.5541  1.4830  1.4079  1.3292
  1.2483  1.1653  1.0802  0.9933  0.9048  0.8143  0.7216  0.6287  0.5378  0.4482
  2.1868  2.1595  2.1290  2.0962  2.0636  2.0323  2.0022  1.9730  1.9432  1.9121
  1.8777  1.8391  1.7980  1.7563  1.7156  1.6249  1.5494  1.4780  1.4036  1.3257
  1.2453  1.1631  1.0789  0.9932  0.9065  0.8186  0.7292  0.6383  0.5470  0.4578
  0.3701
  2.1667  2.1578  2.1411  2.1177  2.0889  2.0566  2.0233  1.9900  1.9563  1.9216
  1.8857  1.8472  1.8063  1.7642  1.7226  1.6270  1.5472  1.4744  1.4003  1.3229
  1.2432  1.1614  1.0780  0.9931  0.9073  0.8210  0.7343  0.6465  0.5572  0.4671
  0.3793
  2.1207  2.1198  2.1129  2.0995  2.0802  2.0591  2.0352  2.0061  1.9718  1.9344
  1.8960  1.8565  1.8155  1.7734  1.7312  1.6321  1.5474  1.4722  1.3974  1.3202
  1.2406  1.1592  1.0761  0.9917  0.9066  0.8214  0.7358  0.6500  0.5634  0.4753
  0.3864
  2.0955  2.0888  2.0804  2.0694  2.0548  2.0366  2.0158  1.9943  1.9724  1.9455
  1.9093  1.8687  1.8269  1.7846  1.7423  1.6407  1.5517  1.4731  1.3972  1.3198
  1.2404  1.1592  1.0766  0.9926  0.9081  0.8235  0.7388  0.6542  0.5693  0.4835
  0.3969
  2.0876  2.0765  2.0629  2.0478  2.0313  2.0129  1.9926  1.9710  1.9487  1.9261
  1.9021  1.8721  1.8356  1.7953  1.7535  1.6512  1.5589  1.4770  1.3993  1.3211
  1.2414  1.1603  1.0779  0.9942  0.9099  0.8256  0.7414  0.6574  0.5734  0.4891
  0.4044
  2.0853  2.0733  2.0571  2.0385  2.0182  1.9969  1.9746  1.9514  1.9273  1.9028
  1.8777  1.8511  1.8217  1.7891  1.7648  1.6636  1.5690  1.4839  1.4037
