 [Fe/H] = -4.00 [alpha/Fe] = 0.40 BC value = F814W
 -0.7595  0.1942  1.3844  1.7613  0.8950 -1.0653 -0.3292  0.8922  1.6254  1.6669
  1.7316  1.6980  1.2864  0.7973  0.5248  0.6200
 -0.5464 -0.1273  0.4570  0.6981  0.4332 -0.4268 -0.1059  0.4334  0.8256  0.9598
  1.0613  1.0738  0.9082  0.6952  0.5766  0.6500  0.6959  0.7146  0.6493
 -0.2271 -0.1109  0.0898  0.2264  0.2628  0.0672  0.1513  0.2897  0.4358  0.5615
  0.6484  0.6806  0.6601  0.6200  0.6020  0.6581  0.6761  0.6863  0.6616  0.6342
  0.6316
  0.1984  0.2434  0.2828  0.3462  0.3838  0.4167  0.4424  0.4610  0.4561  0.4718
  0.4930  0.5186  0.5421  0.5716  0.6010  0.6443  0.6692  0.6710  0.6581  0.6357
  0.6083  0.5774  0.5435
  0.3982  0.4085  0.4197  0.4435  0.4633  0.4844  0.5043  0.5213  0.5346  0.5452
  0.5565  0.5704  0.5847  0.6009  0.6192  0.6489  0.6567  0.6509  0.6360  0.6147
  0.5888  0.5594  0.5274  0.4924  0.4538
  0.5815  0.5656  0.5541  0.5487  0.5499  0.5563  0.5661  0.5769  0.5874  0.5967
  0.6046  0.6118  0.6200  0.6275  0.6373  0.6555  0.6527  0.6395  0.6206  0.5980
  0.5720  0.5431  0.5120  0.4786  0.4429  0.4041
  0.7484  0.7147  0.6860  0.6618  0.6436  0.6324  0.6278  0.6278  0.6306  0.6348
  0.6394  0.6439  0.6479  0.6508  0.6553  0.6641  0.6572  0.6368  0.6119  0.5856
  0.5579  0.5285  0.4973  0.4646  0.4303  0.3939  0.3548  0.3105  0.2599  0.2070
  0.8988  0.8558  0.8154  0.7774  0.7437  0.7159  0.6953  0.6818  0.6740  0.6702
  0.6690  0.6694  0.6705  0.6717  0.6725  0.6746  0.6661  0.6429  0.6122  0.5801
  0.5484  0.5166  0.4842  0.4510  0.4169  0.3817  0.3453  0.3054  0.2597  0.2077
  0.1528
  1.0266  0.9807  0.9348  0.8888  0.8448  0.8045  0.7698  0.7423  0.7222  0.7084
  0.6997  0.6943  0.6911  0.6893  0.6885  0.6857  0.6765  0.6543  0.6210  0.5835
  0.5460  0.5097  0.4744  0.4393  0.4042  0.3688  0.3324  0.2950  0.2543  0.2081
  0.1548
  1.1330  1.0864  1.0382  0.9886  0.9393  0.8915  0.8471  0.8081  0.7761  0.7517
  0.7340  0.7216  0.7131  0.7073  0.7036  0.6976  0.6870  0.6667  0.6344  0.5942
  0.5515  0.5094  0.4692  0.4306  0.3930  0.3561  0.3192  0.2817  0.2428  0.2005
  0.1545
  1.2161  1.1716  1.1249  1.0763  1.0258  0.9749  0.9253  0.8787  0.8369  0.8021
  0.7749  0.7541  0.7388  0.7277  0.7200  0.7085  0.6976  0.6783  0.6485  0.6096
  0.5648  0.5181  0.4723  0.4286  0.3871  0.3473  0.3084  0.2699  0.2313  0.1915
  0.1496
  1.2755  1.2363  1.1940  1.1488  1.1001  1.0499  0.9987  0.9485  0.9010  0.8593
  0.8238  0.7943  0.7705  0.7522  0.7390  0.7199  0.7071  0.6888  0.6611  0.6244
  0.5807  0.5325  0.4828  0.4340  0.3875  0.3433  0.3011  0.2603  0.2203  0.1805
  0.1397
  1.3110  1.2806  1.2455  1.2061  1.1622  1.1165  1.0643  1.0136  0.9640  0.9183
  0.8769  0.8395  0.8058  0.7808  0.7606  0.7317  0.7155  0.6982  0.6722
 [Fe/H] = -3.00 [alpha/Fe] = 0.40 BC value = F814W
  0.2982  0.3676  0.4012  0.3971  0.3411  0.1086  0.1938  0.2936  0.3731  0.4334
  0.5231  0.6041  0.6079  0.5743  0.5712  0.6774
  0.2713  0.3392  0.3815  0.3963  0.3746  0.2526  0.2821  0.3252  0.3669  0.4058
  0.4588  0.5109  0.5357  0.5465  0.5687  0.6624  0.7076  0.7187  0.7092
  0.2692  0.3316  0.3770  0.4037  0.4066  0.3627  0.3605  0.3678  0.3831  0.4047
  0.4313  0.4617  0.4950  0.5304  0.5669  0.6493  0.6866  0.6936  0.6831  0.6616
  0.6335
  0.2919  0.3448  0.3877  0.4193  0.4371  0.4389  0.4290  0.4214  0.4217  0.4301
  0.4404  0.4566  0.4858  0.5260  0.5658  0.6381  0.6693  0.6725  0.6606  0.6397
  0.6130  0.5821  0.5478
  0.3394  0.3788  0.4136  0.4431  0.4661  0.4812  0.4876  0.4859  0.4827  0.4820
  0.4862  0.4955  0.5080  0.5334  0.5654  0.6288  0.6557  0.6554  0.6417  0.6208
  0.5949  0.5654  0.5329  0.4973  0.4580
  0.4117  0.4336  0.4547  0.4751  0.4936  0.5091  0.5207  0.5277  0.5308  0.5314
  0.5338  0.5398  0.5450  0.5547  0.5733  0.6239  0.6478  0.6440  0.6271  0.6049
  0.5789  0.5499  0.5184  0.4844  0.4479  0.4085
  0.5062  0.5106  0.5157  0.5229  0.5319  0.5416  0.5509  0.5590  0.5651  0.5697
  0.5741  0.5793  0.5856  0.5883  0.5974  0.6273  0.6463  0.6401  0.6189  0.5932
  0.5655  0.5359  0.5043  0.4710  0.4359  0.3987  0.3588  0.3139  0.2629  0.2098
  0.6151  0.6053  0.5960  0.5890  0.5857  0.5858  0.5884  0.5923  0.5968  0.6011
  0.6054  0.6103  0.6164  0.6202  0.6251  0.6418  0.6520  0.6438  0.6189  0.5880
  0.5564  0.5245  0.4917  0.4579  0.4230  0.3870  0.3489  0.3084  0.2628  0.2106
  0.1555
  0.7102  0.7033  0.6901  0.6712  0.6558  0.6444  0.6376  0.6342  0.6332  0.6339
  0.6358  0.6384  0.6421  0.6462  0.6493  0.6602  0.6636  0.6536  0.6268  0.5912
  0.5569  0.5178  0.4821  0.4464  0.4106  0.3745  0.3373  0.2969  0.2533  0.2066
  0.1574
  0.8511  0.8104  0.7815  0.7635  0.7387  0.7170  0.6997  0.6870  0.6783  0.6728
  0.6698  0.6686  0.6687  0.6699  0.6709  0.6778  0.6778  0.6659  0.6392  0.6013
  0.5593  0.5173  0.4769  0.4378  0.3996  0.3620  0.3243  0.2861  0.2466  0.2044
  0.1573
  0.9628  0.9168  0.8833  0.8609  0.8293  0.8003  0.7740  0.7517  0.7338  0.7201
  0.7102  0.7032  0.6986  0.6956  0.6935  0.6936  0.6916  0.6788  0.6531  0.6162
  0.5720  0.5255  0.4796  0.4357  0.3936  0.3532  0.3136  0.2746  0.2353  0.1950
  0.1526
  1.0661  1.0228  0.9832  0.9471  0.9109  0.8757  0.8431  0.8262  0.7995  0.7771
  0.7588  0.7444  0.7335  0.7252  0.7189  0.7091  0.7044  0.6909  0.6661  0.6308
  0.5875  0.5394  0.4896  0.4407  0.3937  0.3491  0.3063  0.2649  0.2245  0.1841
  0.1428
  1.1612  1.1281  1.0812  1.0221  0.9835  0.9433  0.9291  0.8941  0.8621  0.8422
  0.8157  0.7932  0.7747  0.7598  0.7471  0.7243  0.7162  0.7022  0.6782
 [Fe/H] = -2.50 [alpha/Fe] = 0.40 BC value = F814W
  0.3111  0.2676  0.1601  0.1205  0.1830  0.2530  0.2389  0.1794  0.1607  0.2130
  0.2915  0.3800  0.4569  0.5145  0.5702  0.6789
  0.3059  0.3215  0.2911  0.2787  0.2994  0.3186  0.3051  0.2772  0.2694  0.2943
  0.3371  0.3933  0.4534  0.5086  0.5601  0.6581  0.7079  0.7212  0.7198
  0.3027  0.3562  0.3781  0.3878  0.3882  0.3804  0.3685  0.3585  0.3555  0.3621
  0.3803  0.4119  0.4558  0.5051  0.5516  0.6398  0.6854  0.6965  0.6894  0.6694
  0.6383
  0.3015  0.3717  0.4211  0.4478  0.4494  0.4384  0.4291  0.4233  0.4190  0.4164
  0.4211  0.4358  0.4641  0.5040  0.5447  0.6240  0.6660  0.6755  0.6652  0.6449
  0.6185  0.5874  0.5523
  0.3023  0.3680  0.4201  0.4587  0.4830  0.4926  0.4869  0.4716  0.4599  0.4572
  0.4595  0.4650  0.4783  0.5053  0.5394  0.6107  0.6497  0.6582  0.6471  0.6266
  0.6009  0.5713  0.5384  0.5028  0.4634
  0.3239  0.3780  0.4237  0.4615  0.4905  0.5101  0.5203  0.5221  0.5158  0.5054
  0.4999  0.5005  0.5035  0.5155  0.5399  0.6019  0.6382  0.6459  0.6332  0.6116
  0.5856  0.5564  0.5245  0.4900  0.4529  0.4128
  0.3719  0.4107  0.4448  0.4750  0.5011  0.5222  0.5374  0.5469  0.5514  0.5520
  0.5497  0.5472  0.5461  0.5459  0.5550  0.5999  0.6326  0.6397  0.6251  0.6007
  0.5729  0.5429  0.5110  0.4771  0.4414  0.4035  0.3628  0.3173  0.2661  0.2129
  0.4450  0.4678  0.4879  0.5067  0.5248  0.5415  0.5558  0.5672  0.5752  0.5806
  0.5845  0.5873  0.5895  0.5883  0.5894  0.6097  0.6338  0.6399  0.6241  0.5959
  0.5644  0.5321  0.4988  0.4645  0.4290  0.3923  0.3535  0.3124  0.2662  0.2136
  0.1585
  0.5367  0.5456  0.5526  0.5589  0.5661  0.5744  0.5834  0.5921  0.5997  0.6058
  0.6108  0.6155  0.6199  0.6234  0.6239  0.6334  0.6440  0.6462  0.6297  0.5986
  0.5623  0.5257  0.4896  0.4535  0.4171  0.3803  0.3424  0.3029  0.2608  0.2142
  0.1603
  0.6400  0.6374  0.6336  0.6293  0.6257  0.6240  0.6247  0.6273  0.6308  0.6344
  0.6379  0.6414  0.6451  0.6491  0.6510  0.6584  0.6616  0.6577  0.6402  0.6075
  0.5671  0.5253  0.4846  0.4451  0.4064  0.3682  0.3298  0.2908  0.2506  0.2078
  0.1602
  0.7477  0.7366  0.7246  0.7122  0.6999  0.6891  0.6805  0.6750  0.6719  0.6705
  0.6701  0.6704  0.6714  0.6729  0.6743  0.6791  0.6800  0.6720  0.6533  0.6212
  0.5790  0.5331  0.4872  0.4430  0.4006  0.3596  0.3194  0.2796  0.2397  0.1987
  0.1557
  0.8581  0.8399  0.8212  0.8028  0.7843  0.7662  0.7498  0.7360  0.7250  0.7166
  0.7104  0.7058  0.7024  0.7001  0.6985  0.6973  0.6964  0.6866  0.6665  0.6353
  0.5940  0.5465  0.4969  0.4478  0.4006  0.3556  0.3122  0.2702  0.2291  0.1881
  0.1463
  0.9713  0.9473  0.9202  0.8975  0.8742  0.8511  0.8288  0.8080  0.7896  0.7737
  0.7604  0.7494  0.7403  0.7328  0.7236  0.7130  0.7108  0.7015  0.6798
 [Fe/H] = -2.00 [alpha/Fe] = 0.40 BC value = F814W
 -0.0690 -0.0229  0.0085  0.0263  0.0453  0.0667  0.0969  0.1366  0.1856  0.2410
  0.3038  0.3699  0.4353  0.4963  0.5614  0.6699
  0.0910  0.1365  0.1656  0.1833  0.1936  0.2021  0.2141  0.2332  0.2598  0.2932
  0.3350  0.3849  0.4403  0.4951  0.5484  0.6468  0.7045  0.7240  0.7177
  0.1931  0.2497  0.2842  0.3022  0.3096  0.3114  0.3121  0.3169  0.3271  0.3434
  0.3677  0.4018  0.4454  0.4929  0.5378  0.6269  0.6799  0.6989  0.6929  0.6734
  0.6457
  0.2373  0.3167  0.3643  0.3830  0.3933  0.3945  0.3909  0.3877  0.3875  0.3916
  0.4019  0.4206  0.4506  0.4897  0.5296  0.6102  0.6590  0.6775  0.6719  0.6529
  0.6269  0.5956  0.5598
  0.2432  0.3375  0.3999  0.4346  0.4493  0.4513  0.4466  0.4406  0.4375  0.4367
  0.4391  0.4463  0.4618  0.4897  0.5238  0.5967  0.6418  0.6598  0.6547  0.6359
  0.6102  0.5804  0.5470  0.5106  0.4703
  0.2361  0.3244  0.3952  0.4443  0.4746  0.4904  0.4953  0.4923  0.4841  0.4749
  0.4731  0.4759  0.4826  0.4972  0.5230  0.5877  0.6294  0.6465  0.6415  0.6221
  0.5960  0.5664  0.5339  0.4986  0.4606  0.4197
  0.2433  0.3239  0.3907  0.4446  0.4860  0.5153  0.5334  0.5417  0.5415  0.5329
  0.5213  0.5143  0.5121  0.5163  0.5304  0.5844  0.6224  0.6383  0.6328  0.6121
  0.5845  0.5539  0.5213  0.4866  0.4499  0.4110  0.3693  0.3229  0.2712  0.2182
  0.2736  0.3414  0.3996  0.4481  0.4880  0.5198  0.5435  0.5593  0.5684  0.5725
  0.5722  0.5676  0.5614  0.5557  0.5555  0.5875  0.6210  0.6354  0.6295  0.6072
  0.5768  0.5439  0.5099  0.4748  0.4384  0.4006  0.3607  0.3185  0.2715  0.2187
  0.1636
  0.3287  0.3815  0.4278  0.4675  0.5012  0.5298  0.5536  0.5723  0.5856  0.5946
  0.6006  0.6044  0.6057  0.6033  0.5986  0.6044  0.6256  0.6377  0.6315  0.6082
  0.5747  0.5381  0.5014  0.4645  0.4273  0.3895  0.3504  0.3098  0.2668  0.2194
  0.1652
  0.4077  0.4455  0.4783  0.5069  0.5317  0.5533  0.5726  0.5894  0.6033  0.6139
  0.6220  0.6282  0.6334  0.6370  0.6367  0.6361  0.6404  0.6453  0.6381  0.6144
  0.5784  0.5377  0.4967  0.4566  0.4172  0.3780  0.3386  0.2985  0.2572  0.2134
  0.1651
  0.5016  0.5254  0.5461  0.5642  0.5796  0.5929  0.6050  0.6165  0.6271  0.6363
  0.6439  0.6501  0.6553  0.6600  0.6631  0.6651  0.6635  0.6591  0.6485  0.6251
  0.5887  0.5449  0.4994  0.4548  0.4118  0.3700  0.3288  0.2880  0.2470  0.2049
  0.1609
  0.6011  0.6162  0.6270  0.6360  0.6430  0.6483  0.6527  0.6571  0.6619  0.6668
  0.6715  0.6755  0.6788  0.6818  0.6845  0.6878  0.6858  0.6768  0.6617  0.6377
  0.6021  0.5574  0.5087  0.4596  0.4120  0.3663  0.3221  0.2792  0.2370  0.1949
  0.1521
  0.7044  0.7108  0.7150  0.7171  0.7175  0.7163  0.7140  0.7114  0.7094  0.7082
  0.7079  0.7079  0.7077  0.7076  0.7009  0.7042  0.7073  0.6984  0.6777
 [Fe/H] = -1.50 [alpha/Fe] = 0.40 BC value = F814W
 -0.3954 -0.3358 -0.2829 -0.2313 -0.1839 -0.1244 -0.0445  0.0548  0.1463  0.2264
  0.3004  0.3699  0.4344  0.4930  0.5458  0.6515
 -0.2163 -0.1519 -0.1004 -0.0564 -0.0174  0.0252  0.0804  0.1489  0.2116  0.2684
  0.3241  0.3808  0.4372  0.4901  0.5379  0.6330  0.6953  0.7250  0.7252
 -0.0774 -0.0066  0.0466  0.0873  0.1205  0.1509  0.1867  0.2310  0.2718  0.3101
  0.3498  0.3935  0.4406  0.4874  0.5306  0.6167  0.6725  0.6995  0.7005  0.6838
  0.6568
  0.0213  0.1001  0.1581  0.1998  0.2299  0.2528  0.2744  0.3011  0.3269  0.3515
  0.3775  0.4080  0.4446  0.4849  0.5239  0.6026  0.6535  0.6784  0.6801  0.6646
  0.6392  0.6083  0.5727
  0.0847  0.1803  0.2477  0.2887  0.3174  0.3368  0.3510  0.3655  0.3804  0.3948
  0.4102  0.4289  0.4536  0.4853  0.5196  0.5917  0.6385  0.6617  0.6636  0.6489
  0.6240  0.5939  0.5598  0.5224  0.4810
  0.1131  0.2236  0.3059  0.3635  0.3992  0.4159  0.4190  0.4226  0.4291  0.4371
  0.4462  0.4568  0.4708  0.4917  0.5193  0.5846  0.6278  0.6491  0.6508  0.6363
  0.6114  0.5813  0.5480  0.5117  0.4725  0.4299
  0.1134  0.2261  0.3188  0.3915  0.4439  0.4780  0.4948  0.4961  0.4896  0.4830
  0.4819  0.4868  0.4952  0.5069  0.5252  0.5817  0.6214  0.6408  0.6417  0.6269
  0.6012  0.5703  0.5367  0.5009  0.4630  0.4227  0.3794  0.3315  0.2791  0.2264
  0.1158  0.2256  0.3180  0.3932  0.4522  0.4954  0.5245  0.5419  0.5501  0.5497
  0.5421  0.5331  0.5290  0.5313  0.5400  0.5833  0.6191  0.6366  0.6365  0.6212
  0.5944  0.5617  0.5268  0.4904  0.4528  0.4135  0.3721  0.3280  0.2799  0.2268
  0.1721
  0.1304  0.2328  0.3208  0.3942  0.4535  0.5000  0.5352  0.5600  0.5762  0.5858
  0.5904  0.5899  0.5844  0.5775  0.5734  0.5907  0.6212  0.6365  0.6356  0.6197
  0.5942  0.5568  0.5194  0.4814  0.4429  0.4036  0.3630  0.3212  0.2766  0.2277
  0.1734
  0.1700  0.2571  0.3371  0.4045  0.4604  0.5058  0.5420  0.5703  0.5913  0.6059
  0.6157  0.6222  0.6257  0.6253  0.6213  0.6152  0.6286  0.6406  0.6385  0.6223
  0.5935  0.5562  0.5156  0.4745  0.4339  0.3933  0.3523  0.3107  0.2677  0.2224
  0.1732
  0.2323  0.3040  0.3707  0.4290  0.4786  0.5198  0.5535  0.5812  0.6035  0.6208
  0.6336  0.6429  0.6498  0.6546  0.6567  0.6518  0.6478  0.6494  0.6454  0.6292
  0.6005  0.5619  0.5181  0.4733  0.4293  0.3862  0.3436  0.3013  0.2587  0.2150
  0.1695
  0.3104  0.3689  0.4226  0.4712  0.5126  0.5474  0.5763  0.6005  0.6207  0.6374
  0.6509  0.6613  0.6692  0.6752  0.6797  0.6822  0.6756  0.6665  0.6562  0.6390
  0.6109  0.5722  0.5264  0.4780  0.4299  0.3833  0.3378  0.2935  0.2498  0.2061
  0.1618
  0.3984  0.4459  0.4892  0.5282  0.5617  0.5897  0.6128  0.6319  0.6478  0.6613
  0.6727  0.6820  0.6894  0.6949  0.6903  0.7064  0.7120  0.6919  0.6709
 [Fe/H] = -1.00 [alpha/Fe] = 0.40 BC value = F814W
 -0.9113 -0.8452 -0.7756 -0.6956 -0.6100 -0.4904 -0.3187 -0.1048  0.0618  0.2091
  0.3024  0.3765  0.4388  0.4935  0.5427  0.6413
 -0.6668 -0.5989 -0.5356 -0.4695 -0.3973 -0.3035 -0.1723 -0.0076  0.1340  0.2387
  0.3179  0.3837  0.4412  0.4919  0.5370  0.6266  0.6895  0.7246  0.7340
 -0.4706 -0.3964 -0.3338 -0.2757 -0.2151 -0.1435 -0.0471  0.0762  0.1843  0.2682
  0.3346  0.3918  0.4437  0.4904  0.5320  0.6142  0.6696  0.7008  0.7090  0.6977
  0.6733
 -0.3227 -0.2377 -0.1702 -0.1142 -0.0634 -0.0103  0.0569  0.1466  0.2300  0.2976
  0.3525  0.4008  0.4463  0.4890  0.5277  0.6041  0.6546  0.6825  0.6896  0.6795
  0.6565  0.6262  0.5900
 -0.2144 -0.1188 -0.0430  0.0168  0.0653  0.1081  0.1531  0.2146  0.2775  0.3310
  0.3752  0.4142  0.4521  0.4896  0.5250  0.5964  0.6432  0.6684  0.6744  0.6648
  0.6428  0.6131  0.5784  0.5401  0.4972
 -0.1080 -0.0105  0.0639  0.1235  0.1720  0.2113  0.2452  0.2840  0.3287  0.3694
  0.4038  0.4341  0.4635  0.4942  0.5253  0.5915  0.6350  0.6579  0.6628  0.6530
  0.6316  0.6022  0.5683  0.5309  0.4904  0.4459
 -0.0555  0.0659  0.1621  0.2336  0.2827  0.3140  0.3361  0.3570  0.3835  0.4118
  0.4376  0.4603  0.4819  0.5047  0.5298  0.5895  0.6298  0.6507  0.6545  0.6442
  0.6227  0.5933  0.5591  0.5221  0.4825  0.4402  0.3946  0.3449  0.2910  0.2381
 -0.0394  0.0901  0.1988  0.2868  0.3541  0.4026  0.4348  0.4529  0.4625  0.4697
  0.4789  0.4914  0.5062  0.5223  0.5403  0.5906  0.6277  0.6466  0.6493  0.6384
  0.6165  0.5864  0.5514  0.5137  0.4743  0.4330  0.3895  0.3431  0.2929  0.2386
  0.1844
 -0.0342  0.0976  0.2104  0.3045  0.3807  0.4396  0.4826  0.5126  0.5325  0.5444
  0.5486  0.5475  0.5465  0.5499  0.5589  0.5956  0.6287  0.6456  0.6473  0.6358
  0.6134  0.5824  0.5459  0.5067  0.4664  0.4250  0.3821  0.3376  0.2903  0.2403
  0.1855
 -0.0288  0.1025  0.2153  0.3112  0.3906  0.4543  0.5037  0.5403  0.5664  0.5844
  0.5964  0.6033  0.6048  0.6022  0.5992  0.6078  0.6337  0.6480  0.6484  0.6362
  0.6132  0.5813  0.5429  0.5015  0.4591  0.4165  0.3733  0.3293  0.2840  0.2365
  0.1856
 -0.0124  0.1104  0.2204  0.3150  0.3948  0.4602  0.5124  0.5532  0.5839  0.6064
  0.6224  0.6336  0.6413  0.6455  0.6460  0.6392  0.6434  0.6538  0.6527  0.6402
  0.6170  0.5845  0.5448  0.5009  0.4558  0.4110  0.3663  0.3219  0.2769  0.2309
  0.1831
  0.0238  0.1351  0.2355  0.3254  0.4029  0.4674  0.5199  0.5620  0.5950  0.6206
  0.6398  0.6538  0.6640  0.6714  0.6764  0.6768  0.6685  0.6644  0.6604  0.6471
  0.6240  0.5914  0.5508  0.5049  0.4569  0.4090  0.3619  0.3156  0.2698  0.2238
  0.1773
  0.0783  0.1766  0.2671  0.3484  0.4207  0.4821  0.5328  0.5741  0.6072  0.6335
  0.6543  0.6702  0.6822  0.6909  0.6904  0.7206  0.7090  0.6798  0.6715
 [Fe/H] = -0.75 [alpha/Fe] = 0.30 BC value = F814W
 -1.1144 -1.0494 -0.9766 -0.8881 -0.7857 -0.6383 -0.4242 -0.1591  0.0432  0.2084
  0.3073  0.3824  0.4441  0.4975  0.5449  0.6413
 -0.8531 -0.7847 -0.7180 -0.6443 -0.5580 -0.4411 -0.2755 -0.0680  0.1081  0.2322
  0.3199  0.3884  0.4462  0.4962  0.5403  0.6282  0.6894  0.7265  0.7393
 -0.6396 -0.5635 -0.4973 -0.4326 -0.3606 -0.2707 -0.1472  0.0111  0.1507  0.2553
  0.3327  0.3946  0.4481  0.4949  0.5362  0.6174  0.6728  0.7052  0.7155  0.7062
  0.6838
 -0.4739 -0.3858 -0.3145 -0.2530 -0.1936 -0.1271 -0.0393  0.0782  0.1892  0.2777
  0.3457  0.4010  0.4498  0.4936  0.5326  0.6089  0.6597  0.6887  0.6973  0.6886
  0.6666  0.6363  0.5996
 -0.3514 -0.2502 -0.1694 -0.1045 -0.0494  0.0028  0.0623  0.1450  0.2312  0.3043
  0.3627  0.4108  0.4538  0.4938  0.5303  0.6024  0.6497  0.6760  0.6831  0.6746
  0.6536  0.6241  0.5896  0.5504  0.5063
 -0.2344 -0.1368 -0.0543  0.0142  0.0707  0.1181  0.1619  0.2158  0.2791  0.3372
  0.3856  0.4260  0.4623  0.4971  0.5303  0.5981  0.6424  0.6665  0.6724  0.6636
  0.6432  0.6142  0.5801  0.5421  0.5006  0.4552
 -0.1418 -0.0218  0.0702  0.1375  0.1859  0.2241  0.2576  0.2915  0.3335  0.3767
  0.4150  0.4476  0.4768  0.5052  0.5337  0.5962  0.6377  0.6598  0.6647  0.6553
  0.6350  0.6062  0.5720  0.5344  0.4940  0.4509  0.4041  0.3529  0.2982  0.2448
 -0.1111  0.0235  0.1352  0.2234  0.2902  0.3386  0.3707  0.3907  0.4078  0.4283
  0.4515  0.4751  0.4976  0.5195  0.5421  0.5971  0.6357  0.6559  0.6598  0.6500
  0.6293  0.6002  0.5654  0.5272  0.4870  0.4446  0.3997  0.3522  0.3008  0.2456
  0.1911
 -0.1020  0.0381  0.1573  0.2563  0.3356  0.3966  0.4417  0.4741  0.4964  0.5109
  0.5185  0.5232  0.5301  0.5416  0.5570  0.6013  0.6365  0.6547  0.6577  0.6474
  0.6263  0.5967  0.5608  0.5213  0.4802  0.4377  0.3937  0.3479  0.2997  0.2481
  0.1923
 -0.0988  0.0430  0.1650  0.2682  0.3533  0.4216  0.4744  0.5139  0.5428  0.5638
  0.5785  0.5869  0.5896  0.5891  0.5900  0.6109  0.6408  0.6568  0.6585  0.6477
  0.6260  0.5955  0.5583  0.5169  0.4740  0.4304  0.3860  0.3407  0.2942  0.2453
  0.1932
 -0.0938  0.0441  0.1665  0.2709  0.3587  0.4305  0.4878  0.5325  0.5663  0.5914
  0.6098  0.6232  0.6325  0.6377  0.6387  0.6366  0.6487  0.6618  0.6622  0.6510
  0.6292  0.5983  0.5600  0.5167  0.4714  0.4257  0.3800  0.3343  0.2881  0.2408
  0.1917
 -0.0741  0.0556  0.1719  0.2751  0.3626  0.4355  0.4949  0.5422  0.5793  0.6079
  0.6296  0.6457  0.6577  0.6666  0.6727  0.6748  0.6697  0.6708  0.6690  0.6572
  0.6353  0.6042  0.5653  0.5205  0.4728  0.4244  0.3764  0.3291  0.2820  0.2348
  0.1870
 -0.0376  0.0813  0.1898  0.2866  0.3717  0.4438  0.5031  0.5513  0.5897  0.6202
  0.6441  0.6625  0.6764  0.6869  0.6920  0.7255  0.7038  0.6838  0.6789
 [Fe/H] = -0.50 [alpha/Fe] = 0.20 BC value = F814W
 -1.3204 -1.2587 -1.1865 -1.0923 -0.9704 -0.7882 -0.5267 -0.2217  0.0305  0.1988
  0.3146  0.3902  0.4510  0.5030  0.5480  0.6408
 -1.0484 -0.9809 -0.9126 -0.8326 -0.7307 -0.5867 -0.3812 -0.1255  0.0866  0.2291
  0.3245  0.3950  0.4526  0.5017  0.5444  0.6300  0.6908  0.7294  0.7451
 -0.8221 -0.7447 -0.6754 -0.6043 -0.5200 -0.4093 -0.2536 -0.0548  0.1193  0.2459
  0.3335  0.3994  0.4538  0.5004  0.5411  0.6211  0.6765  0.7104  0.7230  0.7160
  0.6954
 -0.6415 -0.5501 -0.4749 -0.4074 -0.3383 -0.2561 -0.1439  0.0058  0.1487  0.2603
  0.3416  0.4034  0.4546  0.4991  0.5381  0.6141  0.6654  0.6958  0.7061  0.6990
  0.6782  0.6478  0.6112
 -0.5051 -0.3981 -0.3122 -0.2415 -0.1788 -0.1153 -0.0382  0.0694  0.1826  0.2786
  0.3523  0.4094  0.4571  0.4989  0.5361  0.6088  0.6568  0.6845  0.6931  0.6858
  0.6659  0.6367  0.6016  0.5618  0.5174
 -0.3853 -0.2772 -0.1847 -0.1080 -0.0439  0.0121  0.0679  0.1401  0.2253  0.3042
  0.3685  0.4197  0.4627  0.5010  0.5359  0.6052  0.6505  0.6759  0.6833  0.6756
  0.6562  0.6278  0.5935  0.5550  0.5127  0.4664
 -0.2489 -0.1332 -0.0465  0.0196  0.0750  0.1247  0.1705  0.2182  0.2775  0.3383
  0.3918  0.4358  0.4732  0.5069  0.5384  0.6035  0.6463  0.6698  0.6762  0.6680
  0.6487  0.6206  0.5866  0.5485  0.5073  0.4630  0.4149  0.3625  0.3069  0.2529
 -0.1950 -0.0558  0.0567  0.1435  0.2086  0.2556  0.2888  0.3152  0.3460  0.3839
  0.4231  0.4585  0.4895  0.5177  0.5447  0.6041  0.6445  0.6661  0.6715  0.6630
  0.6434  0.6154  0.5810  0.5425  0.5015  0.4581  0.4120  0.3632  0.3103  0.2542
  0.1991
 -0.1782 -0.0297  0.0955  0.1980  0.2793  0.3416  0.3884  0.4228  0.4478  0.4668
  0.4819  0.4969  0.5148  0.5350  0.5563  0.6076  0.6452  0.6648  0.6694  0.6606
  0.6407  0.6123  0.5772  0.5378  0.4960  0.4526  0.4072  0.3602  0.3106  0.2574
  0.2007
 -0.1746 -0.0221  0.1088  0.2188  0.3091  0.3810  0.4368  0.4793  0.5116  0.5363
  0.5543  0.5651  0.5704  0.5745  0.5816  0.6155  0.6488  0.6666  0.6698  0.6605
  0.6402  0.6111  0.5751  0.5342  0.4909  0.4464  0.4009  0.3542  0.3062  0.2559
  0.2024
 -0.1777 -0.0242  0.1095  0.2232  0.3183  0.3959  0.4579  0.5063  0.5434  0.5716
  0.5933  0.6096  0.6209  0.6273  0.6297  0.6350  0.6555  0.6710  0.6730  0.6633
  0.6429  0.6134  0.5766  0.5343  0.4891  0.4429  0.3962  0.3491  0.3015  0.2527
  0.2021
 -0.1722 -0.0235  0.1080  0.2234  0.3206  0.4013  0.4668  0.5191  0.5602  0.5919
  0.6164  0.6351  0.6495  0.6603  0.6677  0.6722  0.6719  0.6788  0.6791  0.6687
  0.6483  0.6186  0.5813  0.5380  0.4909  0.4424  0.3936  0.3451  0.2967  0.2481
  0.1987
 -0.1526 -0.0127  0.1142  0.2259  0.3237  0.4054  0.4727  0.5272  0.5706  0.6050
  0.6321  0.6530  0.6693  0.6817  0.6956  0.7271  0.6980  0.6900  0.6881
 [Fe/H] = -0.25 [alpha/Fe] = 0.10 BC value = F814W
 -1.5263 -1.4681 -1.3982 -1.3006 -1.1520 -0.9257 -0.6148 -0.2408  0.0246  0.2047
  0.3172  0.3963  0.4580  0.5108  0.5528  0.6422
 -1.2503 -1.1835 -1.1145 -1.0291 -0.9087 -0.7319 -0.4803 -0.1732  0.0704  0.2298
  0.3310  0.4028  0.4600  0.5078  0.5494  0.6325  0.6921  0.7320  0.7511
 -1.0171 -0.9377 -0.8652 -0.7875 -0.6898 -0.5548 -0.3595 -0.1167  0.0933  0.2402
  0.3369  0.4058  0.4604  0.5066  0.5465  0.6249  0.6802  0.7158  0.7309  0.7268
  0.7072
 -0.8267 -0.7307 -0.6503 -0.5758 -0.4953 -0.3944 -0.2524 -0.0659  0.1114  0.2467
  0.3404  0.4076  0.4606  0.5054  0.5441  0.6194  0.6711  0.7031  0.7157  0.7107
  0.6913  0.6615  0.6246
 -0.6797 -0.5654 -0.4725 -0.3944 -0.3222 -0.2447 -0.1456 -0.0089  0.1352  0.2559
  0.3451  0.4104  0.4616  0.5048  0.5424  0.6152  0.6640  0.6934  0.7041  0.6985
  0.6797  0.6511  0.6158  0.5756  0.5301
 -0.5561 -0.4348 -0.3320 -0.2463 -0.1734 -0.1065 -0.0353  0.0591  0.1700  0.2723
  0.3540  0.4159  0.4648  0.5060  0.5420  0.6124  0.6586  0.6858  0.6953  0.6891
  0.6707  0.6430  0.6086  0.5696  0.5266  0.4793
 -0.3856 -0.2750 -0.1892 -0.1152 -0.0471  0.0154  0.0737  0.1379  0.2175  0.2991
  0.3697  0.4262  0.4714  0.5097  0.5437  0.6110  0.6551  0.6803  0.6887  0.6821
  0.6639  0.6366  0.6027  0.5643  0.5224  0.4771  0.4279  0.3738  0.3173  0.2625
 -0.2975 -0.1540 -0.0417  0.0428  0.1055  0.1524  0.1920  0.2315  0.2805  0.3382
  0.3944  0.4427  0.4830  0.5174  0.5483  0.6116  0.6535  0.6768  0.6843  0.6774
  0.6591  0.6320  0.5981  0.5595  0.5179  0.4736  0.4265  0.3760  0.3215  0.2644
  0.2086
 -0.2691 -0.1109  0.0210  0.1267  0.2091  0.2724  0.3207  0.3570  0.3861  0.4136
  0.4417  0.4714  0.5016  0.5303  0.5570  0.6145  0.6541  0.6756  0.6820  0.6749
  0.6564  0.6291  0.5950  0.5559  0.5137  0.4694  0.4230  0.3746  0.3233  0.2685
  0.2107
 -0.2634 -0.0977  0.0432  0.1604  0.2555  0.3308  0.3895  0.4353  0.4717  0.5009
  0.5228  0.5377  0.5486  0.5601  0.5752  0.6210  0.6575  0.6772  0.6822  0.6746
  0.6558  0.6280  0.5932  0.5532  0.5099  0.4647  0.4181  0.3701  0.3205  0.2686
  0.2134
 -0.2716 -0.1009  0.0451  0.1688  0.2714  0.3548  0.4211  0.4733  0.5141  0.5466
  0.5724  0.5921  0.6058  0.6140  0.6188  0.6351  0.6632  0.6811  0.6849  0.6768
  0.6580  0.6299  0.5945  0.5536  0.5089  0.4624  0.4148  0.3665  0.3174  0.2669
  0.2146
 -0.2770 -0.1085  0.0399  0.1674  0.2745  0.3629  0.4344  0.4915  0.5366  0.5719
  0.5998  0.6219  0.6391  0.6521  0.6610  0.6691  0.6757  0.6879  0.6903  0.6816
  0.6627  0.6345  0.5987  0.5570  0.5110  0.4627  0.4134  0.3638  0.3141  0.2639
  0.2128
 -0.2722 -0.1101  0.0358  0.1635  0.2736  0.3651  0.4400  0.5006  0.5488  0.5871
  0.6175  0.6414  0.6603  0.6753  0.7018  0.7230  0.6950  0.6976  0.6984
 [Fe/H] =  0.00 [alpha/Fe] = 0.00 BC value = F814W
 -1.7373 -1.6770 -1.6064 -1.4349 -1.1772 -0.8718 -0.5510 -0.2411  0.0279  0.2138
  0.3283  0.4068  0.4702  0.5188  0.5624  0.6535
 -1.4647 -1.3941 -1.3213 -1.2287 -1.0912 -0.8674 -0.5563 -0.2015  0.0643  0.2346
  0.3396  0.4116  0.4676  0.5147  0.5549  0.6354  0.6937  0.7341  0.7566
 -1.2300 -1.1441 -1.0652 -0.9785 -0.8643 -0.6988 -0.4541 -0.1636  0.0773  0.2398
  0.3427  0.4132  0.4677  0.5130  0.5521  0.6286  0.6834  0.7205  0.7389  0.7381
  0.7197
 -1.0362 -0.9307 -0.8412 -0.7562 -0.6609 -0.5361 -0.3561 -0.1276  0.0837  0.2393
  0.3426  0.4134  0.4672  0.5117  0.5500  0.6242  0.6761  0.7101  0.7256  0.7232
  0.7057  0.6767  0.6398
 -0.8844 -0.7577 -0.6533 -0.5636 -0.4778 -0.3816 -0.2538 -0.0821  0.0951  0.2395
  0.3421  0.4135  0.4672  0.5110  0.5486  0.6210  0.6704  0.7018  0.7154  0.7121
  0.6949  0.6671  0.6318  0.5910  0.5442
 -0.7257 -0.6195 -0.5027 -0.4041 -0.3184 -0.2361 -0.1440 -0.0215  0.1188  0.2459
  0.3440  0.4150  0.4683  0.5114  0.5481  0.6189  0.6660  0.6953  0.7076  0.7036
  0.6866  0.6597  0.6254  0.5860  0.5427  0.4940
 -0.5625 -0.4515 -0.3564 -0.2670 -0.1835 -0.1063 -0.0318  0.0539  0.1581  0.2630
  0.3516  0.4196  0.4717  0.5136  0.5492  0.6181  0.6632  0.6904  0.7016  0.6973
  0.6804  0.6540  0.6203  0.5816  0.5392  0.4933  0.4427  0.3870  0.3296  0.2738
 -0.4296 -0.2796 -0.1660 -0.0825 -0.0201  0.0326  0.0852  0.1433  0.2142  0.2936
  0.3679  0.4296  0.4787  0.5186  0.5526  0.6187  0.6621  0.6872  0.6974  0.6929
  0.6760  0.6498  0.6164  0.5780  0.5359  0.4911  0.4430  0.3909  0.3346  0.2765
  0.2199
 -0.3849 -0.2128 -0.0724  0.0379  0.1226  0.1875  0.2377  0.2772  0.3144  0.3562
  0.4025  0.4490  0.4912  0.5274  0.5588  0.6214  0.6629  0.6862  0.6950  0.6904
  0.6735  0.6472  0.6139  0.5753  0.5330  0.4882  0.4409  0.3910  0.3383  0.2816
  0.2227
 -0.3754 -0.1920 -0.0378  0.0886  0.1897  0.2692  0.3318  0.3819  0.4232  0.4574
  0.4847  0.5064  0.5263  0.5478  0.5715  0.6270  0.6663  0.6878  0.6949  0.6897
  0.6727  0.6461  0.6124  0.5733  0.5303  0.4849  0.4376  0.3883  0.3372  0.2835
  0.2265
 -0.3872 -0.1958 -0.0332  0.1031  0.2149  0.3048  0.3763  0.4331  0.4788  0.5165
  0.5472  0.5707  0.5872  0.5983  0.6072  0.6371  0.6714  0.6915  0.6973  0.6913
  0.6744  0.6477  0.6137  0.5740  0.5303  0.4839  0.4358  0.3864  0.3358  0.2835
  0.2295
 -0.4009 -0.2091 -0.0405  0.1017  0.2205  0.3177  0.3958  0.4583  0.5079  0.5477
  0.5800  0.6061  0.6267  0.6420  0.6525  0.6659  0.6810  0.6977  0.7022  0.6954
  0.6784  0.6518  0.6175  0.5773  0.5327  0.4850  0.4356  0.3852  0.3342  0.2824
  0.2294
 -0.4067 -0.2200 -0.0523  0.0938  0.2175  0.3199  0.4031  0.4700  0.5233  0.5659
  0.6001  0.6276  0.6498  0.6675  0.7074  0.7134  0.6951  0.7064  0.7096
 [Fe/H] =  0.25 [alpha/Fe] = 0.00 BC value = F814W
 -1.8945 -1.8640 -1.8277 -1.5453 -1.1009 -0.7004 -0.4352 -0.2829 -0.0020  0.2045
  0.3349  0.4183  0.4798  0.5339  0.5753  0.6597
 -1.6381 -1.5978 -1.5564 -1.4205 -1.1964 -0.9149 -0.6015 -0.2776  0.0215  0.2230
  0.3445  0.4224  0.4795  0.5257  0.5659  0.6439  0.7000  0.7381  0.7630
 -1.4114 -1.3549 -1.3037 -1.2397 -1.1344 -0.9405 -0.6416 -0.2721  0.0223  0.2220
  0.3446  0.4228  0.4790  0.5241  0.5624  0.6373  0.6905  0.7271  0.7472  0.7494
  0.7346
 -1.2144 -1.1353 -1.0696 -1.0030 -0.9149 -0.7771 -0.5554 -0.2587  0.0144  0.2126
  0.3397  0.4209  0.4778  0.5226  0.5603  0.6333  0.6844  0.7186  0.7361  0.7365
  0.7222  0.6958  0.6592
 -1.0528 -0.9481 -0.8631 -0.7884 -0.7094 -0.6060 -0.4510 -0.2272  0.0092  0.2010
  0.3320  0.4177  0.4766  0.5216  0.5589  0.6304  0.6796  0.7118  0.7275  0.7268
  0.7117  0.6854  0.6506  0.6094  0.5625
 -0.9229 -0.7961 -0.6911 -0.6029 -0.5235 -0.4385 -0.3296 -0.1718  0.0186  0.1934
  0.3246  0.4141  0.4756  0.5213  0.5583  0.6286  0.6759  0.7062  0.7206  0.7192
  0.7041  0.6785  0.6449  0.6053  0.5610  0.5115
 -0.7734 -0.6558 -0.5467 -0.4495 -0.3633 -0.2834 -0.1996 -0.0917  0.0494  0.1973
  0.3214  0.4116  0.4754  0.5221  0.5590  0.6279  0.6734  0.7018  0.7151  0.7134
  0.6983  0.6731  0.6403  0.6017  0.5589  0.5120  0.4604  0.4030  0.3447  0.2878
 -0.5612 -0.4437 -0.3533 -0.2831 -0.2148 -0.1443 -0.0722  0.0056  0.1036  0.2182
  0.3266  0.4131  0.4771  0.5244  0.5613  0.6287  0.6726  0.6989  0.7110  0.7091
  0.6941  0.6691  0.6368  0.5988  0.5567  0.5112  0.4621  0.4088  0.3507  0.2916
  0.2339
 -0.4716 -0.3114 -0.1854 -0.0907 -0.0203  0.0338  0.0801  0.1281  0.1870  0.2628
  0.3461  0.4219  0.4826  0.5292  0.5657  0.6312  0.6735  0.6979  0.7084  0.7063
  0.6915  0.6666  0.6344  0.5967  0.5549  0.5100  0.4620  0.4110  0.3565  0.2978
  0.2378
 -0.4442 -0.2653 -0.1156  0.0051  0.0997  0.1733  0.2321  0.2798  0.3220  0.3642
  0.4095  0.4558  0.5003  0.5401  0.5739  0.6364  0.6768  0.6995  0.7082  0.7051
  0.6903  0.6654  0.6330  0.5952  0.5532  0.5081  0.4604  0.4102  0.3575  0.3019
  0.2428
 -0.4508 -0.2601 -0.0965  0.0402  0.1517  0.2409  0.3118  0.3694  0.4179  0.4604
  0.4975  0.5288  0.5542  0.5755  0.5953  0.6439  0.6816  0.7030  0.7101  0.7060
  0.6913  0.6665  0.6341  0.5960  0.5538  0.5083  0.4602  0.4102  0.3583  0.3043
  0.2481
 -0.4726 -0.2745 -0.1010  0.0463  0.1691  0.2695  0.3504  0.4155  0.4683  0.5124
  0.5501  0.5818  0.6071  0.6260  0.6399  0.6643  0.6894  0.7087  0.7145  0.7093
  0.6943  0.6698  0.6374  0.5990  0.5563  0.5101  0.4612  0.4106  0.3585  0.3051
  0.2502
 -0.4957 -0.2964 -0.1183  0.0379  0.1684  0.2773  0.3660  0.4377  0.4953  0.5418
  0.5800  0.6116  0.6377  0.6587  0.7077  0.6976  0.7002  0.7166  0.7214
 [Fe/H] =  0.50 [alpha/Fe] = 0.00 BC value = F814W
 -1.9890 -2.2461 -2.1645 -1.8187 -1.3957 -0.9839 -0.6152 -0.3162 -0.0361  0.1895
  0.3381  0.4298  0.4934  0.5446  0.5925  0.6756
 -1.7536 -1.8320 -1.7982 -1.6639 -1.4392 -1.1333 -0.7540 -0.3431 -0.0266  0.2035
  0.3458  0.4331  0.4929  0.5397  0.5788  0.6557  0.7088  0.7449  0.7708
 -1.5389 -1.5169 -1.4979 -1.4664 -1.3603 -1.1456 -0.8020 -0.3697 -0.0375  0.1968
  0.3427  0.4316  0.4915  0.5372  0.5753  0.6489  0.7005  0.7361  0.7559  0.7600
  0.7490
 -1.3449 -1.3010 -1.2637 -1.2263 -1.1590 -1.0208 -0.7592 -0.3913 -0.0615  0.1781
  0.3320  0.4270  0.4893  0.5352  0.5728  0.6448  0.6952  0.7292  0.7480  0.7510
  0.7390  0.7141  0.6783
 -1.1802 -1.1051 -1.0486 -0.9994 -0.9389 -0.8391 -0.6610 -0.3831 -0.0846  0.1540
  0.3170  0.4198  0.4863  0.5336  0.5711  0.6418  0.6908  0.7233  0.7408  0.7427
  0.7299  0.7051  0.6710  0.6296  0.5816
 -1.0471 -0.9439 -0.8622 -0.7954 -0.7327 -0.6535 -0.5329 -0.3395 -0.0938  0.1321
  0.2996  0.4103  0.4825  0.5323  0.5702  0.6398  0.6873  0.7183  0.7347  0.7360
  0.7231  0.6989  0.6660  0.6263  0.5813  0.5306
 -0.9254 -0.8079 -0.7071 -0.6220 -0.5477 -0.4748 -0.3870 -0.2574 -0.0759  0.1204
  0.2839  0.4002  0.4780  0.5312  0.5703  0.6391  0.6849  0.7142  0.7296  0.7306
  0.7178  0.6939  0.6618  0.6234  0.5802  0.5327  0.4798  0.4218  0.3622  0.3038
 -0.7304 -0.6092 -0.5496 -0.4688 -0.3904 -0.3151 -0.2393 -0.1493 -0.0251  0.1284
  0.2759  0.3918  0.4739  0.5305  0.5713  0.6399  0.6841  0.7115  0.7255  0.7264
  0.7137  0.6901  0.6586  0.6210  0.5790  0.5331  0.4832  0.4287  0.3689  0.3090
  0.2500
 -0.5561 -0.4219 -0.3240 -0.2558 -0.2033 -0.1529 -0.0949 -0.0275  0.0556  0.1634
  0.2832  0.3900  0.4720  0.5309  0.5735  0.6423  0.6850  0.7105  0.7229  0.7233
  0.7110  0.6876  0.6564  0.6194  0.5780  0.5331  0.4848  0.4329  0.3769  0.3162
  0.2553
 -0.5004 -0.3350 -0.1994 -0.0941 -0.0151  0.0449  0.0927  0.1351  0.1816  0.2427
  0.3212  0.4045  0.4778  0.5352  0.5782  0.6471  0.6883  0.7121  0.7224  0.7217
  0.7095  0.6864  0.6551  0.6182  0.5770  0.5325  0.4847  0.4340  0.3801  0.3228
  0.2615
 -0.4946 -0.3126 -0.1562 -0.0264  0.0776  0.1593  0.2241  0.2780  0.3248  0.3686
  0.4144  0.4625  0.5093  0.5515  0.5879  0.6533  0.6930  0.7155  0.7241  0.7220
  0.7098  0.6872  0.6561  0.6192  0.5781  0.5336  0.4860  0.4358  0.3829  0.3275
  0.2694
 -0.5153 -0.3208 -0.1511 -0.0060  0.1148  0.2131  0.2919  0.3558  0.4093  0.4562
  0.4989  0.5375  0.5713  0.5993  0.6223  0.6662  0.7000  0.7209  0.7282  0.7247
  0.7119  0.6897  0.6591  0.6221  0.5808  0.5360  0.4881  0.4377  0.3851  0.3305
  0.2740
 -0.5461 -0.3463 -0.1661 -0.0103  0.1224  0.2326  0.3228  0.3959  0.4553  0.5047
  0.5471  0.5840  0.6159  0.6421  0.6814  0.6858  0.7093  0.7283  0.7347
 [Fe/H] =  0.75 [alpha/Fe] = 0.00 BC value = F814W
 -2.0444 -1.7844 -1.3250 -0.7940 -0.4652 -0.3507 -0.3539 -0.3475 -0.0677  0.1681
  0.3370  0.4406  0.5087  0.5589  0.6034  0.6813
 -1.8252 -1.7455 -1.6163 -1.4429 -1.2299 -0.9813 -0.7008 -0.3915 -0.0744  0.1768
  0.3417  0.4421  0.5074  0.5554  0.5949  0.6711  0.7212  0.7553  0.7799
 -1.6199 -1.6274 -1.6463 -1.6485 -1.5324 -1.2802 -0.8989 -0.4459 -0.0991  0.1627
  0.3338  0.4379  0.5045  0.5524  0.5907  0.6637  0.7141  0.7479  0.7688  0.7757
  0.7669
 -1.4285 -1.4300 -1.4149 -1.4108 -1.3729 -1.2472 -0.9482 -0.5067 -0.1390  0.1346
  0.3171  0.4296  0.5003  0.5493  0.5875  0.6591  0.7088  0.7422  0.7616  0.7668
  0.7568  0.7331  0.6981
 -1.2604 -1.2188 -1.1957 -1.1787 -1.1462 -1.0620 -0.8721 -0.5396 -0.1819  0.0983
  0.2937  0.4172  0.4947  0.5465  0.5852  0.6556  0.7044  0.7372  0.7557  0.7599
  0.7494  0.7263  0.6931  0.6514  0.6022
 -1.1244 -1.0516 -1.0006 -0.9634 -0.9270 -0.8641 -0.7412 -0.5150 -0.2123  0.0624
  0.2659  0.4010  0.4871  0.5434  0.5836  0.6532  0.7007  0.7324  0.7503  0.7542
  0.7437  0.7210  0.6887  0.6492  0.6034  0.5513
 -1.0122 -0.9141 -0.8361 -0.7749 -0.7230 -0.6668 -0.5829 -0.4360 -0.2129  0.0337
  0.2381  0.3824  0.4774  0.5396  0.5825  0.6522  0.6981  0.7283  0.7454  0.7492
  0.7390  0.7167  0.6852  0.6469  0.6033  0.5549  0.5007  0.4412  0.3818  0.3220
 -0.8667 -0.7756 -0.6917 -0.6152 -0.5475 -0.4845 -0.4156 -0.3188 -0.1690  0.0262
  0.2161  0.3641  0.4668  0.5352  0.5817  0.6527  0.6971  0.7255  0.7412  0.7448
  0.7351  0.7132  0.6825  0.6451  0.6029  0.5565  0.5059  0.4501  0.3892  0.3287
  0.2682
 -0.6419 -0.5539 -0.4862 -0.4340 -0.3831 -0.3228 -0.2570 -0.1835 -0.0847  0.0521
  0.2101  0.3508  0.4564  0.5304  0.5811  0.6549  0.6979  0.7245  0.7384  0.7413
  0.7320  0.7108  0.6806  0.6440  0.6027  0.5576  0.5089  0.4563  0.3990  0.3369
  0.2751
 -0.5437 -0.4011 -0.2913 -0.2113 -0.1568 -0.1172 -0.0798 -0.0328  0.0311  0.1194
  0.2332  0.3522  0.4531  0.5285  0.5821  0.6592  0.7011  0.7259  0.7378  0.7393
  0.7300  0.7094  0.6795  0.6431  0.6023  0.5580  0.5103  0.4592  0.4045  0.3457
  0.2825
 -0.5187 -0.3529 -0.2113 -0.0964 -0.0080  0.0586  0.1105  0.1537  0.1939  0.2402
  0.3029  0.3817  0.4623  0.5312  0.5843  0.6642  0.7058  0.7292  0.7392  0.7391
  0.7295  0.7095  0.6803  0.6443  0.6038  0.5599  0.5127  0.4626  0.4093  0.3527
  0.2930
 -0.5296 -0.3494 -0.1902 -0.0540  0.0585  0.1484  0.2195  0.2773  0.3271  0.3728
  0.4175  0.4649  0.5143  0.5611  0.6018  0.6723  0.7123  0.7345  0.7431  0.7413
  0.7308  0.7112  0.6827  0.6471  0.6066  0.5628  0.5157  0.4660  0.4134  0.3581
  0.3000
 -0.5620 -0.3708 -0.1987 -0.0485  0.0798  0.1864  0.2733  0.3436  0.4015  0.4513
  0.4964  0.5384  0.5770  0.6117  0.6346  0.6835  0.7206  0.7418  0.7495
 [Fe/H] =  1.00 [alpha/Fe] = 0.00 BC value = F814W
 -2.0776 -0.7788  0.4262  0.7571  0.5904  0.0394 -0.4883 -0.3985 -0.1042  0.1439
  0.3301  0.4495  0.5247  0.5778  0.6186  0.6983
 -1.8696 -1.8037 -1.6837 -1.5155 -1.3041 -1.0538 -0.7687 -0.4520 -0.1248  0.1421
  0.3311  0.4481  0.5217  0.5731  0.6133  0.6886  0.7377  0.7695  0.7904
 -1.6680 -2.1382 -2.3348 -2.2860 -2.0164 -1.5476 -0.9663 -0.5180 -0.1641  0.1194
  0.3172  0.4400  0.5165  0.5686  0.6085  0.6813  0.7311  0.7637  0.7831  0.7910
  0.7839
 -1.4728 -1.7823 -1.5271 -1.5545 -1.5466 -1.4419 -1.0812 -0.5965 -0.2179  0.0820
  0.2928  0.4265  0.5094  0.5640  0.6043  0.6764  0.7257  0.7583  0.7775  0.7839
  0.7763  0.7544  0.7201
 -1.2981 -1.2919 -1.3035 -1.3197 -1.3180 -1.2579 -1.0673 -0.6791 -0.2796  0.0343
  0.2599  0.4074  0.4999  0.5591  0.6008  0.6722  0.7210  0.7537  0.7725  0.7783
  0.7704  0.7490  0.7164  0.6746  0.6243
 -1.1558 -1.1169 -1.1000 -1.0964 -1.0916 -1.0530 -0.9387 -0.6882 -0.3326 -0.0155
  0.2221  0.3837  0.4872  0.5533  0.5978  0.6691  0.7167  0.7490  0.7676  0.7735
  0.7657  0.7447  0.7132  0.6736  0.6270  0.5734
 -1.0439 -0.9741 -0.9263 -0.8960 -0.8741 -0.8428 -0.7724 -0.6167 -0.3544 -0.0603
  0.1822  0.3559  0.4712  0.5457  0.5947  0.6676  0.7135  0.7446  0.7629  0.7689
  0.7614  0.7411  0.7105  0.6724  0.6285  0.5787  0.5228  0.4633  0.4034  0.3422
 -0.9358 -0.8512 -0.7818 -0.7263 -0.6825 -0.6421 -0.5891 -0.4934 -0.3215 -0.0842
  0.1469  0.3269  0.4531  0.5362  0.5912  0.6676  0.7121  0.7414  0.7586  0.7644
  0.7577  0.7382  0.7085  0.6713  0.6291  0.5822  0.5300  0.4726  0.4115  0.3505
  0.2885
 -0.7309 -0.6782 -0.6246 -0.5706 -0.5172 -0.4649 -0.4105 -0.3429 -0.2348 -0.0701
  0.1266  0.3026  0.4343  0.5254  0.5869  0.6691  0.7126  0.7399  0.7554  0.7606
  0.7544  0.7359  0.7071  0.6708  0.6293  0.5837  0.5345  0.4810  0.4223  0.3596
  0.2972
 -0.5732 -0.4633 -0.3892 -0.3429 -0.3141 -0.2846 -0.2426 -0.1860 -0.1120 -0.0049
  0.1389  0.2922  0.4214  0.5168  0.5832  0.6724  0.7156  0.7412  0.7545  0.7582
  0.7518  0.7341  0.7060  0.6704  0.6297  0.5851  0.5370  0.4857  0.4303  0.3701
  0.3058
 -0.5235 -0.3798 -0.2603 -0.1688 -0.1041 -0.0597 -0.0280  0.0007  0.0387  0.0988
  0.1892  0.3035  0.4168  0.5099  0.5792  0.6758  0.7201  0.7442  0.7557  0.7575
  0.7505  0.7336  0.7066  0.6718  0.6317  0.5878  0.5406  0.4904  0.4370  0.3796
  0.3185
 -0.5206 -0.3593 -0.2168 -0.0959  0.0016  0.0766  0.1338  0.1796  0.2193  0.2583
  0.3041  0.3661  0.4428  0.5191  0.5831  0.6806  0.7262  0.7494  0.7593  0.7592
  0.7510  0.7342  0.7082  0.6742  0.6347  0.5912  0.5445  0.4951  0.4427  0.3871
  0.3282
 -0.5463 -0.3714 -0.2142 -0.0757  0.0426  0.1402  0.2185  0.2812  0.3333  0.3798
  0.4239  0.4680  0.5148  0.5636  0.5949  0.6868  0.7339  0.7568  0.7653
