 [Fe/H] = -4.00 [alpha/Fe] = 0.40 BC value = F775W
 -0.8916  0.2056  1.4899  1.7995  0.7622 -1.4879 -0.7016  0.5956  1.3736  1.4356
  1.5215  1.5067  1.1049  0.6098  0.3600  0.5062
 -0.8221 -0.3322  0.3114  0.5423  0.2237 -0.7631 -0.4170  0.1620  0.5853  0.7399
  0.8603  0.8895  0.7343  0.5250  0.4212  0.5323  0.5976  0.6277  0.5756
 -0.5617 -0.4154 -0.1803 -0.0249  0.0202 -0.2008 -0.1044  0.0517  0.2163  0.3587
  0.4607  0.5066  0.4962  0.4650  0.4575  0.5414  0.5790  0.6030  0.5890  0.5693
  0.5736
 -0.1104 -0.0440  0.0148  0.0979  0.1516  0.1990  0.2362  0.2646  0.2668  0.2919
  0.3226  0.3580  0.3908  0.4298  0.4689  0.5335  0.5746  0.5891  0.5866  0.5722
  0.5513  0.5256  0.4955
  0.1145  0.1428  0.1705  0.2105  0.2448  0.2792  0.3107  0.3380  0.3605  0.3797
  0.3992  0.4214  0.4438  0.4679  0.4939  0.5417  0.5641  0.5699  0.5647  0.5515
  0.5325  0.5089  0.4816  0.4500  0.4137
  0.3214  0.3203  0.3226  0.3304  0.3442  0.3624  0.3831  0.4039  0.4232  0.4407
  0.4561  0.4706  0.4860  0.5003  0.5170  0.5510  0.5616  0.5592  0.5495  0.5349
  0.5160  0.4933  0.4675  0.4385  0.4061  0.3695
  0.5102  0.4885  0.4711  0.4576  0.4498  0.4486  0.4534  0.4623  0.4733  0.4851
  0.4969  0.5080  0.5185  0.5276  0.5382  0.5614  0.5671  0.5570  0.5410  0.5224
  0.5018  0.4788  0.4533  0.4257  0.3956  0.3626  0.3260  0.2833  0.2337  0.1816
  0.6810  0.6474  0.6160  0.5866  0.5611  0.5414  0.5287  0.5227  0.5221  0.5252
  0.5306  0.5372  0.5443  0.5511  0.5576  0.5730  0.5766  0.5636  0.5415  0.5169
  0.4921  0.4668  0.4403  0.4125  0.3833  0.3524  0.3195  0.2824  0.2388  0.1883
  0.1345
  0.8263  0.7884  0.7497  0.7103  0.6728  0.6389  0.6105  0.5892  0.5753  0.5675
  0.5646  0.5649  0.5672  0.5708  0.5752  0.5850  0.5873  0.5752  0.5506  0.5205
  0.4897  0.4597  0.4302  0.4007  0.3708  0.3403  0.3082  0.2746  0.2372  0.1935
  0.1419
  0.9490  0.9086  0.8660  0.8215  0.7772  0.7344  0.6950  0.6610  0.6340  0.6147
  0.6021  0.5948  0.5913  0.5905  0.5918  0.5976  0.5981  0.5878  0.5641  0.5315
  0.4954  0.4594  0.4249  0.3917  0.3595  0.3276  0.2955  0.2625  0.2277  0.1889
  0.1460
  1.0475  1.0071  0.9643  0.9194  0.8726  0.8256  0.7799  0.7373  0.6996  0.6690
  0.6461  0.6299  0.6191  0.6126  0.6095  0.6094  0.6091  0.5995  0.5784  0.5470
  0.5089  0.4681  0.4278  0.3894  0.3531  0.3183  0.2843  0.2506  0.2166  0.1811
  0.1433
  1.1201  1.0839  1.0442  1.0014  0.9553  0.9078  0.8596  0.8126  0.7684  0.7301
  0.6983  0.6726  0.6528  0.6386  0.6296  0.6213  0.6189  0.6102  0.5911  0.5619
  0.5249  0.4827  0.4384  0.3946  0.3530  0.3137  0.2762  0.2402  0.2050  0.1697
  0.1333
  1.1669  1.1391  1.1057  1.0675  1.0253  0.9810  0.9311  0.8828  0.8359  0.7931
  0.7549  0.7208  0.6905  0.6685  0.6520  0.6333  0.6275  0.6199  0.6022
 [Fe/H] = -3.00 [alpha/Fe] = 0.40 BC value = F775W
 -0.0471  0.0532  0.1115  0.1221  0.0785 -0.1688 -0.0617  0.0559  0.1491  0.2210
  0.3241  0.4208  0.4360  0.4106  0.4166  0.5519
 -0.0580  0.0412  0.1086  0.1406  0.1326  0.0087  0.0537  0.1104  0.1638  0.2132
  0.2773  0.3409  0.3757  0.3949  0.4261  0.5439  0.6085  0.6337  0.6352
 -0.0455  0.0479  0.1183  0.1638  0.1814  0.1444  0.1536  0.1716  0.1969  0.2281
  0.2639  0.3032  0.3452  0.3890  0.4340  0.5366  0.5907  0.6109  0.6107  0.5973
  0.5754
 -0.0096  0.0733  0.1406  0.1917  0.2248  0.2383  0.2380  0.2394  0.2485  0.2655
  0.2839  0.3077  0.3446  0.3928  0.4403  0.5300  0.5760  0.5914  0.5893  0.5765
  0.5564  0.5306  0.5000
  0.0497  0.1174  0.1755  0.2243  0.2628  0.2904  0.3069  0.3138  0.3186  0.3255
  0.3374  0.3544  0.3739  0.4063  0.4450  0.5241  0.5644  0.5752  0.5709  0.5580
  0.5391  0.5153  0.4873  0.4551  0.4180
  0.1324  0.1802  0.2230  0.2616  0.2954  0.3236  0.3456  0.3615  0.3724  0.3803
  0.3898  0.4029  0.4151  0.4313  0.4564  0.5216  0.5578  0.5645  0.5566  0.5423
  0.5233  0.5005  0.4742  0.4445  0.4112  0.3740
  0.2364  0.2647  0.2897  0.3138  0.3372  0.3594  0.3794  0.3965  0.4105  0.4223
  0.4336  0.4454  0.4583  0.4672  0.4824  0.5266  0.5574  0.5612  0.5486  0.5305
  0.5098  0.4866  0.4607  0.4323  0.4014  0.3676  0.3302  0.2868  0.2368  0.1846
  0.3539  0.3664  0.3756  0.3841  0.3942  0.4061  0.4192  0.4325  0.4450  0.4565
  0.4674  0.4787  0.4910  0.5007  0.5114  0.5418  0.5638  0.5654  0.5489  0.5255
  0.5007  0.4751  0.4481  0.4196  0.3897  0.3578  0.3233  0.2857  0.2421  0.1912
  0.1373
  0.4639  0.4730  0.4750  0.4707  0.4676  0.4673  0.4705  0.4764  0.4836  0.4916
  0.5000  0.5087  0.5183  0.5282  0.5367  0.5607  0.5757  0.5756  0.5574  0.5288
  0.5013  0.4682  0.4383  0.4081  0.3775  0.3462  0.3133  0.2766  0.2360  0.1919
  0.1447
  0.6036  0.5856  0.5738  0.5675  0.5544  0.5430  0.5351  0.5312  0.5306  0.5326
  0.5362  0.5410  0.5467  0.5534  0.5595  0.5789  0.5902  0.5881  0.5699  0.5393
  0.5037  0.4677  0.4329  0.3993  0.3663  0.3338  0.3009  0.2671  0.2316  0.1930
  0.1489
  0.7250  0.6981  0.6798  0.6690  0.6487  0.6296  0.6121  0.5981  0.5880  0.5817
  0.5785  0.5776  0.5784  0.5806  0.5834  0.5953  0.6042  0.6011  0.5839  0.5544
  0.5167  0.4760  0.4355  0.3968  0.3599  0.3245  0.2898  0.2555  0.2208  0.1847
  0.1464
  0.8381  0.8106  0.7848  0.7606  0.7348  0.7088  0.6843  0.6752  0.6559  0.6404
  0.6288  0.6206  0.6151  0.6118  0.6102  0.6115  0.6174  0.6134  0.5970  0.5691
  0.5323  0.4901  0.4456  0.4016  0.3595  0.3198  0.2817  0.2451  0.2093  0.1734
  0.1366
  0.9431  0.9229  0.8888  0.8423  0.8126  0.7807  0.7730  0.7453  0.7202  0.7075
  0.6874  0.6709  0.6580  0.6481  0.6399  0.6275  0.6298  0.6250  0.6092
 [Fe/H] = -2.50 [alpha/Fe] = 0.40 BC value = F775W
 -0.1034 -0.1265 -0.2142 -0.2234 -0.1212 -0.0162 -0.0091 -0.0544 -0.0592  0.0071
  0.0995  0.2026  0.2914  0.3598  0.4246  0.5559
 -0.0706 -0.0274 -0.0339 -0.0202  0.0287  0.0728  0.0777  0.0644  0.0700  0.1074
  0.1619  0.2295  0.2998  0.3645  0.4245  0.5425  0.6102  0.6373  0.6465
 -0.0451  0.0409  0.0897  0.1230  0.1443  0.1547  0.1587  0.1627  0.1722  0.1900
  0.2183  0.2591  0.3118  0.3695  0.4239  0.5300  0.5910  0.6147  0.6178  0.6058
  0.5808
 -0.0269  0.0784  0.1566  0.2062  0.2256  0.2295  0.2339  0.2405  0.2474  0.2549
  0.2687  0.2914  0.3274  0.3748  0.4228  0.5184  0.5741  0.5952  0.5946  0.5822
  0.5623  0.5363  0.5049
 -0.0160  0.0851  0.1668  0.2294  0.2726  0.2972  0.3033  0.2978  0.2956  0.3021
  0.3131  0.3264  0.3466  0.3804  0.4212  0.5077  0.5595  0.5788  0.5770  0.5645
  0.5455  0.5216  0.4932  0.4608  0.4235
  0.0114  0.1003  0.1753  0.2371  0.2856  0.3208  0.3434  0.3551  0.3572  0.3546
  0.3567  0.3651  0.3751  0.3937  0.4242  0.5007  0.5492  0.5672  0.5634  0.5496
  0.5305  0.5074  0.4806  0.4504  0.4164  0.3785
  0.0642  0.1365  0.1989  0.2526  0.2982  0.3351  0.3632  0.3831  0.3963  0.4046
  0.4093  0.4137  0.4194  0.4258  0.4411  0.4999  0.5445  0.5616  0.5555  0.5387
  0.5178  0.4941  0.4678  0.4388  0.4072  0.3726  0.3344  0.2904  0.2401  0.1878
  0.1417  0.1967  0.2441  0.2856  0.3225  0.3549  0.3824  0.4048  0.4220  0.4352
  0.4462  0.4556  0.4642  0.4692  0.4762  0.5106  0.5464  0.5623  0.5548  0.5339
  0.5092  0.4831  0.4557  0.4267  0.3960  0.3634  0.3281  0.2898  0.2456  0.1943
  0.1404
  0.2370  0.2773  0.3108  0.3391  0.3644  0.3879  0.4100  0.4300  0.4473  0.4617
  0.4740  0.4852  0.4959  0.5053  0.5115  0.5346  0.5569  0.5691  0.5608  0.5369
  0.5071  0.4766  0.4463  0.4156  0.3843  0.3522  0.3186  0.2829  0.2440  0.1999
  0.1477
  0.3438  0.3714  0.3936  0.4109  0.4251  0.4382  0.4516  0.4653  0.4788  0.4911
  0.5023  0.5125  0.5224  0.5322  0.5396  0.5600  0.5748  0.5809  0.5717  0.5462
  0.5121  0.4762  0.4411  0.4070  0.3735  0.3403  0.3066  0.2721  0.2359  0.1966
  0.1519
  0.4548  0.4724  0.4854  0.4946  0.5001  0.5039  0.5078  0.5131  0.5199  0.5275
  0.5352  0.5426  0.5498  0.5571  0.5639  0.5812  0.5934  0.5953  0.5850  0.5601
  0.5244  0.4841  0.4436  0.4046  0.3672  0.3312  0.2958  0.2608  0.2254  0.1886
  0.1496
  0.5685  0.5776  0.5831  0.5855  0.5847  0.5815  0.5776  0.5746  0.5732  0.5738
  0.5758  0.5787  0.5819  0.5855  0.5893  0.6000  0.6101  0.6100  0.5984  0.5745
  0.5396  0.4978  0.4534  0.4092  0.3668  0.3266  0.2879  0.2506  0.2142  0.1777
  0.1402
  0.6848  0.6870  0.6830  0.6806  0.6747  0.6664  0.6569  0.6471  0.6383  0.6312
  0.6261  0.6227  0.6206  0.6193  0.6158  0.6164  0.6249  0.6250  0.6119
 [Fe/H] = -2.00 [alpha/Fe] = 0.40 BC value = F775W
 -0.5371 -0.4546 -0.3906 -0.3462 -0.2989 -0.2482 -0.1877 -0.1189 -0.0426  0.0359
  0.1171  0.1980  0.2760  0.3480  0.4265  0.5540
 -0.3463 -0.2662 -0.2038 -0.1543 -0.1142 -0.0776 -0.0392  0.0049  0.0542  0.1066
  0.1640  0.2267  0.2929  0.3571  0.4202  0.5363  0.6094  0.6413  0.6456
 -0.2165 -0.1252 -0.0575 -0.0079  0.0287  0.0568  0.0812  0.1079  0.1375  0.1701
  0.2080  0.2534  0.3065  0.3623  0.4149  0.5206  0.5876  0.6184  0.6223  0.6106
  0.5892
 -0.1477 -0.0316  0.0483  0.0930  0.1297  0.1551  0.1735  0.1901  0.2073  0.2264
  0.2491  0.2781  0.3168  0.3636  0.4106  0.5069  0.5688  0.5985  0.6023  0.5912
  0.5716  0.5452  0.5128
 -0.1244  0.0089  0.1040  0.1659  0.2036  0.2257  0.2393  0.2504  0.2631  0.2763
  0.2907  0.3077  0.3315  0.3665  0.4073  0.4952  0.5530  0.5816  0.5856  0.5746
  0.5557  0.5313  0.5023  0.4691  0.4308
 -0.1243  0.0044  0.1105  0.1887  0.2428  0.2782  0.2995  0.3107  0.3151  0.3176
  0.3270  0.3397  0.3547  0.3762  0.4082  0.4874  0.5414  0.5688  0.5726  0.5610
  0.5417  0.5181  0.4906  0.4595  0.4246  0.3857
 -0.1150  0.0070  0.1101  0.1946  0.2612  0.3110  0.3459  0.3681  0.3793  0.3803
  0.3775  0.3791  0.3852  0.3968  0.4171  0.4849  0.5349  0.5610  0.5642  0.5511
  0.5302  0.5058  0.4787  0.4488  0.4162  0.3805  0.3411  0.2962  0.2455  0.1932
 -0.0842  0.0248  0.1195  0.1991  0.2648  0.3177  0.3587  0.3887  0.4095  0.4233
  0.4314  0.4343  0.4353  0.4366  0.4429  0.4888  0.5341  0.5585  0.5611  0.5462
  0.5225  0.4957  0.4675  0.4376  0.4059  0.3722  0.3357  0.2962  0.2512  0.1997
  0.1457
 -0.0295  0.0643  0.1471  0.2178  0.2775  0.3275  0.3689  0.4022  0.4277  0.4467
  0.4614  0.4727  0.4809  0.4849  0.4864  0.5063  0.5392  0.5612  0.5635  0.5474
  0.5204  0.4899  0.4588  0.4273  0.3950  0.3619  0.3271  0.2902  0.2502  0.2053
  0.1528
  0.0485  0.1275  0.1968  0.2566  0.3074  0.3504  0.3872  0.4188  0.4451  0.4663
  0.4834  0.4975  0.5096  0.5196  0.5253  0.5382  0.5546  0.5694  0.5705  0.5541
  0.5244  0.4895  0.4541  0.4192  0.3849  0.3507  0.3159  0.2802  0.2428  0.2025
  0.1571
  0.1398  0.2047  0.2620  0.3118  0.3537  0.3885  0.4184  0.4446  0.4678  0.4880
  0.5051  0.5195  0.5320  0.5432  0.5522  0.5675  0.5777  0.5834  0.5813  0.5651
  0.5350  0.4968  0.4566  0.4171  0.3791  0.3422  0.3058  0.2696  0.2331  0.1952
  0.1552
  0.2343  0.2916  0.3393  0.3803  0.4144  0.4419  0.4645  0.4838  0.5013  0.5173
  0.5319  0.5446  0.5557  0.5655  0.5742  0.5906  0.6002  0.6013  0.5947  0.5781
  0.5487  0.5096  0.4660  0.4217  0.3789  0.3379  0.2984  0.2601  0.2225  0.1849
  0.1464
  0.3300  0.3801  0.4221  0.4568  0.4849  0.5068  0.5234  0.5364  0.5474  0.5574
  0.5671  0.5762  0.5843  0.5914  0.5913  0.6075  0.6221  0.6231  0.6107
 [Fe/H] = -1.50 [alpha/Fe] = 0.40 BC value = F775W
 -0.9406 -0.8490 -0.7649 -0.6812 -0.6021 -0.5061 -0.3826 -0.2325 -0.0969  0.0168
  0.1163  0.2045  0.2827  0.3524  0.4148  0.5391
 -0.7260 -0.6262 -0.5410 -0.4637 -0.3919 -0.3148 -0.2209 -0.1103 -0.0111  0.0746
  0.1525  0.2258  0.2947  0.3575  0.4138  0.5262  0.6027  0.6445  0.6546
 -0.5592 -0.4515 -0.3632 -0.2884 -0.2219 -0.1586 -0.0884 -0.0086  0.0632  0.1269
  0.1866  0.2456  0.3044  0.3603  0.4113  0.5137  0.5829  0.6210  0.6315  0.6224
  0.6017
 -0.4402 -0.3249 -0.2315 -0.1553 -0.0920 -0.0375  0.0149  0.0726  0.1260  0.1737
  0.2186  0.2639  0.3118  0.3608  0.4073  0.5016  0.5653  0.6011  0.6120  0.6041
  0.5850  0.5589  0.5266
 -0.3537 -0.2212 -0.1224 -0.0503  0.0096  0.0593  0.1020  0.1438  0.1838  0.2199
  0.2534  0.2867  0.3226  0.3630  0.4045  0.4918  0.5512  0.5850  0.5960  0.5889
  0.5706  0.5459  0.5160  0.4816  0.4420
 -0.3060 -0.1565 -0.0400  0.0478  0.1109  0.1528  0.1798  0.2068  0.2357  0.2639
  0.2903  0.3153  0.3409  0.3705  0.4053  0.4854  0.5409  0.5727  0.5832  0.5765
  0.5583  0.5340  0.5056  0.4733  0.4371  0.3965
 -0.2986 -0.1433 -0.0126  0.0932  0.1742  0.2331  0.2715  0.2920  0.3030  0.3126
  0.3268  0.3454  0.3655  0.3865  0.4120  0.4830  0.5347  0.5645  0.5742  0.5671
  0.5482  0.5233  0.4951  0.4640  0.4300  0.3927  0.3517  0.3053  0.2538  0.2019
 -0.2964 -0.1417 -0.0085  0.1024  0.1918  0.2608  0.3116  0.3477  0.3723  0.3861
  0.3908  0.3930  0.3992  0.4109  0.4274  0.4851  0.5328  0.5605  0.5692  0.5614
  0.5414  0.5147  0.4853  0.4541  0.4211  0.3858  0.3476  0.3061  0.2600  0.2082
  0.1547
 -0.2859 -0.1373 -0.0067  0.1044  0.1960  0.2695  0.3271  0.3709  0.4031  0.4265
  0.4430  0.4526  0.4560  0.4573  0.4607  0.4931  0.5353  0.5607  0.5685  0.5601
  0.5414  0.5098  0.4780  0.4452  0.4116  0.3768  0.3403  0.3021  0.2605  0.2140
  0.1614
 -0.2522 -0.1178  0.0063  0.1127  0.2023  0.2758  0.3354  0.3830  0.4202  0.4486
  0.4702  0.4867  0.4989  0.5062  0.5091  0.5180  0.5434  0.5654  0.5719  0.5631
  0.5407  0.5092  0.4741  0.4383  0.4026  0.3668  0.3304  0.2930  0.2539  0.2120
  0.1657
 -0.1992 -0.0779  0.0338  0.1327  0.2172  0.2877  0.3456  0.3933  0.4321  0.4634
  0.4882  0.5077  0.5234  0.5359  0.5449  0.5545  0.5629  0.5746  0.5791  0.5703
  0.5481  0.5151  0.4766  0.4368  0.3977  0.3594  0.3215  0.2837  0.2454  0.2058
  0.1644
 -0.1367 -0.0244  0.0772  0.1682  0.2460  0.3114  0.3656  0.4104  0.4477  0.4787
  0.5044  0.5253  0.5424  0.5565  0.5680  0.5850  0.5907  0.5920  0.5903  0.5805
  0.5588  0.5258  0.4851  0.4414  0.3979  0.3559  0.3150  0.2753  0.2361  0.1968
  0.1567
 -0.0727  0.0350  0.1308  0.2152  0.2874  0.3479  0.3977  0.4385  0.4722  0.5004
  0.5244  0.5446  0.5615  0.5756  0.5784  0.6095  0.6268  0.6176  0.6055
 [Fe/H] = -1.00 [alpha/Fe] = 0.40 BC value = F775W
 -1.5432 -1.4435 -1.3422 -1.2304 -1.1176 -0.9613 -0.7348 -0.4488 -0.2222 -0.0139
  0.1141  0.2117  0.2904  0.3579  0.4169  0.5343
 -1.2565 -1.1525 -1.0561 -0.9583 -0.8558 -0.7265 -0.5472 -0.3212 -0.1221  0.0275
  0.1387  0.2269  0.3000  0.3623  0.4165  0.5238  0.6005  0.6470  0.6657
 -1.0286 -0.9162 -0.8190 -0.7286 -0.6360 -0.5303 -0.3917 -0.2163 -0.0595  0.0642
  0.1606  0.2396  0.3069  0.3647  0.4150  0.5141  0.5827  0.6249  0.6421  0.6383
  0.6195
 -0.8595 -0.7346 -0.6309 -0.5413 -0.4582 -0.3726 -0.2683 -0.1341 -0.0078  0.0962
  0.1798  0.2498  0.3111  0.3651  0.4124  0.5052  0.5686  0.6073  0.6235  0.6209
  0.6039  0.5781  0.5452
 -0.7340 -0.5990 -0.4865 -0.3920 -0.3104 -0.2357 -0.1577 -0.0581  0.0428  0.1299
  0.2017  0.2626  0.3169  0.3663  0.4106  0.4981  0.5575  0.5934  0.6085  0.6065
  0.5910  0.5665  0.5358  0.5003  0.4591
 -0.5999 -0.4681 -0.3614 -0.2701 -0.1896 -0.1186 -0.0535  0.0179  0.0962  0.1679
  0.2288  0.2807  0.3272  0.3706  0.4111  0.4935  0.5494  0.5830  0.5969  0.5949
  0.5801  0.5565  0.5272  0.4936  0.4559  0.4133
 -0.5237 -0.3643 -0.2351 -0.1342 -0.0578  0.0002  0.0496  0.0988  0.1544  0.2104
  0.2610  0.3049  0.3439  0.3803  0.4154  0.4917  0.5443  0.5757  0.5885  0.5860
  0.5714  0.5478  0.5189  0.4864  0.4505  0.4111  0.3676  0.3193  0.2663  0.2142
 -0.4987 -0.3265 -0.1802 -0.0593  0.0369  0.1116  0.1683  0.2101  0.2432  0.2730
  0.3033  0.3348  0.3664  0.3964  0.4253  0.4931  0.5424  0.5716  0.5833  0.5801
  0.5651  0.5411  0.5115  0.4788  0.4437  0.4062  0.3658  0.3219  0.2736  0.2206
  0.1676
 -0.4954 -0.3173 -0.1628 -0.0317  0.0770  0.1639  0.2318  0.2844  0.3256  0.3575
  0.3796  0.3942  0.4072  0.4231  0.4429  0.4983  0.5437  0.5708  0.5813  0.5776
  0.5620  0.5371  0.5060  0.4720  0.4364  0.3994  0.3605  0.3194  0.2750  0.2273
  0.1744
 -0.4980 -0.3177 -0.1601 -0.0237  0.0915  0.1860  0.2617  0.3213  0.3677  0.4043
  0.4331  0.4547  0.4688  0.4769  0.4833  0.5107  0.5491  0.5737  0.5828  0.5784
  0.5620  0.5361  0.5032  0.4668  0.4293  0.3914  0.3525  0.3127  0.2711  0.2269
  0.1788
 -0.4957 -0.3209 -0.1632 -0.0252  0.0933  0.1923  0.2731  0.3379  0.3892  0.4296
  0.4615  0.4868  0.5067  0.5214  0.5309  0.5416  0.5593  0.5799  0.5875  0.5826
  0.5661  0.5395  0.5050  0.4661  0.4258  0.3856  0.3455  0.3054  0.2647  0.2226
  0.1784
 -0.4821 -0.3131 -0.1608 -0.0244  0.0946  0.1954  0.2787  0.3465  0.4011  0.4448
  0.4797  0.5074  0.5296  0.5474  0.5613  0.5791  0.5843  0.5910  0.5957  0.5900
  0.5734  0.5466  0.5112  0.4701  0.4266  0.3832  0.3405  0.2987  0.2572  0.2155
  0.1731
 -0.4652 -0.2981 -0.1484 -0.0157  0.1018  0.2023  0.2862  0.3552  0.4112  0.4566
  0.4934  0.5231  0.5469  0.5661  0.5745  0.6232  0.6241  0.6070  0.6074
 [Fe/H] = -0.75 [alpha/Fe] = 0.30 BC value = F775W
 -1.7770 -1.6763 -1.5704 -1.4490 -1.3189 -1.1326 -0.8599 -0.5167 -0.2482 -0.0182
  0.1177  0.2177  0.2966  0.3625  0.4198  0.5360
 -1.4718 -1.3650 -1.2638 -1.1577 -1.0408 -0.8874 -0.6709 -0.3970 -0.1573  0.0165
  0.1387  0.2310  0.3052  0.3672  0.4206  0.5265  0.6017  0.6501  0.6720
 -1.2253 -1.1085 -1.0062 -0.9086 -0.8045 -0.6801 -0.5125 -0.2978 -0.1036  0.0456
  0.1558  0.2411  0.3109  0.3696  0.4199  0.5181  0.5869  0.6303  0.6495  0.6476
  0.6307
 -1.0375 -0.9068 -0.7976 -0.7017 -0.6100 -0.5108 -0.3847 -0.2191 -0.0603  0.0691
  0.1690  0.2480  0.3137  0.3697  0.4177  0.5108  0.5746  0.6143  0.6319  0.6307
  0.6147  0.5889  0.5552
 -0.8977 -0.7537 -0.6341 -0.5335 -0.4452 -0.3609 -0.2678 -0.1441 -0.0159  0.0950
  0.1842  0.2563  0.3172  0.3701  0.4160  0.5047  0.5648  0.6018  0.6179  0.6171
  0.6025  0.5781  0.5474  0.5108  0.4684
 -0.7540 -0.6195 -0.5020 -0.3993 -0.3095 -0.2301 -0.1548 -0.0663  0.0341  0.1267
  0.2047  0.2690  0.3240  0.3727  0.4160  0.5006  0.5576  0.5923  0.6072  0.6062
  0.5924  0.5691  0.5396  0.5053  0.4664  0.4228
 -0.6292 -0.4718 -0.3478 -0.2517 -0.1757 -0.1096 -0.0467  0.0174  0.0913  0.1656
  0.2317  0.2879  0.3362  0.3794  0.4189  0.4989  0.5529  0.5855  0.5994  0.5978
  0.5843  0.5615  0.5325  0.4993  0.4625  0.4221  0.3774  0.3276  0.2738  0.2212
 -0.5838 -0.4067 -0.2585 -0.1388 -0.0443  0.0296  0.0863  0.1310  0.1739  0.2202
  0.2678  0.3133  0.3545  0.3918  0.4262  0.4999  0.5510  0.5815  0.5944  0.5924
  0.5786  0.5556  0.5262  0.4929  0.4570  0.4183  0.3765  0.3315  0.2819  0.2280
  0.1747
 -0.5735 -0.3867 -0.2263 -0.0913  0.0191  0.1073  0.1770  0.2324  0.2773  0.3137
  0.3411  0.3635  0.3865  0.4122  0.4398  0.5042  0.5520  0.5805  0.5925  0.5900
  0.5757  0.5522  0.5218  0.4873  0.4509  0.4127  0.3726  0.3302  0.2848  0.2354
  0.1813
 -0.5775 -0.3856 -0.2186 -0.0754  0.0448  0.1432  0.2220  0.2846  0.3347  0.3756
  0.4086  0.4332  0.4496  0.4610  0.4724  0.5139  0.5568  0.5830  0.5935  0.5904
  0.5756  0.5512  0.5194  0.4831  0.4449  0.4059  0.3658  0.3246  0.2818  0.2361
  0.1867
 -0.5876 -0.3959 -0.2248 -0.0768  0.0495  0.1547  0.2404  0.3093  0.3642  0.4080
  0.4435  0.4722  0.4949  0.5114  0.5220  0.5390  0.5651  0.5884  0.5976  0.5941
  0.5790  0.5540  0.5211  0.4828  0.4422  0.4011  0.3599  0.3185  0.2765  0.2331
  0.1875
 -0.5935 -0.4027 -0.2332 -0.0825  0.0470  0.1566  0.2470  0.3204  0.3796  0.4269
  0.4650  0.4957  0.5206  0.5407  0.5564  0.5768  0.5859  0.5979  0.6049  0.6007
  0.5855  0.5602  0.5265  0.4866  0.4433  0.3995  0.3559  0.3129  0.2702  0.2272
  0.1833
 -0.6004 -0.4082 -0.2373 -0.0871  0.0447  0.1569  0.2503  0.3269  0.3890  0.4390
  0.4796  0.5123  0.5388  0.5603  0.5756  0.6273  0.6192  0.6115  0.6154
 [Fe/H] = -0.50 [alpha/Fe] = 0.20 BC value = F775W
 -2.0117 -1.9132 -1.8068 -1.6795 -1.5281 -1.3043 -0.9794 -0.5982 -0.2672 -0.0374
  0.1233  0.2245  0.3035  0.3684  0.4234  0.5358
 -1.6957 -1.5877 -1.4835 -1.3703 -1.2370 -1.0547 -0.7951 -0.4679 -0.1869  0.0091
  0.1411  0.2365  0.3113  0.3728  0.4250  0.5287  0.6039  0.6541  0.6789
 -1.4364 -1.3154 -1.2082 -1.1031 -0.9863 -0.8402 -0.6381 -0.3786 -0.1449  0.0307
  0.1537  0.2444  0.3160  0.3750  0.4250  0.5223  0.5914  0.6365  0.6579  0.6581
  0.6428
 -1.2338 -1.0963 -0.9809 -0.8779 -0.7760 -0.6607 -0.5084 -0.3072 -0.1120  0.0450
  0.1611  0.2482  0.3176  0.3750  0.4234  0.5166  0.5810  0.6223  0.6416  0.6419
  0.6270  0.6011  0.5674
 -1.0802 -0.9265 -0.7989 -0.6910 -0.5945 -0.4987 -0.3870 -0.2359 -0.0766  0.0613
  0.1692  0.2523  0.3190  0.3747  0.4219  0.5118  0.5727  0.6111  0.6288  0.6291
  0.6155  0.5914  0.5602  0.5230  0.4801
 -0.9360 -0.7862 -0.6547 -0.5413 -0.4428 -0.3544 -0.2667 -0.1579 -0.0324  0.0848
  0.1819  0.2594  0.3225  0.3757  0.4214  0.5084  0.5664  0.6025  0.6189  0.6189
  0.6061  0.5834  0.5536  0.5187  0.4790  0.4343
 -0.7596 -0.6063 -0.4875 -0.3917 -0.3070 -0.2274 -0.1510 -0.0716  0.0223  0.1176
  0.2019  0.2720  0.3301  0.3797  0.4230  0.5067  0.5622  0.5963  0.6117  0.6113
  0.5988  0.5767  0.5477  0.5140  0.4763  0.4347  0.3886  0.3376  0.2829  0.2296
 -0.6834 -0.5015 -0.3531 -0.2360 -0.1441 -0.0721 -0.0141  0.0385  0.0976  0.1646
  0.2315  0.2915  0.3433  0.3882  0.4280  0.5074  0.5605  0.5925  0.6070  0.6062
  0.5936  0.5716  0.5426  0.5090  0.4722  0.4324  0.3893  0.3428  0.2917  0.2369
  0.1831
 -0.6615 -0.4654 -0.2993 -0.1617 -0.0505  0.0381  0.1091  0.1667  0.2154  0.2580
  0.2951  0.3304  0.3668  0.4031  0.4378  0.5108  0.5613  0.5913  0.6049  0.6038
  0.5908  0.5686  0.5390  0.5046  0.4674  0.4282  0.3867  0.3430  0.2961  0.2452
  0.1901
 -0.6638 -0.4595 -0.2831 -0.1334 -0.0091  0.0922  0.1735  0.2391  0.2933  0.3393
  0.3771  0.4054  0.4258  0.4432  0.4621  0.5185  0.5654  0.5935  0.6056  0.6040
  0.5906  0.5676  0.5371  0.5013  0.4627  0.4227  0.3814  0.3388  0.2943  0.2472
  0.1964
 -0.6825 -0.4726 -0.2892 -0.1317  0.0017  0.1123  0.2023  0.2749  0.3335  0.3813
  0.4212  0.4540  0.4797  0.4983  0.5110  0.5373  0.5723  0.5982  0.6091  0.6071
  0.5935  0.5700  0.5386  0.5014  0.4609  0.4192  0.3769  0.3341  0.2905  0.2456
  0.1985
 -0.7048 -0.4918 -0.3050 -0.1410 -0.0015  0.1160  0.2126  0.2911  0.3544  0.4055
  0.4471  0.4813  0.5094  0.5322  0.5498  0.5739  0.5887  0.6065  0.6156  0.6129
  0.5992  0.5755  0.5435  0.5050  0.4624  0.4183  0.3739  0.3297  0.2856  0.2411
  0.1956
 -0.7335 -0.5155 -0.3231 -0.1559 -0.0102  0.1123  0.2143  0.2976  0.3651  0.4195
  0.4637  0.4997  0.5291  0.5532  0.5785  0.6283  0.6146  0.6184  0.6251
 [Fe/H] = -0.25 [alpha/Fe] = 0.10 BC value = F775W
 -2.2438 -2.1484 -2.0437 -1.9129 -1.7318 -1.4590 -1.0800 -0.6208 -0.2773 -0.0340
  0.1206  0.2273  0.3077  0.3741  0.4276  0.5367
 -1.9253 -1.8160 -1.7097 -1.5905 -1.4372 -1.2192 -0.9090 -0.5253 -0.2094  0.0063
  0.1457  0.2430  0.3178  0.3782  0.4294  0.5307  0.6051  0.6575  0.6860
 -1.6605 -1.5343 -1.4217 -1.3088 -1.1778 -1.0057 -0.7603 -0.4527 -0.1786  0.0206
  0.1546  0.2491  0.3216  0.3805  0.4299  0.5257  0.5951  0.6425  0.6669  0.6697
  0.6553
 -1.4494 -1.3033 -1.1797 -1.0678 -0.9537 -0.8186 -0.6339 -0.3927 -0.1588  0.0259
  0.1569  0.2506  0.3224  0.3805  0.4291  0.5217  0.5869  0.6304  0.6522  0.6544
  0.6408  0.6154  0.5814
 -1.2863 -1.1205 -0.9824 -0.8649 -0.7576 -0.6470 -0.5115 -0.3286 -0.1348  0.0319
  0.1581  0.2509  0.3222  0.3799  0.4279  0.5183  0.5802  0.6207  0.6407  0.6425
  0.6301  0.6065  0.5750  0.5373  0.4931
 -1.1403 -0.9715 -0.8253 -0.7000 -0.5910 -0.4908 -0.3867 -0.2536 -0.0994  0.0450
  0.1626  0.2528  0.3229  0.3797  0.4271  0.5158  0.5751  0.6131  0.6317  0.6332
  0.6215  0.5993  0.5695  0.5340  0.4935  0.4477
 -0.9246 -0.7751 -0.6551 -0.5486 -0.4484 -0.3541 -0.2640 -0.1666 -0.0498  0.0695
  0.1742  0.2588  0.3262  0.3814  0.4278  0.5147  0.5716  0.6075  0.6250  0.6262
  0.6148  0.5935  0.5646  0.5305  0.4920  0.4493  0.4020  0.3492  0.2936  0.2396
 -0.8052 -0.6179 -0.4697 -0.3553 -0.2661 -0.1941 -0.1288 -0.0613  0.0186  0.1088
  0.1959  0.2714  0.3341  0.3863  0.4308  0.5152  0.5702  0.6040  0.6205  0.6215
  0.6100  0.5891  0.5606  0.5268  0.4893  0.4485  0.4043  0.3561  0.3033  0.2475
  0.1930
 -0.7670 -0.5594 -0.3860 -0.2458 -0.1344 -0.0456  0.0264  0.0863  0.1401  0.1929
  0.2458  0.2986  0.3498  0.3962  0.4374  0.5179  0.5709  0.6028  0.6182  0.6190
  0.6074  0.5863  0.5577  0.5236  0.4860  0.4459  0.4032  0.3580  0.3094  0.2568
  0.2006
 -0.7652 -0.5454 -0.3578 -0.2010 -0.0723  0.0316  0.1153  0.1843  0.2432  0.2948
  0.3377  0.3715  0.3990  0.4254  0.4538  0.5241  0.5746  0.6047  0.6187  0.6189
  0.6070  0.5853  0.5561  0.5212  0.4826  0.4420  0.3995  0.3554  0.3093  0.2605
  0.2079
 -0.7891 -0.5588 -0.3614 -0.1931 -0.0523  0.0636  0.1576  0.2339  0.2965  0.3494
  0.3946  0.4318  0.4608  0.4820  0.4981  0.5372  0.5806  0.6090  0.6217  0.6214
  0.6094  0.5873  0.5575  0.5216  0.4817  0.4397  0.3965  0.3524  0.3072  0.2605
  0.2116
 -0.8240 -0.5874 -0.3809 -0.2036 -0.0535  0.0716  0.1742  0.2575  0.3250  0.3801
  0.4259  0.4642  0.4961  0.5217  0.5414  0.5704  0.5929  0.6163  0.6275  0.6265
  0.6144  0.5922  0.5618  0.5250  0.4837  0.4398  0.3948  0.3495  0.3039  0.2577
  0.2105
 -0.8714 -0.6263 -0.4112 -0.2257 -0.0664  0.0667  0.1767  0.2664  0.3388  0.3975
  0.4455  0.4850  0.5177  0.5449  0.5837  0.6237  0.6115  0.6266  0.6361
 [Fe/H] =  0.00 [alpha/Fe] = 0.00 BC value = F775W
 -2.4936 -2.3921 -2.2840 -2.0679 -1.7570 -1.3908 -1.0024 -0.6191 -0.2747 -0.0260
  0.1306  0.2367  0.3193  0.3809  0.4347  0.5451
 -2.1691 -2.0526 -1.9403 -1.8127 -1.6398 -1.3693 -0.9932 -0.5573 -0.2181  0.0093
  0.1528  0.2504  0.3239  0.3837  0.4335  0.5321  0.6056  0.6593  0.6922
 -1.9041 -1.7675 -1.6456 -1.5217 -1.3725 -1.1669 -0.8662 -0.5067 -0.1989  0.0178
  0.1587  0.2551  0.3275  0.3856  0.4341  0.5282  0.5975  0.6472  0.6756  0.6820
  0.6686
 -1.6916 -1.5311 -1.3948 -1.2697 -1.1388 -0.9775 -0.7508 -0.4637 -0.1922  0.0153
  0.1571  0.2550  0.3278  0.3858  0.4339  0.5255  0.5913  0.6374  0.6628  0.6678
  0.6560  0.6312  0.5972
 -1.5254 -1.3418 -1.1878 -1.0553 -0.9322 -0.8011 -0.6339 -0.4127 -0.1822  0.0113
  0.1527  0.2525  0.3266  0.3851  0.4333  0.5234  0.5862  0.6294  0.6527  0.6570
  0.6460  0.6232  0.5916  0.5532  0.5076
 -1.3387 -1.1861 -1.0208 -0.8789 -0.7546 -0.6372 -0.5102 -0.3460 -0.1591  0.0132
  0.1495  0.2501  0.3253  0.3844  0.4327  0.5221  0.5823  0.6229  0.6448  0.6486
  0.6382  0.6168  0.5870  0.5510  0.5100  0.4628
 -1.1347 -0.9816 -0.8482 -0.7223 -0.6035 -0.4921 -0.3843 -0.2631 -0.1188  0.0269
  0.1522  0.2501  0.3252  0.3845  0.4329  0.5217  0.5798  0.6180  0.6387  0.6423
  0.6321  0.6117  0.5830  0.5486  0.5095  0.4661  0.4173  0.3628  0.3063  0.2513
 -0.9609 -0.7647 -0.6140 -0.5001 -0.4106 -0.3316 -0.2516 -0.1631 -0.0586  0.0563
  0.1645  0.2555  0.3282  0.3866  0.4346  0.5225  0.5791  0.6149  0.6344  0.6379
  0.6278  0.6077  0.5798  0.5461  0.5081  0.4667  0.4214  0.3715  0.3169  0.2601
  0.2047
 -0.9013 -0.6766 -0.4933 -0.3482 -0.2347 -0.1444 -0.0706 -0.0072  0.0559  0.1253
  0.1993  0.2718  0.3369  0.3921  0.4386  0.5250  0.5802  0.6141  0.6320  0.6353
  0.6253  0.6053  0.5775  0.5439  0.5063  0.4656  0.4218  0.3751  0.3250  0.2704
  0.2131
 -0.8937 -0.6522 -0.4492 -0.2823 -0.1477 -0.0400  0.0475  0.1210  0.1855  0.2430
  0.2924  0.3343  0.3725  0.4107  0.4490  0.5302  0.5840  0.6161  0.6322  0.6348
  0.6247  0.6044  0.5763  0.5423  0.5041  0.4632  0.4199  0.3745  0.3267  0.2761
  0.2215
 -0.9214 -0.6656 -0.4487 -0.2663 -0.1158  0.0066  0.1056  0.1865  0.2545  0.3135
  0.3644  0.4062  0.4386  0.4634  0.4845  0.5391  0.5893  0.6201  0.6348  0.6367
  0.6266  0.6061  0.5776  0.5431  0.5041  0.4623  0.4185  0.3733  0.3266  0.2779
  0.2272
 -0.9664 -0.7009 -0.4703 -0.2761 -0.1132  0.0212  0.1305  0.2191  0.2914  0.3515
  0.4023  0.4454  0.4811  0.5095  0.5313  0.5669  0.5987  0.6268  0.6402  0.6412
  0.6309  0.6104  0.5816  0.5464  0.5065  0.4633  0.4181  0.3720  0.3250  0.2772
  0.2280
 -1.0274 -0.7519 -0.5102 -0.3028 -0.1281  0.0170  0.1358  0.2321  0.3098  0.3731
  0.4252  0.4687  0.5052  0.5356  0.5894  0.6136  0.6122  0.6362  0.6484
 [Fe/H] =  0.25 [alpha/Fe] = 0.00 BC value = F775W
 -2.6272 -2.5606 -2.4954 -2.1620 -1.6454 -1.1789 -0.8640 -0.6767 -0.3232 -0.0512
  0.1270  0.2417  0.3244  0.3942  0.4467  0.5513
 -2.3374 -2.2564 -2.1828 -2.0123 -1.7472 -1.4170 -1.0461 -0.6547 -0.2821 -0.0183
  0.1471  0.2543  0.3315  0.3919  0.4429  0.5401  0.6116  0.6634  0.6992
 -2.0887 -1.9864 -1.8985 -1.8054 -1.6733 -1.4419 -1.0862 -0.6417 -0.2767 -0.0170
  0.1493  0.2571  0.3338  0.3935  0.4426  0.5362  0.6042  0.6540  0.6849  0.6947
  0.6850
 -1.8811 -1.7506 -1.6425 -1.5414 -1.4236 -1.2534 -0.9844 -0.6244 -0.2860 -0.0298
  0.1415  0.2540  0.3327  0.3930  0.4420  0.5339  0.5992  0.6461  0.6741  0.6824
  0.6739  0.6516  0.6175
 -1.7140 -1.5537 -1.4210 -1.3065 -1.1941 -1.0591 -0.8654 -0.5892 -0.2945 -0.0474
  0.1284  0.2471  0.3295  0.3914  0.4410  0.5321  0.5951  0.6394  0.6655  0.6728
  0.6640  0.6426  0.6113  0.5725  0.5268
 -1.5754 -1.3928 -1.2378 -1.1061 -0.9896 -0.8716 -0.7291 -0.5284 -0.2874 -0.0614
  0.1143  0.2382  0.3250  0.3892  0.4398  0.5310  0.5920  0.6339  0.6585  0.6653
  0.6568  0.6367  0.6075  0.5712  0.5292  0.4811
 -1.3955 -1.2310 -1.0773 -0.9386 -0.8144 -0.6999 -0.5839 -0.4401 -0.2564 -0.0625
  0.1043  0.2295  0.3202  0.3870  0.4389  0.5307  0.5900  0.6296  0.6528  0.6594
  0.6511  0.6319  0.6041  0.5697  0.5301  0.4857  0.4357  0.3795  0.3221  0.2660
 -1.1283 -0.9698 -0.8444 -0.7436 -0.6455 -0.5448 -0.4420 -0.3324 -0.1985 -0.0440
  0.1039  0.2249  0.3167  0.3854  0.4387  0.5314  0.5896  0.6269  0.6486  0.6550
  0.6470  0.6281  0.6012  0.5680  0.5300  0.4879  0.4414  0.3903  0.3337  0.2760
  0.2195
 -1.0102 -0.8008 -0.6354 -0.5095 -0.4130 -0.3356 -0.2664 -0.1936 -0.1060  0.0025
  0.1202  0.2285  0.3169  0.3859  0.4400  0.5334  0.5909  0.6262  0.6461  0.6521
  0.6444  0.6257  0.5992  0.5665  0.5293  0.4884  0.4440  0.3960  0.3441  0.2873
  0.2290
 -0.9773 -0.7428 -0.5467 -0.3886 -0.2637 -0.1647 -0.0832 -0.0136  0.0515  0.1188
  0.1903  0.2626  0.3315  0.3929  0.4448  0.5377  0.5945  0.6283  0.6461  0.6511
  0.6434  0.6247  0.5981  0.5654  0.5283  0.4876  0.4440  0.3975  0.3481  0.2954
  0.2386
 -0.9953 -0.7430 -0.5268 -0.3462 -0.1985 -0.0795  0.0169  0.0974  0.1679  0.2328
  0.2922  0.3448  0.3895  0.4283  0.4639  0.5434  0.5993  0.6321  0.6484  0.6523
  0.6445  0.6260  0.5992  0.5664  0.5290  0.4881  0.4443  0.3983  0.3502  0.2998
  0.2468
 -1.0434 -0.7759 -0.5430 -0.3455 -0.1805 -0.0449  0.0656  0.1559  0.2313  0.2965
  0.3545  0.4056  0.4485  0.4830  0.5103  0.5621  0.6066  0.6382  0.6533  0.6560
  0.6478  0.6295  0.6026  0.5694  0.5315  0.4899  0.4453  0.3988  0.3507  0.3011
  0.2500
 -1.1139 -0.8325 -0.5849 -0.3701 -0.1908 -0.0409  0.0823  0.1828  0.2648  0.3327
  0.3903  0.4398  0.4823  0.5179  0.5840  0.5938  0.6164  0.6466  0.6608
 [Fe/H] =  0.50 [alpha/Fe] = 0.00 BC value = F775W
 -2.6975 -3.0528 -2.9879 -2.5885 -2.0670 -1.5467 -1.0836 -0.7227 -0.3753 -0.0835
  0.1177  0.2447  0.3323  0.4009  0.4624  0.5670
 -2.4333 -2.5192 -2.4737 -2.3104 -2.0413 -1.6770 -1.2267 -0.7377 -0.3507 -0.0557
  0.1357  0.2563  0.3389  0.4019  0.4531  0.5510  0.6200  0.6702  0.7075
 -2.2019 -2.1391 -2.0909 -2.0395 -1.9151 -1.6700 -1.2717 -0.7610 -0.3582 -0.0609
  0.1338  0.2565  0.3398  0.4021  0.4524  0.5467  0.6135  0.6627  0.6934  0.7057
  0.7005
 -2.0033 -1.9126 -1.8395 -1.7758 -1.6883 -1.5258 -1.2186 -0.7832 -0.3853 -0.0841
  0.1191  0.2497  0.3369  0.4006  0.4511  0.5441  0.6093  0.6564  0.6865  0.6980
  0.6921  0.6713  0.6378
 -1.8407 -1.7138 -1.6143 -1.5314 -1.4449 -1.3204 -1.1065 -0.7740 -0.4134 -0.1156
  0.0973  0.2376  0.3310  0.3977  0.4493  0.5421  0.6056  0.6508  0.6792  0.6898
  0.6833  0.6634  0.6328  0.5937  0.5468
 -1.7097 -1.5521 -1.4226 -1.3157 -1.2209 -1.1138 -0.9629 -0.7263 -0.4268 -0.1453
  0.0717  0.2215  0.3226  0.3936  0.4472  0.5408  0.6027  0.6459  0.6730  0.6831
  0.6769  0.6581  0.6296  0.5932  0.5505  0.5011
 -1.5769 -1.4089 -1.2611 -1.1335 -1.0223 -0.9175 -0.8006 -0.6359 -0.4099 -0.1638
  0.0474  0.2037  0.3122  0.3885  0.4449  0.5402  0.6010  0.6420  0.6677  0.6775
  0.6717  0.6537  0.6266  0.5924  0.5524  0.5073  0.4561  0.3991  0.3403  0.2828
 -1.3374 -1.1717 -1.0799 -0.9639 -0.8514 -0.7437 -0.6373 -0.5165 -0.3558 -0.1595
  0.0321  0.1875  0.3016  0.3830  0.4425  0.5406  0.6007  0.6396  0.6635  0.6731
  0.6676  0.6502  0.6241  0.5913  0.5533  0.5108  0.4636  0.4111  0.3528  0.2941
  0.2363
 -1.1161 -0.9384 -0.8063 -0.7103 -0.6333 -0.5591 -0.4760 -0.3814 -0.2676 -0.1240
  0.0347  0.1789  0.2932  0.3778  0.4407  0.5420  0.6020  0.6390  0.6610  0.6699
  0.6649  0.6479  0.6223  0.5904  0.5536  0.5128  0.4680  0.4190  0.3654  0.3066
  0.2473
 -1.0446 -0.8280 -0.6504 -0.5118 -0.4062 -0.3240 -0.2560 -0.1935 -0.1245 -0.0360
  0.0737  0.1898  0.2936  0.3770  0.4411  0.5453  0.6055  0.6412  0.6609  0.6685
  0.6635  0.6468  0.6213  0.5897  0.5534  0.5133  0.4696  0.4226  0.3719  0.3173
  0.2582
 -1.0440 -0.8046 -0.5990 -0.4287 -0.2919 -0.1836 -0.0963 -0.0219  0.0452  0.1106
  0.1801  0.2531  0.3244  0.3895  0.4463  0.5489  0.6099  0.6450  0.6630  0.6691
  0.6639  0.6477  0.6224  0.5909  0.5547  0.5148  0.4715  0.4253  0.3762  0.3242
  0.2691
 -1.0856 -0.8269 -0.6015 -0.4090 -0.2488 -0.1181 -0.0123  0.0747  0.1493  0.2168
  0.2805  0.3402  0.3942  0.4408  0.4807  0.5590  0.6159  0.6507  0.6676  0.6721
  0.6664  0.6505  0.6255  0.5939  0.5574  0.5173  0.4737  0.4275  0.3789  0.3280
  0.2750
 -1.1549 -0.8814 -0.6368 -0.4264 -0.2476 -0.0987  0.0237  0.1238  0.2065  0.2769
  0.3391  0.3953  0.4455  0.4885  0.5443  0.5756  0.6235  0.6583  0.6747
 [Fe/H] =  0.75 [alpha/Fe] = 0.00 BC value = F775W
 -2.7229 -2.5053 -2.0358 -1.4405 -1.0223 -0.8303 -0.7871 -0.7645 -0.4225 -0.1230
  0.1023  0.2454  0.3406  0.4099  0.4695  0.5726
 -2.4782 -2.3930 -2.2466 -2.0455 -1.7955 -1.5015 -1.1679 -0.7987 -0.4165 -0.1013
  0.1167  0.2547  0.3458  0.4122  0.4655  0.5652  0.6319  0.6804  0.7170
 -2.2592 -2.2322 -2.2288 -2.2186 -2.0918 -1.8155 -1.3831 -0.8532 -0.4394 -0.1144
  0.1092  0.2514  0.3445  0.4113  0.4637  0.5598  0.6263  0.6742  0.7072  0.7233
  0.7202
 -2.0659 -2.0229 -1.9824 -1.9597 -1.9113 -1.7725 -1.4327 -0.9193 -0.4837 -0.1478
  0.0876  0.2399  0.3389  0.4081  0.4612  0.5564  0.6220  0.6689  0.7002  0.7147
  0.7110  0.6913  0.6589
 -1.9038 -1.8154 -1.7554 -1.7122 -1.6624 -1.5632 -1.3445 -0.9561 -0.5334 -0.1924
  0.0563  0.2214  0.3295  0.4033  0.4581  0.5537  0.6182  0.6640  0.6941  0.7077
  0.7040  0.6858  0.6561  0.6166  0.5685
 -1.7770 -1.6535 -1.5591 -1.4876 -1.4267 -1.3439 -1.1972 -0.9293 -0.5700 -0.2372
  0.0189  0.1973  0.3161  0.3966  0.4546  0.5517  0.6150  0.6594  0.6885  0.7018
  0.6986  0.6813  0.6534  0.6172  0.5736  0.5228
 -1.6682 -1.5198 -1.3959 -1.2948 -1.2105 -1.1286 -1.0214 -0.8421 -0.5735 -0.2742
 -0.0186  0.1696  0.2993  0.3878  0.4503  0.5506  0.6131  0.6555  0.6834  0.6966
  0.6939  0.6776  0.6511  0.6169  0.5765  0.5306  0.4780  0.4195  0.3610  0.3019
 -1.4986 -1.3667 -1.2434 -1.1290 -1.0265 -0.9329 -0.8374 -0.7128 -0.5267 -0.2867
 -0.0494  0.1422  0.2809  0.3773  0.4452  0.5502  0.6126  0.6532  0.6792  0.6920
  0.6900  0.6745  0.6491  0.6166  0.5784  0.5354  0.4874  0.4335  0.3741  0.3148
  0.2555
 -1.2216 -1.0987 -1.0003 -0.9209 -0.8438 -0.7568 -0.6642 -0.5637 -0.4347 -0.2612
 -0.0614  0.1208  0.2624  0.3658  0.4396  0.5508  0.6137  0.6527  0.6766  0.6885
  0.6868  0.6722  0.6476  0.6162  0.5795  0.5385  0.4933  0.4436  0.3886  0.3283
  0.2682
 -1.0955 -0.9084 -0.7628 -0.6542 -0.5769 -0.5178 -0.4616 -0.3943 -0.3062 -0.1881
 -0.0393  0.1169  0.2526  0.3577  0.4353  0.5529  0.6170  0.6548  0.6765  0.6866
  0.6849  0.6708  0.6468  0.6159  0.5800  0.5402  0.4965  0.4491  0.3976  0.3414
  0.2804
 -1.0676 -0.8502 -0.6647 -0.5139 -0.3969 -0.3075 -0.2364 -0.1757 -0.1177 -0.0510
  0.0371  0.1455  0.2568  0.3541  0.4316  0.5546  0.6209  0.6585  0.6785  0.6867
  0.6846  0.6711  0.6477  0.6172  0.5818  0.5426  0.4998  0.4537  0.4041  0.3507
  0.2939
 -1.0932 -0.8553 -0.6452 -0.4658 -0.3176 -0.1988 -0.1041 -0.0261  0.0424  0.1066
  0.1713  0.2408  0.3135  0.3834  0.4456  0.5589  0.6259  0.6639  0.6829  0.6894
  0.6862  0.6731  0.6503  0.6201  0.5847  0.5456  0.5030  0.4574  0.4087  0.3571
  0.3024
 -1.1567 -0.9001 -0.6698 -0.4694 -0.2984 -0.1562 -0.0400  0.0547  0.1338  0.2031
  0.2673  0.3288  0.3868  0.4405  0.4773  0.5658  0.6320  0.6710  0.6897
 [Fe/H] =  1.00 [alpha/Fe] = 0.00 BC value = F775W
 -2.7257 -1.3180  0.0157  0.3862  0.2138 -0.3772 -0.9341 -0.8226 -0.4732 -0.1641
  0.0797  0.2431  0.3485  0.4230  0.4799  0.5883
 -2.4943 -2.4305 -2.3003 -2.1108 -1.8680 -1.5774 -1.2439 -0.8715 -0.4831 -0.1550
  0.0895  0.2483  0.3510  0.4233  0.4790  0.5807  0.6480  0.6943  0.7279
 -2.2800 -2.7902 -2.9995 -2.9385 -2.6345 -2.1113 -1.4597 -0.9386 -0.5218 -0.1774
  0.0752  0.2401  0.3466  0.4202  0.4760  0.5749  0.6423  0.6895  0.7213  0.7392
  0.7388
 -2.0828 -2.3972 -2.0817 -2.0971 -2.0858 -1.9788 -1.5816 -1.0239 -0.5808 -0.2201
  0.0451  0.2223  0.3371  0.4146  0.4718  0.5709  0.6374  0.6841  0.7157  0.7320
  0.7316  0.7141  0.6823
 -1.9147 -1.8682 -1.8496 -1.8467 -1.8355 -1.7699 -1.5603 -1.1162 -0.6509 -0.2767
  0.0035  0.1960  0.3227  0.4069  0.4669  0.5672  0.6331  0.6795  0.7105  0.7263
  0.7261  0.7098  0.6806  0.6410  0.5919
 -1.7847 -1.7000 -1.6454 -1.6142 -1.5927 -1.5432 -1.4142 -1.1263 -0.7123 -0.3362
 -0.0444  0.1634  0.3031  0.3965  0.4612  0.5641  0.6293  0.6749  0.7054  0.7214
  0.7214  0.7062  0.6791  0.6427  0.5984  0.5461
 -1.6845 -1.5670 -1.4767 -1.4116 -1.3637 -1.3148 -1.2293 -1.0466 -0.7389 -0.3903
 -0.0950  0.1253  0.2788  0.3828  0.4541  0.5619  0.6267  0.6708  0.7004  0.7165
  0.7172  0.7032  0.6776  0.6435  0.6029  0.5555  0.5013  0.4429  0.3839  0.3234
 -1.5721 -1.4449 -1.3353 -1.2425 -1.1668 -1.1010 -1.0282 -0.9104 -0.7041 -0.4205
 -0.1400  0.0861  0.2517  0.3661  0.4453  0.5605  0.6256  0.6681  0.6961  0.7118
  0.7133  0.7005  0.6763  0.6439  0.6058  0.5622  0.5127  0.4573  0.3977  0.3379
  0.2771
 -1.3263 -1.2429 -1.1592 -1.0757 -0.9937 -0.9142 -0.8352 -0.7450 -0.6093 -0.4079
 -0.1674  0.0526  0.2236  0.3474  0.4349  0.5596  0.6262  0.6673  0.6933  0.7078
  0.7099  0.6982  0.6752  0.6442  0.6074  0.5659  0.5202  0.4696  0.4132  0.3523
  0.2915
 -1.1292 -0.9825 -0.8792 -0.8094 -0.7605 -0.7119 -0.6501 -0.5723 -0.4741 -0.3371
 -0.1570  0.0360  0.2032  0.3315  0.4250  0.5601  0.6289  0.6693  0.6931  0.7057
  0.7074  0.6966  0.6745  0.6444  0.6086  0.5686  0.5246  0.4770  0.4247  0.3671
  0.3049
 -1.0671 -0.8792 -0.7222 -0.6005 -0.5122 -0.4490 -0.4014 -0.3579 -0.3037 -0.2226
 -0.1039  0.0440  0.1920  0.3172  0.4140  0.5594  0.6321  0.6727  0.6949  0.7054
  0.7062  0.6961  0.6752  0.6459  0.6109  0.5718  0.5291  0.4830  0.4332  0.3791
  0.3208
 -1.0719 -0.8603 -0.6730 -0.5143 -0.3859 -0.2861 -0.2090 -0.1463 -0.0912 -0.0365
  0.0275  0.1127  0.2169  0.3216  0.4120  0.5596  0.6361  0.6778  0.6992  0.7078
  0.7071  0.6970  0.6770  0.6485  0.6141  0.5754  0.5333  0.4881  0.4396  0.3877
  0.3322
 -1.1218 -0.8901 -0.6816 -0.4980 -0.3415 -0.2123 -0.1081 -0.0240  0.0465  0.1100
  0.1711  0.2332  0.3001  0.3703  0.4190  0.5607  0.6409  0.6846  0.7060
