 [Fe/H] = -2.50 [alpha/Fe] = 0.40 BC value =  u   
 -8.4495 -8.3306 -8.2815 -8.1748 -7.9792 -7.7791 -7.6683 -7.6180 -7.5226 -7.3211
 -7.0502 -6.7246 -6.3663 -6.0047 -5.6366 -4.7027 -3.8113 -3.1025 -2.5433
 -8.1493 -7.8806 -7.6793 -7.5061 -7.3522 -7.2163 -7.0931 -6.9688 -6.8239 -6.6427
 -6.4122 -6.1250 -5.7880 -5.4342 -5.0857 -4.2439 -3.4627 -2.8311 -2.3639 -2.0419
 -7.9676 -7.5980 -7.2892 -7.0433 -6.8618 -6.7149 -6.5660 -6.4048 -6.2330 -6.0498
 -5.8357 -5.5792 -5.2740 -4.9407 -4.6141 -3.8550 -3.1704 -2.6062 -2.2028 -1.9268
 -1.7371
 -7.9044 -7.4828 -7.1112 -6.7864 -6.5080 -6.2749 -6.0870 -5.9260 -5.7499 -5.5424
 -5.3207 -5.0872 -4.8243 -4.5242 -4.2218 -3.5360 -2.9344 -2.4278 -2.0601 -1.8121
 -1.6443 -1.5295
 -7.9138 -7.4539 -7.0418 -6.6720 -6.3413 -6.0479 -5.7893 -5.5616 -5.3609 -5.1687
 -4.9514 -4.7102 -4.4658 -4.2032 -3.9264 -3.2986 -2.7606 -2.2992 -1.9521 -1.7202
 -1.5667 -1.4636 -1.3942 -1.3478
 -7.9858 -7.4952 -7.0493 -6.6445 -6.2780 -5.9464 -5.6467 -5.3759 -5.1300 -4.9041
 -4.6906 -4.4721 -4.2398 -3.9969 -3.7362 -3.1420 -2.6475 -2.2199 -1.8810 -1.6502
 -1.5018 -1.4047 -1.3408 -1.2998 -1.2743 -1.2580 -1.2461 -1.2358 -1.2247 -1.2095
 -8.1078 -7.5966 -7.1244 -6.6895 -6.2915 -5.9294 -5.6001 -5.2991 -5.0241 -4.7712
 -4.5357 -4.3124 -4.0937 -3.8766 -3.6417 -3.0618 -2.5868 -2.1828 -1.8470 -1.6053
 -1.4496 -1.3517 -1.2895 -1.2507 -1.2282 -1.2165 -1.2112 -1.2080 -1.2058 -1.2032
 -1.1967
 -8.2725 -7.7447 -7.2542 -6.7968 -6.3719 -5.9819 -5.6252 -5.2992 -5.0003 -4.7258
 -4.4718 -4.2346 -4.0111 -3.7978 -3.5857 -3.0430 -2.5678 -2.1762 -1.8437 -1.5876
 -1.4145 -1.3060 -1.2401 -1.2006 -1.1788 -1.1690 -1.1671 -1.1696 -1.1734 -1.1773
 -1.1820
 -8.4684 -7.9265 -7.4201 -6.9472 -6.5023 -6.0879 -5.7057 -5.3554 -5.0347 -4.7402
 -4.4683 -4.2164 -3.9815 -3.7614 -3.5516 -3.0406 -2.5757 -2.1846 -1.8565 -1.5905
 -1.3979 -1.2712 -1.1941 -1.1497 -1.1262 -1.1165 -1.1164 -1.1221 -1.1306 -1.1399
 -1.1492
 -8.7020 -8.1558 -7.6304 -7.1408 -6.6804 -6.2473 -5.8435 -5.4697 -5.1259 -4.8106
 -4.5204 -4.2523 -4.0035 -3.7724 -3.5556 -3.0522 -2.6020 -2.2097 -1.8820 -1.6118
 -1.4034 -1.2561 -1.1606 -1.1039 -1.0736 -1.0606 -1.0593 -1.0658 -1.0770 -1.0904
 -1.1042
 -8.9759 -8.4084 -7.8713 -7.3634 -6.8857 -6.4388 -6.0187 -5.6254 -5.2601 -4.9230
 -4.6127 -4.3268 -4.0624 -3.8172 -3.5886 -3.0740 -2.6315 -2.2416 -1.9112 -1.6380
 -1.4208 -1.2578 -1.1432 -1.0691 -1.0263 -1.0056 -0.9999 -1.0043 -1.0155 -1.0309
 -1.0483
 -9.2900 -8.6843 -8.1234 -7.6041 -7.1120 -6.6502 -6.2169 -5.8092 -5.4262 -5.0695
 -4.7386 -4.4330 -4.1508 -3.8898 -3.6506 -3.1060 -2.6642 -2.2803 -1.9441
 [Fe/H] = -2.00 [alpha/Fe] = 0.40 BC value =  u   
 -7.7396 -7.6625 -7.6172 -7.5878 -7.5612 -7.5251 -7.4689 -7.3836 -7.2586 -7.0814
 -6.8431 -6.5436 -6.2015 -5.8529 -5.5243 -4.6958 -3.8960 -3.1964 -2.6674
 -7.3571 -7.2032 -7.0971 -7.0262 -6.9724 -6.9181 -6.8490 -6.7547 -6.6259 -6.4545
 -6.2320 -5.9535 -5.6279 -5.2891 -4.9620 -4.2051 -3.5129 -2.9118 -2.4487 -2.1194
 -7.1499 -6.9006 -6.7176 -6.5858 -6.4732 -6.3766 -6.2825 -6.1743 -6.0409 -5.8759
 -5.6731 -5.4264 -5.1328 -4.8134 -4.5033 -3.8073 -3.2008 -2.6787 -2.2688 -1.9773
 -1.7711
 -7.1061 -6.7749 -6.5121 -6.3081 -6.1435 -5.9996 -5.8608 -5.7157 -5.5600 -5.3906
 -5.1995 -4.9819 -4.7291 -4.4399 -4.1482 -3.5024 -2.9597 -2.4971 -2.1277 -1.8628
 -1.6822 -1.5588
 -7.2006 -6.8214 -6.4914 -6.2203 -5.9953 -5.8000 -5.6206 -5.4459 -5.2663 -5.0736
 -4.8642 -4.6493 -4.4234 -4.1718 -3.9001 -3.2895 -2.7887 -2.3661 -2.0227 -1.7730
 -1.6043 -1.4916 -1.4156 -1.3636
 -7.3855 -6.9536 -6.5734 -6.2382 -5.9426 -5.6828 -5.4531 -5.2472 -5.0592 -4.8830
 -4.6925 -4.4696 -4.2360 -3.9987 -3.7484 -3.1594 -2.6818 -2.2826 -1.9527 -1.7060
 -1.5404 -1.4321 -1.3611 -1.3147 -1.2848 -1.2649 -1.2504 -1.2380 -1.2248 -1.2072
 -7.6765 -7.1832 -6.7473 -6.3609 -6.0172 -5.7109 -5.4375 -5.1919 -4.9681 -4.7593
 -4.5607 -4.3648 -4.1552 -3.9285 -3.6843 -3.0983 -2.6281 -2.2405 -1.9160 -1.6632
 -1.4899 -1.3794 -1.3092 -1.2649 -1.2381 -1.2230 -1.2151 -1.2100 -1.2061 -1.2016
 -1.1932
 -8.0648 -7.5147 -7.0188 -6.5743 -6.1769 -5.8220 -5.5046 -5.2196 -4.9619 -4.7257
 -4.5040 -4.2929 -4.0886 -3.8872 -3.6736 -3.0978 -2.6167 -2.2309 -1.9074 -1.6455
 -1.4566 -1.3348 -1.2599 -1.2145 -1.1884 -1.1753 -1.1710 -1.1715 -1.1738 -1.1764
 -1.1794
 -8.5267 -7.9145 -7.3680 -6.8688 -6.4156 -6.0070 -5.6410 -5.3136 -5.0194 -4.7528
 -4.5075 -4.2781 -4.0605 -3.8533 -3.6530 -3.1248 -2.6368 -2.2417 -1.9162 -1.6465
 -1.4408 -1.3011 -1.2145 -1.1636 -1.1356 -1.1228 -1.1202 -1.1241 -1.1312 -1.1393
 -1.1474
 -9.0240 -8.3771 -7.7838 -7.2377 -6.7344 -6.2733 -5.8553 -5.4800 -5.1444 -4.8434
 -4.5703 -4.3192 -4.0851 -3.8647 -3.6563 -3.1540 -2.6827 -2.2757 -1.9434 -1.6674
 -1.4473 -1.2874 -1.1821 -1.1185 -1.0835 -1.0672 -1.0635 -1.0682 -1.0780 -1.0902
 -1.1030
 -9.5216 -8.8587 -8.2309 -7.6474 -7.1034 -6.5984 -6.1340 -5.7108 -5.3302 -4.9892
 -4.6833 -4.4060 -4.1515 -3.9149 -3.6929 -3.1825 -2.7274 -2.3211 -1.9787 -1.6968
 -1.4671 -1.2910 -1.1659 -1.0846 -1.0367 -1.0125 -1.0044 -1.0071 -1.0169 -1.0312
 -1.0476
-10.0126 -9.3291 -8.6834 -8.0730 -7.4983 -6.9598 -6.4582 -5.9952 -5.5720 -5.1895
 -4.8458 -4.5369 -4.2571 -4.0006 -3.7628 -3.2103 -2.7709 -2.3779 -2.0221
 [Fe/H] = -1.50 [alpha/Fe] = 0.40 BC value =  u   
 -7.3212 -7.3301 -7.3423 -7.3508 -7.3496 -7.3308 -7.2869 -7.2114 -7.0956 -6.9292
 -6.7042 -6.4221 -6.1005 -5.7693 -5.4461 -4.6909 -3.9828 -3.3293 -2.7920
 -6.7965 -6.7795 -6.7749 -6.7718 -6.7611 -6.7345 -6.6845 -6.6050 -6.4888 -6.3286
 -6.1170 -5.8505 -5.5412 -5.2190 -4.9070 -4.1996 -3.5724 -3.0177 -2.5579 -2.2084
 -6.4276 -6.3411 -6.2919 -6.2619 -6.2341 -6.1961 -6.1387 -6.0559 -5.9424 -5.7936
 -5.6039 -5.3681 -5.0869 -4.7826 -4.4849 -3.8224 -3.2585 -2.7737 -2.3725 -2.0630
 -1.8414
 -6.3525 -6.1596 -6.0010 -5.8991 -5.8235 -5.7607 -5.6911 -5.6032 -5.4919 -5.3537
 -5.1848 -4.9810 -4.7370 -4.4593 -4.1768 -3.5485 -3.0285 -2.5904 -2.2290 -1.9474
 -1.7455 -1.6062
 -6.4905 -6.1995 -5.9640 -5.7752 -5.6249 -5.5061 -5.4070 -5.2999 -5.1764 -5.0349
 -4.8739 -4.6909 -4.4806 -4.2357 -3.9704 -3.3641 -2.8701 -2.4602 -2.1228 -1.8581
 -1.6667 -1.5369 -1.4497 -1.3899
 -6.7227 -6.3735 -6.0693 -5.8086 -5.5903 -5.4086 -5.2597 -5.1366 -5.0160 -4.8745
 -4.7003 -4.5096 -4.3085 -4.0908 -3.8473 -3.2541 -2.7709 -2.3754 -2.0496 -1.7921
 -1.6038 -1.4767 -1.3936 -1.3393 -1.3032 -1.2779 -1.2588 -1.2427 -1.2259 -1.2039
 -7.0443 -6.6292 -6.2675 -5.9517 -5.6772 -5.4413 -5.2393 -5.0637 -4.9067 -4.7620
 -4.6166 -4.4443 -4.2382 -4.0172 -3.7877 -3.2048 -2.7205 -2.3289 -2.0066 -1.7483
 -1.5557 -1.4251 -1.3413 -1.2885 -1.2555 -1.2353 -1.2229 -1.2144 -1.2072 -1.1991
 -1.1866
 -7.5041 -6.9981 -6.5612 -6.1817 -5.8506 -5.5609 -5.3075 -5.0854 -4.8881 -4.7075
 -4.5367 -4.3708 -4.2005 -4.0075 -3.7870 -3.2051 -2.7102 -2.3144 -1.9901 -1.7266
 -1.5378 -1.3832 -1.2932 -1.2380 -1.2052 -1.1870 -1.1784 -1.1751 -1.1745 -1.1747
 -1.1745
 -8.1276 -7.5085 -6.9755 -6.5147 -6.1132 -5.7613 -5.4518 -5.1793 -4.9375 -4.7202
 -4.5200 -4.3305 -4.1477 -3.9688 -3.7831 -3.2410 -2.7302 -2.3229 -1.9929 -1.7224
 -1.5083 -1.3523 -1.2500 -1.1880 -1.1525 -1.1342 -1.1274 -1.1277 -1.1320 -1.1379
 -1.1439
 -8.8650 -8.1565 -7.5269 -6.9774 -6.4918 -6.0642 -5.6875 -5.3562 -5.0630 -4.8022
 -4.5670 -4.3508 -4.1476 -3.9539 -3.7671 -3.2851 -2.7880 -2.3611 -2.0202 -1.7408
 -1.5144 -1.3411 -1.2205 -1.1448 -1.1012 -1.0789 -1.0709 -1.0721 -1.0792 -1.0894
 -1.1005
 -9.6484 -8.8794 -8.1793 -7.5444 -6.9775 -6.4698 -6.0182 -5.6180 -5.2646 -4.9525
 -4.6747 -4.4248 -4.1959 -3.9829 -3.7817 -3.3076 -2.8491 -2.4206 -2.0634 -1.7734
 -1.5358 -1.3469 -1.2071 -1.1131 -1.0558 -1.0249 -1.0122 -1.0115 -1.0188 -1.0311
 -1.0458
-10.4213 -9.6136 -8.8643 -8.1706 -7.5366 -6.9591 -6.4365 -5.9661 -5.5468 -5.1757
 -4.8475 -4.5563 -4.2948 -4.0565 -3.8269 -3.3085 -2.9135 -2.5014 -2.1225
 [Fe/H] = -1.00 [alpha/Fe] = 0.40 BC value =  u   
 -7.1631 -7.1961 -7.2212 -7.2346 -7.2331 -7.2104 -7.1600 -7.0767 -6.9551 -6.7936
 -6.5938 -6.3566 -6.0874 -5.7972 -5.4998 -4.7811 -4.1244 -3.5080 -2.9664
 -6.6116 -6.6379 -6.6590 -6.6702 -6.6672 -6.6458 -6.6006 -6.5251 -6.4144 -6.2648
 -6.0738 -5.8419 -5.5749 -5.2879 -4.9971 -4.3128 -3.7057 -3.1723 -2.7180 -2.3513
 -6.1468 -6.1555 -6.1660 -6.1713 -6.1655 -6.1437 -6.1012 -6.0327 -5.9334 -5.7998
 -5.6282 -5.4169 -5.1683 -4.8954 -4.6166 -3.9671 -3.4061 -2.9249 -2.5224 -2.1986
 -1.9504
 -5.8373 -5.7932 -5.7739 -5.7633 -5.7498 -5.7254 -5.6843 -5.6216 -5.5331 -5.4157
 -5.2658 -5.0806 -4.8586 -4.6068 -4.3423 -3.7204 -3.1915 -2.7443 -2.3736 -2.0773
 -1.8500 -1.6859
 -5.8604 -5.6836 -5.5653 -5.4902 -5.4435 -5.4060 -5.3614 -5.3007 -5.2198 -5.1152
 -4.9841 -4.8233 -4.6294 -4.4029 -4.1550 -3.5530 -3.0431 -2.6168 -2.2644 -1.9836
 -1.7685 -1.6134 -1.5069 -1.4333
 -6.1186 -5.8476 -5.6227 -5.4461 -5.3156 -5.2236 -5.1546 -5.0875 -5.0036 -4.9011
 -4.7786 -4.6341 -4.4639 -4.2638 -4.0356 -3.4494 -2.9475 -2.5320 -2.1888 -1.9147
 -1.7044 -1.5519 -1.4485 -1.3801 -1.3338 -1.3005 -1.2746 -1.2527 -1.2309 -1.2033
 -6.4365 -6.1048 -5.8143 -5.5654 -5.3594 -5.1931 -5.0617 -4.9619 -4.8810 -4.7889
 -4.6679 -4.5216 -4.3565 -4.1722 -3.9665 -3.3977 -2.8951 -2.4825 -2.1425 -1.8684
 -1.6569 -1.5017 -1.3959 -1.3278 -1.2843 -1.2563 -1.2372 -1.2232 -1.2114 -1.1989
 -1.1803
 -6.8361 -6.4302 -6.0767 -5.7684 -5.5016 -5.2757 -5.0875 -4.9319 -4.8030 -4.6921
 -4.5860 -4.4670 -4.3171 -4.1362 -3.9367 -3.3892 -2.8804 -2.4634 -2.1218 -1.8435
 -1.6256 -1.4631 -1.3501 -1.2775 -1.2332 -1.2069 -1.1919 -1.1834 -1.1779 -1.1745
 -1.1688
 -7.4000 -6.8719 -6.4308 -6.0512 -5.7227 -5.4387 -5.1950 -4.9877 -4.8114 -4.6587
 -4.5200 -4.3872 -4.2531 -4.1070 -3.9341 -3.4110 -2.8948 -2.4679 -2.1203 -1.8357
 -1.6083 -1.4347 -1.3106 -1.2295 -1.1808 -1.1536 -1.1403 -1.1353 -1.1352 -1.1373
 -1.1398
 -8.1691 -7.5135 -6.9473 -6.4656 -6.0535 -5.6993 -5.3937 -5.1293 -4.9006 -4.7019
 -4.5253 -4.3629 -4.2074 -4.0544 -3.8996 -3.4527 -2.9459 -2.5040 -2.1455 -1.8518
 -1.6126 -1.4246 -1.2852 -1.1901 -1.1315 -1.0990 -1.0840 -1.0798 -1.0825 -1.0891
 -1.0970
 -9.1349 -8.3485 -7.6559 -7.0499 -6.5281 -6.0808 -5.6958 -5.3629 -5.0733 -4.8207
 -4.5981 -4.3988 -4.2156 -4.0424 -3.8750 -3.4624 -3.0111 -2.5641 -2.1902 -1.8849
 -1.6335 -1.4308 -1.2745 -1.1623 -1.0892 -1.0467 -1.0260 -1.0196 -1.0226 -1.0313
 -1.0431
-10.1707 -9.2969 -8.4986 -7.7862 -7.1535 -6.6014 -6.1217 -5.7045 -5.3415 -5.0246
 -4.7468 -4.5012 -4.2812 -4.0804 -3.8603 -3.4401 -3.0904 -2.6482 -2.2544
 [Fe/H] = -0.75 [alpha/Fe] = 0.40 BC value =  u   
 -7.1602 -7.1948 -7.2190 -7.2290 -7.2219 -7.1917 -7.1323 -7.0392 -6.9107 -6.7532
 -6.5716 -6.3644 -6.1294 -5.8696 -5.5926 -4.8912 -4.2277 -3.6229 -3.0870
 -6.6097 -6.6419 -6.6652 -6.6763 -6.6715 -6.6473 -6.5994 -6.5209 -6.4092 -6.2650
 -6.0897 -5.8838 -5.6484 -5.3887 -5.1153 -4.4409 -3.8261 -3.2854 -2.8246 -2.4471
 -6.1349 -6.1585 -6.1774 -6.1872 -6.1838 -6.1638 -6.1234 -6.0574 -5.9617 -5.8345
 -5.6751 -5.4836 -5.2612 -5.0135 -4.7517 -4.1098 -3.5360 -3.0403 -2.6251 -2.2897
 -2.0270
 -5.7710 -5.7703 -5.7760 -5.7794 -5.7744 -5.7564 -5.7214 -5.6651 -5.5835 -5.4736
 -5.3335 -5.1624 -4.9600 -4.7303 -4.4830 -3.8699 -3.3270 -2.8620 -2.4749 -2.1651
 -1.9240 -1.7442
 -5.6319 -5.5391 -5.4912 -5.4680 -5.4520 -5.4311 -5.3982 -5.3484 -5.2776 -5.1827
 -5.0612 -4.9112 -4.7314 -4.5225 -4.2913 -3.7017 -3.1791 -2.7349 -2.3649 -2.0691
 -1.8404 -1.6700 -1.5496 -1.4643
 -5.8415 -5.6166 -5.4469 -5.3286 -5.2502 -5.1987 -5.1578 -5.1078 -5.0420 -4.9572
 -4.8503 -4.7190 -4.5608 -4.3740 -4.1611 -3.5919 -3.0799 -2.6480 -2.2880 -1.9984
 -1.7746 -1.6077 -1.4900 -1.4105 -1.3562 -1.3168 -1.2864 -1.2606 -1.2348 -1.2035
 -6.1611 -5.8654 -5.6111 -5.4014 -5.2352 -5.1084 -5.0163 -4.9513 -4.8877 -4.8053
 -4.7024 -4.5800 -4.4370 -4.2704 -4.0776 -3.5307 -3.0219 -2.5949 -2.2396 -1.9507
 -1.7259 -1.5572 -1.4372 -1.3572 -1.3055 -1.2714 -1.2480 -1.2301 -1.2151 -1.1991
 -1.1767
 -6.5339 -6.1728 -5.8565 -5.5815 -5.3480 -5.1546 -4.9972 -4.8721 -4.7774 -4.6986
 -4.6131 -4.5040 -4.3667 -4.2073 -4.0291 -3.5106 -3.0008 -2.5717 -2.2161 -1.9243
 -1.6938 -1.5185 -1.3920 -1.3072 -1.2536 -1.2212 -1.2016 -1.1897 -1.1818 -1.1748
 -1.1665
 -7.0197 -6.5655 -6.1738 -5.8342 -5.5396 -5.2867 -5.0733 -4.8957 -4.7494 -4.6285
 -4.5215 -4.4176 -4.3057 -4.1725 -4.0099 -3.5191 -3.0084 -2.5721 -2.2117 -1.9144
 -1.6749 -1.4898 -1.3535 -1.2600 -1.2014 -1.1674 -1.1496 -1.1411 -1.1380 -1.1376
 -1.1374
 -7.7280 -7.1344 -6.6282 -6.1978 -5.8288 -5.5116 -5.2391 -5.0065 -4.8096 -4.6425
 -4.4974 -4.3647 -4.2363 -4.1069 -3.9707 -3.5487 -3.0510 -2.6041 -2.2347 -1.9290
 -1.6782 -1.4794 -1.3293 -1.2227 -1.1536 -1.1135 -1.0933 -1.0856 -1.0854 -1.0889
 -1.0951
 -8.6857 -7.9372 -7.2874 -6.7276 -6.2534 -5.8496 -5.5045 -5.2082 -4.9535 -4.7343
 -4.5441 -4.3751 -4.2195 -4.0703 -3.9238 -3.5495 -3.1103 -2.6595 -2.2773 -1.9609
 -1.6985 -1.4854 -1.3194 -1.1970 -1.1136 -1.0628 -1.0362 -1.0258 -1.0256 -1.0319
 -1.0396
 -9.8928 -8.9303 -8.1480 -7.4577 -6.8549 -6.3382 -5.8971 -5.5191 -5.1940 -4.9129
 -4.6683 -4.4536 -4.2616 -4.0856 -3.8692 -3.5215 -3.1863 -2.7383 -2.3395
 [Fe/H] = -0.50 [alpha/Fe] = 0.40 BC value =  u   
 -7.2096 -7.2428 -7.2606 -7.2630 -7.2446 -7.2005 -7.1271 -7.0216 -6.8858 -6.7341
 -6.5719 -6.3952 -6.1984 -5.9759 -5.7289 -5.0559 -4.3883 -3.7738 -3.2111
 -6.6596 -6.6923 -6.7137 -6.7209 -6.7107 -6.6799 -6.6246 -6.5383 -6.4226 -6.2840
 -6.1268 -5.9499 -5.7506 -5.5262 -5.2795 -4.6259 -3.9973 -3.4359 -2.9578 -2.5636
 -6.1787 -6.2084 -6.2298 -6.2396 -6.2348 -6.2125 -6.1697 -6.1015 -6.0053 -5.8833
 -5.7382 -5.5708 -5.3799 -5.1649 -4.9289 -4.3067 -3.7161 -3.1945 -2.7561 -2.4017
 -2.1220
 -5.7877 -5.8061 -5.8224 -5.8315 -5.8293 -5.8129 -5.7793 -5.7248 -5.6456 -5.5407
 -5.4112 -5.2580 -5.0808 -4.8798 -4.6579 -4.0683 -3.5104 -3.0189 -2.6060 -2.2748
 -2.0162 -1.8186
 -5.5316 -5.5084 -5.5031 -5.5025 -5.4977 -5.4834 -5.4556 -5.4108 -5.3452 -5.2561
 -5.1429 -5.0058 -4.8447 -4.6596 -4.4526 -3.8915 -3.3587 -2.8910 -2.4955 -2.1776
 -1.9306 -1.7429 -1.6055 -1.5067
 -5.5966 -5.4397 -5.3385 -5.2796 -5.2476 -5.2251 -5.1975 -5.1577 -5.1015 -5.0254
 -4.9272 -4.8064 -4.6620 -4.4936 -4.3022 -3.7668 -3.2504 -2.7994 -2.4169 -2.1056
 -1.8633 -1.6793 -1.5447 -1.4505 -1.3854 -1.3383 -1.3018 -1.2715 -1.2417 -1.2070
 -5.9040 -5.6450 -5.4332 -5.2705 -5.1518 -5.0684 -5.0111 -4.9674 -4.9141 -4.8452
 -4.7581 -4.6512 -4.5229 -4.3717 -4.1968 -3.6879 -3.1807 -2.7391 -2.3647 -2.0561
 -1.8130 -1.6277 -1.4915 -1.3963 -1.3331 -1.2911 -1.2618 -1.2395 -1.2212 -1.2025
 -1.1777
 -6.2606 -5.9379 -5.6559 -5.4159 -5.2184 -5.0601 -4.9356 -4.8421 -4.7777 -4.7164
 -4.6390 -4.5407 -4.4224 -4.2849 -4.1265 -3.6482 -3.1470 -2.7074 -2.3362 -2.0271
 -1.7790 -1.5879 -1.4462 -1.3462 -1.2807 -1.2397 -1.2144 -1.1978 -1.1864 -1.1773
 -1.1674
 -6.6918 -6.2910 -5.9425 -5.6389 -5.3770 -5.1558 -4.9723 -4.8215 -4.7017 -4.6102
 -4.5307 -4.4484 -4.3507 -4.2290 -4.0830 -3.6368 -3.1427 -2.6999 -2.3262 -2.0136
 -1.7581 -1.5580 -1.4076 -1.2999 -1.2287 -1.1855 -1.1614 -1.1463 -1.1376 -1.1347
 -1.1370
 -7.3019 -6.7798 -6.3363 -5.9551 -5.6260 -5.3425 -5.1007 -4.8969 -4.7272 -4.5877
 -4.4710 -4.3662 -4.2639 -4.1574 -4.0386 -3.6491 -3.1721 -2.7244 -2.3442 -2.0247
 -1.7594 -1.5467 -1.3836 -1.2642 -1.1828 -1.1326 -1.1055 -1.0929 -1.0892 -1.0899
 -1.0939
 -8.1789 -7.4946 -6.9093 -6.4141 -5.9923 -5.6321 -5.3240 -5.0608 -4.8371 -4.6481
 -4.4877 -4.3477 -4.2193 -4.0952 -3.9716 -3.6398 -3.2200 -2.7717 -2.3826 -2.0542
 -1.7786 -1.5522 -1.3741 -1.2402 -1.1454 -1.0842 -1.0498 -1.0337 -1.0297 -1.0330
 -1.0381
 -9.3087 -8.4668 -7.7259 -7.0835 -6.5322 -6.0653 -5.6686 -5.3305 -5.0419 -4.7948
 -4.5828 -4.3990 -4.2357 -4.0857 -3.8820 -3.6089 -3.2864 -2.8418 -2.4414
 [Fe/H] = -0.25 [alpha/Fe] = 0.40 BC value =  u   
 -7.3139 -7.3399 -7.3528 -7.3461 -7.3134 -7.2494 -7.1502 -7.0195 -6.8805 -6.7382
 -6.5944 -6.4459 -6.2860 -6.1049 -5.8966 -5.2779 -4.6047 -3.9691 -3.3821
 -6.7616 -6.7922 -6.8069 -6.8060 -6.7856 -6.7430 -6.6746 -6.5746 -6.4523 -6.3203
 -6.1812 -6.0328 -5.8699 -5.6858 -5.4755 -4.8659 -4.2264 -3.6340 -3.1270 -2.7083
 -6.2723 -6.3031 -6.3227 -6.3285 -6.3179 -6.2887 -6.2384 -6.1620 -6.0605 -5.9424
 -5.8126 -5.6705 -5.5127 -5.3350 -5.1337 -4.5542 -3.9518 -3.3965 -2.9246 -2.5421
 -2.2399
 -5.8602 -5.8870 -5.9069 -5.9164 -5.9126 -5.8932 -5.8561 -5.7978 -5.7154 -5.6126
 -5.4939 -5.3609 -5.2120 -5.0443 -4.8552 -4.3113 -3.7456 -3.2226 -2.7749 -2.4136
 -2.1315 -1.9132
 -5.5447 -5.5533 -5.5649 -5.5724 -5.5710 -5.5576 -5.5297 -5.4847 -5.4186 -5.3310
 -5.2246 -5.1022 -4.9634 -4.8066 -4.6300 -4.1195 -3.5858 -3.0918 -2.6640 -2.3153
 -2.0438 -1.8354 -1.6784 -1.5623
 -5.4829 -5.3548 -5.3189 -5.3044 -5.2955 -5.2821 -5.2586 -5.2218 -5.1683 -5.0948
 -5.0016 -4.8907 -4.7629 -4.6173 -4.4528 -3.9716 -3.4627 -2.9929 -2.5823 -2.2422
 -1.9748 -1.7699 -1.6161 -1.5041 -1.4241 -1.3662 -1.3223 -1.2856 -1.2501 -1.2104
 -5.6667 -5.4542 -5.2989 -5.1913 -5.1195 -5.0746 -5.0438 -5.0093 -4.9630 -4.9007
 -4.8199 -4.7212 -4.6052 -4.4715 -4.3190 -3.8656 -3.3744 -2.9210 -2.5245 -2.1904
 -1.9229 -1.7166 -1.5616 -1.4488 -1.3705 -1.3173 -1.2798 -1.2519 -1.2290 -1.2055
 -1.1765
 -6.0127 -5.7240 -5.4778 -5.2774 -5.1209 -5.0017 -4.9128 -4.8483 -4.8014 -4.7463
 -4.6754 -4.5878 -4.4835 -4.3621 -4.2222 -3.7976 -3.3207 -2.8758 -2.4882 -2.1577
 -1.8872 -1.6756 -1.5155 -1.3985 -1.3175 -1.2649 -1.2313 -1.2088 -1.1929 -1.1801
 -1.1662
 -6.4058 -6.0490 -5.7367 -5.4668 -5.2389 -5.0513 -4.8986 -4.7746 -4.6810 -4.6149
 -4.5529 -4.4801 -4.3901 -4.2811 -4.1537 -3.7590 -3.2964 -2.8545 -2.4688 -2.1389
 -1.8638 -1.6444 -1.4765 -1.3525 -1.2660 -1.2104 -1.1774 -1.1581 -1.1472 -1.1407
 -1.1358
 -6.9266 -6.4739 -6.0812 -5.7420 -5.4486 -5.1976 -4.9862 -4.8099 -4.6640 -4.5472
 -4.4553 -4.3740 -4.2927 -4.2032 -4.0977 -3.7475 -3.3058 -2.8657 -2.4775 -2.1442
 -1.8624 -1.6323 -1.4528 -1.3182 -1.2221 -1.1591 -1.1220 -1.1027 -1.0943 -1.0919
 -1.0921
 -7.6833 -7.0806 -6.5693 -6.1338 -5.7607 -5.4402 -5.1659 -4.9328 -4.7367 -4.5730
 -4.4373 -4.3223 -4.2186 -4.1185 -4.0171 -3.7269 -3.3355 -2.8999 -2.5073 -2.1681
 -1.8785 -1.6368 -1.4437 -1.2957 -1.1874 -1.1134 -1.0682 -1.0444 -1.0350 -1.0344
 -1.0352
 -8.7274 -7.9622 -7.2892 -6.7130 -6.2256 -5.8112 -5.4579 -5.1570 -4.9010 -4.6839
 -4.5004 -4.3442 -4.2072 -4.0818 -3.9119 -3.6972 -3.3855 -2.9571 -2.5582
 [Fe/H] =  0.00 [alpha/Fe] = 0.40 BC value =  u   
 -7.4670 -7.4847 -7.4759 -7.4382 -7.3723 -7.2786 -7.1652 -7.0168 -6.8887 -6.7583
 -6.6298 -6.5039 -6.3751 -6.2341 -6.0708 -5.5359 -4.8783 -4.2160 -3.5918
 -6.9135 -6.9374 -6.9441 -6.9301 -6.8930 -6.8310 -6.7411 -6.6190 -6.4915 -6.3654
 -6.2417 -6.1174 -5.9866 -5.8423 -5.6754 -5.1428 -4.5111 -3.8855 -3.3390 -2.8866
 -6.4121 -6.4407 -6.4550 -6.4524 -6.4309 -6.3887 -6.3237 -6.2324 -6.1213 -6.0047
 -5.8878 -5.7685 -5.6412 -5.5006 -5.3396 -4.8335 -4.2394 -3.6518 -3.1381 -2.7183
 -2.3854
 -5.9782 -6.0079 -6.0270 -6.0325 -6.0224 -5.9948 -5.9483 -5.8796 -5.7883 -5.6837
 -5.5738 -5.4602 -5.3385 -5.2044 -5.0525 -4.5810 -4.0279 -3.4773 -2.9891 -2.5891
 -2.2753 -2.0309
 -5.6230 -5.6453 -5.6631 -5.6721 -5.6690 -5.6516 -5.6184 -5.5671 -5.4945 -5.4034
 -5.3017 -5.1936 -5.0776 -4.9503 -4.8075 -4.3696 -3.8553 -3.3408 -2.8763 -2.4899
 -2.1859 -1.9512 -1.7712 -1.6342
 -5.3879 -5.3724 -5.3722 -5.3747 -5.3721 -5.3597 -5.3348 -5.2953 -5.2385 -5.1620
 -5.0700 -4.9683 -4.8582 -4.7373 -4.6025 -4.1940 -3.7128 -3.2305 -2.7899 -2.4145
 -2.1151 -1.8836 -1.7072 -1.5745 -1.4764 -1.4038 -1.3485 -1.3041 -1.2616 -1.2162
 -5.4668 -5.3218 -5.2274 -5.1722 -5.1426 -5.1228 -5.0998 -5.0666 -5.0203 -4.9574
 -4.8769 -4.7833 -4.6795 -4.5651 -4.4378 -4.0545 -3.5994 -3.1431 -2.7239 -2.3592
 -2.0611 -1.8283 -1.6510 -1.5181 -1.4215 -1.3529 -1.3042 -1.2685 -1.2397 -1.2108
 -1.1772
 -5.7857 -5.5324 -5.3293 -5.1773 -5.0663 -4.9847 -4.9248 -4.8824 -4.8406 -4.7875
 -4.7185 -4.6345 -4.5383 -4.4311 -4.3114 -3.9514 -3.5183 -3.0789 -2.6762 -2.3213
 -2.0234 -1.7859 -1.6037 -1.4669 -1.3681 -1.2999 -1.2546 -1.2241 -1.2019 -1.1847
 -1.1667
 -6.1577 -5.8343 -5.5557 -5.3205 -5.1295 -4.9780 -4.8585 -4.7688 -4.7000 -4.6422
 -4.5848 -4.5133 -4.4275 -4.3288 -4.2173 -3.8795 -3.4660 -3.0369 -2.6432 -2.2950
 -1.9967 -1.7533 -1.5639 -1.4208 -1.3168 -1.2455 -1.2001 -1.1725 -1.1552 -1.1438
 -1.1355
 -6.6133 -6.2118 -5.8616 -5.5580 -5.2980 -5.0799 -4.8996 -4.7525 -4.6335 -4.5376
 -4.4608 -4.3956 -4.3246 -4.2428 -4.1464 -3.8382 -3.4472 -3.0276 -2.6371 -2.2913
 -1.9913 -1.7403 -1.5406 -1.3875 -1.2746 -1.1958 -1.1456 -1.1166 -1.1015 -1.0936
 -1.0911
 -7.2518 -6.7260 -6.2790 -5.8944 -5.5624 -5.2773 -5.0349 -4.8311 -4.6602 -4.5179
 -4.4030 -4.3078 -4.2239 -4.1434 -4.0596 -3.8045 -3.4505 -3.0422 -2.6527 -2.3055
 -2.0021 -1.7435 -1.5321 -1.3667 -1.2421 -1.1528 -1.0940 -1.0595 -1.0425 -1.0367
 -1.0335
 -8.1829 -7.4831 -6.8890 -6.3859 -5.9570 -5.5901 -5.2761 -5.0087 -4.7823 -4.5915
 -4.4314 -4.2971 -4.1819 -4.0784 -3.9569 -3.7784 -3.4759 -3.0807 -2.6900
 [Fe/H] =  0.25 [alpha/Fe] = 0.40 BC value =  u   
 -7.6675 -7.6770 -7.6249 -7.5293 -7.4074 -7.2732 -7.1386 -7.0131 -6.8995 -6.7843
 -6.6680 -6.5575 -6.4508 -6.3425 -6.2209 -5.7958 -5.1844 -4.5061 -3.8422
 -7.1057 -7.1227 -7.1178 -7.0871 -7.0265 -6.9327 -6.8035 -6.6525 -6.5281 -6.4104
 -6.2985 -6.1916 -6.0846 -5.9729 -5.8473 -5.4197 -4.8300 -4.1839 -3.5944 -3.1013
 -6.5913 -6.6157 -6.6219 -6.6069 -6.5682 -6.5050 -6.4168 -6.3009 -6.1781 -6.0632
 -5.9557 -5.8535 -5.7500 -5.6403 -5.5176 -5.1101 -4.5585 -3.9537 -3.3966 -2.9331
 -2.5619
 -6.1349 -6.1643 -6.1792 -6.1770 -6.1556 -6.1136 -6.0504 -5.9642 -5.8579 -5.7491
 -5.6454 -5.5464 -5.4475 -5.3421 -5.2250 -4.8458 -4.3376 -3.7767 -3.2488 -2.8046
 -2.4512 -2.1741
 -5.7454 -5.7750 -5.7928 -5.7989 -5.7895 -5.7631 -5.7186 -5.6546 -5.5692 -5.4700
 -5.3703 -5.2737 -5.1777 -5.0766 -4.9653 -4.6143 -4.1485 -3.6314 -3.1336 -2.7049
 -2.3614 -2.0936 -1.8856 -1.7244
 -5.4309 -5.4543 -5.4677 -5.4751 -5.4718 -5.4553 -5.4238 -5.3762 -5.3102 -5.2250
 -5.1309 -5.0364 -4.9423 -4.8445 -4.7381 -4.4116 -3.9836 -3.5069 -3.0407 -2.6275
 -2.2895 -2.0250 -1.8208 -1.6641 -1.5446 -1.4535 -1.3836 -1.3280 -1.2760 -1.2237
 -5.3430 -5.2715 -5.2324 -5.2182 -5.2090 -5.1949 -5.1705 -5.1332 -5.0816 -5.0123
 -4.9273 -4.8361 -4.7435 -4.6479 -4.5456 -4.2389 -3.8425 -3.3997 -2.9642 -2.5681
 -2.2340 -1.9687 -1.7637 -1.6075 -1.4897 -1.4024 -1.3382 -1.2908 -1.2537 -1.2177
 -1.1787
 -5.5800 -5.3740 -5.2279 -5.1251 -5.0514 -5.0011 -4.9654 -4.9311 -4.8874 -4.8309
 -4.7579 -4.6729 -4.5828 -4.4893 -4.3902 -4.0994 -3.7288 -3.3122 -2.9022 -2.5232
 -2.1938 -1.9256 -1.7160 -1.5565 -1.4368 -1.3493 -1.2880 -1.2448 -1.2143 -1.1911
 -1.1677
 -5.9331 -5.6443 -5.4003 -5.2047 -5.0555 -4.9431 -4.8556 -4.7837 -4.7288 -4.6777
 -4.6167 -4.5413 -4.4561 -4.3655 -4.2695 -3.9920 -3.6426 -3.2444 -2.8513 -2.4872
 -2.1636 -1.8920 -1.6763 -1.5105 -1.3860 -1.2956 -1.2335 -1.1927 -1.1663 -1.1485
 -1.1358
 -6.3491 -5.9880 -5.6731 -5.4026 -5.1763 -4.9923 -4.8439 -4.7234 -4.6245 -4.5475
 -4.4883 -4.4262 -4.3535 -4.2714 -4.1810 -3.9177 -3.5888 -3.2075 -2.8254 -2.4713
 -2.1529 -1.8782 -1.6540 -1.4787 -1.3455 -1.2478 -1.1806 -1.1377 -1.1124 -1.0978
 -1.0911
 -6.8942 -6.4336 -6.0367 -5.6931 -5.3965 -5.1443 -4.9335 -4.7581 -4.6114 -4.4896
 -4.3908 -4.3134 -4.2433 -4.1723 -4.0961 -3.8654 -3.5592 -3.1947 -2.8202 -2.4710
 -2.1559 -1.8788 -1.6462 -1.4597 -1.3153 -1.2075 -1.1317 -1.0827 -1.0544 -1.0409
 -1.0359
 -7.6860 -7.0726 -6.5531 -6.1103 -5.7308 -5.4044 -5.1258 -4.8898 -4.6912 -4.5240
 -4.3833 -4.2662 -4.1684 -4.0821 -4.0148 -3.8351 -3.5538 -3.2060 -2.8357
 [Fe/H] =  0.50 [alpha/Fe] = 0.40 BC value =  u   
 -7.9153 -7.9167 -7.7999 -7.6193 -7.4186 -7.2333 -7.0704 -7.0061 -6.9136 -6.8121
 -6.7042 -6.6017 -6.5084 -6.4212 -6.3303 -6.0177 -5.4930 -4.8180 -4.1562
 -7.3382 -7.3481 -7.3157 -7.2270 -7.1141 -6.9795 -6.8254 -6.6697 -6.5591 -6.4514
 -6.3472 -6.2501 -6.1583 -6.0681 -5.9740 -5.6567 -5.1471 -4.5071 -3.8870 -3.3474
 -6.8099 -6.8281 -6.8142 -6.7835 -6.7199 -6.6287 -6.5075 -6.3516 -6.2236 -6.1141
 -6.0125 -5.9205 -5.8327 -5.7445 -5.6511 -5.3462 -4.8735 -4.2803 -3.6887 -3.1815
 -2.7694
 -6.3206 -6.3484 -6.3575 -6.3446 -6.3069 -6.2436 -6.1556 -6.0433 -5.9182 -5.8055
 -5.7051 -5.6157 -5.5320 -5.4477 -5.3573 -5.0715 -4.6413 -4.0997 -3.5440 -3.0561
 -2.6591 -2.3436
 -5.9006 -5.9318 -5.9492 -5.9492 -5.9296 -5.8886 -5.8261 -5.7426 -5.6380 -5.5292
 -5.4288 -5.3394 -5.2575 -5.1762 -5.0900 -4.8236 -4.4344 -3.9434 -3.4270 -2.9581
 -2.5710 -2.2640 -2.0229 -1.8335
 -5.5500 -5.5751 -5.5936 -5.6006 -5.5924 -5.5671 -5.5238 -5.4621 -5.3809 -5.2825
 -5.1843 -5.0936 -5.0112 -4.9316 -4.8485 -4.5992 -4.2468 -3.8020 -3.3265 -2.8796
 -2.5001 -2.1967 -1.9590 -1.7742 -1.6303 -1.5178 -1.4299 -1.3589 -1.2946 -1.2334
 -5.3203 -5.3080 -5.3048 -5.3068 -5.3020 -5.2855 -5.2546 -5.2083 -5.1459 -5.0649
 -4.9718 -4.8809 -4.7966 -4.7165 -4.6354 -4.3995 -4.0780 -3.6733 -3.2370 -2.8153
 -2.4443 -2.1413 -1.9032 -1.7187 -1.5765 -1.4673 -1.3844 -1.3215 -1.2724 -1.2268
 -1.1813
 -5.4156 -5.2749 -5.1774 -5.1168 -5.0804 -5.0550 -5.0274 -4.9899 -4.9396 -4.8748
 -4.7932 -4.7041 -4.6177 -4.5359 -4.4550 -4.2286 -3.9319 -3.5593 -3.1568 -2.7614
 -2.4014 -2.0983 -1.8569 -1.6690 -1.5252 -1.4158 -1.3345 -1.2752 -1.2321 -1.2001
 -1.1694
 -5.7360 -5.4800 -5.2775 -5.1301 -5.0247 -4.9423 -4.8729 -4.8156 -4.7659 -4.7120
 -4.6438 -4.5616 -4.4750 -4.3911 -4.3093 -4.0887 -3.8101 -3.4624 -3.0846 -2.7122
 -2.3654 -2.0635 -1.8174 -1.6244 -1.4759 -1.3635 -1.2812 -1.2232 -1.1833 -1.1559
 -1.1370
 -6.1257 -5.7977 -5.5142 -5.2773 -5.0864 -4.9384 -4.8237 -4.7315 -4.6502 -4.5806
 -4.5203 -4.4495 -4.3677 -4.2836 -4.2003 -3.9829 -3.7195 -3.3932 -3.0341 -2.6798
 -2.3464 -2.0473 -1.7959 -1.5944 -1.4378 -1.3184 -1.2308 -1.1697 -1.1299 -1.1051
 -1.0899
 -6.6062 -6.1946 -5.8370 -5.5272 -5.2628 -5.0427 -4.8628 -4.7155 -4.5939 -4.4926
 -4.4084 -4.3399 -4.2712 -4.1957 -4.1164 -3.9056 -3.6547 -3.3470 -3.0025 -2.6602
 -2.3377 -2.0433 -1.7875 -1.5769 -1.4099 -1.2810 -1.1853 -1.1178 -1.0742 -1.0486
 -1.0354
 -7.2793 -6.7385 -6.2797 -5.8858 -5.5462 -5.2549 -5.0082 -4.8017 -4.6292 -4.4839
 -4.3611 -4.2598 -4.1741 -4.0985 -4.0576 -3.8568 -3.6157 -3.3238 -2.9898
