 [Fe/H] = -2.50 [alpha/Fe] = 0.40 BC value =  z   
  0.4710  0.4563  0.3985  0.3528  0.3357  0.3185  0.2760  0.2244  0.1939  0.1976
  0.2195  0.2552  0.2961  0.3338  0.3684  0.4265  0.4408  0.4236  0.3976
  0.4321  0.4458  0.4330  0.4106  0.3815  0.3465  0.3096  0.2765  0.2520  0.2390
  0.2392  0.2538  0.2812  0.3143  0.3453  0.3976  0.4113  0.3947  0.3647  0.3263
  0.4057  0.4303  0.4403  0.4344  0.4096  0.3758  0.3448  0.3183  0.2947  0.2741
  0.2625  0.2622  0.2760  0.3012  0.3276  0.3739  0.3867  0.3707  0.3387  0.2998
  0.2578
  0.3918  0.4098  0.4204  0.4242  0.4200  0.4064  0.3816  0.3498  0.3220  0.3029
  0.2894  0.2804  0.2805  0.2945  0.3153  0.3554  0.3670  0.3516  0.3195  0.2807
  0.2388  0.1953
  0.4035  0.4099  0.4135  0.4156  0.4155  0.4114  0.4021  0.3873  0.3664  0.3425
  0.3231  0.3095  0.2990  0.2986  0.3107  0.3431  0.3530  0.3379  0.3051  0.2655
  0.2231  0.1793  0.1345  0.0891
  0.4426  0.4348  0.4273  0.4221  0.4190  0.4162  0.4119  0.4049  0.3948  0.3821
  0.3670  0.3518  0.3378  0.3253  0.3222  0.3384  0.3456  0.3305  0.2965  0.2546
  0.2107  0.1657  0.1201  0.0739  0.0274 -0.0195 -0.0673 -0.1181 -0.1730 -0.2293
  0.5068  0.4842  0.4638  0.4479  0.4371  0.4301  0.4250  0.4201  0.4137  0.4060
  0.3973  0.3878  0.3779  0.3649  0.3544  0.3463  0.3453  0.3296  0.2947  0.2496
  0.2024  0.1553  0.1080  0.0606  0.0131 -0.0344 -0.0826 -0.1316 -0.1839 -0.2410
 -0.3001
  0.5902  0.5548  0.5219  0.4940  0.4730  0.4579  0.4477  0.4403  0.4338  0.4270
  0.4199  0.4127  0.4055  0.3973  0.3868  0.3688  0.3543  0.3348  0.2995  0.2517
  0.2002  0.1492  0.0993  0.0500  0.0010 -0.0478 -0.0967 -0.1460 -0.1966 -0.2502
 -0.3095
  0.6852  0.6400  0.5970  0.5585  0.5266  0.5018  0.4834  0.4700  0.4597  0.4509
  0.4427  0.4349  0.4275  0.4204  0.4116  0.3924  0.3710  0.3453  0.3088  0.2596
  0.2043  0.1486  0.0945  0.0420 -0.0094 -0.0598 -0.1100 -0.1602 -0.2108 -0.2630
 -0.3184
  0.7855  0.7341  0.6841  0.6377  0.5964  0.5619  0.5339  0.5122  0.4953  0.4817
  0.4701  0.4597  0.4502  0.4414  0.4324  0.4118  0.3886  0.3590  0.3212  0.2724
  0.2155  0.1560  0.0973  0.0406 -0.0142 -0.0673 -0.1195 -0.1709 -0.2221 -0.2738
 -0.3274
  0.8899  0.8332  0.7781  0.7264  0.6787  0.6357  0.5987  0.5679  0.5427  0.5221
  0.5049  0.4899  0.4767  0.4647  0.4536  0.4284  0.4041  0.3729  0.3339  0.2859
  0.2296  0.1687  0.1065  0.0455 -0.0133 -0.0700 -0.1250 -0.1786 -0.2312 -0.2835
 -0.3363
  0.9984  0.9373  0.8760  0.8211  0.7686  0.7198  0.6756  0.6364  0.6026  0.5737
  0.5492  0.5279  0.5093  0.4928  0.4752  0.4422  0.4175  0.3870  0.3469
 [Fe/H] = -2.00 [alpha/Fe] = 0.40 BC value =  z   
  0.3254  0.3341  0.3264  0.3070  0.2802  0.2514  0.2254  0.2061  0.1959  0.1969
  0.2111  0.2376  0.2729  0.3097  0.3444  0.4062  0.4325  0.4239  0.3942
  0.3943  0.4127  0.4092  0.3891  0.3587  0.3235  0.2886  0.2586  0.2362  0.2236
  0.2233  0.2365  0.2621  0.2932  0.3230  0.3781  0.4016  0.3946  0.3664  0.3285
  0.4096  0.4461  0.4548  0.4404  0.4154  0.3820  0.3450  0.3098  0.2798  0.2572
  0.2445  0.2440  0.2574  0.2814  0.3070  0.3555  0.3763  0.3703  0.3434  0.3061
  0.2648
  0.3951  0.4415  0.4621  0.4604  0.4428  0.4151  0.3823  0.3489  0.3188  0.2929
  0.2733  0.2619  0.2618  0.2758  0.2964  0.3384  0.3566  0.3510  0.3252  0.2882
  0.2466  0.2030
  0.3787  0.4161  0.4401  0.4490  0.4450  0.4313  0.4102  0.3839  0.3542  0.3245
  0.3023  0.2866  0.2776  0.2789  0.2922  0.3272  0.3426  0.3366  0.3115  0.2741
  0.2319  0.1878  0.1426  0.0966
  0.3820  0.4100  0.4275  0.4375  0.4415  0.4393  0.4311  0.4172  0.3978  0.3724
  0.3450  0.3221  0.3043  0.2946  0.2965  0.3221  0.3343  0.3276  0.3024  0.2642
  0.2205  0.1751  0.1289  0.0821  0.0349 -0.0128 -0.0615 -0.1131 -0.1684 -0.2245
  0.4098  0.4249  0.4330  0.4362  0.4372  0.4363  0.4331  0.4266  0.4167  0.4043
  0.3892  0.3708  0.3511  0.3323  0.3196  0.3234  0.3318  0.3239  0.2985  0.2590
  0.2130  0.1654  0.1176  0.0696  0.0213 -0.0271 -0.0762 -0.1262 -0.1791 -0.2363
 -0.2954
  0.4625  0.4631  0.4592  0.4532  0.4471  0.4422  0.4384  0.4344  0.4290  0.4217
  0.4132  0.4036  0.3922  0.3775  0.3612  0.3388  0.3351  0.3252  0.2998  0.2595
  0.2107  0.1598  0.1094  0.0595  0.0098 -0.0397 -0.0896 -0.1399 -0.1914 -0.2457
 -0.3051
  0.5391  0.5252  0.5078  0.4903  0.4749  0.4626  0.4539  0.4476  0.4425  0.4370
  0.4309  0.4242  0.4171  0.4087  0.3970  0.3693  0.3485  0.3316  0.3051  0.2647
  0.2137  0.1591  0.1049  0.0519  0.0000 -0.0512 -0.1023 -0.1534 -0.2051 -0.2580
 -0.3141
  0.6328  0.6056  0.5763  0.5477  0.5219  0.5004  0.4838  0.4718  0.4630  0.4559
  0.4494  0.4429  0.4362  0.4295  0.4214  0.3972  0.3708  0.3444  0.3146  0.2744
  0.2231  0.1658  0.1076  0.0507 -0.0045 -0.0583 -0.1112 -0.1636 -0.2158 -0.2684
 -0.3229
  0.7365  0.6997  0.6605  0.6224  0.5871  0.5560  0.5304  0.5102  0.4949  0.4830
  0.4734  0.4646  0.4564  0.4485  0.4405  0.4185  0.3924  0.3614  0.3270  0.2861
  0.2355  0.1775  0.1164  0.0555 -0.0036 -0.0607 -0.1164 -0.1708 -0.2244 -0.2777
 -0.3313
  0.8488  0.8021  0.7559  0.7105  0.6674  0.6281  0.5936  0.5645  0.5409  0.5218
  0.5064  0.4933  0.4815  0.4706  0.4543  0.4332  0.4133  0.3826  0.3423
 [Fe/H] = -1.50 [alpha/Fe] = 0.40 BC value =  z   
  0.1059  0.1305  0.1440  0.1505  0.1522  0.1537  0.1593  0.1696  0.1769  0.1859
  0.2026  0.2289  0.2617  0.2955  0.3266  0.3859  0.4177  0.4211  0.3989
  0.2114  0.2409  0.2546  0.2563  0.2500  0.2392  0.2290  0.2216  0.2137  0.2091
  0.2129  0.2280  0.2530  0.2819  0.3095  0.3619  0.3893  0.3914  0.3709  0.3363
  0.2849  0.3224  0.3404  0.3423  0.3322  0.3142  0.2933  0.2740  0.2554  0.2403
  0.2323  0.2351  0.2501  0.2732  0.2973  0.3437  0.3670  0.3680  0.3488  0.3152
  0.2747
  0.3209  0.3740  0.4047  0.4086  0.3991  0.3789  0.3529  0.3262  0.3006  0.2778
  0.2606  0.2520  0.2550  0.2698  0.2896  0.3305  0.3504  0.3501  0.3315  0.2987
  0.2581  0.2145
  0.3271  0.3917  0.4327  0.4523  0.4525  0.4351  0.4043  0.3721  0.3424  0.3160
  0.2940  0.2778  0.2698  0.2735  0.2871  0.3220  0.3388  0.3370  0.3183  0.2858
  0.2449  0.2005  0.1548  0.1080
  0.3186  0.3809  0.4264  0.4557  0.4692  0.4683  0.4531  0.4247  0.3898  0.3554
  0.3270  0.3066  0.2930  0.2867  0.2910  0.3180  0.3317  0.3282  0.3090  0.2765
  0.2348  0.1892  0.1423  0.0947  0.0464 -0.0025 -0.0525 -0.1054 -0.1615 -0.2172
  0.3197  0.3765  0.4177  0.4453  0.4615  0.4672  0.4632  0.4512  0.4327  0.4081
  0.3787  0.3493  0.3258  0.3103  0.3040  0.3183  0.3287  0.3236  0.3036  0.2706
  0.2280  0.1807  0.1322  0.0832  0.0339 -0.0157 -0.0661 -0.1177 -0.1717 -0.2292
 -0.2878
  0.3367  0.3850  0.4198  0.4425  0.4557  0.4619  0.4623  0.4573  0.4474  0.4340
  0.4180  0.3992  0.3773  0.3550  0.3366  0.3241  0.3298  0.3228  0.3021  0.2687
  0.2272  0.1759  0.1251  0.0742  0.0235 -0.0273 -0.0785 -0.1299 -0.1827 -0.2384
 -0.2978
  0.3793  0.4122  0.4379  0.4529  0.4605  0.4632  0.4628  0.4601  0.4548  0.4470
  0.4373  0.4264  0.4143  0.3996  0.3824  0.3474  0.3356  0.3257  0.3041  0.2705
  0.2263  0.1749  0.1212  0.0675  0.0145 -0.0379 -0.0904 -0.1428 -0.1959 -0.2502
 -0.3070
  0.4474  0.4639  0.4761  0.4808  0.4804  0.4769  0.4723  0.4676  0.4629  0.4576
  0.4512  0.4437  0.4356  0.4267  0.4160  0.3832  0.3537  0.3333  0.3099  0.2764
  0.2325  0.1802  0.1237  0.0667  0.0106 -0.0442 -0.0984 -0.1520 -0.2056 -0.2597
 -0.3154
  0.5378  0.5385  0.5355  0.5289  0.5187  0.5070  0.4956  0.4859  0.4780  0.4714
  0.4653  0.4591  0.4523  0.4451  0.4373  0.4124  0.3809  0.3492  0.3195  0.2852
  0.2418  0.1896  0.1314  0.0713  0.0119 -0.0461 -0.1029 -0.1585 -0.2133 -0.2680
 -0.3229
  0.6477  0.6332  0.6163  0.5973  0.5766  0.5557  0.5362  0.5192  0.5053  0.4942
  0.4852  0.4774  0.4699  0.4624  0.4463  0.4350  0.4172  0.3734  0.3329
 [Fe/H] = -1.00 [alpha/Fe] = 0.40 BC value =  z   
 -0.2345 -0.2083 -0.1846 -0.1575 -0.1229 -0.0732 -0.0009  0.0875  0.1505  0.1863
  0.2114  0.2367  0.2644  0.2928  0.3197  0.3726  0.4056  0.4151  0.4031
 -0.0797 -0.0496 -0.0278 -0.0089  0.0128  0.0424  0.0868  0.1425  0.1815  0.2030
  0.2182  0.2357  0.2582  0.2830  0.3071  0.3545  0.3812  0.3880  0.3751  0.3463
  0.0395  0.0785  0.1036  0.1196  0.1316  0.1446  0.1652  0.1956  0.2173  0.2274
  0.2331  0.2418  0.2571  0.2775  0.2989  0.3414  0.3642  0.3681  0.3544  0.3264
  0.2886
  0.1251  0.1747  0.2074  0.2263  0.2353  0.2386  0.2415  0.2513  0.2587  0.2591
  0.2562  0.2557  0.2624  0.2765  0.2943  0.3324  0.3519  0.3534  0.3388  0.3110
  0.2735  0.2306
  0.1969  0.2541  0.2904  0.3122  0.3222  0.3223  0.3159  0.3099  0.3051  0.2969
  0.2865  0.2778  0.2752  0.2811  0.2937  0.3266  0.3433  0.3429  0.3272  0.2992
  0.2617  0.2184  0.1724  0.1249
  0.2203  0.2970  0.3536  0.3893  0.4045  0.4021  0.3883  0.3697  0.3533  0.3376
  0.3216  0.3067  0.2959  0.2926  0.2980  0.3239  0.3379  0.3356  0.3190  0.2905
  0.2528  0.2089  0.1618  0.1132  0.0637  0.0132 -0.0389 -0.0935 -0.1510 -0.2071
  0.2245  0.3043  0.3677  0.4145  0.4445  0.4582  0.4568  0.4411  0.4151  0.3861
  0.3597  0.3383  0.3223  0.3121  0.3088  0.3243  0.3354  0.3313  0.3137  0.2847
  0.2467  0.2020  0.1536  0.1036  0.0529  0.0016 -0.0506 -0.1043 -0.1602 -0.2190
 -0.2772
  0.2292  0.3078  0.3706  0.4182  0.4519  0.4720  0.4797  0.4761  0.4629  0.4421
  0.4157  0.3868  0.3603  0.3402  0.3282  0.3284  0.3357  0.3299  0.3114  0.2820
  0.2435  0.1979  0.1480  0.0963  0.0440 -0.0085 -0.0616 -0.1153 -0.1705 -0.2274
 -0.2878
  0.2403  0.3161  0.3759  0.4212  0.4532  0.4738  0.4845  0.4862  0.4801  0.4678
  0.4513  0.4320  0.4106  0.3880  0.3671  0.3393  0.3393  0.3313  0.3117  0.2818
  0.2428  0.1964  0.1448  0.0909  0.0366 -0.0176 -0.0720 -0.1265 -0.1816 -0.2379
 -0.2963
  0.2673  0.3332  0.3881  0.4293  0.4582  0.4764  0.4862  0.4895  0.4873  0.4803
  0.4695  0.4564  0.4422  0.4273  0.4112  0.3705  0.3477  0.3361  0.3153  0.2851
  0.2460  0.1993  0.1466  0.0905  0.0337 -0.0227 -0.0787 -0.1342 -0.1898 -0.2460
 -0.3032
  0.3201  0.3717  0.4145  0.4486  0.4724  0.4865  0.4932  0.4949  0.4930  0.4883
  0.4813  0.4721  0.4617  0.4507  0.4395  0.4073  0.3721  0.3452  0.3218  0.2910
  0.2521  0.2054  0.1521  0.0944  0.0352 -0.0238 -0.0821 -0.1394 -0.1961 -0.2528
 -0.3096
  0.4029  0.4358  0.4640  0.4860  0.5014  0.5092  0.5109  0.5087  0.5043  0.4988
  0.4924  0.4852  0.4770  0.4681  0.4520  0.4497  0.4125  0.3586  0.3312
 [Fe/H] = -0.75 [alpha/Fe] = 0.40 BC value =  z   
 -0.4387 -0.4207 -0.3999 -0.3687 -0.3045 -0.2117 -0.1006  0.0201  0.1313  0.1911
  0.2232  0.2477  0.2721  0.2970  0.3212  0.3704  0.4005  0.4115  0.4036
 -0.2585 -0.2365 -0.2181 -0.1961 -0.1630 -0.1110 -0.0315  0.0740  0.1568  0.2034
  0.2283  0.2471  0.2670  0.2888  0.3107  0.3550  0.3805  0.3878  0.3775  0.3518
 -0.1106 -0.0794 -0.0583 -0.0412 -0.0213  0.0086  0.0562  0.1260  0.1860  0.2218
  0.2402  0.2528  0.2672  0.2850  0.3042  0.3443  0.3662  0.3704  0.3583  0.3326
  0.2967
  0.0004  0.0448  0.0742  0.0930  0.1067  0.1213  0.1437  0.1827  0.2222  0.2472
  0.2588  0.2650  0.2729  0.2854  0.3011  0.3369  0.3559  0.3577  0.3441  0.3180
  0.2824  0.2405
  0.0840  0.1370  0.1759  0.2015  0.2166  0.2250  0.2318  0.2458  0.2660  0.2796
  0.2841  0.2838  0.2847  0.2906  0.3017  0.3322  0.3486  0.3485  0.3336  0.3070
  0.2714  0.2292  0.1834  0.1361
  0.1528  0.2212  0.2675  0.2953  0.3104  0.3167  0.3163  0.3139  0.3164  0.3185
  0.3157  0.3091  0.3032  0.3017  0.3066  0.3302  0.3440  0.3422  0.3262  0.2990
  0.2631  0.2206  0.1739  0.1251  0.0750  0.0236 -0.0297 -0.0855 -0.1435 -0.1999
  0.1715  0.2533  0.3179  0.3645  0.3938  0.4070  0.4055  0.3922  0.3762  0.3634
  0.3517  0.3395  0.3279  0.3194  0.3170  0.3308  0.3418  0.3383  0.3215  0.2937
  0.2573  0.2144  0.1668  0.1166  0.0652  0.0129 -0.0405 -0.0952 -0.1523 -0.2116
 -0.2697
  0.1793  0.2637  0.3328  0.3870  0.4261  0.4508  0.4622  0.4611  0.4483  0.4278
  0.4034  0.3790  0.3585  0.3434  0.3342  0.3347  0.3420  0.3368  0.3192  0.2909
  0.2541  0.2106  0.1620  0.1105  0.0575  0.0039 -0.0502 -0.1052 -0.1615 -0.2196
 -0.2800
  0.1886  0.2722  0.3412  0.3958  0.4369  0.4653  0.4818  0.4875  0.4834  0.4714
  0.4536  0.4316  0.4073  0.3836  0.3640  0.3437  0.3451  0.3379  0.3191  0.2903
  0.2530  0.2087  0.1590  0.1057  0.0509 -0.0042 -0.0597 -0.1155 -0.1718 -0.2293
 -0.2887
  0.2012  0.2821  0.3498  0.4031  0.4431  0.4710  0.4886  0.4972  0.4976  0.4910
  0.4792  0.4638  0.4466  0.4283  0.4092  0.3676  0.3518  0.3418  0.3219  0.2927
  0.2552  0.2105  0.1600  0.1053  0.0486 -0.0084 -0.0654 -0.1221 -0.1790 -0.2366
 -0.2948
  0.2312  0.3029  0.3644  0.4150  0.4523  0.4782  0.4942  0.5025  0.5045  0.5012
  0.4935  0.4825  0.4696  0.4561  0.4424  0.4054  0.3705  0.3492  0.3274  0.2975
  0.2599  0.2151  0.1642  0.1085  0.0500 -0.0091 -0.0681 -0.1264 -0.1843 -0.2422
 -0.2983
  0.2786  0.3458  0.3959  0.4377  0.4703  0.4924  0.5054  0.5114  0.5123  0.5095
  0.5038  0.4958  0.4859  0.4750  0.4636  0.4571  0.4012  0.3601  0.3356
 [Fe/H] = -0.50 [alpha/Fe] = 0.40 BC value =  z   
 -0.6424 -0.6403 -0.6299 -0.6018 -0.5211 -0.3937 -0.2353 -0.0587  0.1073  0.1976
  0.2397  0.2642  0.2849  0.3058  0.3266  0.3714  0.3992  0.4102  0.4028
 -0.4449 -0.4374 -0.4287 -0.4094 -0.3689 -0.2959 -0.1782 -0.0146  0.1237  0.2043
  0.2428  0.2638  0.2810  0.2990  0.3178  0.3583  0.3823  0.3896  0.3809  0.3579
 -0.2719 -0.2544 -0.2430 -0.2295 -0.2051 -0.1600 -0.0837  0.0320  0.1429  0.2146
  0.2508  0.2689  0.2823  0.2968  0.3129  0.3495  0.3704  0.3748  0.3637  0.3397
  0.3058
 -0.1327 -0.1006 -0.0808 -0.0671 -0.0522 -0.0278  0.0150  0.0876  0.1701  0.2308
  0.2635  0.2789  0.2884  0.2986  0.3114  0.3436  0.3619  0.3640  0.3512  0.3263
  0.2922  0.2515
 -0.0307  0.0172  0.0500  0.0709  0.0849  0.0982  0.1181  0.1551  0.2083  0.2544
  0.2817  0.2937  0.2992  0.3047  0.3133  0.3399  0.3558  0.3561  0.3420  0.3163
  0.2820  0.2411  0.1958  0.1484
  0.0635  0.1137  0.1515  0.1798  0.1991  0.2112  0.2200  0.2329  0.2585  0.2872
  0.3062  0.3138  0.3149  0.3155  0.3191  0.3385  0.3518  0.3506  0.3355  0.3091
  0.2744  0.2333  0.1874  0.1386  0.0879  0.0356 -0.0187 -0.0761 -0.1354 -0.1926
  0.1166  0.1914  0.2464  0.2830  0.3043  0.3148  0.3184  0.3172  0.3200  0.3297
  0.3379  0.3395  0.3360  0.3314  0.3295  0.3396  0.3499  0.3470  0.3312  0.3043
  0.2692  0.2277  0.1812  0.1312  0.0793  0.0262 -0.0284 -0.0844 -0.1432 -0.2038
 -0.2628
  0.1330  0.2171  0.2862  0.3395  0.3774  0.4013  0.4129  0.4127  0.4023  0.3908
  0.3812  0.3720  0.3624  0.3528  0.3453  0.3440  0.3502  0.3456  0.3288  0.3017
  0.2661  0.2241  0.1770  0.1259  0.0728  0.0184 -0.0370 -0.0931 -0.1508 -0.2107
 -0.2727
  0.1436  0.2303  0.3029  0.3618  0.4072  0.4395  0.4598  0.4692  0.4683  0.4585
  0.4434  0.4241  0.4031  0.3837  0.3685  0.3526  0.3531  0.3464  0.3284  0.3007
  0.2646  0.2219  0.1740  0.1219  0.0672  0.0115 -0.0451 -0.1027 -0.1611 -0.2203
 -0.2800
  0.1517  0.2398  0.3133  0.3733  0.4204  0.4554  0.4792  0.4929  0.4972  0.4932
  0.4829  0.4680  0.4498  0.4297  0.4091  0.3702  0.3590  0.3498  0.3306  0.3023
  0.2661  0.2230  0.1744  0.1214  0.0655  0.0082 -0.0496 -0.1076 -0.1659 -0.2250
 -0.2848
  0.1665  0.2510  0.3241  0.3837  0.4304  0.4651  0.4891  0.5039  0.5106  0.5100
  0.5034  0.4923  0.4782  0.4629  0.4468  0.4052  0.3726  0.3561  0.3353  0.3062
  0.2698  0.2264  0.1774  0.1238  0.0668  0.0080 -0.0515 -0.1108 -0.1700 -0.2294
 -0.2871
  0.2000  0.2749  0.3415  0.3978  0.4430  0.4761  0.4988  0.5126  0.5192  0.5200
  0.5159  0.5077  0.4967  0.4841  0.4816  0.4576  0.3939  0.3653  0.3425
 [Fe/H] = -0.25 [alpha/Fe] = 0.40 BC value =  z   
 -0.8243 -0.8435 -0.8601 -0.8489 -0.7849 -0.6483 -0.4231 -0.1355  0.0789  0.2015
  0.2580  0.2847  0.3025  0.3192  0.3364  0.3754  0.4013  0.4113  0.4048
 -0.6204 -0.6365 -0.6414 -0.6322 -0.5914 -0.5014 -0.3434 -0.1150  0.0828  0.2019
  0.2586  0.2843  0.2997  0.3138  0.3290  0.3646  0.3868  0.3937  0.3859  0.3649
 -0.4307 -0.4328 -0.4369 -0.4329 -0.4094 -0.3527 -0.2478 -0.0818  0.0876  0.2028
  0.2620  0.2883  0.3019  0.3132  0.3257  0.3574  0.3771  0.3814  0.3711  0.3483
  0.3160
 -0.2682 -0.2542 -0.2494 -0.2458 -0.2338 -0.2027 -0.1406 -0.0321  0.1013  0.2070
  0.2677  0.2956  0.3081  0.3164  0.3257  0.3526  0.3701  0.3725  0.3604  0.3363
  0.3034  0.2639
 -0.1410 -0.1080 -0.0890 -0.0789 -0.0703 -0.0548 -0.0229  0.0380  0.1302  0.2185
  0.2768  0.3057  0.3175  0.3233  0.3291  0.3499  0.3649  0.3658  0.3525  0.3276
  0.2941  0.2543  0.2096  0.1624
 -0.0273  0.0019  0.0359  0.0584  0.0724  0.0832  0.0979  0.1260  0.1779  0.2416
  0.2915  0.3191  0.3302  0.3336  0.3359  0.3493  0.3615  0.3608  0.3468  0.3213
  0.2873  0.2471  0.2020  0.1534  0.1025  0.0494 -0.0063 -0.0648 -0.1249 -0.1829
  0.0559  0.1114  0.1471  0.1712  0.1895  0.2031  0.2129  0.2230  0.2436  0.2791
  0.3146  0.3373  0.3464  0.3476  0.3465  0.3513  0.3597  0.3575  0.3428  0.3170
  0.2826  0.2420  0.1965  0.1471  0.0951  0.0414 -0.0140 -0.0717 -0.1320 -0.1935
 -0.2531
  0.0919  0.1696  0.2303  0.2735  0.3015  0.3177  0.3256  0.3279  0.3272  0.3348
  0.3498  0.3624  0.3672  0.3655  0.3610  0.3564  0.3601  0.3561  0.3404  0.3144
  0.2797  0.2386  0.1927  0.1426  0.0896  0.0348 -0.0214 -0.0788 -0.1381 -0.1996
 -0.2624
  0.1074  0.1919  0.2630  0.3201  0.3632  0.3933  0.4127  0.4227  0.4236  0.4174
  0.4114  0.4053  0.3979  0.3894  0.3804  0.3654  0.3631  0.3566  0.3396  0.3130
  0.2780  0.2364  0.1898  0.1391  0.0851  0.0292 -0.0282 -0.0864 -0.1457 -0.2065
 -0.2690
  0.1167  0.2044  0.2787  0.3406  0.3902  0.4278  0.4542  0.4708  0.4789  0.4788
  0.4722  0.4616  0.4472  0.4300  0.4125  0.3799  0.3689  0.3595  0.3412  0.3140
  0.2788  0.2369  0.1898  0.1385  0.0839  0.0269 -0.0314 -0.0905 -0.1503 -0.2116
 -0.2720
  0.1244  0.2135  0.2901  0.3538  0.4053  0.4453  0.4746  0.4943  0.5053  0.5086
  0.5053  0.4967  0.4844  0.4693  0.4524  0.4090  0.3797  0.3652  0.3451  0.3170
  0.2816  0.2395  0.1920  0.1403  0.0850  0.0272 -0.0323 -0.0925 -0.1530 -0.2139
 -0.2715
  0.1419  0.2260  0.3014  0.3660  0.4177  0.4580  0.4875  0.5078  0.5198  0.5248
  0.5236  0.5171  0.5069  0.4942  0.5001  0.4527  0.3955  0.3737  0.3513
 [Fe/H] =  0.00 [alpha/Fe] = 0.40 BC value =  z   
 -0.9742 -1.0162 -1.0327 -1.0041 -0.9231 -0.7678 -0.5267 -0.1878  0.0478  0.1999
  0.2753  0.3078  0.3245  0.3376  0.3508  0.3834  0.4062  0.4150  0.4088
 -0.7703 -0.8074 -0.8371 -0.8453 -0.8130 -0.7127 -0.5109 -0.2114  0.0355  0.1935
  0.2728  0.3068  0.3224  0.3333  0.3446  0.3740  0.3942  0.4004  0.3930  0.3733
 -0.5721 -0.5979 -0.6226 -0.6345 -0.6189 -0.5568 -0.4251 -0.2067  0.0228  0.1839
  0.2706  0.3090  0.3251  0.3340  0.3428  0.3681  0.3862  0.3904  0.3807  0.3590
  0.3277
 -0.3935 -0.4025 -0.4176 -0.4293 -0.4258 -0.3928 -0.3141 -0.1689  0.0186  0.1743
  0.2681  0.3126  0.3307  0.3384  0.3444  0.3644  0.3803  0.3831  0.3719  0.3487
  0.3166  0.2778
 -0.2453 -0.2333 -0.2334 -0.2386 -0.2397 -0.2258 -0.1845 -0.0998  0.0338  0.1707
  0.2663  0.3168  0.3381  0.3456  0.3492  0.3627  0.3759  0.3773  0.3652  0.3412
  0.3083  0.2690  0.2248  0.1770
 -0.1324 -0.0994 -0.0806 -0.0727 -0.0698 -0.0640 -0.0458 -0.0034  0.0764  0.1809
  0.2691  0.3224  0.3469  0.3551  0.3570  0.3632  0.3729  0.3729  0.3601  0.3357
  0.3022  0.2624  0.2178  0.1695  0.1185  0.0650  0.0086 -0.0519 -0.1129 -0.1721
 -0.0210  0.0115  0.0379  0.0587  0.0726  0.0816  0.0907  0.1084  0.1463  0.2107
  0.2807  0.3312  0.3573  0.3666  0.3674  0.3664  0.3715  0.3697  0.3563  0.3317
  0.2980  0.2576  0.2126  0.1638  0.1121  0.0584  0.0022 -0.0570 -0.1191 -0.1817
 -0.2424
  0.0552  0.1180  0.1600  0.1841  0.1975  0.2068  0.2156  0.2238  0.2360  0.2641
  0.3070  0.3467  0.3710  0.3803  0.3805  0.3728  0.3721  0.3681  0.3536  0.3290
  0.2952  0.2545  0.2091  0.1599  0.1076  0.0528 -0.0041 -0.0627 -0.1233 -0.1867
 -0.2508
  0.0854  0.1585  0.2224  0.2707  0.3035  0.3242  0.3364  0.3406  0.3420  0.3465
  0.3584  0.3768  0.3917  0.3979  0.3965  0.3825  0.3755  0.3684  0.3525  0.3272
  0.2933  0.2524  0.2064  0.1567  0.1039  0.0483 -0.0093 -0.0686 -0.1293 -0.1918
 -0.2562
  0.0926  0.1765  0.2477  0.3070  0.3537  0.3879  0.4115  0.4260  0.4336  0.4365
  0.4365  0.4352  0.4329  0.4277  0.4197  0.3962  0.3818  0.3711  0.3535  0.3275
  0.2935  0.2526  0.2063  0.1563  0.1030  0.0470 -0.0113 -0.0711 -0.1321 -0.1944
 -0.2578
  0.1001  0.1877  0.2627  0.3261  0.3781  0.4191  0.4496  0.4709  0.4844  0.4913
  0.4922  0.4884  0.4813  0.4709  0.4574  0.4188  0.3919  0.3763  0.3568  0.3297
  0.2954  0.2545  0.2081  0.1577  0.1041  0.0476 -0.0114 -0.0719 -0.1334 -0.1957
 -0.2556
  0.1084  0.1964  0.2742  0.3398  0.3940  0.4373  0.4706  0.4947  0.5105  0.5192
  0.5218  0.5191  0.5123  0.5022  0.5096  0.4503  0.4058  0.3840  0.3624
 [Fe/H] =  0.25 [alpha/Fe] = 0.40 BC value =  z   
 -1.0897 -1.1549 -1.1333 -1.0408 -0.8924 -0.7006 -0.4758 -0.2270  0.0199  0.1926
  0.2893  0.3316  0.3498  0.3604  0.3701  0.3955  0.4150  0.4220  0.4153
 -0.8908 -0.9517 -1.0277 -1.0746 -1.0491 -0.9162 -0.6483 -0.2820 -0.0094  0.1782
  0.2826  0.3290  0.3479  0.3571  0.3649  0.3872  0.4048  0.4100  0.4026  0.3838
 -0.6881 -0.7389 -0.7866 -0.8184 -0.8172 -0.7577 -0.6026 -0.3236 -0.0427  0.1574
  0.2738  0.3282  0.3500  0.3587  0.3644  0.3823  0.3980  0.4020  0.3927  0.3719
  0.3415
 -0.4985 -0.5331 -0.5715 -0.6027 -0.6130 -0.5847 -0.4942 -0.3125 -0.0689  0.1339
  0.2620  0.3271  0.3540  0.3635  0.3674  0.3796  0.3930  0.3959  0.3856  0.3635
  0.3319  0.2935
 -0.3343 -0.3490 -0.3704 -0.3951 -0.4104 -0.4031 -0.3568 -0.2499 -0.0735  0.1143
  0.2488  0.3245  0.3584  0.3703  0.3733  0.3791  0.3892  0.3908  0.3800  0.3572
  0.3249  0.2857  0.2417  0.1938
 -0.2123 -0.1920 -0.1948 -0.2062 -0.2185 -0.2215 -0.2030 -0.1484 -0.0404  0.1076
  0.2380  0.3210  0.3623  0.3780  0.3814  0.3809  0.3866  0.3867  0.3753  0.3524
  0.3196  0.2799  0.2353  0.1870  0.1359  0.0820  0.0246 -0.0372 -0.0989 -0.1595
 -0.0991 -0.0717 -0.0552 -0.0483 -0.0488 -0.0510 -0.0461 -0.0232  0.0312  0.1262
  0.2357  0.3189  0.3661  0.3863  0.3911  0.3856  0.3856  0.3836  0.3715  0.3485
  0.3158  0.2756  0.2306  0.1819  0.1304  0.0766  0.0199 -0.0405 -0.1042 -0.1679
 -0.2299
  0.0187  0.0550  0.0717  0.0804  0.0881  0.0948  0.1006  0.1092  0.1308  0.1781
  0.2510  0.3227  0.3712  0.3951  0.4021  0.3933  0.3869  0.3819  0.3686  0.3456
  0.3131  0.2729  0.2276  0.1785  0.1266  0.0721  0.0150 -0.0442 -0.1065 -0.1718
 -0.2371
  0.0632  0.1298  0.1794  0.2102  0.2254  0.2310  0.2336  0.2382  0.2442  0.2603
  0.2944  0.3416  0.3824  0.4061  0.4145  0.4039  0.3910  0.3821  0.3672  0.3434
  0.3110  0.2708  0.2251  0.1758  0.1235  0.0686  0.0110 -0.0489 -0.1108 -0.1748
 -0.2412
  0.0802  0.1565  0.2214  0.2732  0.3108  0.3352  0.3502  0.3594  0.3644  0.3673
  0.3724  0.3877  0.4081  0.4237  0.4301  0.4173  0.3983  0.3848  0.3677  0.3431
  0.3106  0.2708  0.2251  0.1756  0.1231  0.0680  0.0102 -0.0498 -0.1118 -0.1760
 -0.2421
  0.0911  0.1718  0.2421  0.3018  0.3505  0.3879  0.4146  0.4329  0.4455  0.4533
  0.4570  0.4585  0.4608  0.4618  0.4589  0.4352  0.4089  0.3901  0.3705  0.3445
  0.3116  0.2721  0.2267  0.1770  0.1243  0.0690  0.0109 -0.0494 -0.1114 -0.1750
 -0.2397
  0.0979  0.1822  0.2562  0.3195  0.3725  0.4155  0.4487  0.4730  0.4896  0.5003
  0.5063  0.5082  0.5065  0.5022  0.5009  0.4576  0.4228  0.3980  0.3756
 [Fe/H] =  0.50 [alpha/Fe] = 0.40 BC value =  z   
 -1.1707 -1.2596 -1.1618 -0.9592 -0.6928 -0.4465 -0.2704 -0.2552 -0.0113  0.1780
  0.2976  0.3541  0.3770  0.3876  0.3942  0.4124  0.4274  0.4326  0.4266
 -0.9819 -1.0694 -1.1395 -1.2522 -1.2086 -1.0241 -0.7119 -0.3323 -0.0551  0.1546
  0.2855  0.3489  0.3744  0.3844  0.3900  0.4050  0.4190  0.4229  0.4151  0.3966
 -0.7787 -0.8558 -0.9226 -0.9747 -0.9911 -0.9413 -0.7671 -0.4116 -0.1031  0.1225
  0.2688  0.3436  0.3750  0.3861  0.3904  0.4009  0.4133  0.4165  0.4075  0.3872
  0.3575
 -0.5800 -0.6405 -0.7022 -0.7542 -0.7820 -0.7645 -0.6688 -0.4486 -0.1538  0.0866
  0.2476  0.3361  0.3761  0.3903  0.3942  0.3992  0.4089  0.4114  0.4019  0.3807
  0.3498  0.3114
 -0.4019 -0.4419 -0.4898 -0.5362 -0.5692 -0.5734 -0.5279 -0.4026 -0.1807  0.0498
  0.2225  0.3256  0.3760  0.3956  0.4004  0.4000  0.4055  0.4069  0.3971  0.3757
  0.3441  0.3050  0.2605  0.2122
 -0.2547 -0.2692 -0.2969 -0.3308 -0.3616 -0.3772 -0.3630 -0.3002 -0.1646  0.0274
  0.1972  0.3122  0.3738  0.4004  0.4080  0.4033  0.4033  0.4028  0.3927  0.3714
  0.3397  0.3001  0.2552  0.2064  0.1547  0.1002  0.0419 -0.0208 -0.0831 -0.1451
 -0.1423 -0.1322 -0.1356 -0.1501 -0.1699 -0.1866 -0.1891 -0.1643 -0.0953  0.0317
  0.1809  0.2981  0.3697  0.4043  0.4160  0.4095  0.4031  0.3997  0.3888  0.3676
  0.3362  0.2965  0.2512  0.2021  0.1501  0.0957  0.0383 -0.0227 -0.0876 -0.1520
 -0.2156
 -0.0239 -0.0145 -0.0087 -0.0065 -0.0088 -0.0154 -0.0204 -0.0150  0.0131  0.0786
  0.1837  0.2895  0.3655  0.4071  0.4239  0.4183  0.4054  0.3980  0.3856  0.3643
  0.3334  0.2941  0.2486  0.1993  0.1471  0.0925  0.0352 -0.0248 -0.0881 -0.1549
 -0.2213
  0.0564  0.1042  0.1304  0.1368  0.1325  0.1276  0.1270  0.1309  0.1397  0.1659
  0.2206  0.2974  0.3668  0.4112  0.4320  0.4292  0.4107  0.3983  0.3837  0.3617
  0.3309  0.2919  0.2466  0.1970  0.1447  0.0899  0.0324 -0.0276 -0.0903 -0.1558
 -0.2241
  0.0807  0.1467  0.2004  0.2384  0.2607  0.2692  0.2699  0.2682  0.2690  0.2757
  0.2931  0.3305  0.3788  0.4182  0.4407  0.4419  0.4192  0.4012  0.3838  0.3605
  0.3298  0.2914  0.2466  0.1971  0.1448  0.0901  0.0327 -0.0272 -0.0897 -0.1544
 -0.2213
  0.0947  0.1664  0.2294  0.2823  0.3236  0.3523  0.3700  0.3804  0.3868  0.3914
  0.3957  0.4032  0.4203  0.4416  0.4572  0.4565  0.4305  0.4070  0.3861  0.3612
  0.3299  0.2919  0.2476  0.1985  0.1461  0.0914  0.0341 -0.0256 -0.0877 -0.1520
 -0.2181
  0.1042  0.1804  0.2475  0.3057  0.3546  0.3939  0.4232  0.4437  0.4574  0.4669
  0.4739  0.4787  0.4827  0.4872  0.4815  0.4730  0.4446  0.4157  0.3906
