 [Fe/H] = -2.50 [alpha/Fe] = 0.40 BC value = UX   
 -7.4207 -7.3045 -7.2576 -7.1539 -6.9628 -6.7677 -6.6610 -6.6134 -6.5205 -6.3231
 -6.0568 -5.7368 -5.3856 -5.0310 -4.6706 -3.7580 -2.8819 -2.1783 -1.6194
 -7.1310 -6.8683 -6.6715 -6.5019 -6.3510 -6.2177 -6.0968 -5.9748 -5.8327 -5.6549
 -5.4289 -5.1476 -4.8181 -4.4726 -4.1328 -3.3121 -2.5461 -1.9203 -1.4524 -1.1249
 -6.9582 -6.5972 -6.2949 -6.0537 -5.8753 -5.7306 -5.5836 -5.4247 -5.2559 -5.0762
 -4.8667 -4.6161 -4.3181 -3.9932 -3.6753 -2.9361 -2.2659 -1.7079 -1.3036 -1.0222
 -0.8237
 -6.9023 -6.4912 -6.1278 -5.8093 -5.5357 -5.3064 -5.1214 -4.9631 -4.7901 -4.5870
 -4.3702 -4.1423 -3.8856 -3.5928 -3.2981 -2.6300 -2.0413 -1.5411 -1.1729 -0.9199
 -0.7439 -0.6185
 -6.9178 -6.4701 -6.0677 -5.7055 -5.3807 -5.0919 -4.8371 -4.6131 -4.4161 -4.2281
 -4.0163 -3.7815 -3.5433 -3.2868 -3.0162 -2.4033 -1.8766 -1.4219 -1.0754 -0.8392
 -0.6785 -0.5658 -0.4851 -0.4257
 -6.9942 -6.5176 -6.0831 -5.6871 -5.3276 -5.0012 -4.7057 -4.4387 -4.1964 -3.9745
 -3.7655 -3.5526 -3.3266 -3.0900 -2.8356 -2.2546 -1.7701 -1.3492 -1.0126 -0.7791
 -0.6247 -0.5194 -0.4456 -0.3931 -0.3550 -0.3255 -0.3005 -0.2768 -0.2528 -0.2292
 -7.1193 -6.6233 -6.1639 -5.7392 -5.3493 -4.9935 -4.6688 -4.3716 -4.1000 -3.8503
 -3.6185 -3.3994 -3.1857 -2.9738 -2.7448 -2.1788 -1.7135 -1.3162 -0.9840 -0.7419
 -0.5822 -0.4777 -0.4072 -0.3587 -0.3252 -0.3016 -0.2842 -0.2690 -0.2551 -0.2421
 -0.2286
 -7.2854 -6.7737 -6.2969 -5.8510 -5.4355 -5.0528 -4.7017 -4.3799 -4.0843 -3.8127
 -3.5614 -3.3274 -3.1075 -2.8983 -2.6906 -2.1610 -1.6963 -1.3119 -0.9839 -0.7293
 -0.5546 -0.4418 -0.3694 -0.3220 -0.2910 -0.2711 -0.2586 -0.2502 -0.2434 -0.2375
 -0.2341
 -7.4810 -6.9557 -6.4638 -6.0032 -5.5688 -5.1630 -4.7875 -4.4422 -4.1252 -3.8336
 -3.5642 -3.3146 -3.0823 -2.8652 -2.6586 -2.1585 -1.7043 -1.3210 -0.9982 -0.7351
 -0.5430 -0.4145 -0.3332 -0.2829 -0.2521 -0.2342 -0.2250 -0.2213 -0.2204 -0.2207
 -0.2220
 -7.7120 -7.1826 -6.6723 -6.1959 -5.7469 -5.3234 -4.9275 -4.5599 -4.2209 -3.9090
 -3.6214 -3.3554 -3.1086 -2.8796 -2.6652 -2.1701 -1.7298 -1.3458 -1.0240 -0.7577
 -0.5513 -0.4043 -0.3070 -0.2468 -0.2115 -0.1923 -0.1839 -0.1827 -0.1859 -0.1914
 -0.1974
 -7.9806 -7.4305 -6.9091 -6.4152 -5.9499 -5.5135 -5.1024 -4.7164 -4.3571 -4.0245
 -3.7176 -3.4342 -3.1717 -2.9282 -2.7013 -2.1927 -1.7586 -1.3770 -1.0530 -0.7842
 -0.5700 -0.4087 -0.2943 -0.2190 -0.1736 -0.1488 -0.1382 -0.1368 -0.1417 -0.1505
 -0.1615
 -8.2869 -7.6994 -7.1547 -6.6503 -6.1715 -5.7214 -5.2981 -4.8989 -4.5230 -4.1720
 -3.8457 -3.5435 -3.2637 -3.0046 -2.7669 -2.2263 -1.7907 -1.4146 -1.0852
 [Fe/H] = -2.00 [alpha/Fe] = 0.40 BC value = UX   
 -6.7319 -6.6563 -6.6123 -6.5843 -6.5591 -6.5245 -6.4702 -6.3873 -6.2653 -6.0921
 -5.8591 -5.5663 -5.2319 -4.8915 -4.5689 -3.7602 -2.9763 -2.2824 -1.7510
 -6.3570 -6.2063 -6.1027 -6.0339 -5.9818 -5.9292 -5.8622 -5.7704 -5.6449 -5.4777
 -5.2605 -4.9887 -4.6707 -4.3401 -4.0213 -3.2833 -2.6047 -2.0087 -1.5435 -1.2073
 -6.1584 -5.9143 -5.7352 -5.6061 -5.4960 -5.4018 -5.3103 -5.2052 -5.0755 -4.9152
 -4.7177 -4.4773 -4.1908 -3.8792 -3.5768 -2.8981 -2.3033 -1.7859 -1.3743 -1.0764
 -0.8606
 -6.1222 -5.7981 -5.5409 -5.3412 -5.1801 -5.0395 -4.9042 -4.7631 -4.6119 -4.4474
 -4.2616 -4.0497 -3.8029 -3.5203 -3.2354 -2.6046 -2.0721 -1.6140 -1.2434 -0.9729
 -0.7834 -0.6488
 -6.2215 -5.8512 -5.5285 -5.2629 -5.0421 -4.8505 -4.6749 -4.5045 -4.3301 -4.1436
 -3.9405 -3.7315 -3.5109 -3.2646 -2.9984 -2.4008 -1.9091 -1.4911 -1.1476 -0.8933
 -0.7169 -0.5942 -0.5066 -0.4416
 -6.4091 -5.9879 -5.6165 -5.2882 -4.9983 -4.7431 -4.5172 -4.3148 -4.1305 -3.9587
 -3.7740 -3.5584 -3.3318 -3.1002 -2.8546 -2.2768 -1.8078 -1.4138 -1.0852 -0.8355
 -0.6635 -0.5467 -0.4656 -0.4077 -0.3651 -0.3322 -0.3047 -0.2790 -0.2529 -0.2270
 -6.6998 -6.2191 -5.7937 -5.4159 -5.0790 -4.7780 -4.5089 -4.2668 -4.0462 -3.8408
 -3.6461 -3.4549 -3.2515 -3.0316 -2.7938 -2.2193 -1.7574 -1.3756 -1.0538 -0.8002
 -0.6225 -0.5051 -0.4264 -0.3723 -0.3345 -0.3077 -0.2878 -0.2709 -0.2554 -0.2404
 -0.2251
 -7.0839 -6.5486 -6.0653 -5.6312 -5.2422 -4.8939 -4.5816 -4.3007 -4.0461 -3.8127
 -3.5939 -3.3861 -3.1858 -2.9892 -2.7812 -2.2195 -1.7475 -1.3682 -1.0486 -0.7877
 -0.5968 -0.4703 -0.3887 -0.3352 -0.2999 -0.2768 -0.2619 -0.2517 -0.2437 -0.2366
 -0.2315
 -7.5373 -6.9427 -6.4109 -5.9242 -5.4814 -5.0811 -4.7216 -4.3992 -4.1087 -3.8450
 -3.6021 -3.3752 -3.1604 -2.9565 -2.7600 -2.2444 -1.7675 -1.3797 -1.0591 -0.7920
 -0.5862 -0.4443 -0.3532 -0.2962 -0.2609 -0.2398 -0.2283 -0.2229 -0.2207 -0.2199
 -0.2202
 -8.0232 -7.3955 -6.8191 -6.2876 -5.7966 -5.3459 -4.9362 -4.5675 -4.2368 -3.9394
 -3.6690 -3.4202 -3.1883 -2.9703 -2.7646 -2.2716 -1.8115 -1.4132 -1.0867 -0.8144
 -0.5960 -0.4358 -0.3284 -0.2610 -0.2208 -0.1982 -0.1875 -0.1846 -0.1865 -0.1909
 -0.1961
 -8.5080 -7.8651 -7.2558 -6.6885 -6.1588 -5.6660 -5.2118 -4.7970 -4.4229 -4.0870
 -3.7847 -3.5103 -3.2580 -3.0235 -2.8035 -2.2997 -1.8543 -1.4571 -1.1216 -0.8443
 -0.6173 -0.4424 -0.3172 -0.2344 -0.1836 -0.1553 -0.1422 -0.1391 -0.1427 -0.1505
 -0.1605
 -8.9852 -8.3226 -7.6961 -7.1034 -6.5446 -6.0200 -5.5302 -5.0773 -4.6624 -4.2865
 -3.9479 -3.6429 -3.3661 -3.1119 -2.8767 -2.3287 -1.8959 -1.5114 -1.1638
 [Fe/H] = -1.50 [alpha/Fe] = 0.40 BC value = UX   
 -6.3364 -6.3436 -6.3547 -6.3626 -6.3614 -6.3431 -6.3004 -6.2267 -6.1136 -5.9513
 -5.7319 -5.4569 -5.1435 -4.8207 -4.5058 -3.7698 -3.0768 -2.4298 -1.8897
 -5.8200 -5.8019 -5.7968 -5.7937 -5.7835 -5.7580 -5.7100 -5.6329 -5.5203 -5.3649
 -5.1591 -4.8997 -4.5982 -4.2841 -3.9800 -3.2900 -2.6752 -2.1254 -1.6629 -1.3055
 -5.4587 -5.3728 -5.3242 -5.2949 -5.2684 -5.2323 -5.1776 -5.0981 -4.9888 -4.8450
 -4.6611 -4.4319 -4.1578 -3.8609 -3.5702 -2.9229 -2.3696 -1.8887 -1.4852 -1.1687
 -0.9365
 -5.3877 -5.1978 -5.0425 -4.9432 -4.8700 -4.8098 -4.7433 -4.6593 -4.5524 -4.4192
 -4.2558 -4.0579 -3.8200 -3.5486 -3.2723 -2.6574 -2.1466 -1.7123 -1.3493 -1.0617
 -0.8504 -0.6994
 -5.5272 -5.2414 -5.0104 -4.8255 -4.6789 -4.5639 -4.4688 -4.3663 -4.2478 -4.1115
 -3.9558 -3.7782 -3.5732 -3.3335 -3.0736 -2.4792 -1.9938 -1.5881 -1.2501 -0.9807
 -0.7815 -0.6413 -0.5420 -0.4689
 -5.7598 -5.4172 -5.1189 -4.8634 -4.6495 -4.4717 -4.3266 -4.2074 -4.0913 -3.9554
 -3.7878 -3.6033 -3.4076 -3.1948 -2.9559 -2.3734 -1.8986 -1.5080 -1.1831 -0.9225
 -0.7280 -0.5922 -0.4986 -0.4325 -0.3837 -0.3453 -0.3133 -0.2839 -0.2544 -0.2243
 -6.0798 -5.6730 -5.3187 -5.0092 -4.7401 -4.5087 -4.3106 -4.1386 -3.9850 -3.8440
 -3.7032 -3.5372 -3.3384 -3.1239 -2.8995 -2.3265 -1.8506 -1.4648 -1.1448 -0.8855
 -0.6886 -0.5510 -0.4585 -0.3956 -0.3516 -0.3196 -0.2953 -0.2751 -0.2566 -0.2381
 -0.2189
 -6.5341 -6.0390 -5.6114 -5.2400 -4.9156 -4.6315 -4.3826 -4.1643 -3.9703 -3.7929
 -3.6254 -3.4632 -3.2977 -3.1109 -2.8973 -2.3279 -1.8414 -1.4521 -1.1316 -0.8688
 -0.6775 -0.5185 -0.4216 -0.3582 -0.3161 -0.2879 -0.2688 -0.2548 -0.2440 -0.2349
 -0.2266
 -7.1445 -6.5415 -6.0209 -5.5705 -5.1777 -4.8330 -4.5293 -4.2614 -4.0233 -3.8092
 -3.6119 -3.4254 -3.2457 -3.0707 -2.8897 -2.3621 -1.8613 -1.4612 -1.1362 -0.8680
 -0.6538 -0.4952 -0.3882 -0.3199 -0.2770 -0.2504 -0.2347 -0.2259 -0.2211 -0.2184
 -0.2166
 -7.8623 -7.1743 -6.5616 -6.0258 -5.5518 -5.1336 -4.7646 -4.4394 -4.1511 -3.8941
 -3.6621 -3.4486 -3.2480 -3.0570 -2.8735 -2.4022 -1.9172 -1.4987 -1.1638 -0.8881
 -0.6633 -0.4894 -0.3665 -0.2868 -0.2378 -0.2092 -0.1941 -0.1878 -0.1871 -0.1897
 -0.1934
 -8.6224 -7.8769 -7.1971 -6.5798 -6.0278 -5.5324 -5.0912 -4.6993 -4.3525 -4.0455
 -3.7718 -3.5250 -3.2988 -3.0882 -2.8895 -2.4229 -1.9749 -1.5564 -1.2063 -0.9212
 -0.6864 -0.4986 -0.3584 -0.2625 -0.2021 -0.1670 -0.1492 -0.1427 -0.1438 -0.1499
 -0.1584
 -9.3704 -8.5882 -7.8619 -7.1889 -6.5727 -6.0106 -5.5010 -5.0415 -4.6311 -4.2671
 -3.9445 -3.6575 -3.3995 -3.1639 -2.9377 -2.4242 -2.0344 -1.6343 -1.2637
 [Fe/H] = -1.00 [alpha/Fe] = 0.40 BC value = UX   
 -6.2052 -6.2348 -6.2571 -6.2680 -6.2645 -6.2401 -6.1885 -6.1046 -5.9843 -5.8259
 -5.6307 -5.3996 -5.1380 -4.8564 -4.5680 -3.8706 -3.2294 -2.6219 -2.0798
 -5.6572 -5.6806 -5.6994 -5.7091 -5.7051 -5.6832 -5.6381 -5.5635 -5.4552 -5.3095
 -5.1239 -4.8985 -4.6391 -4.3603 -4.0776 -3.4119 -2.8182 -2.2915 -1.8358 -1.4613
 -5.1970 -5.2032 -5.2121 -5.2166 -5.2107 -5.1896 -5.1483 -5.0818 -4.9858 -4.8565
 -4.6903 -4.4853 -4.2437 -3.9781 -3.7065 -3.0730 -2.5236 -2.0480 -1.6442 -1.3135
 -1.0547
 -4.8926 -4.8469 -4.8264 -4.8156 -4.8026 -4.7795 -4.7405 -4.6804 -4.5955 -4.4824
 -4.3376 -4.1582 -3.9425 -3.6970 -3.4388 -2.8310 -2.3124 -1.8708 -1.4996 -1.1977
 -0.9612 -0.7851
 -4.9143 -4.7393 -4.6225 -4.5486 -4.5032 -4.4674 -4.4251 -4.3674 -4.2901 -4.1898
 -4.0634 -3.9079 -3.7195 -3.4986 -3.2562 -2.6667 -2.1666 -1.7462 -1.3944 -1.1096
 -0.8869 -0.7215 -0.6027 -0.5155
 -5.1682 -4.9004 -4.6790 -4.5058 -4.3783 -4.2892 -4.2231 -4.1594 -4.0795 -3.9813
 -3.8635 -3.7239 -3.5587 -3.3635 -3.1402 -2.5654 -2.0730 -1.6639 -1.3227 -1.0463
 -0.8303 -0.6693 -0.5554 -0.4749 -0.4157 -0.3692 -0.3303 -0.2950 -0.2604 -0.2249
 -5.4824 -5.1552 -4.8693 -4.6248 -4.4229 -4.2603 -4.1324 -4.0358 -3.9582 -3.8704
 -3.7547 -3.6139 -3.4542 -3.2748 -3.0736 -2.5152 -2.0218 -1.6163 -1.2797 -1.0051
 -0.7899 -0.6282 -0.5138 -0.4354 -0.3808 -0.3410 -0.3100 -0.2844 -0.2614 -0.2385
 -0.2133
 -5.8764 -5.4772 -5.1300 -4.8274 -4.5658 -4.3444 -4.1601 -4.0081 -3.8825 -3.7748
 -3.6721 -3.5576 -3.4133 -3.2386 -3.0447 -2.5075 -2.0077 -1.5983 -1.2614 -0.9844
 -0.7648 -0.5979 -0.4784 -0.3975 -0.3438 -0.3074 -0.2821 -0.2632 -0.2477 -0.2349
 -0.2209
 -6.4300 -5.9121 -5.4799 -5.1081 -4.7863 -4.5081 -4.2692 -4.0661 -3.8933 -3.7438
 -3.6083 -3.4787 -3.3482 -3.2065 -3.0391 -2.5293 -2.0219 -1.6029 -1.2612 -0.9796
 -0.7524 -0.5766 -0.4481 -0.3608 -0.3046 -0.2691 -0.2470 -0.2330 -0.2240 -0.2177
 -0.2127
 -7.1810 -6.5403 -5.9869 -5.5161 -5.1133 -4.7668 -4.4676 -4.2085 -3.9842 -3.7891
 -3.6159 -3.4565 -3.3040 -3.1542 -3.0030 -2.5679 -2.0721 -1.6382 -1.2865 -0.9972
 -0.7600 -0.5719 -0.4303 -0.3313 -0.2673 -0.2284 -0.2063 -0.1947 -0.1898 -0.1890
 -0.1901
 -8.1190 -7.3531 -6.6783 -6.0876 -5.5788 -5.1423 -4.7662 -4.4405 -4.1567 -3.9089
 -3.6903 -3.4943 -3.3141 -3.1438 -2.9793 -2.5749 -2.1345 -1.6969 -1.3302 -1.0305
 -0.7826 -0.5815 -0.4251 -0.3111 -0.2347 -0.1879 -0.1621 -0.1500 -0.1468 -0.1494
 -0.1552
 -9.1211 -8.2730 -7.4968 -6.8038 -6.1883 -5.6510 -5.1836 -4.7765 -4.4216 -4.1113
 -3.8387 -3.5975 -3.3810 -3.1834 -2.9680 -2.5503 -2.2091 -1.7790 -1.3923
 [Fe/H] = -0.75 [alpha/Fe] = 0.40 BC value = UX   
 -6.2182 -6.2492 -6.2700 -6.2767 -6.2659 -6.2320 -6.1696 -6.0746 -5.9460 -5.7907
 -5.6125 -5.4100 -5.1814 -4.9293 -4.6613 -3.9825 -3.3372 -2.7432 -2.2090
 -5.6678 -5.6967 -5.7173 -5.7261 -5.7193 -5.6934 -5.6440 -5.5646 -5.4540 -5.3127
 -5.1415 -4.9409 -4.7120 -4.4599 -4.1946 -3.5402 -2.9409 -2.4088 -1.9486 -1.5644
 -5.1939 -5.2145 -5.2314 -5.2398 -5.2355 -5.2151 -5.1747 -5.1092 -5.0155 -4.8916
 -4.7366 -4.5505 -4.3343 -4.0935 -3.8388 -3.2141 -2.6537 -2.1657 -1.7512 -1.4100
 -1.1371
 -4.8327 -4.8292 -4.8330 -4.8356 -4.8304 -4.8129 -4.7790 -4.7242 -4.6450 -4.5386
 -4.4030 -4.2370 -4.0403 -3.8166 -3.5756 -2.9774 -2.4464 -1.9890 -1.6033 -1.2890
 -1.0391 -0.8476
 -4.6951 -4.6012 -4.5522 -4.5284 -4.5125 -4.4925 -4.4612 -4.4135 -4.3455 -4.2542
 -4.1368 -3.9917 -3.8171 -3.6136 -3.3879 -2.8114 -2.2997 -1.8631 -1.4956 -1.1969
 -0.9611 -0.7808 -0.6482 -0.5495
 -4.8981 -4.6751 -4.5075 -4.3912 -4.3143 -4.2644 -4.2254 -4.1778 -4.1150 -4.0337
 -3.9308 -3.8040 -3.6506 -3.4687 -3.2608 -2.7033 -2.2016 -1.7775 -1.4211 -1.1303
 -0.9014 -0.7264 -0.5984 -0.5069 -0.4397 -0.3871 -0.3434 -0.3041 -0.2657 -0.2265
 -5.2124 -4.9196 -4.6684 -4.4621 -4.2993 -4.1756 -4.0864 -4.0241 -3.9636 -3.8850
 -3.7863 -3.6684 -3.5299 -3.3680 -3.1797 -2.6435 -2.1445 -1.7255 -1.3750 -1.0867
 -0.8586 -0.6839 -0.5557 -0.4656 -0.4027 -0.3569 -0.3216 -0.2921 -0.2659 -0.2397
 -0.2109
 -5.5798 -5.2233 -4.9115 -4.6408 -4.4116 -4.2222 -4.0685 -3.9467 -3.8551 -3.7794
 -3.6974 -3.5928 -3.4606 -3.3063 -3.1328 -2.6243 -2.1238 -1.7030 -1.3534 -1.0638
 -0.8321 -0.6528 -0.5201 -0.4273 -0.3644 -0.3219 -0.2920 -0.2698 -0.2519 -0.2358
 -0.2197
 -6.0572 -5.6103 -5.2252 -4.8917 -4.6025 -4.3547 -4.1457 -3.9720 -3.8292 -3.7115
 -3.6076 -3.5069 -3.3987 -3.2700 -3.1126 -2.6334 -2.1313 -1.7034 -1.3499 -1.0565
 -0.8177 -0.6308 -0.4905 -0.3910 -0.3250 -0.2828 -0.2561 -0.2387 -0.2269 -0.2182
 -0.2107
 -6.7497 -6.1684 -5.6723 -5.2505 -4.8889 -4.5782 -4.3113 -4.0836 -3.8907 -3.7273
 -3.5854 -3.4559 -3.3307 -3.2046 -3.0719 -2.6616 -2.1736 -1.7348 -1.3727 -1.0723
 -0.8241 -0.6256 -0.4736 -0.3632 -0.2890 -0.2425 -0.2153 -0.2001 -0.1925 -0.1889
 -0.1882
 -7.6790 -6.9507 -6.3170 -5.7701 -5.3065 -4.9116 -4.5739 -4.2840 -4.0346 -3.8199
 -3.6335 -3.4680 -3.3155 -3.1695 -3.0260 -2.6600 -2.2313 -1.7891 -1.4144 -1.1042
 -0.8460 -0.6349 -0.4691 -0.3451 -0.2587 -0.2036 -0.1718 -0.1557 -0.1495 -0.1497
 -0.1522
 -8.8451 -7.9115 -7.1528 -6.4817 -5.8944 -5.3904 -4.9597 -4.5903 -4.2724 -3.9972
 -3.7577 -3.5472 -3.3589 -3.1861 -2.9749 -2.6286 -2.3044 -1.8663 -1.4750
 [Fe/H] = -0.50 [alpha/Fe] = 0.40 BC value = UX   
 -6.2850 -6.3147 -6.3289 -6.3273 -6.3032 -6.2527 -6.1733 -6.0633 -5.9254 -5.7742
 -5.6139 -5.4402 -5.2478 -5.0316 -4.7926 -4.1438 -3.4981 -2.8976 -2.3398
 -5.7313 -5.7607 -5.7790 -5.7830 -5.7694 -5.7350 -5.6759 -5.5859 -5.4691 -5.3317
 -5.1771 -5.0038 -4.8093 -4.5912 -4.3520 -3.7202 -3.1106 -2.5611 -2.0866 -1.6879
 -5.2473 -5.2740 -5.2929 -5.3005 -5.2936 -5.2695 -5.2249 -5.1549 -5.0586 -4.9384
 -4.7963 -4.6327 -4.4466 -4.2373 -4.0080 -3.4044 -2.8305 -2.3199 -1.8851 -1.5270
 -1.2382
 -4.8554 -4.8707 -4.8848 -4.8924 -4.8892 -4.8721 -4.8383 -4.7836 -4.7050 -4.6022
 -4.4760 -4.3267 -4.1541 -3.9583 -3.7421 -3.1681 -2.6249 -2.1440 -1.7353 -1.4016
 -1.1354 -0.9268
 -4.6007 -4.5743 -4.5668 -4.5648 -4.5595 -4.5453 -4.5181 -4.4743 -4.4100 -4.3232
 -4.2132 -4.0801 -3.9234 -3.7430 -3.5410 -2.9933 -2.4733 -2.0157 -1.6254 -1.3065
 -1.0536 -0.8567 -0.7075 -0.5954
 -4.6616 -4.5049 -4.4036 -4.3443 -4.3122 -4.2900 -4.2634 -4.2251 -4.1708 -4.0971
 -4.0022 -3.8851 -3.7450 -3.5811 -3.3943 -2.8705 -2.3655 -1.9242 -1.5477 -1.2370
 -0.9906 -0.7994 -0.6551 -0.5492 -0.4712 -0.4108 -0.3609 -0.3166 -0.2740 -0.2311
 -4.9612 -4.7038 -4.4941 -4.3337 -4.2171 -4.1356 -4.0800 -4.0381 -3.9870 -3.9208
 -3.8368 -3.7336 -3.6093 -3.4624 -3.2918 -2.7935 -2.2966 -1.8644 -1.4967 -1.1903
 -0.9451 -0.7546 -0.6107 -0.5058 -0.4316 -0.3778 -0.3367 -0.3027 -0.2729 -0.2436
 -0.2122
 -5.3118 -4.9919 -4.7131 -4.4764 -4.2823 -4.1273 -4.0058 -3.9151 -3.8532 -3.7945
 -3.7202 -3.6256 -3.5113 -3.3780 -3.2237 -2.7553 -2.2637 -1.8333 -1.4694 -1.1640
 -0.9157 -0.7214 -0.5741 -0.4666 -0.3920 -0.3410 -0.3054 -0.2786 -0.2572 -0.2388
 -0.2208
 -5.7351 -5.3396 -4.9961 -4.6972 -4.4398 -4.2228 -4.0432 -3.8960 -3.7794 -3.6908
 -3.6141 -3.5347 -3.4405 -3.3229 -3.1813 -2.7452 -2.2599 -1.8260 -1.4601 -1.1526
 -0.8988 -0.6975 -0.5437 -0.4306 -0.3523 -0.3010 -0.2681 -0.2443 -0.2272 -0.2162
 -0.2106
 -6.3319 -5.8193 -5.3837 -5.0094 -4.6865 -4.4085 -4.1715 -3.9720 -3.8062 -3.6701
 -3.5565 -3.4547 -3.3554 -3.2521 -3.1367 -2.7577 -2.2896 -1.8502 -1.4780 -1.1648
 -0.9030 -0.6911 -0.5266 -0.4040 -0.3177 -0.2614 -0.2272 -0.2073 -0.1962 -0.1898
 -0.1871
 -7.1842 -6.5169 -5.9447 -5.4601 -5.0471 -4.6945 -4.3929 -4.1352 -3.9162 -3.7314
 -3.5746 -3.4380 -3.3127 -3.1917 -3.0710 -2.7474 -2.3373 -1.8970 -1.5156 -1.1942
 -0.9236 -0.6998 -0.5224 -0.3873 -0.2897 -0.2244 -0.1849 -0.1632 -0.1532 -0.1505
 -0.1503
 -8.2738 -7.4586 -6.7391 -6.1135 -5.5757 -5.1196 -4.7318 -4.4013 -4.1190 -3.8773
 -3.6699 -3.4901 -3.3304 -3.1836 -2.9842 -2.7143 -2.4030 -1.9664 -1.5729
 [Fe/H] = -0.25 [alpha/Fe] = 0.40 BC value = UX   
 -6.4062 -6.4295 -6.4385 -6.4268 -6.3876 -6.3158 -6.2073 -6.0672 -5.9235 -5.7800
 -5.6365 -5.4890 -5.3311 -5.1539 -4.9516 -4.3566 -3.7096 -3.0929 -2.5151
 -5.8472 -5.8750 -5.8864 -5.8818 -5.8567 -5.8084 -5.7332 -5.6261 -5.4999 -5.3673
 -5.2289 -5.0821 -4.9217 -4.7416 -4.5372 -3.9492 -3.3331 -2.7575 -2.2582 -1.8384
 -5.3511 -5.3792 -5.3961 -5.3991 -5.3854 -5.3526 -5.2981 -5.2172 -5.1130 -4.9947
 -4.8661 -4.7259 -4.5709 -4.3970 -4.2009 -3.6398 -3.0578 -2.5184 -2.0541 -1.6712
 -1.3620
 -4.9343 -4.9583 -4.9759 -4.9834 -4.9777 -4.9564 -4.9173 -4.8567 -4.7728 -4.6701
 -4.5530 -4.4223 -4.2762 -4.1121 -3.9274 -3.3986 -2.8504 -2.3423 -1.9028 -1.5422
 -1.2545 -1.0264
 -4.6173 -4.6226 -4.6318 -4.6377 -4.6352 -4.6210 -4.5925 -4.5469 -4.4804 -4.3935
 -4.2889 -4.1691 -4.0333 -3.8799 -3.7073 -3.2090 -2.6900 -2.2096 -1.7905 -1.4440
 -1.1687 -0.9523 -0.7844 -0.6556
 -4.5523 -4.4245 -4.3864 -4.3702 -4.3603 -4.3466 -4.3233 -4.2870 -4.2341 -4.1618
 -4.0706 -3.9624 -3.8378 -3.6956 -3.5347 -3.0640 -2.5673 -2.1097 -1.7083 -1.3716
 -1.1023 -0.8914 -0.7287 -0.6056 -0.5130 -0.4418 -0.3840 -0.3333 -0.2849 -0.2368
 -4.7304 -4.5186 -4.3641 -4.2571 -4.1857 -4.1411 -4.1107 -4.0772 -4.0322 -3.9715
 -3.8930 -3.7970 -3.6842 -3.5539 -3.4051 -2.9611 -2.4804 -2.0379 -1.6506 -1.3213
 -1.0536 -0.8433 -0.6815 -0.5597 -0.4708 -0.4061 -0.3568 -0.3170 -0.2823 -0.2484
 -0.2127
 -5.0691 -4.7820 -4.5378 -4.3396 -4.1855 -4.0686 -3.9817 -3.9190 -3.8736 -3.8204
 -3.7518 -3.6670 -3.5659 -3.4478 -3.3116 -2.8960 -2.4284 -1.9935 -1.6149 -1.2903
 -1.0214 -0.8078 -0.6431 -0.5192 -0.4297 -0.3673 -0.3235 -0.2908 -0.2649 -0.2427
 -0.2208
 -5.4545 -5.1014 -4.7927 -4.5263 -4.3018 -4.1175 -3.9680 -3.8470 -3.7561 -3.6922
 -3.6324 -3.5621 -3.4750 -3.3694 -3.2455 -2.8598 -2.4059 -1.9730 -1.5963 -1.2732
 -1.0014 -0.7819 -0.6113 -0.4826 -0.3896 -0.3262 -0.2846 -0.2565 -0.2370 -0.2224
 -0.2102
 -5.9636 -5.5180 -5.1316 -4.7979 -4.5093 -4.2628 -4.0556 -3.8830 -3.7406 -3.6270
 -3.5378 -3.4591 -3.3804 -3.2937 -3.1913 -2.8500 -2.4167 -1.9848 -1.6052 -1.2794
 -1.0024 -0.7741 -0.5940 -0.4568 -0.3564 -0.2876 -0.2438 -0.2173 -0.2015 -0.1918
 -0.1858
 -6.6998 -6.1106 -5.6097 -5.1828 -4.8170 -4.5027 -4.2339 -4.0057 -3.8137 -3.6538
 -3.5216 -3.4097 -3.3089 -3.2117 -3.1131 -2.8302 -2.4475 -2.0196 -1.6349 -1.3034
 -1.0198 -0.7817 -0.5898 -0.4412 -0.3306 -0.2530 -0.2030 -0.1737 -0.1585 -0.1520
 -0.1476
 -7.7081 -6.9657 -6.3109 -5.7489 -5.2727 -4.8673 -4.5217 -4.2273 -3.9768 -3.7645
 -3.5852 -3.4326 -3.2991 -3.1769 -3.0109 -2.8004 -2.4983 -2.0774 -1.6854
 [Fe/H] =  0.00 [alpha/Fe] = 0.40 BC value = UX   
 -6.5732 -6.5895 -6.5762 -6.5319 -6.4579 -6.3547 -6.2305 -6.0697 -5.9350 -5.8017
 -5.6722 -5.5457 -5.4170 -5.2770 -5.1165 -4.6007 -3.9726 -3.3353 -2.7256
 -6.0118 -6.0336 -6.0377 -6.0200 -5.9776 -5.9079 -5.8077 -5.6745 -5.5407 -5.4120
 -5.2875 -5.1629 -5.0324 -4.8893 -4.7254 -4.2103 -3.6052 -3.0026 -2.4692 -2.0202
 -5.5011 -5.5275 -5.5393 -5.5338 -5.5083 -5.4609 -5.3893 -5.2904 -5.1736 -5.0549
 -4.9375 -4.8183 -4.6916 -4.5524 -4.3940 -3.9025 -3.3314 -2.7653 -2.2647 -1.8489
 -1.5123
 -5.0592 -5.0866 -5.1036 -5.1069 -5.0942 -5.0635 -5.0130 -4.9398 -4.8443 -4.7378
 -4.6278 -4.5148 -4.3940 -4.2614 -4.1118 -3.6518 -3.1178 -2.5868 -2.1121 -1.7172
 -1.4011 -1.1490
 -4.6992 -4.7187 -4.7344 -4.7417 -4.7370 -4.7179 -4.6827 -4.6292 -4.5542 -4.4619
 -4.3604 -4.2532 -4.1386 -4.0130 -3.8723 -3.4434 -2.9443 -2.4472 -1.9962 -1.6161
 -1.3115 -1.0709 -0.8814 -0.7325
 -4.4630 -4.4440 -4.4412 -4.4419 -4.4381 -4.4249 -4.3993 -4.3592 -4.3017 -4.2247
 -4.1334 -4.0331 -3.9246 -3.8057 -3.6731 -3.2720 -2.8026 -2.3352 -1.9076 -1.5397
 -1.2414 -1.0059 -0.8221 -0.6793 -0.5694 -0.4838 -0.4147 -0.3554 -0.2998 -0.2455
 -4.5369 -4.3913 -4.2957 -4.2393 -4.2086 -4.1882 -4.1651 -4.1322 -4.0864 -4.0240
 -3.9445 -3.8526 -3.7509 -3.6388 -3.5139 -3.1375 -2.6918 -2.2478 -1.8407 -1.4844
 -1.1890 -0.9542 -0.7715 -0.6306 -0.5242 -0.4447 -0.3843 -0.3364 -0.2954 -0.2559
 -0.2153
 -4.8469 -4.5944 -4.3923 -4.2415 -4.1315 -4.0508 -3.9916 -3.9500 -3.9091 -3.8573
 -3.7898 -3.7077 -3.6138 -3.5092 -3.3922 -3.0392 -2.6142 -2.1850 -1.7933 -1.4472
 -1.1535 -0.9161 -0.7305 -0.5879 -0.4813 -0.4039 -0.3486 -0.3079 -0.2758 -0.2489
 -0.2227
 -5.2107 -4.8901 -4.6139 -4.3811 -4.1926 -4.0434 -3.9262 -3.8385 -3.7714 -3.7152
 -3.6594 -3.5899 -3.5064 -3.4104 -3.3018 -2.9714 -2.5655 -2.1452 -1.7614 -1.4221
 -1.1294 -0.8877 -0.6969 -0.5501 -0.4404 -0.3619 -0.3083 -0.2720 -0.2461 -0.2267
 -0.2111
 -5.6560 -5.2599 -4.9145 -4.6151 -4.3589 -4.1443 -3.9672 -3.8232 -3.7071 -3.6138
 -3.5393 -3.4761 -3.4073 -3.3278 -3.2341 -2.9333 -2.5499 -2.1381 -1.7565 -1.4194
 -1.1260 -0.8784 -0.6792 -0.5245 -0.4080 -0.3241 -0.2676 -0.2317 -0.2093 -0.1945
 -0.1856
 -6.2769 -5.7620 -5.3233 -4.9457 -4.6196 -4.3395 -4.1017 -3.9019 -3.7348 -3.5959
 -3.4840 -3.3917 -3.3104 -3.2323 -3.1509 -2.9023 -2.5558 -2.1549 -1.7732 -1.4343
 -1.1380 -0.8842 -0.6751 -0.5100 -0.3839 -0.2916 -0.2285 -0.1888 -0.1661 -0.1546
 -0.1462
 -7.1770 -6.4970 -5.9178 -5.4263 -5.0067 -4.6474 -4.3399 -4.0780 -3.8563 -3.6698
 -3.5136 -3.3827 -3.2707 -3.1702 -3.0522 -2.8784 -2.5832 -2.1956 -1.8115
 [Fe/H] =  0.25 [alpha/Fe] = 0.40 BC value = UX   
 -6.7839 -6.7936 -6.7363 -6.6317 -6.4987 -6.3527 -6.2065 -6.0707 -5.9491 -5.8298
 -5.7118 -5.6001 -5.4922 -5.3828 -5.2611 -4.8464 -4.2636 -3.6160 -2.9732
 -6.2135 -6.2299 -6.2233 -6.1890 -6.1222 -6.0193 -5.8773 -5.7120 -5.5793 -5.4577
 -5.3439 -5.2357 -5.1277 -5.0152 -4.8895 -4.4714 -3.9072 -3.2897 -2.7196 -2.2352
 -5.6887 -5.7119 -5.7165 -5.6989 -5.6561 -5.5866 -5.4895 -5.3624 -5.2314 -5.1126
 -5.0033 -4.9000 -4.7958 -4.6855 -4.5627 -4.1625 -3.6324 -3.0538 -2.5161 -2.0621
 -1.6916
 -5.2222 -5.2502 -5.2636 -5.2593 -5.2350 -5.1890 -5.1203 -5.0270 -4.9138 -4.8013
 -4.6961 -4.5964 -4.4970 -4.3913 -4.2743 -3.9002 -3.4090 -2.8713 -2.3627 -1.9291
 -1.5778 -1.2962
 -4.8252 -4.8529 -4.8691 -4.8736 -4.8623 -4.8335 -4.7859 -4.7180 -4.6281 -4.5257
 -4.4248 -4.3278 -4.2318 -4.1307 -4.0197 -3.6724 -3.2192 -2.7218 -2.2427 -1.8256
 -1.4857 -1.2152 -0.9999 -0.8282
 -4.5084 -4.5275 -4.5388 -4.5447 -4.5401 -4.5224 -4.4894 -4.4400 -4.3718 -4.2846
 -4.1896 -4.0952 -4.0015 -3.9042 -3.7985 -3.4750 -3.0560 -2.5952 -2.1462 -1.7453
 -1.4125 -1.1472 -0.9377 -0.7725 -0.6422 -0.5387 -0.4550 -0.3841 -0.3189 -0.2571
 -4.4173 -4.3429 -4.3016 -4.2856 -4.2750 -4.2602 -4.2352 -4.1975 -4.1454 -4.0755
 -3.9903 -3.8997 -3.8080 -3.7135 -3.6123 -3.3086 -2.9189 -2.4884 -2.0679 -1.6843
 -1.3569 -1.0926 -0.8843 -0.7217 -0.5952 -0.4977 -0.4222 -0.3625 -0.3128 -0.2660
 -0.2196
 -4.6455 -4.4396 -4.2935 -4.1905 -4.1165 -4.0660 -4.0303 -3.9962 -3.9529 -3.8970
 -3.8248 -3.7408 -3.6522 -3.5602 -3.4627 -3.1759 -2.8108 -2.4036 -2.0061 -1.6391
 -1.3176 -1.0522 -0.8413 -0.6774 -0.5511 -0.4553 -0.3845 -0.3314 -0.2908 -0.2578
 -0.2259
 -4.9903 -4.7029 -4.4603 -4.2662 -4.1183 -4.0073 -3.9209 -3.8501 -3.7962 -3.7463
 -3.6866 -3.6128 -3.5294 -3.4409 -3.3470 -3.0745 -2.7305 -2.3399 -1.9571 -1.6040
 -1.2888 -1.0217 -0.8065 -0.6384 -0.5094 -0.4127 -0.3431 -0.2941 -0.2592 -0.2333
 -0.2131
 -5.3964 -5.0394 -4.7279 -4.4604 -4.2369 -4.0554 -3.9095 -3.7913 -3.6946 -3.6194
 -3.5617 -3.5013 -3.4305 -3.3505 -3.2625 -3.0052 -2.6822 -2.3075 -1.9338 -1.5894
 -1.2797 -1.0107 -0.7889 -0.6132 -0.4776 -0.3757 -0.3030 -0.2536 -0.2214 -0.1999
 -0.1869
 -5.9258 -5.4740 -5.0840 -4.7459 -4.4539 -4.2058 -3.9985 -3.8265 -3.6830 -3.5641
 -3.4680 -3.3928 -3.3249 -3.2559 -3.1818 -2.9569 -2.6570 -2.2990 -1.9316 -1.5908
 -1.2840 -1.0136 -0.7848 -0.5998 -0.4549 -0.3450 -0.2657 -0.2121 -0.1786 -0.1595
 -0.1491
 -6.6909 -6.0940 -5.5871 -5.1540 -4.7821 -4.4621 -4.1888 -3.9574 -3.7629 -3.5996
 -3.4623 -3.3484 -3.2535 -3.1698 -3.1049 -2.9296 -2.6549 -2.3144 -1.9505
 [Fe/H] =  0.50 [alpha/Fe] = 0.40 BC value = UX   
 -7.0383 -7.0418 -6.9187 -6.7263 -6.5101 -6.3099 -6.1354 -6.0677 -5.9665 -5.8603
 -5.7503 -5.6466 -5.5521 -5.4631 -5.3704 -5.0591 -4.5561 -3.9150 -3.2795
 -6.4523 -6.4639 -6.4301 -6.3382 -6.2181 -6.0725 -5.9040 -5.7329 -5.6129 -5.5003
 -5.3939 -5.2954 -5.2022 -5.1105 -5.0146 -4.6980 -4.2074 -3.5982 -3.0031 -2.4783
 -5.9139 -5.9324 -5.9169 -5.8847 -5.8175 -5.7197 -5.5875 -5.4167 -5.2788 -5.1642
 -5.0602 -4.9667 -4.8777 -4.7880 -4.6931 -4.3879 -3.9299 -3.3640 -2.7976 -2.3056
 -1.8990
 -5.4127 -5.4401 -5.4486 -5.4343 -5.3941 -5.3264 -5.2317 -5.1098 -4.9755 -4.8575
 -4.7546 -4.6640 -4.5791 -4.4936 -4.4020 -4.1150 -3.6951 -3.1766 -2.6452 -2.1737
 -1.7839 -1.4679
 -4.9832 -5.0135 -5.0301 -5.0291 -5.0078 -4.9641 -4.8977 -4.8088 -4.6976 -4.5838
 -4.4811 -4.3906 -4.3079 -4.2257 -4.1386 -3.8707 -3.4881 -3.0155 -2.5215 -2.0698
 -1.6916 -1.3859 -1.1406 -0.9427
 -4.6265 -4.6498 -4.6671 -4.6730 -4.6637 -4.6369 -4.5915 -4.5271 -4.4423 -4.3403
 -4.2400 -4.1486 -4.0657 -3.9857 -3.9021 -3.6515 -3.3030 -2.8720 -2.4161 -1.9865
 -1.6173 -1.3171 -1.0771 -0.8860 -0.7329 -0.6090 -0.5076 -0.4214 -0.3438 -0.2722
 -4.3945 -4.3792 -4.3739 -4.3745 -4.3687 -4.3514 -4.3196 -4.2722 -4.2084 -4.1258
 -4.0314 -3.9401 -3.8559 -3.7759 -3.6948 -3.4586 -3.1393 -2.7444 -2.3242 -1.9189
 -1.5594 -1.2614 -1.0230 -0.8342 -0.6850 -0.5666 -0.4730 -0.3981 -0.3362 -0.2797
 -0.2261
 -4.4841 -4.3425 -4.2439 -4.1822 -4.1448 -4.1187 -4.0908 -4.0532 -4.0028 -3.9381
 -3.8564 -3.7677 -3.6820 -3.6009 -3.5207 -3.2952 -3.0004 -2.6345 -2.2445 -1.8637
 -1.5157 -1.2192 -0.9794 -0.7893 -0.6406 -0.5241 -0.4343 -0.3654 -0.3123 -0.2702
 -0.2310
 -4.7956 -4.5403 -4.3385 -4.1917 -4.0866 -4.0045 -3.9355 -3.8789 -3.8300 -3.7770
 -3.7099 -3.6289 -3.5437 -3.4612 -3.3807 -3.1627 -2.8865 -2.5438 -2.1754 -1.8154
 -1.4802 -1.1861 -0.9433 -0.7501 -0.5987 -0.4813 -0.3925 -0.3269 -0.2789 -0.2435
 -0.2170
 -5.1758 -4.8508 -4.5698 -4.3349 -4.1459 -3.9996 -3.8864 -3.7955 -3.7156 -3.6475
 -3.5887 -3.5198 -3.4400 -3.3579 -3.2765 -3.0633 -2.8034 -2.4816 -2.1296 -1.7852
 -1.4625 -1.1719 -0.9253 -0.7254 -0.5679 -0.4457 -0.3537 -0.2868 -0.2406 -0.2093
 -0.1879
 -5.6422 -5.2379 -4.8858 -4.5803 -4.3195 -4.1026 -3.9255 -3.7808 -3.6617 -3.5627
 -3.4805 -3.4139 -3.3471 -3.2737 -3.1967 -2.9913 -2.7451 -2.4421 -2.1034 -1.7688
 -1.4556 -1.1697 -0.9200 -0.7127 -0.5466 -0.4168 -0.3186 -0.2474 -0.1991 -0.1685
 -0.1501
 -6.2919 -5.7654 -5.3171 -4.9313 -4.5980 -4.3119 -4.0696 -3.8670 -3.6980 -3.5560
 -3.4362 -3.3376 -3.2545 -3.1812 -3.1413 -2.9467 -2.7116 -2.4253 -2.0968
