 [Fe/H] = -4.00 [alpha/Fe] = 0.40 BC value =  V   
 -0.1123  1.6946  3.0011  2.1446 -0.8377 -5.5536 -4.2617 -2.1727 -1.0115 -0.9374
 -0.7657 -0.6536 -1.0606 -1.5466 -1.6071 -1.0173
 -3.1082 -2.1583 -1.2608 -1.3071 -2.2775 -4.3198 -3.7173 -2.7199 -1.9926 -1.6856
 -1.4229 -1.2751 -1.3798 -1.5293 -1.4901 -0.9745 -0.6442 -0.4574 -0.4317
 -4.1288 -3.7097 -3.1821 -2.8667 -2.7851 -3.2034 -2.9879 -2.6504 -2.2892 -1.9716
 -1.7263 -1.5721 -1.4979 -1.4387 -1.3320 -0.9080 -0.6117 -0.4356 -0.3487 -0.2760
 -0.1461
 -3.1741 -2.9596 -2.7628 -2.5342 -2.3605 -2.2045 -2.0735 -1.9643 -1.9012 -1.7953
 -1.6758 -1.5447 -1.4151 -1.2748 -1.1328 -0.8178 -0.5866 -0.4257 -0.3121 -0.2299
 -0.1659 -0.1131 -0.0667
 -2.8033 -2.6436 -2.4890 -2.3190 -2.1635 -2.0142 -1.8774 -1.7559 -1.6487 -1.5497
 -1.4498 -1.3436 -1.2350 -1.1242 -1.0125 -0.7550 -0.5592 -0.4214 -0.3220 -0.2467
 -0.1867 -0.1366 -0.0927 -0.0547 -0.0227
 -2.4494 -2.3343 -2.2169 -2.0934 -1.9639 -1.8326 -1.7040 -1.5836 -1.4741 -1.3747
 -1.2828 -1.1935 -1.1023 -1.0118 -0.9194 -0.7059 -0.5369 -0.4165 -0.3291 -0.2613
 -0.2062 -0.1595 -0.1185 -0.0817 -0.0486 -0.0202
 -2.1124 -2.0317 -1.9465 -1.8574 -1.7618 -1.6597 -1.5533 -1.4474 -1.3462 -1.2519
 -1.1650 -1.0841 -1.0066 -0.9309 -0.8535 -0.6705 -0.5197 -0.4110 -0.3334 -0.2737
 -0.2244 -0.1818 -0.1440 -0.1095 -0.0777 -0.0488 -0.0236 -0.0065 -0.0005 -0.0035
 -1.7924 -1.7358 -1.6778 -1.6186 -1.5553 -1.4853 -1.4081 -1.3258 -1.2414 -1.1587
 -1.0799 -1.0057 -0.9362 -0.8698 -0.8047 -0.6458 -0.5089 -0.4052 -0.3331 -0.2805
 -0.2380 -0.2010 -0.1676 -0.1367 -0.1075 -0.0800 -0.0537 -0.0325 -0.0205 -0.0199
 -0.0288
 -1.5035 -1.4638 -1.4258 -1.3895 -1.3517 -1.3100 -1.2619 -1.2063 -1.1441 -1.0783
 -1.0113 -0.9459 -0.8832 -0.8235 -0.7657 -0.6267 -0.5012 -0.4012 -0.3295 -0.2805
 -0.2443 -0.2140 -0.1866 -0.1608 -0.1358 -0.1114 -0.0884 -0.0661 -0.0485 -0.0404
 -0.0447
 -1.2462 -1.2215 -1.1997 -1.1805 -1.1614 -1.1408 -1.1160 -1.0849 -1.0459 -0.9993
 -0.9475 -0.8932 -0.8385 -0.7849 -0.7328 -0.6081 -0.4926 -0.3966 -0.3249 -0.2755
 -0.2426 -0.2186 -0.1982 -0.1788 -0.1595 -0.1399 -0.1204 -0.1016 -0.0845 -0.0723
 -0.0653
 -1.0216 -1.0107 -1.0015 -0.9938 -0.9878 -0.9817 -0.9736 -0.9615 -0.9431 -0.9163
 -0.8816 -0.8411 -0.7969 -0.7509 -0.7045 -0.5908 -0.4848 -0.3924 -0.3211 -0.2700
 -0.2366 -0.2157 -0.2013 -0.1890 -0.1767 -0.1634 -0.1493 -0.1347 -0.1203 -0.1072
 -0.0949
 -0.8426 -0.8314 -0.8268 -0.8282 -0.8317 -0.8351 -0.8384 -0.8394 -0.8362 -0.8249
 -0.8058 -0.7803 -0.7497 -0.7149 -0.6770 -0.5756 -0.4757 -0.3874 -0.3165 -0.2648
 -0.2298 -0.2085 -0.1969 -0.1904 -0.1851 -0.1790 -0.1717 -0.1630 -0.1533 -0.1434
 -0.1346
 -0.7092 -0.6835 -0.6756 -0.6837 -0.6931 -0.7010 -0.7118 -0.7216 -0.7284 -0.7294
 -0.7243 -0.7136 -0.6978 -0.6769 -0.6502 -0.5625 -0.4653 -0.3816 -0.3111
 [Fe/H] = -3.00 [alpha/Fe] = 0.40 BC value =  V   
 -3.4855 -3.1182 -2.8766 -2.7503 -2.7397 -3.1347 -2.8694 -2.6203 -2.4229 -2.2578
 -2.0350 -1.8138 -1.7057 -1.6425 -1.5285 -1.0761
 -3.3425 -2.9859 -2.7311 -2.5672 -2.4916 -2.6467 -2.4870 -2.3248 -2.1763 -2.0361
 -1.8716 -1.7059 -1.5803 -1.4714 -1.3426 -0.9626 -0.6674 -0.4595 -0.3143
 -3.1915 -2.8524 -2.5944 -2.4064 -2.2837 -2.2705 -2.1720 -2.0655 -1.9522 -1.8334
 -1.7101 -1.5832 -1.4535 -1.3217 -1.1884 -0.8679 -0.6183 -0.4383 -0.3108 -0.2181
 -0.1472
 -3.0325 -2.7177 -2.4665 -2.2679 -2.1159 -2.0061 -1.9244 -1.8424 -1.7506 -1.6497
 -1.5503 -1.4458 -1.3253 -1.1933 -1.0659 -0.7920 -0.5795 -0.4237 -0.3115 -0.2280
 -0.1627 -0.1092 -0.0626
 -2.8655 -2.5818 -2.3474 -2.1517 -1.9883 -1.8535 -1.7442 -1.6555 -1.5715 -1.4850
 -1.3923 -1.2937 -1.1957 -1.0862 -0.9751 -0.7349 -0.5510 -0.4157 -0.3164 -0.2408
 -0.1804 -0.1300 -0.0867 -0.0491 -0.0175
 -2.6905 -2.4447 -2.2371 -2.0578 -1.9009 -1.7635 -1.6438 -1.5402 -1.4493 -1.3657
 -1.2808 -1.1902 -1.1010 -1.0081 -0.9103 -0.6942 -0.5296 -0.4100 -0.3224 -0.2543
 -0.1989 -0.1520 -0.1111 -0.0747 -0.0422 -0.0141
 -2.5021 -2.2947 -2.1176 -1.9614 -1.8204 -1.6916 -1.5742 -1.4676 -1.3712 -1.2829
 -1.1988 -1.1157 -1.0317 -0.9517 -0.8657 -0.6674 -0.5140 -0.4040 -0.3259 -0.2658
 -0.2162 -0.1735 -0.1358 -0.1017 -0.0705 -0.0424 -0.0180 -0.0016  0.0038  0.0006
 -2.3104 -2.1355 -1.9867 -1.8549 -1.7336 -1.6197 -1.5118 -1.4103 -1.3152 -1.2267
 -1.1433 -1.0628 -0.9835 -0.9080 -0.8316 -0.6506 -0.5042 -0.3979 -0.3249 -0.2720
 -0.2292 -0.1921 -0.1589 -0.1284 -0.0998 -0.0731 -0.0491 -0.0282 -0.0158 -0.0157
 -0.0249
 -2.0114 -1.9418 -1.8504 -1.7394 -1.6371 -1.5400 -1.4455 -1.3538 -1.2656 -1.1809
 -1.1001 -1.0229 -0.9479 -0.8750 -0.8044 -0.6373 -0.4985 -0.3932 -0.3190 -0.2717
 -0.2322 -0.2049 -0.1776 -0.1521 -0.1277 -0.1041 -0.0818 -0.0643 -0.0519 -0.0442
 -0.0408
 -1.9186 -1.7978 -1.6989 -1.6196 -1.5323 -1.4501 -1.3699 -1.2906 -1.2120 -1.1346
 -1.0591 -0.9861 -0.9155 -0.8470 -0.7805 -0.6234 -0.4916 -0.3891 -0.3155 -0.2664
 -0.2336 -0.2096 -0.1892 -0.1701 -0.1513 -0.1324 -0.1136 -0.0955 -0.0791 -0.0664
 -0.0612
 -1.7771 -1.6689 -1.5783 -1.5036 -1.4267 -1.3549 -1.2870 -1.2198 -1.1525 -1.0850
 -1.0173 -0.9506 -0.8852 -0.8215 -0.7596 -0.6119 -0.4856 -0.3854 -0.3117 -0.2606
 -0.2277 -0.2070 -0.1926 -0.1806 -0.1686 -0.1559 -0.1425 -0.1285 -0.1148 -0.1024
 -0.0907
 -1.6417 -1.5549 -1.4732 -1.3961 -1.3295 -1.2704 -1.2133 -1.1407 -1.0841 -1.0269
 -0.9689 -0.9104 -0.8518 -0.7938 -0.7369 -0.6004 -0.4788 -0.3812 -0.3074 -0.2552
 -0.2207 -0.2000 -0.1887 -0.1823 -0.1774 -0.1717 -0.1650 -0.1569 -0.1477 -0.1384
 -0.1302
 -1.5123 -1.4561 -1.3837 -1.2970 -1.2408 -1.1967 -1.1239 -1.0744 -1.0250 -0.9599
 -0.9116 -0.8624 -0.8122 -0.7614 -0.7124 -0.5889 -0.4712 -0.3765 -0.3026
 [Fe/H] = -2.50 [alpha/Fe] = 0.40 BC value =  V   
 -4.4328 -4.1834 -4.0179 -3.7022 -3.2434 -2.8660 -2.7184 -2.6843 -2.5942 -2.4067
 -2.1883 -1.9638 -1.7652 -1.5952 -1.4285 -1.0432
 -3.9185 -3.5794 -3.3371 -3.0693 -2.7732 -2.5310 -2.3922 -2.3062 -2.2041 -2.0647
 -1.9072 -1.7370 -1.5675 -1.4091 -1.2591 -0.9280 -0.6589 -0.4556 -0.2967
 -3.5279 -3.1334 -2.8404 -2.6003 -2.4037 -2.2461 -2.1179 -2.0068 -1.9013 -1.7932
 -1.6766 -1.5467 -1.4040 -1.2595 -1.1241 -0.8357 -0.6075 -0.4335 -0.3023 -0.2070
 -0.1428
 -3.2610 -2.8454 -2.5278 -2.2952 -2.1349 -2.0113 -1.8955 -1.7861 -1.6858 -1.5922
 -1.4965 -1.3929 -1.2747 -1.1464 -1.0235 -0.7663 -0.5686 -0.4181 -0.3070 -0.2233
 -0.1575 -0.1040 -0.0592
 -3.1178 -2.7154 -2.3993 -2.1540 -1.9668 -1.8266 -1.7250 -1.6441 -1.5576 -1.4617
 -1.3669 -1.2756 -1.1796 -1.0698 -0.9573 -0.7198 -0.5422 -0.4094 -0.3108 -0.2351
 -0.1745 -0.1240 -0.0808 -0.0425 -0.0105
 -3.0122 -2.6341 -2.3322 -2.0919 -1.9003 -1.7478 -1.6263 -1.5283 -1.4480 -1.3735
 -1.2891 -1.1972 -1.1085 -1.0154 -0.9145 -0.6907 -0.5248 -0.4039 -0.3156 -0.2475
 -0.1921 -0.1452 -0.1043 -0.0682 -0.0363 -0.0086
 -2.9031 -2.5581 -2.2785 -2.0512 -1.8648 -1.7104 -1.5815 -1.4730 -1.3798 -1.2969
 -1.2196 -1.1406 -1.0578 -0.9747 -0.8845 -0.6732 -0.5134 -0.3991 -0.3185 -0.2579
 -0.2083 -0.1658 -0.1283 -0.0946 -0.0639 -0.0364 -0.0126  0.0032  0.0083  0.0050
 -2.7796 -2.4710 -2.2181 -2.0091 -1.8336 -1.6840 -1.5549 -1.4421 -1.3431 -1.2540
 -1.1714 -1.0922 -1.0139 -0.9385 -0.8595 -0.6627 -0.5063 -0.3943 -0.3176 -0.2634
 -0.2205 -0.1836 -0.1507 -0.1206 -0.0925 -0.0664 -0.0432 -0.0230 -0.0111 -0.0113
 -0.0207
 -2.6496 -2.3739 -2.1467 -1.9573 -1.7957 -1.6550 -1.5302 -1.4183 -1.3173 -1.2258
 -1.1410 -1.0607 -0.9831 -0.9078 -0.8352 -0.6541 -0.5024 -0.3902 -0.3138 -0.2629
 -0.2262 -0.1960 -0.1689 -0.1438 -0.1198 -0.0968 -0.0752 -0.0558 -0.0401 -0.0314
 -0.0367
 -2.5184 -2.2718 -2.0663 -1.8941 -1.7463 -1.6158 -1.4981 -1.3906 -1.2917 -1.2004
 -1.1156 -1.0357 -0.9592 -0.8851 -0.8140 -0.6429 -0.4979 -0.3865 -0.3084 -0.2576
 -0.2245 -0.2005 -0.1803 -0.1615 -0.1431 -0.1247 -0.1066 -0.0892 -0.0736 -0.0616
 -0.0569
 -2.4029 -2.1807 -1.9897 -1.8288 -1.6914 -1.5701 -1.4602 -1.3584 -1.2636 -1.1751
 -1.0920 -1.0138 -0.9393 -0.8678 -0.7987 -0.6345 -0.4940 -0.3843 -0.3048 -0.2517
 -0.2186 -0.1980 -0.1838 -0.1719 -0.1603 -0.1480 -0.1352 -0.1220 -0.1089 -0.0972
 -0.0861
 -2.3074 -2.1022 -1.9221 -1.7668 -1.6336 -1.5183 -1.4146 -1.3188 -1.2290 -1.1445
 -1.0646 -0.9892 -0.9177 -0.8492 -0.7831 -0.6267 -0.4896 -0.3812 -0.3013 -0.2463
 -0.2113 -0.1910 -0.1800 -0.1738 -0.1691 -0.1638 -0.1576 -0.1501 -0.1416 -0.1330
 -0.1253
 -2.2319 -2.0363 -1.8657 -1.7130 -1.5805 -1.4656 -1.3644 -1.2729 -1.1877 -1.1076
 -1.0317 -0.9599 -0.8919 -0.8270 -0.7672 -0.6195 -0.4847 -0.3772 -0.2979
 [Fe/H] = -2.00 [alpha/Fe] = 0.40 BC value =  V   
 -5.1941 -4.7005 -4.3004 -4.0041 -3.6987 -3.4012 -3.0984 -2.8022 -2.5245 -2.2802
 -2.0598 -1.8569 -1.6712 -1.5022 -1.3041 -0.9766
 -4.8004 -4.2927 -3.8570 -3.4861 -3.1712 -2.8959 -2.6443 -2.4069 -2.1892 -1.9956
 -1.8169 -1.6453 -1.4793 -1.3245 -1.1691 -0.8743 -0.6370 -0.4484 -0.3066
 -4.4010 -3.8875 -3.4463 -3.0769 -2.7709 -2.5164 -2.2997 -2.1040 -1.9288 -1.7723
 -1.6262 -1.4822 -1.3363 -1.1948 -1.0648 -0.7954 -0.5873 -0.4246 -0.3008 -0.2077
 -0.1351
 -3.9959 -3.4849 -3.0683 -2.7765 -2.4978 -2.2628 -2.0646 -1.8935 -1.7433 -1.6103
 -1.4877 -1.3676 -1.2422 -1.1131 -0.9912 -0.7399 -0.5521 -0.4085 -0.2991 -0.2156
 -0.1490 -0.0960 -0.0519
 -3.6950 -3.1868 -2.7880 -2.4844 -2.2509 -2.0634 -1.9021 -1.7532 -1.6165 -1.4942
 -1.3843 -1.2813 -1.1766 -1.0628 -0.9483 -0.7078 -0.5314 -0.4001 -0.3015 -0.2258
 -0.1653 -0.1148 -0.0718 -0.0339 -0.0026
 -3.5748 -3.0637 -2.6526 -2.3351 -2.0923 -1.9050 -1.7571 -1.6350 -1.5274 -1.4240
 -1.3182 -1.2187 -1.1249 -1.0283 -0.9239 -0.6912 -0.5202 -0.3962 -0.3053 -0.2365
 -0.1812 -0.1346 -0.0941 -0.0585 -0.0273 -0.0004
 -3.5172 -3.0089 -2.5979 -2.2720 -2.0154 -1.8136 -1.6546 -1.5284 -1.4271 -1.3447
 -1.2663 -1.1791 -1.0892 -1.0001 -0.9072 -0.6837 -0.5148 -0.3940 -0.3082 -0.2455
 -0.1959 -0.1538 -0.1168 -0.0837 -0.0538 -0.0271 -0.0044  0.0105  0.0153  0.0122
 -3.4644 -2.9770 -2.5750 -2.2527 -1.9960 -1.7911 -1.6262 -1.4921 -1.3814 -1.2872
 -1.2047 -1.1296 -1.0540 -0.9753 -0.8919 -0.6809 -0.5124 -0.3922 -0.3086 -0.2505
 -0.2069 -0.1704 -0.1381 -0.1086 -0.0813 -0.0561 -0.0339 -0.0149 -0.0038 -0.0041
 -0.0135
 -3.3981 -2.9391 -2.5559 -2.2439 -1.9917 -1.7875 -1.6201 -1.4808 -1.3636 -1.2630
 -1.1735 -1.0917 -1.0153 -0.9429 -0.8707 -0.6782 -0.5120 -0.3904 -0.3067 -0.2507
 -0.2121 -0.1819 -0.1553 -0.1308 -0.1077 -0.0855 -0.0650 -0.0467 -0.0320 -0.0242
 -0.0296
 -3.3087 -2.8817 -2.5242 -2.2278 -1.9850 -1.7853 -1.6187 -1.4777 -1.3564 -1.2508
 -1.1570 -1.0715 -0.9915 -0.9160 -0.8451 -0.6693 -0.5107 -0.3879 -0.3025 -0.2464
 -0.2107 -0.1860 -0.1661 -0.1478 -0.1301 -0.1125 -0.0955 -0.0792 -0.0648 -0.0538
 -0.0499
 -3.2086 -2.8258 -2.4937 -2.2129 -1.9791 -1.7842 -1.6197 -1.4784 -1.3553 -1.2467
 -1.1496 -1.0616 -0.9800 -0.9030 -0.8302 -0.6605 -0.5097 -0.3878 -0.2997 -0.2413
 -0.2053 -0.1837 -0.1694 -0.1579 -0.1468 -0.1353 -0.1233 -0.1111 -0.0992 -0.0887
 -0.0788
 -3.1128 -2.7696 -2.4635 -2.1979 -1.9722 -1.7812 -1.6183 -1.4773 -1.3532 -1.2429
 -1.1439 -1.0541 -0.9716 -0.8945 -0.8214 -0.6533 -0.5068 -0.3873 -0.2978 -0.2364
 -0.1983 -0.1769 -0.1657 -0.1598 -0.1555 -0.1508 -0.1453 -0.1387 -0.1313 -0.1239
 -0.1173
 -3.0244 -2.7162 -2.4390 -2.1905 -1.9707 -1.7800 -1.6169 -1.4750 -1.3496 -1.2378
 -1.1371 -1.0459 -0.9627 -0.8858 -0.8187 -0.6477 -0.5020 -0.3864 -0.2968
 [Fe/H] = -1.50 [alpha/Fe] = 0.40 BC value =  V   
 -6.1072 -5.7438 -5.3855 -5.0180 -4.6575 -4.2426 -3.7427 -3.1660 -2.6707 -2.2854
 -1.9864 -1.7496 -1.5540 -1.3871 -1.2397 -0.9323
 -5.6734 -5.2181 -4.7973 -4.4005 -4.0252 -3.6408 -3.2144 -2.7522 -2.3580 -2.0431
 -1.7907 -1.5821 -1.4038 -1.2484 -1.1112 -0.8307 -0.6121 -0.4370 -0.2997
 -5.3204 -4.8112 -4.3485 -3.9290 -3.5451 -3.1845 -2.8187 -2.4444 -2.1236 -1.8606
 -1.6440 -1.4594 -1.2968 -1.1515 -1.0221 -0.7600 -0.5631 -0.4101 -0.2902 -0.1974
 -0.1241
 -5.0482 -4.5231 -4.0391 -3.6035 -3.2171 -2.8737 -2.5556 -2.2426 -1.9675 -1.7379
 -1.5463 -1.3815 -1.2330 -1.0964 -0.9724 -0.7202 -0.5350 -0.3952 -0.2873 -0.2037
 -0.1375 -0.0831 -0.0386
 -4.6710 -4.1496 -3.7333 -3.3435 -2.9811 -2.6536 -2.3634 -2.0955 -1.8544 -1.6487
 -1.4755 -1.3268 -1.1927 -1.0662 -0.9474 -0.7009 -0.5211 -0.3886 -0.2887 -0.2119
 -0.1511 -0.1009 -0.0583 -0.0212  0.0091
 -4.3369 -3.8060 -3.3657 -2.9995 -2.6917 -2.4295 -2.1978 -1.9755 -1.7668 -1.5813
 -1.4214 -1.2839 -1.1622 -1.0477 -0.9360 -0.6942 -0.5160 -0.3870 -0.2921 -0.2207
 -0.1649 -0.1187 -0.0788 -0.0441 -0.0137  0.0114
 -4.2147 -3.6443 -3.1658 -2.7725 -2.4522 -2.1905 -1.9778 -1.8049 -1.6564 -1.5178
 -1.3808 -1.2525 -1.1370 -1.0317 -0.9296 -0.6945 -0.5159 -0.3877 -0.2957 -0.2283
 -0.1774 -0.1357 -0.0995 -0.0674 -0.0386 -0.0133  0.0078  0.0214  0.0256  0.0229
 -4.1954 -3.5995 -3.0938 -2.6793 -2.3444 -2.0748 -1.8568 -1.6787 -1.5316 -1.4110
 -1.3103 -1.2150 -1.1165 -1.0181 -0.9229 -0.6981 -0.5186 -0.3892 -0.2981 -0.2335
 -0.1868 -0.1502 -0.1187 -0.0904 -0.0643 -0.0406 -0.0199 -0.0031  0.0072  0.0068
 -0.0020
 -4.2089 -3.6090 -3.0897 -2.6582 -2.3093 -2.0301 -1.8058 -1.6237 -1.4743 -1.3494
 -1.2434 -1.1529 -1.0729 -0.9940 -0.9118 -0.7021 -0.5229 -0.3911 -0.2988 -0.2354
 -0.1890 -0.1602 -0.1342 -0.1109 -0.0889 -0.0682 -0.0493 -0.0315 -0.0182 -0.0130
 -0.0184
 -4.1973 -3.6181 -3.1016 -2.6668 -2.3099 -2.0225 -1.7917 -1.6044 -1.4506 -1.3222
 -1.2128 -1.1172 -1.0320 -0.9553 -0.8834 -0.6993 -0.5260 -0.3918 -0.2973 -0.2334
 -0.1916 -0.1641 -0.1438 -0.1265 -0.1099 -0.0938 -0.0783 -0.0637 -0.0510 -0.0417
 -0.0387
 -4.1526 -3.6090 -3.1186 -2.6909 -2.3335 -2.0414 -1.8048 -1.6117 -1.4523 -1.3186
 -1.2045 -1.1050 -1.0161 -0.9350 -0.8604 -0.6900 -0.5292 -0.3950 -0.2970 -0.2306
 -0.1881 -0.1626 -0.1470 -0.1358 -0.1256 -0.1153 -0.1049 -0.0942 -0.0840 -0.0752
 -0.0669
 -4.0811 -3.5831 -3.1274 -2.7157 -2.3648 -2.0719 -1.8308 -1.6324 -1.4674 -1.3282
 -1.2087 -1.1045 -1.0119 -0.9279 -0.8505 -0.6791 -0.5280 -0.3979 -0.2975 -0.2276
 -0.1829 -0.1570 -0.1439 -0.1376 -0.1338 -0.1301 -0.1259 -0.1207 -0.1148 -0.1090
 -0.1041
 -3.9882 -3.5437 -3.1281 -2.7432 -2.4034 -2.1122 -1.8674 -1.6630 -1.4915 -1.3461
 -1.2209 -1.1117 -1.0149 -0.9279 -0.8537 -0.6666 -0.5224 -0.4005 -0.2988
 [Fe/H] = -1.00 [alpha/Fe] = 0.40 BC value =  V   
 -6.7542 -6.4449 -6.1561 -5.8750 -5.6658 -5.3269 -4.7219 -3.8414 -3.1258 -2.4065
 -1.9893 -1.6975 -1.4811 -1.3072 -1.1608 -0.8695
 -6.2976 -5.9346 -5.6077 -5.3045 -5.0296 -4.6799 -4.1433 -3.4102 -2.7371 -2.2172
 -1.8422 -1.5711 -1.3668 -1.2027 -1.0641 -0.7896 -0.5837 -0.4192 -0.2862
 -5.9603 -5.5464 -5.1770 -4.8425 -4.5221 -4.1706 -3.7008 -3.0928 -2.5353 -2.0851
 -1.7432 -1.4874 -1.2912 -1.1333 -0.9998 -0.7362 -0.5420 -0.3935 -0.2763 -0.1833
 -0.1100
 -5.7423 -5.2803 -4.8640 -4.4890 -4.1433 -3.7990 -3.3944 -2.8892 -2.4114 -2.0102
 -1.6923 -1.4464 -1.2543 -1.0990 -0.9679 -0.7093 -0.5213 -0.3810 -0.2729 -0.1877
 -0.1203 -0.0654 -0.0208
 -5.5530 -5.0773 -4.6337 -4.2258 -3.8521 -3.5034 -3.1511 -2.7337 -2.3203 -1.9599
 -1.6639 -1.4275 -1.2390 -1.0854 -0.9557 -0.6992 -0.5128 -0.3765 -0.2738 -0.1942
 -0.1316 -0.0808 -0.0386 -0.0024  0.0266
 -5.1631 -4.7513 -4.3679 -3.9934 -3.6240 -3.2715 -2.9386 -2.5950 -2.2400 -1.9174
 -1.6432 -1.4178 -1.2341 -1.0829 -0.9545 -0.6992 -0.5121 -0.3767 -0.2771 -0.2014
 -0.1428 -0.0959 -0.0565 -0.0228  0.0065  0.0299
 -4.8240 -4.3472 -3.9471 -3.6053 -3.3002 -3.0138 -2.7295 -2.4430 -2.1500 -1.8696
 -1.6207 -1.4089 -1.2322 -1.0845 -0.9584 -0.7048 -0.5162 -0.3795 -0.2810 -0.2081
 -0.1530 -0.1099 -0.0742 -0.0433 -0.0162  0.0072  0.0257  0.0375  0.0404  0.0374
 -4.7022 -4.1590 -3.6938 -3.3031 -2.9743 -2.6893 -2.4346 -2.2026 -1.9824 -1.7731
 -1.5744 -1.3909 -1.2274 -1.0861 -0.9632 -0.7132 -0.5230 -0.3839 -0.2848 -0.2134
 -0.1611 -0.1217 -0.0903 -0.0632 -0.0390 -0.0173  0.0013  0.0155  0.0235  0.0220
  0.0138
 -4.7182 -4.1282 -3.6101 -3.1695 -2.8012 -2.4942 -2.2332 -2.0052 -1.8003 -1.6167
 -1.4589 -1.3233 -1.1986 -1.0788 -0.9653 -0.7223 -0.5316 -0.3894 -0.2881 -0.2167
 -0.1663 -0.1303 -0.1033 -0.0809 -0.0608 -0.0422 -0.0257 -0.0116 -0.0019  0.0034
 -0.0011
 -4.7867 -4.1749 -3.6231 -3.1426 -2.7372 -2.4019 -2.1251 -1.8930 -1.6942 -1.5207
 -1.3689 -1.2390 -1.1300 -1.0356 -0.9460 -0.7278 -0.5390 -0.3943 -0.2899 -0.2173
 -0.1678 -0.1342 -0.1114 -0.0942 -0.0793 -0.0653 -0.0522 -0.0401 -0.0300 -0.0232
 -0.0222
 -4.8519 -4.2502 -3.6868 -3.1839 -2.7509 -2.3889 -2.0915 -1.8476 -1.6451 -1.4741
 -1.3273 -1.2002 -1.0900 -0.9947 -0.9114 -0.7253 -0.5481 -0.4017 -0.2935 -0.2179
 -0.1674 -0.1348 -0.1150 -0.1026 -0.0933 -0.0848 -0.0765 -0.0682 -0.0605 -0.0544
 -0.0511
 -4.8737 -4.2951 -3.7518 -3.2469 -2.8014 -2.4213 -2.1058 -1.8472 -1.6350 -1.4592
 -1.3110 -1.1841 -1.0739 -0.9769 -0.8908 -0.7111 -0.5515 -0.4094 -0.2980 -0.2185
 -0.1654 -0.1323 -0.1138 -0.1049 -0.1008 -0.0983 -0.0958 -0.0927 -0.0892 -0.0859
 -0.0836
 -4.8542 -4.3176 -3.7974 -3.3112 -2.8670 -2.4800 -2.1524 -1.8801 -1.6561 -1.4711
 -1.3166 -1.1854 -1.0722 -0.9731 -0.8842 -0.6852 -0.5492 -0.4174 -0.3034
 [Fe/H] = -0.75 [alpha/Fe] = 0.30 BC value =  V   
 -6.9160 -6.6189 -6.3427 -6.0810 -5.9193 -5.6069 -4.9794 -4.0333 -3.2313 -2.4490
 -1.9980 -1.6879 -1.4621 -1.2851 -1.1373 -0.8476
 -6.4601 -6.1139 -5.8062 -5.5280 -5.2900 -4.9661 -4.4178 -3.6229 -2.8653 -2.2797
 -1.8662 -1.5745 -1.3597 -1.1911 -1.0504 -0.7754 -0.5708 -0.4104 -0.2798
 -6.1247 -5.7297 -5.3826 -5.0752 -4.7852 -4.4578 -3.9823 -3.3189 -2.6836 -2.1676
 -1.7832 -1.5033 -1.2944 -1.1303 -0.9938 -0.7277 -0.5334 -0.3861 -0.2696 -0.1763
 -0.1018
 -5.9098 -5.4663 -5.0719 -4.7226 -4.4048 -4.0821 -3.6729 -3.1213 -2.5768 -2.1127
 -1.7490 -1.4743 -1.2662 -1.1027 -0.9675 -0.7045 -0.5145 -0.3739 -0.2655 -0.1797
 -0.1115 -0.0564 -0.0121
 -5.7439 -5.2746 -4.8444 -4.4554 -4.1034 -3.7723 -3.4198 -2.9658 -2.4967 -2.0794
 -1.7367 -1.4679 -1.2594 -1.0948 -0.9594 -0.6970 -0.5074 -0.3694 -0.2658 -0.1851
 -0.1215 -0.0703 -0.0270  0.0087  0.0363
 -5.4226 -5.0149 -4.6197 -4.2365 -3.8684 -3.5225 -3.1906 -2.8219 -2.4212 -2.0489
 -1.7304 -1.4707 -1.2637 -1.0980 -0.9618 -0.6990 -0.5077 -0.3697 -0.2685 -0.1913
 -0.1314 -0.0838 -0.0444 -0.0110  0.0171  0.0396
 -5.0060 -4.5654 -4.1995 -3.8819 -3.5852 -3.2870 -2.9788 -2.6674 -2.3347 -2.0098
 -1.7194 -1.4736 -1.2714 -1.1063 -0.9698 -0.7064 -0.5129 -0.3729 -0.2721 -0.1974
 -0.1405 -0.0963 -0.0604 -0.0299 -0.0034  0.0195  0.0368  0.0468  0.0489  0.0452
 -4.8268 -4.3086 -3.8693 -3.5058 -3.1983 -2.9256 -2.6736 -2.4297 -2.1802 -1.9279
 -1.6859 -1.4661 -1.2760 -1.1152 -0.9796 -0.7165 -0.5212 -0.3780 -0.2759 -0.2023
 -0.1478 -0.1070 -0.0749 -0.0481 -0.0246 -0.0039  0.0132  0.0265  0.0330  0.0306
  0.0219
 -4.8144 -4.2411 -3.7401 -3.3156 -2.9623 -2.6654 -2.4072 -2.1733 -1.9542 -1.7505
 -1.5707 -1.4090 -1.2577 -1.1162 -0.9877 -0.7277 -0.5314 -0.3848 -0.2798 -0.2057
 -0.1528 -0.1147 -0.0866 -0.0642 -0.0448 -0.0273 -0.0119  0.0009  0.0103  0.0130
  0.0063
 -4.8835 -4.2773 -3.7326 -3.2600 -2.8610 -2.5297 -2.2531 -2.0163 -1.8069 -1.6177
 -1.4489 -1.3046 -1.1836 -1.0771 -0.9756 -0.7364 -0.5405 -0.3911 -0.2827 -0.2069
 -0.1546 -0.1186 -0.0941 -0.0764 -0.0619 -0.0488 -0.0368 -0.0261 -0.0172 -0.0121
 -0.0126
 -4.9703 -4.3650 -3.7972 -3.2928 -2.8575 -2.4926 -2.1911 -1.9411 -1.7304 -1.5486
 -1.3892 -1.2496 -1.1292 -1.0268 -0.9382 -0.7386 -0.5519 -0.4004 -0.2880 -0.2086
 -0.1550 -0.1198 -0.0977 -0.0842 -0.0749 -0.0670 -0.0597 -0.0527 -0.0464 -0.0418
 -0.0400
 -5.0218 -4.4357 -3.8781 -3.3616 -2.9061 -2.5161 -2.1907 -1.9231 -1.7022 -1.5175
 -1.3602 -1.2243 -1.1058 -1.0022 -0.9114 -0.7251 -0.5587 -0.4101 -0.2942 -0.2107
 -0.1542 -0.1183 -0.0973 -0.0867 -0.0820 -0.0797 -0.0779 -0.0759 -0.0737 -0.0718
 -0.0711
 -5.0319 -4.4776 -3.9423 -3.4397 -2.9795 -2.5763 -2.2339 -1.9486 -1.7137 -1.5196
 -1.3570 -1.2188 -1.0995 -0.9950 -0.8952 -0.6959 -0.5609 -0.4202 -0.3013
 [Fe/H] = -0.50 [alpha/Fe] = 0.20 BC value =  V   
 -7.0726 -6.7846 -6.5168 -6.2686 -6.1391 -5.8372 -5.1853 -4.2897 -3.3230 -2.5724
 -2.0095 -1.6822 -1.4451 -1.2628 -1.1145 -0.8261
 -6.6169 -6.2824 -5.9884 -5.7292 -5.5190 -5.2140 -4.6562 -3.8121 -2.9825 -2.3409
 -1.8917 -1.5802 -1.3542 -1.1799 -1.0370 -0.7609 -0.5585 -0.4014 -0.2734
 -6.2824 -5.9005 -5.5698 -5.2840 -5.0197 -4.7155 -4.2387 -3.5297 -2.8259 -2.2471
 -1.8235 -1.5205 -1.2989 -1.1280 -0.9879 -0.7185 -0.5240 -0.3779 -0.2624 -0.1688
 -0.0933
 -6.0691 -5.6389 -5.2610 -4.9330 -4.6411 -4.3417 -3.9328 -3.3450 -2.7381 -2.2126
 -1.8049 -1.5031 -1.2792 -1.1071 -0.9672 -0.6989 -0.5069 -0.3660 -0.2577 -0.1712
 -0.1020 -0.0464 -0.0015
 -5.9178 -5.4550 -5.0365 -4.6645 -4.3342 -4.0243 -3.6764 -3.1938 -2.6730 -2.1981
 -1.8090 -1.5086 -1.2807 -1.1050 -0.9634 -0.6941 -0.5010 -0.3616 -0.2572 -0.1755
 -0.1107 -0.0587 -0.0161  0.0190  0.0468
 -5.6690 -5.2438 -4.8361 -4.4519 -4.0933 -3.7615 -3.4373 -3.0479 -2.6051 -2.1821
 -1.8180 -1.5240 -1.2939 -1.1141 -0.9698 -0.6983 -0.5026 -0.3619 -0.2593 -0.1808
 -0.1194 -0.0708 -0.0310  0.0023  0.0299  0.0516
 -5.2058 -4.7987 -4.4577 -4.1503 -3.8473 -3.5360 -3.2176 -2.8907 -2.5225 -2.1534
 -1.8202 -1.5390 -1.3110 -1.1290 -0.9819 -0.7078 -0.5092 -0.3655 -0.2626 -0.1861
 -0.1275 -0.0819 -0.0453 -0.0148  0.0111  0.0329  0.0491  0.0578  0.0589  0.0545
 -4.9605 -4.4649 -4.0536 -3.7179 -3.4333 -3.1767 -2.9283 -2.6692 -2.3861 -2.0886
 -1.8015 -1.5447 -1.3261 -1.1453 -0.9968 -0.7200 -0.5190 -0.3716 -0.2665 -0.1907
 -0.1341 -0.0913 -0.0582 -0.0313 -0.0082  0.0115  0.0275  0.0392  0.0442  0.0408
  0.0314
 -4.9119 -4.3534 -3.8702 -3.4656 -3.1310 -2.8486 -2.5979 -2.3632 -2.1326 -1.9089
 -1.7006 -1.5051 -1.3216 -1.1561 -1.0114 -0.7334 -0.5308 -0.3797 -0.2710 -0.1942
 -0.1389 -0.0985 -0.0687 -0.0458 -0.0267 -0.0100  0.0041  0.0156  0.0231  0.0244
  0.0167
 -4.9704 -4.3714 -3.8364 -3.3740 -2.9860 -2.6634 -2.3917 -2.1536 -1.9354 -1.7308
 -1.5452 -1.3858 -1.2496 -1.1263 -1.0082 -0.7450 -0.5420 -0.3878 -0.2753 -0.1961
 -0.1409 -0.1023 -0.0756 -0.0567 -0.0422 -0.0297 -0.0189 -0.0096 -0.0025  0.0012
 -0.0010
 -5.0718 -4.4611 -3.8952 -3.3924 -2.9594 -2.5966 -2.2956 -2.0434 -1.8263 -1.6340
 -1.4610 -1.3083 -1.1769 -1.0665 -0.9708 -0.7529 -0.5556 -0.3991 -0.2822 -0.1991
 -0.1422 -0.1040 -0.0794 -0.0641 -0.0541 -0.0465 -0.0402 -0.0345 -0.0297 -0.0267
 -0.0266
 -5.1476 -4.5523 -3.9865 -3.4622 -3.0009 -2.6055 -2.2755 -2.0026 -1.7755 -1.5833
 -1.4167 -1.2708 -1.1431 -1.0322 -0.9363 -0.7413 -0.5661 -0.4110 -0.2904 -0.2028
 -0.1427 -0.1035 -0.0797 -0.0668 -0.0608 -0.0583 -0.0571 -0.0562 -0.0554 -0.0550
 -0.0558
 -5.1826 -4.6143 -4.0656 -3.5507 -3.0771 -2.6633 -2.3103 -2.0161 -1.7732 -1.5717
 -1.4021 -1.2568 -1.1306 -1.0202 -0.9047 -0.7102 -0.5735 -0.4235 -0.2999
 [Fe/H] = -0.25 [alpha/Fe] = 0.10 BC value =  V   
 -7.2431 -6.9547 -6.6898 -6.4476 -6.3264 -6.0122 -5.3389 -4.3547 -3.3955 -2.6099
 -2.0743 -1.7103 -1.4544 -1.2591 -1.0913 -0.8032
 -6.7859 -6.4548 -6.1673 -5.9190 -5.7230 -5.4229 -4.8475 -3.9608 -3.0845 -2.3949
 -1.9165 -1.5867 -1.3496 -1.1696 -1.0233 -0.7452 -0.5453 -0.3912 -0.2660
 -6.4508 -6.0744 -5.7521 -5.4797 -5.2330 -4.9437 -4.4551 -3.7124 -2.9491 -2.3183
 -1.8606 -1.5373 -1.3039 -1.1256 -0.9816 -0.7082 -0.5135 -0.3687 -0.2545 -0.1607
 -0.0847
 -6.2378 -5.8135 -5.4442 -5.1297 -4.8563 -4.5746 -4.1617 -3.5452 -2.8840 -2.3023
 -1.8556 -1.5299 -1.2918 -1.1111 -0.9662 -0.6922 -0.4981 -0.3572 -0.2492 -0.1622
 -0.0919 -0.0353  0.0102
 -6.0949 -5.6348 -5.2220 -4.8609 -4.5470 -4.2555 -3.9091 -3.4038 -2.8357 -2.3064
 -1.8745 -1.5460 -1.3009 -1.1147 -0.9669 -0.6901 -0.4935 -0.3528 -0.2481 -0.1655
 -0.0994 -0.0464 -0.0032  0.0323  0.0594
 -5.8975 -5.4540 -5.0370 -4.6528 -4.3033 -3.9847 -3.6678 -3.2606 -2.7793 -2.3073
 -1.8989 -1.5728 -1.3220 -1.1295 -0.9775 -0.6967 -0.4963 -0.3533 -0.2495 -0.1699
 -0.1070 -0.0570 -0.0166  0.0168  0.0441  0.0651
 -5.4323 -5.0487 -4.7141 -4.3965 -4.0793 -3.7603 -3.4420 -3.1027 -2.7027 -2.2907
 -1.9152 -1.5999 -1.3482 -1.1507 -0.9938 -0.7084 -0.5045 -0.3573 -0.2525 -0.1745
 -0.1141 -0.0668 -0.0293  0.0015  0.0272  0.0480  0.0631  0.0705  0.0707  0.0652
 -5.1160 -4.6395 -4.2520 -3.9398 -3.6749 -3.4302 -3.1788 -2.8997 -2.5836 -2.2423
 -1.9120 -1.6186 -1.3728 -1.1738 -1.0135 -0.7229 -0.5162 -0.3644 -0.2567 -0.1788
 -0.1201 -0.0753 -0.0407 -0.0131  0.0098  0.0289  0.0441  0.0541  0.0574  0.0529
  0.0425
 -5.0279 -4.4794 -4.0092 -3.6228 -3.3072 -3.0406 -2.8001 -2.5677 -2.3273 -2.0809
 -1.8368 -1.6015 -1.3838 -1.1940 -1.0339 -0.7390 -0.5301 -0.3741 -0.2620 -0.1826
 -0.1247 -0.0819 -0.0501 -0.0260 -0.0066  0.0095  0.0226  0.0328  0.0385  0.0379
  0.0289
 -5.0699 -4.4741 -3.9441 -3.4914 -3.1143 -2.8024 -2.5376 -2.3004 -2.0749 -1.8568
 -1.6567 -1.4806 -1.3242 -1.1788 -1.0414 -0.7535 -0.5432 -0.3841 -0.2674 -0.1851
 -0.1270 -0.0857 -0.0564 -0.0358 -0.0205 -0.0083  0.0016  0.0096  0.0150  0.0168
  0.0126
 -5.1782 -4.5593 -3.9928 -3.4906 -3.0608 -2.7018 -2.4037 -2.1513 -1.9292 -1.7264
 -1.5401 -1.3747 -1.2333 -1.1139 -1.0087 -0.7671 -0.5593 -0.3976 -0.2762 -0.1894
 -0.1292 -0.0880 -0.0604 -0.0427 -0.0313 -0.0236 -0.0178 -0.0133 -0.0101 -0.0089
 -0.0108
 -5.2699 -4.6641 -4.0856 -3.5569 -3.0906 -2.6925 -2.3602 -2.0845 -1.8529 -1.6537
 -1.4779 -1.3219 -1.1848 -1.0668 -0.9659 -0.7595 -0.5734 -0.4118 -0.2866 -0.1948
 -0.1310 -0.0885 -0.0615 -0.0457 -0.0377 -0.0343 -0.0333 -0.0332 -0.0338 -0.0352
 -0.0379
 -5.3262 -4.7423 -4.1798 -3.6508 -3.1662 -2.7427 -2.3827 -2.0823 -1.8335 -1.6261
 -1.4501 -1.2978 -1.1646 -1.0479 -0.9130 -0.7307 -0.5855 -0.4267 -0.2986
 [Fe/H] =  0.00 [alpha/Fe] = 0.00 BC value =  V   
 -7.5293 -7.2227 -6.9321 -6.6301 -6.2656 -5.7913 -5.1696 -4.3702 -3.4380 -2.6384
 -2.0840 -1.7061 -1.4320 -1.2386 -1.0800 -0.7800
 -7.0027 -6.6608 -6.3646 -6.1128 -5.8782 -5.5653 -4.9763 -4.0505 -3.1530 -2.4352
 -1.9353 -1.5917 -1.3464 -1.1593 -1.0102 -0.7297 -0.5311 -0.3800 -0.2577
 -6.6637 -6.2790 -5.9510 -5.6781 -5.4353 -5.1447 -4.6229 -3.8425 -3.0386 -2.3717
 -1.8894 -1.5506 -1.3069 -1.1225 -0.9745 -0.6972 -0.5023 -0.3586 -0.2460 -0.1526
 -0.0762
 -6.4494 -6.0180 -5.6442 -5.3295 -5.0613 -4.7829 -4.3496 -3.7013 -2.9944 -2.3703
 -1.8946 -1.5509 -1.3014 -1.1134 -0.9638 -0.6841 -0.4883 -0.3476 -0.2402 -0.1531
 -0.0817 -0.0239  0.0224
 -6.3101 -5.8424 -5.4241 -5.0613 -4.7516 -4.4668 -4.1088 -3.5769 -2.9660 -2.3911
 -1.9252 -1.5753 -1.3167 -1.1219 -0.9685 -0.6845 -0.4847 -0.3433 -0.2385 -0.1554
 -0.0879 -0.0335  0.0104  0.0460  0.0727
 -6.0652 -5.6788 -5.2487 -4.8574 -4.5087 -4.1941 -3.8750 -3.4443 -2.9255 -2.4087
 -1.9627 -1.6112 -1.3444 -1.1417 -0.9829 -0.6934 -0.4887 -0.3438 -0.2394 -0.1589
 -0.0945 -0.0429 -0.0015  0.0323  0.0601  0.0800
 -5.6971 -5.3179 -4.9686 -4.6291 -4.2961 -3.9697 -3.6494 -3.2925 -2.8601 -2.4070
 -1.9928 -1.6488 -1.3777 -1.1679 -1.0033 -0.7074 -0.4983 -0.3483 -0.2421 -0.1628
 -0.1007 -0.0516 -0.0128  0.0186  0.0444  0.0651  0.0790  0.0849  0.0842  0.0776
 -5.3135 -4.8451 -4.4709 -4.1718 -3.9163 -3.6709 -3.4075 -3.1063 -2.7569 -2.3748
 -2.0044 -1.6788 -1.4107 -1.1970 -1.0271 -0.7245 -0.5120 -0.3563 -0.2463 -0.1668
 -0.1062 -0.0593 -0.0230  0.0057  0.0290  0.0482  0.0625  0.0709  0.0725  0.0669
  0.0554
 -5.1865 -4.6348 -4.1703 -3.7936 -3.4903 -3.2349 -3.0031 -2.7727 -2.5202 -2.2451
 -1.9600 -1.6835 -1.4348 -1.2247 -1.0525 -0.7432 -0.5280 -0.3674 -0.2523 -0.1707
 -0.1107 -0.0655 -0.0315 -0.0057  0.0144  0.0306  0.0431  0.0518  0.0561  0.0535
  0.0433
 -5.2114 -4.6061 -4.0728 -3.6213 -3.2499 -2.9447 -2.6843 -2.4467 -2.2144 -1.9864
 -1.7730 -1.5785 -1.3976 -1.2269 -1.0696 -0.7607 -0.5435 -0.3795 -0.2590 -0.1739
 -0.1133 -0.0692 -0.0373 -0.0144  0.0022  0.0148  0.0244  0.0312  0.0350  0.0350
  0.0286
 -5.3188 -4.6855 -4.1085 -3.5998 -3.1679 -2.8096 -2.5123 -2.2583 -2.0302 -1.8170
 -1.6195 -1.4443 -1.2944 -1.1653 -1.0484 -0.7796 -0.5621 -0.3955 -0.2698 -0.1795
 -0.1163 -0.0721 -0.0415 -0.0209 -0.0076  0.0012  0.0070  0.0107  0.0124  0.0114
  0.0078
 -5.4197 -4.7954 -4.1999 -3.6592 -3.1835 -2.7796 -2.4439 -2.1650 -1.9288 -1.7224
 -1.5375 -1.3722 -1.2277 -1.1040 -0.9984 -0.7784 -0.5798 -0.4124 -0.2826 -0.1867
 -0.1195 -0.0737 -0.0433 -0.0244 -0.0137 -0.0086 -0.0071 -0.0074 -0.0091 -0.0121
 -0.0169
 -5.4860 -4.8842 -4.3017 -3.7532 -3.2554 -2.8201 -2.4517 -2.1456 -1.8917 -1.6789
 -1.4968 -1.3378 -1.1982 -1.0763 -0.9196 -0.7571 -0.5966 -0.4302 -0.2974
 [Fe/H] =  0.25 [alpha/Fe] = 0.00 BC value =  V   
 -7.4874 -7.2149 -6.9756 -6.6459 -6.1145 -5.4405 -4.8870 -4.5128 -3.6411 -2.8150
 -2.1920 -1.7683 -1.4712 -1.2405 -1.0748 -0.7711
 -7.0381 -6.7347 -6.4844 -6.2432 -5.9499 -5.5505 -5.0016 -4.2685 -3.3893 -2.6130
 -2.0482 -1.6583 -1.3831 -1.1796 -1.0180 -0.7263 -0.5235 -0.3721 -0.2510
 -6.7073 -6.3643 -6.0848 -5.8669 -5.6808 -5.4311 -4.9346 -4.1253 -3.2944 -2.5618
 -2.0130 -1.6265 -1.3518 -1.1482 -0.9890 -0.6993 -0.4989 -0.3522 -0.2385 -0.1448
 -0.0663
 -6.4950 -6.1037 -5.7768 -5.5170 -5.3073 -5.0824 -4.6860 -4.0206 -3.2683 -2.5762
 -2.0335 -1.6388 -1.3553 -1.1456 -0.9829 -0.6893 -0.4869 -0.3421 -0.2328 -0.1443
 -0.0705 -0.0100  0.0377
 -6.3647 -5.9301 -5.5519 -5.2381 -4.9858 -4.7583 -4.4452 -3.9148 -3.2618 -2.6163
 -2.0818 -1.6772 -1.3810 -1.1613 -0.9923 -0.6919 -0.4848 -0.3384 -0.2309 -0.1460
 -0.0765 -0.0198  0.0257  0.0621  0.0896
 -6.2573 -5.8027 -5.3913 -5.0310 -4.7291 -4.4692 -4.1997 -3.7880 -3.2387 -2.6561
 -2.1388 -1.7293 -1.4207 -1.1895 -1.0123 -0.7027 -0.4902 -0.3396 -0.2317 -0.1490
 -0.0823 -0.0283  0.0150  0.0498  0.0775  0.0975
 -5.9966 -5.5968 -5.2132 -4.8542 -4.5255 -4.2299 -3.9570 -3.6284 -3.1822 -2.6734
 -2.1890 -1.7850 -1.4676 -1.2256 -1.0394 -0.7189 -0.5013 -0.3451 -0.2346 -0.1526
 -0.0880 -0.0363  0.0048  0.0376  0.0640  0.0844  0.0978  0.1024  0.1007  0.0928
 -5.5018 -5.1224 -4.8059 -4.5372 -4.2766 -4.0113 -3.7366 -3.4436 -3.0840 -2.6556
 -2.2202 -1.8330 -1.5154 -1.2658 -1.0712 -0.7385 -0.5165 -0.3545 -0.2395 -0.1565
 -0.0932 -0.0435 -0.0045  0.0261  0.0504  0.0695  0.0833  0.0910  0.0909  0.0842
  0.0714
 -5.2611 -4.7726 -4.3770 -4.0685 -3.8244 -3.6168 -3.4174 -3.1949 -2.9182 -2.5832
 -2.2167 -1.8637 -1.5570 -1.3057 -1.1052 -0.7605 -0.5342 -0.3674 -0.2468 -0.1610
 -0.0978 -0.0495 -0.0124  0.0158  0.0376  0.0545  0.0669  0.0747  0.0774  0.0728
  0.0613
 -5.2260 -4.6697 -4.1906 -3.7973 -3.4821 -3.2273 -3.0084 -2.8028 -2.5869 -2.3451
 -2.0851 -1.8207 -1.5647 -1.3329 -1.1350 -0.7819 -0.5516 -0.3814 -0.2552 -0.1653
 -0.1009 -0.0533 -0.0180  0.0079  0.0270  0.0409  0.0508  0.0570  0.0594  0.0573
  0.0486
 -5.3184 -4.7213 -4.1834 -3.7192 -3.3319 -3.0139 -2.7500 -2.5194 -2.3014 -2.0814
 -1.8640 -1.6579 -1.4703 -1.2990 -1.1407 -0.8071 -0.5724 -0.3995 -0.2683 -0.1727
 -0.1051 -0.0570 -0.0226  0.0016  0.0181  0.0289  0.0355  0.0390  0.0396  0.0371
  0.0308
 -5.4474 -4.8398 -4.2698 -3.7577 -3.3128 -2.9370 -2.6237 -2.3600 -2.1296 -1.9178
 -1.7162 -1.5276 -1.3587 -1.2122 -1.0852 -0.8177 -0.5933 -0.4184 -0.2835 -0.1823
 -0.1102 -0.0600 -0.0255 -0.0024  0.0120  0.0200  0.0231  0.0231  0.0207  0.0162
  0.0092
 -5.5559 -4.9600 -4.3896 -3.8520 -3.3725 -2.9526 -2.5958 -2.2966 -2.0438 -1.8260
 -1.6320 -1.4561 -1.2975 -1.1576 -0.9685 -0.8137 -0.6143 -0.4381 -0.3008
 [Fe/H] =  0.50 [alpha/Fe] = 0.00 BC value =  V   
 -7.4433 -8.5691 -8.8967 -8.4911 -7.4539 -6.2482 -5.2526 -4.6059 -3.8283 -3.0079
 -2.3301 -1.8573 -1.5269 -1.2811 -1.0795 -0.7602
 -7.0170 -7.2149 -7.1873 -6.9576 -6.5463 -5.9713 -5.2486 -4.4232 -3.6074 -2.8132
 -2.1893 -1.7499 -1.4414 -1.2150 -1.0412 -0.7311 -0.5224 -0.3678 -0.2466
 -6.6993 -6.4052 -6.1776 -6.0153 -5.8983 -5.6658 -5.1517 -4.3331 -3.5245 -2.7659
 -2.1611 -1.7263 -1.4165 -1.1896 -1.0157 -0.7086 -0.5007 -0.3493 -0.2297 -0.1332
 -0.0554
 -6.4902 -6.1400 -5.8675 -5.6641 -5.5099 -5.3318 -4.9619 -4.2814 -3.5151 -2.7899
 -2.1935 -1.7491 -1.4284 -1.1930 -1.0137 -0.7011 -0.4903 -0.3401 -0.2277 -0.1375
 -0.0618  0.0007  0.0503
 -6.3628 -5.9666 -5.6335 -5.3724 -5.1769 -5.0018 -4.7263 -4.2044 -3.5255 -2.8437
 -2.2540 -1.8000 -1.4642 -1.2160 -1.0280 -0.7052 -0.4894 -0.3369 -0.2258 -0.1386
 -0.0668 -0.0076  0.0401  0.0777  0.1054
 -6.2820 -5.8514 -5.4708 -5.1514 -4.9024 -4.6965 -4.4723 -4.0877 -3.5222 -2.8979
 -2.3266 -1.8662 -1.5155 -1.2529 -1.0539 -0.7179 -0.4958 -0.3387 -0.2265 -0.1410
 -0.0718 -0.0152  0.0305  0.0669  0.0952  0.1151
 -6.1483 -5.7266 -5.3368 -4.9872 -4.6856 -4.4350 -4.2136 -3.9200 -3.4772 -2.9332
 -2.3958 -1.9370 -1.5759 -1.2993 -1.0884 -0.7363 -0.5079 -0.3449 -0.2294 -0.1442
 -0.0770 -0.0225  0.0212  0.0559  0.0833  0.1041  0.1171  0.1215  0.1186  0.1093
 -5.7469 -5.3493 -5.0852 -4.7844 -4.4964 -4.2261 -3.9765 -3.7219 -3.3790 -2.9299
 -2.4455 -2.0032 -1.6378 -1.3509 -1.1289 -0.7591 -0.5243 -0.3554 -0.2348 -0.1481
 -0.0819 -0.0293  0.0126  0.0454  0.0712  0.0912  0.1051  0.1122  0.1108  0.1031
  0.0888
 -5.3408 -4.9241 -4.6009 -4.3520 -4.1450 -3.9495 -3.7426 -3.5110 -3.2317 -2.8744
 -2.4596 -2.0511 -1.6940 -1.4033 -1.1725 -0.7851 -0.5436 -0.3698 -0.2432 -0.1529
 -0.0865 -0.0351  0.0050  0.0360  0.0599  0.0781  0.0911  0.0987  0.1002  0.0939
  0.0813
 -5.2192 -4.7165 -4.2983 -3.9672 -3.7118 -3.5099 -3.3381 -3.1715 -2.9758 -2.7181
 -2.4012 -2.0567 -1.7289 -1.4453 -1.2122 -0.8111 -0.5627 -0.3853 -0.2531 -0.1581
 -0.0899 -0.0389 -0.0003  0.0288  0.0505  0.0664  0.0773  0.0837  0.0854  0.0816
  0.0707
 -5.2710 -4.7139 -4.2230 -3.8105 -3.4756 -3.2084 -2.9902 -2.7994 -2.6144 -2.4138
 -2.1866 -1.9422 -1.6958 -1.4605 -1.2468 -0.8424 -0.5860 -0.4050 -0.2682 -0.1671
 -0.0951 -0.0432 -0.0051  0.0226  0.0423  0.0558  0.0642  0.0684  0.0686  0.0648
  0.0565
 -5.4054 -4.8194 -4.2829 -3.8086 -3.4053 -3.0705 -2.7951 -2.5634 -2.3570 -2.1578
 -1.9546 -1.7508 -1.5553 -1.3755 -1.2121 -0.8676 -0.6103 -0.4259 -0.2857 -0.1791
 -0.1020 -0.0474 -0.0089  0.0181  0.0362  0.0475  0.0532  0.0546  0.0523  0.0470
  0.0382
 -5.5409 -4.9597 -4.4034 -3.8949 -3.4420 -3.0522 -2.7231 -2.4470 -2.2116 -2.0025
 -1.8072 -1.6201 -1.4433 -1.2827 -1.1081 -0.8867 -0.6356 -0.4480 -0.3056
 [Fe/H] =  0.75 [alpha/Fe] = 0.00 BC value =  V   
 -7.3366 -7.7708 -7.6947 -7.0948 -6.1994 -5.3834 -4.8935 -4.6605 -3.9734 -3.2070
 -2.4911 -1.9691 -1.6026 -1.3394 -1.1275 -0.7751
 -6.9407 -6.9553 -6.8272 -6.5713 -6.2007 -5.7269 -5.1601 -4.5092 -3.7823 -3.0178
 -2.3547 -1.8664 -1.5207 -1.2702 -1.0786 -0.7451 -0.5279 -0.3685 -0.2444
 -6.6404 -6.4011 -6.2369 -6.1329 -6.0269 -5.7792 -5.2568 -4.4642 -3.7146 -2.9734
 -2.3328 -1.8502 -1.5026 -1.2489 -1.0571 -0.7273 -0.5090 -0.3517 -0.2319 -0.1349
 -0.0523
 -6.4357 -6.1082 -5.9238 -5.7796 -5.6779 -5.5402 -5.1837 -4.4701 -3.7190 -3.0003
 -2.3707 -1.8820 -1.5224 -1.2582 -1.0590 -0.7217 -0.5005 -0.3433 -0.2267 -0.1338
 -0.0563  0.0084  0.0606
 -6.3096 -5.9589 -5.6781 -5.4746 -5.3353 -5.2070 -4.9683 -4.4483 -3.7483 -3.0603
 -2.4394 -1.9430 -1.5674 -1.2884 -1.0780 -0.7270 -0.5002 -0.3405 -0.2246 -0.1345
 -0.0600  0.0019  0.0524  0.0918  0.1202
 -6.2396 -5.8444 -5.5055 -5.2353 -5.0419 -4.8881 -4.7049 -4.3448 -3.7655 -3.1225
 -2.5221 -2.0202 -1.6297 -1.3339 -1.1101 -0.7411 -0.5070 -0.3425 -0.2251 -0.1363
 -0.0643 -0.0048  0.0438  0.0824  0.1118  0.1319
 -6.1707 -5.7584 -5.3862 -5.0645 -4.8036 -4.6041 -4.4307 -4.1706 -3.7377 -3.1731
 -2.6018 -2.1033 -1.7019 -1.3906 -1.1526 -0.7620 -0.5196 -0.3491 -0.2281 -0.1390
 -0.0688 -0.0113  0.0353  0.0724  0.1014  0.1230  0.1360  0.1400  0.1373  0.1267
 -5.9297 -5.5710 -5.2315 -4.9126 -4.6252 -4.3779 -4.1714 -3.9574 -3.6390 -3.1832
 -2.6660 -2.1815 -1.7754 -1.4533 -1.2022 -0.7886 -0.5369 -0.3602 -0.2337 -0.1427
 -0.0732 -0.0175  0.0274  0.0629  0.0906  0.1117  0.1262  0.1332  0.1314  0.1229
  0.1073
 -5.4441 -5.1179 -4.8427 -4.6089 -4.3908 -4.1690 -3.9506 -3.7363 -3.4829 -3.1332
 -2.6936 -2.2438 -1.8464 -1.5174 -1.2556 -0.8196 -0.5578 -0.3755 -0.2428 -0.1477
 -0.0776 -0.0230  0.0203  0.0542  0.0805  0.1003  0.1143  0.1224  0.1234  0.1161
  0.1025
 -5.2106 -4.7698 -4.4192 -4.1492 -3.9471 -3.7864 -3.6391 -3.4799 -3.2802 -3.0097
 -2.6603 -2.2681 -1.8935 -1.5701 -1.3048 -0.8510 -0.5790 -0.3922 -0.2540 -0.1536
 -0.0812 -0.0268  0.0152  0.0475  0.0720  0.0902  0.1027  0.1099  0.1116  0.1069
  0.0945
 -5.1976 -4.6882 -4.2511 -3.8936 -3.6145 -3.3992 -3.2285 -3.0827 -2.9393 -2.7653
 -2.5280 -2.2325 -1.9147 -1.6152 -1.3550 -0.8886 -0.6052 -0.4134 -0.2705 -0.1640
 -0.0873 -0.0315  0.0102  0.0414  0.0643  0.0807  0.0913  0.0969  0.0977  0.0932
  0.0836
 -5.3086 -4.7594 -4.2626 -3.8330 -3.4763 -3.1881 -2.9571 -2.7662 -2.5965 -2.4294
 -2.2466 -2.0376 -1.8111 -1.5827 -1.3661 -0.9252 -0.6332 -0.4361 -0.2897 -0.1778
 -0.0956 -0.0367  0.0058  0.0366  0.0583  0.0729  0.0815  0.0851  0.0841  0.0786
  0.0684
 -5.4637 -4.8999 -4.3712 -3.8941 -3.4767 -3.1240 -2.8314 -2.5890 -2.3826 -2.1967
 -2.0162 -1.8313 -1.6455 -1.4635 -1.3381 -0.9608 -0.6630 -0.4603 -0.3116
 [Fe/H] =  1.00 [alpha/Fe] = 0.00 BC value =  V   
 -7.1936 -6.1965 -5.0454 -4.6432 -4.5951 -4.7919 -4.9247 -4.6711 -4.0950 -3.3848
 -2.6664 -2.0972 -1.6938 -1.4033 -1.1870 -0.7979
 -6.8238 -6.8311 -6.7095 -6.4724 -6.1318 -5.6978 -5.1799 -4.5860 -3.9246 -3.2164
 -2.5357 -2.0039 -1.6204 -1.3419 -1.1321 -0.7726 -0.5401 -0.3746 -0.2444
 -6.5364 -6.9053 -7.0112 -6.8811 -6.5387 -6.0051 -5.3118 -4.5593 -3.8700 -3.1732
 -2.5179 -1.9956 -1.6099 -1.3270 -1.1144 -0.7577 -0.5254 -0.3600 -0.2358 -0.1356
 -0.0516
 -6.3314 -6.4191 -5.9504 -5.8691 -5.8161 -5.7137 -5.3205 -4.5910 -3.8829 -3.1958
 -2.5592 -2.0351 -1.6375 -1.3425 -1.1207 -0.7532 -0.5188 -0.3533 -0.2311 -0.1344
 -0.0544  0.0135  0.0682
 -6.2026 -5.9071 -5.6881 -5.5483 -5.4651 -5.3789 -5.1701 -4.6358 -3.9318 -3.2562
 -2.6322 -2.1044 -1.6911 -1.3799 -1.1448 -0.7595 -0.5190 -0.3509 -0.2291 -0.1346
 -0.0576  0.0074  0.0610  0.1028  0.1326
 -6.1367 -5.7865 -5.4992 -5.2871 -5.1526 -5.0489 -4.9022 -4.5637 -3.9731 -3.3245
 -2.7161 -2.1877 -1.7628 -1.4340 -1.1835 -0.7751 -0.5256 -0.3527 -0.2293 -0.1364
 -0.0612  0.0016  0.0534  0.0947  0.1258  0.1466
 -6.0989 -5.7156 -5.3780 -5.0993 -4.8901 -4.7447 -4.6158 -4.3864 -3.9622 -3.3855
 -2.8020 -2.2786 -1.8442 -1.5002 -1.2339 -0.7988 -0.5384 -0.3592 -0.2319 -0.1385
 -0.0649 -0.0041  0.0457  0.0859  0.1173  0.1396  0.1528  0.1581  0.1554  0.1443
 -5.9848 -5.6131 -5.2724 -4.9639 -4.7014 -4.4935 -4.3350 -4.1599 -3.8648 -3.4069
 -2.8735 -2.3659 -1.9273 -1.5732 -1.2926 -0.8297 -0.5566 -0.3705 -0.2375 -0.1416
 -0.0686 -0.0095  0.0386  0.0773  0.1079  0.1306  0.1455  0.1525  0.1515  0.1428
  0.1263
 -5.5735 -5.2972 -5.0293 -4.7703 -4.5245 -4.2968 -4.0961 -3.9198 -3.6969 -3.3625
 -2.9121 -2.4359 -2.0067 -1.6470 -1.3554 -0.8666 -0.5792 -0.3865 -0.2470 -0.1466
 -0.0726 -0.0146  0.0321  0.0693  0.0982  0.1200  0.1355  0.1443  0.1455  0.1384
  0.1241
 -5.2080 -4.8377 -4.5568 -4.3439 -4.1752 -4.0193 -3.8572 -3.6854 -3.4913 -3.2357
 -2.8855 -2.4702 -2.0638 -1.7083 -1.4134 -0.9040 -0.6031 -0.4039 -0.2589 -0.1528
 -0.0761 -0.0181  0.0274  0.0632  0.0906  0.1112  0.1255  0.1342  0.1366  0.1318
  0.1189
 -5.1116 -4.6596 -4.2805 -3.9823 -3.7583 -3.5910 -3.4616 -3.3486 -3.2258 -3.0541
 -2.7972 -2.4646 -2.1041 -1.7661 -1.4733 -0.9484 -0.6327 -0.4265 -0.2764 -0.1642
 -0.0827 -0.0229  0.0224  0.0572  0.0834  0.1026  0.1156  0.1231  0.1252  0.1211
  0.1111
 -5.1785 -4.6743 -4.2254 -3.8462 -3.5396 -3.2996 -3.1136 -2.9650 -2.8370 -2.7105
 -2.5573 -2.3434 -2.0731 -1.7847 -1.5134 -0.9928 -0.6649 -0.4510 -0.2969 -0.1795
 -0.0921 -0.0288  0.0176  0.0522  0.0775  0.0954  0.1069  0.1130  0.1138  0.1094
  0.0996
 -5.3291 -4.7970 -4.3052 -3.8659 -3.4897 -3.1785 -2.9261 -2.7215 -2.5508 -2.3975
 -2.2471 -2.0844 -1.8978 -1.6919 -1.5337 -1.0372 -0.6997 -0.4774 -0.3204
