 [Fe/H] = -2.50 [alpha/Fe] = 0.40 BC value = F606W
 -3.1208 -2.8084 -2.5760 -2.3121 -2.0181 -1.7773 -1.6388 -1.5607 -1.4787 -1.3702
 -1.2477 -1.1154 -0.9839 -0.8617 -0.7461 -0.4930 -0.2942 -0.1494 -0.0385
 -2.7951 -2.4182 -2.1340 -1.9004 -1.7101 -1.5600 -1.4421 -1.3454 -1.2586 -1.1738
 -1.0851 -0.9873 -0.8792 -0.7681 -0.6631 -0.4396 -0.2680 -0.1427 -0.0512  0.0127
 -2.5797 -2.1755 -1.8642 -1.6376 -1.4848 -1.3717 -1.2709 -1.1794 -1.0988 -1.0268
 -0.9557 -0.8800 -0.7928 -0.6955 -0.6005 -0.3998 -0.2488 -0.1392 -0.0617 -0.0056
  0.0365
 -2.4746 -2.0803 -1.7666 -1.5237 -1.3422 -1.2124 -1.1252 -1.0627 -0.9993 -0.9292
 -0.8595 -0.7935 -0.7247 -0.6439 -0.5583 -0.3736 -0.2366 -0.1389 -0.0700 -0.0194
  0.0194  0.0500
 -2.4006 -2.0297 -1.7294 -1.4892 -1.2995 -1.1533 -1.0440 -0.9634 -0.9036 -0.8525
 -0.7948 -0.7304 -0.6683 -0.6022 -0.5279 -0.3565 -0.2284 -0.1390 -0.0778 -0.0328
  0.0023  0.0306  0.0539  0.0732
 -2.3153 -1.9783 -1.7016 -1.4752 -1.2894 -1.1374 -1.0156 -0.9205 -0.8459 -0.7847
 -0.7308 -0.6769 -0.6201 -0.5637 -0.5004 -0.3438 -0.2219 -0.1373 -0.0821 -0.0434
 -0.0130  0.0119  0.0328  0.0505  0.0656  0.0779  0.0869  0.0888  0.0812  0.0672
 -2.2043 -1.9060 -1.6591 -1.4541 -1.2813 -1.1338 -1.0080 -0.9028 -0.8175 -0.7474
 -0.6866 -0.6305 -0.5759 -0.5248 -0.4712 -0.3312 -0.2154 -0.1333 -0.0815 -0.0486
 -0.0243 -0.0042  0.0130  0.0280  0.0412  0.0528  0.0618  0.0681  0.0669  0.0550
  0.0360
 -2.0725 -1.8119 -1.5954 -1.4146 -1.2601 -1.1244 -1.0032 -0.8955 -0.8024 -0.7245
 -0.6584 -0.5995 -0.5443 -0.4915 -0.4423 -0.3163 -0.2081 -0.1275 -0.0765 -0.0472
 -0.0289 -0.0149 -0.0029  0.0078  0.0177  0.0269  0.0349  0.0409  0.0436  0.0400
  0.0239
 -1.9240 -1.6999 -1.5118 -1.3540 -1.2187 -1.0982 -0.9877 -0.8851 -0.7911 -0.7079
 -0.6363 -0.5746 -0.5188 -0.4663 -0.4175 -0.2992 -0.1981 -0.1205 -0.0688 -0.0402
 -0.0260 -0.0182 -0.0126 -0.0076 -0.0025  0.0028  0.0079  0.0125  0.0155  0.0152
  0.0083
 -1.7742 -1.5845 -1.4204 -1.2815 -1.1630 -1.0575 -0.9598 -0.8667 -0.7779 -0.6947
 -0.6197 -0.5542 -0.4970 -0.4453 -0.3973 -0.2850 -0.1883 -0.1136 -0.0616 -0.0315
 -0.0179 -0.0140 -0.0145 -0.0159 -0.0169 -0.0170 -0.0164 -0.0154 -0.0144 -0.0146
 -0.0155
 -1.6272 -1.4681 -1.3258 -1.2023 -1.0960 -1.0029 -0.9172 -0.8351 -0.7550 -0.6772
 -0.6033 -0.5357 -0.4760 -0.4238 -0.3769 -0.2714 -0.1785 -0.1059 -0.0546 -0.0230
 -0.0080 -0.0049 -0.0089 -0.0161 -0.0236 -0.0301 -0.0354 -0.0393 -0.0423 -0.0450
 -0.0487
 -1.4829 -1.3507 -1.2316 -1.1217 -1.0251 -0.9402 -0.8634 -0.7911 -0.7205 -0.6508
 -0.5824 -0.5169 -0.4561 -0.4022 -0.3563 -0.2584 -0.1687 -0.0974 -0.0478
 [Fe/H] = -2.00 [alpha/Fe] = 0.40 BC value = F606W
 -4.0096 -3.5418 -3.1314 -2.7757 -2.4714 -2.2049 -1.9621 -1.7350 -1.5310 -1.3569
 -1.2043 -1.0643 -0.9328 -0.8112 -0.6900 -0.4591 -0.2784 -0.1411 -0.0426
 -3.7095 -3.2318 -2.8088 -2.4467 -2.1442 -1.8936 -1.6827 -1.4951 -1.3317 -1.1919
 -1.0685 -0.9526 -0.8385 -0.7286 -0.6271 -0.4153 -0.2540 -0.1334 -0.0466  0.0157
 -3.3665 -2.8831 -2.4825 -2.2023 -1.9265 -1.6929 -1.4978 -1.3324 -1.1917 -1.0723
 -0.9684 -0.8721 -0.7752 -0.6762 -0.5819 -0.3849 -0.2378 -0.1296 -0.0521  0.0040
  0.0466
 -3.1009 -2.6134 -2.2278 -1.9311 -1.7013 -1.5173 -1.3616 -1.2215 -1.0951 -0.9851
 -0.8911 -0.8080 -0.7275 -0.6416 -0.5544 -0.3679 -0.2298 -0.1297 -0.0591 -0.0083
  0.0302  0.0606
 -3.0019 -2.5099 -2.1058 -1.7907 -1.5492 -1.3641 -1.2208 -1.1069 -1.0122 -0.9261
 -0.8387 -0.7585 -0.6859 -0.6140 -0.5360 -0.3586 -0.2260 -0.1313 -0.0659 -0.0201
  0.0147  0.0424  0.0651  0.0837
 -2.9613 -2.4711 -2.0658 -1.7402 -1.4823 -1.2798 -1.1229 -1.0030 -0.9124 -0.8446
 -0.7849 -0.7199 -0.6528 -0.5872 -0.5194 -0.3525 -0.2237 -0.1321 -0.0704 -0.0293
  0.0008  0.0250  0.0451  0.0620  0.0762  0.0875  0.0954  0.0962  0.0881  0.0743
 -2.9175 -2.4499 -2.0552 -1.7342 -1.4765 -1.2701 -1.1049 -0.9737 -0.8707 -0.7889
 -0.7226 -0.6666 -0.6125 -0.5571 -0.4989 -0.3464 -0.2209 -0.1310 -0.0713 -0.0342
 -0.0093  0.0101  0.0264  0.0405  0.0528  0.0633  0.0712  0.0763  0.0742  0.0620
  0.0429
 -2.8467 -2.4114 -2.0401 -1.7334 -1.4832 -1.2796 -1.1123 -0.9741 -0.8609 -0.7689
 -0.6929 -0.6282 -0.5712 -0.5193 -0.4698 -0.3360 -0.2166 -0.1277 -0.0687 -0.0336
 -0.0136  0.0001  0.0114  0.0213  0.0302  0.0384  0.0452  0.0500  0.0516  0.0471
  0.0307
 -2.7347 -2.3382 -1.9993 -1.7146 -1.4798 -1.2855 -1.1228 -0.9842 -0.8656 -0.7650
 -0.6804 -0.6088 -0.5462 -0.4899 -0.4394 -0.3184 -0.2082 -0.1218 -0.0628 -0.0281
 -0.0111 -0.0029  0.0022  0.0066  0.0108  0.0152  0.0191  0.0224  0.0242  0.0228
  0.0151
 -2.5909 -2.2474 -1.9435 -1.6834 -1.4657 -1.2837 -1.1290 -0.9948 -0.8765 -0.7720
 -0.6806 -0.6019 -0.5340 -0.4741 -0.4202 -0.3019 -0.1984 -0.1155 -0.0564 -0.0205
 -0.0037  0.0011  0.0006 -0.0014 -0.0031 -0.0041 -0.0045 -0.0046 -0.0049 -0.0063
 -0.0084
 -2.4282 -2.1358 -1.8701 -1.6369 -1.4377 -1.2687 -1.1238 -0.9965 -0.8824 -0.7789
 -0.6852 -0.6014 -0.5280 -0.4640 -0.4075 -0.2881 -0.1878 -0.1079 -0.0497 -0.0125
  0.0057  0.0100  0.0061 -0.0015 -0.0096 -0.0169 -0.0231 -0.0280 -0.0322 -0.0361
 -0.0408
 -2.2493 -2.0061 -1.7840 -1.5818 -1.4009 -1.2432 -1.1079 -0.9881 -0.8797 -0.7801
 -0.6878 -0.6028 -0.5257 -0.4574 -0.4013 -0.2770 -0.1764 -0.0990 -0.0427
 [Fe/H] = -1.50 [alpha/Fe] = 0.40 BC value = F606W
 -4.8434 -4.4255 -4.0390 -3.6740 -3.3301 -2.9746 -2.5717 -2.1267 -1.7474 -1.4483
 -1.2166 -1.0348 -0.8871 -0.7625 -0.6540 -0.4324 -0.2615 -0.1298 -0.0326
 -4.5686 -4.1016 -3.6738 -3.2829 -2.9231 -2.5833 -2.2338 -1.8714 -1.5616 -1.3111
 -1.1114 -0.9501 -0.8157 -0.7002 -0.5986 -0.3923 -0.2372 -0.1204 -0.0340  0.0287
 -4.3560 -3.8785 -3.4298 -3.0190 -2.6503 -2.3203 -2.0132 -1.7083 -1.4412 -1.2210
 -1.0426 -0.8965 -0.7728 -0.6643 -0.5676 -0.3709 -0.2252 -0.1174 -0.0385  0.0185
  0.0606
 -4.0195 -3.5476 -3.1687 -2.8030 -2.4556 -2.1368 -1.8528 -1.5903 -1.3548 -1.1559
 -0.9924 -0.8580 -0.7442 -0.6432 -0.5511 -0.3611 -0.2209 -0.1185 -0.0448  0.0079
  0.0465  0.0765
 -3.7116 -3.2286 -2.8217 -2.4777 -2.1842 -1.9309 -1.7050 -1.4874 -1.2842 -1.1051
 -0.9533 -0.8270 -0.7210 -0.6280 -0.5415 -0.3573 -0.2205 -0.1214 -0.0512 -0.0021
  0.0330  0.0601  0.0819  0.0994
 -3.6069 -3.0814 -2.6314 -2.2563 -1.9479 -1.6940 -1.4866 -1.3179 -1.1745 -1.0437
 -0.9178 -0.8020 -0.7007 -0.6130 -0.5333 -0.3560 -0.2212 -0.1242 -0.0564 -0.0103
  0.0211  0.0446  0.0637  0.0795  0.0923  0.1021  0.1082  0.1075  0.0987  0.0851
 -3.6013 -3.0505 -2.5707 -2.1710 -1.8450 -1.5808 -1.3663 -1.1911 -1.0478 -0.9331
 -0.8415 -0.7596 -0.6779 -0.5980 -0.5231 -0.3546 -0.2217 -0.1256 -0.0593 -0.0155
  0.0124  0.0317  0.0469  0.0597  0.0706  0.0795  0.0857  0.0884  0.0853  0.0729
  0.0543
 -3.6185 -3.0675 -2.5759 -2.1588 -1.8176 -1.5426 -1.3206 -1.1401 -0.9929 -0.8724
 -0.7739 -0.6941 -0.6282 -0.5667 -0.5051 -0.3515 -0.2210 -0.1252 -0.0593 -0.0169
  0.0114  0.0231  0.0335  0.0421  0.0496  0.0562  0.0612  0.0652  0.0653  0.0582
  0.0418
 -3.5958 -3.0702 -2.5864 -2.1701 -1.8231 -1.5413 -1.3137 -1.1283 -0.9760 -0.8504
 -0.7463 -0.6595 -0.5865 -0.5246 -0.4702 -0.3398 -0.2171 -0.1219 -0.0559 -0.0139
  0.0094  0.0204  0.0255  0.0287  0.0316  0.0343  0.0366  0.0381  0.0380  0.0349
  0.0261
 -3.5209 -3.0349 -2.5848 -2.1825 -1.8415 -1.5600 -1.3305 -1.1420 -0.9859 -0.8549
 -0.7444 -0.6511 -0.5717 -0.5034 -0.4442 -0.3213 -0.2101 -0.1181 -0.0515 -0.0087
  0.0147  0.0235  0.0241  0.0215  0.0186  0.0162  0.0141  0.0124  0.0103  0.0070
  0.0032
 -3.3958 -2.9600 -2.5520 -2.1756 -1.8509 -1.5775 -1.3507 -1.1630 -1.0058 -0.8722
 -0.7570 -0.6574 -0.5714 -0.4973 -0.4328 -0.3039 -0.1992 -0.1118 -0.0460 -0.0020
  0.0225  0.0312  0.0291  0.0216  0.0127  0.0042 -0.0034 -0.0099 -0.0157 -0.0214
 -0.0279
 -3.2221 -2.8469 -2.4883 -2.1496 -1.8476 -1.5875 -1.3678 -1.1832 -1.0269 -0.8929
 -0.7758 -0.6726 -0.5813 -0.5010 -0.4360 -0.2876 -0.1844 -0.1030 -0.0394
 [Fe/H] = -1.00 [alpha/Fe] = 0.40 BC value = F606W
 -5.3705 -5.0452 -4.7508 -4.4779 -4.2398 -3.9358 -3.4539 -2.7797 -2.1498 -1.6545
 -1.2987 -1.0488 -0.8695 -0.7325 -0.6205 -0.4028 -0.2399 -0.1138 -0.0168
 -5.1035 -4.7294 -4.3936 -4.0897 -3.8028 -3.4935 -3.0709 -2.5087 -1.9848 -1.5555
 -1.2300 -0.9925 -0.8190 -0.6870 -0.5797 -0.3723 -0.2195 -0.1045 -0.0179  0.0463
 -4.9387 -4.5216 -4.1419 -3.7986 -3.4842 -3.1754 -2.8083 -2.3376 -1.8870 -1.5040
 -1.2002 -0.9692 -0.7966 -0.6652 -0.5597 -0.3579 -0.2112 -0.1025 -0.0220  0.0375
  0.0810
 -4.7858 -4.3621 -3.9609 -3.5878 -3.2441 -2.9241 -2.6008 -2.2083 -1.8164 -1.4716
 -1.1875 -0.9631 -0.7903 -0.6575 -0.5519 -0.3529 -0.2094 -0.1043 -0.0278  0.0283
  0.0689  0.0990
 -4.4314 -4.0714 -3.7317 -3.3949 -3.0571 -2.7306 -2.4188 -2.0933 -1.7540 -1.4441
 -1.1797 -0.9637 -0.7920 -0.6577 -0.5509 -0.3528 -0.2109 -0.1078 -0.0338  0.0195
  0.0575  0.0851  0.1062  0.1224
 -4.1190 -3.6974 -3.3422 -3.0380 -2.7641 -2.5024 -2.2357 -1.9612 -1.6793 -1.4089
 -1.1683 -0.9642 -0.7963 -0.6614 -0.5533 -0.3549 -0.2138 -0.1116 -0.0390  0.0121
  0.0476  0.0724  0.0907  0.1051  0.1161  0.1238  0.1272  0.1245  0.1142  0.1002
 -4.0152 -3.5286 -3.1077 -2.7529 -2.4537 -2.1926 -1.9553 -1.7336 -1.5194 -1.3168
 -1.1264 -0.9515 -0.7967 -0.6657 -0.5569 -0.3577 -0.2167 -0.1147 -0.0428  0.0068
  0.0401  0.0619  0.0768  0.0881  0.0970  0.1037  0.1076  0.1077  0.1022  0.0885
  0.0704
 -4.0446 -3.5144 -3.0404 -2.6328 -2.2903 -2.0037 -1.7581 -1.5404 -1.3414 -1.1617
 -1.0084 -0.8796 -0.7649 -0.6575 -0.5579 -0.3601 -0.2191 -0.1166 -0.0446  0.0043
  0.0358  0.0548  0.0659  0.0731  0.0786  0.0829  0.0854  0.0859  0.0824  0.0749
  0.0590
 -4.1147 -3.5705 -3.0663 -2.6185 -2.2362 -1.9182 -1.6544 -1.4315 -1.2386 -1.0686
 -0.9200 -0.7944 -0.6923 -0.6083 -0.5326 -0.3591 -0.2189 -0.1161 -0.0436  0.0051
  0.0353  0.0520  0.0593  0.0619  0.0629  0.0634  0.0631  0.0620  0.0593  0.0535
  0.0426
 -4.1657 -3.6375 -3.1290 -2.6635 -2.2554 -1.9103 -1.6251 -1.3901 -1.1936 -1.0266
 -0.8827 -0.7589 -0.6538 -0.5664 -0.4940 -0.3480 -0.2186 -0.1156 -0.0420  0.0076
  0.0378  0.0532  0.0576  0.0558  0.0517  0.0472  0.0428  0.0386  0.0339  0.0279
  0.0194
 -4.1554 -3.6548 -3.1721 -2.7121 -2.2979 -1.9392 -1.6388 -1.3910 -1.1866 -1.0163
 -0.8719 -0.7483 -0.6421 -0.5512 -0.4738 -0.3274 -0.2118 -0.1135 -0.0392  0.0118
  0.0429  0.0580  0.0608  0.0556  0.0465  0.0366  0.0270  0.0182  0.0100  0.0016
 -0.0075
 -4.0842 -3.6276 -3.1731 -2.7389 -2.3346 -1.9776 -1.6725 -1.4167 -1.2050 -1.0293
 -0.8815 -0.7553 -0.6464 -0.5521 -0.4720 -0.2973 -0.1985 -0.1098 -0.0352
 [Fe/H] = -0.75 [alpha/Fe] = 0.40 BC value = F606W
 -5.4887 -5.2052 -4.9564 -4.7384 -4.5031 -4.1904 -3.7491 -3.1379 -2.4002 -1.8004
 -1.3740 -1.0810 -0.8767 -0.7273 -0.6097 -0.3896 -0.2278 -0.1038 -0.0077
 -5.2295 -4.9000 -4.6138 -4.3666 -4.1421 -3.8912 -3.4960 -2.8783 -2.2529 -1.7219
 -1.3224 -1.0377 -0.8364 -0.6894 -0.5751 -0.3635 -0.2103 -0.0956 -0.0087  0.0566
 -5.0737 -4.6983 -4.3660 -4.0764 -3.8213 -3.5672 -3.2256 -2.7099 -2.1722 -1.6941
 -1.3137 -1.0303 -0.8250 -0.6750 -0.5602 -0.3518 -0.2034 -0.0939 -0.0125  0.0483
  0.0931
 -4.9653 -4.5624 -4.1929 -3.8613 -3.5667 -3.2949 -3.0005 -2.5767 -2.1127 -1.6828
 -1.3231 -1.0422 -0.8313 -0.6753 -0.5572 -0.3487 -0.2025 -0.0958 -0.0178  0.0397
  0.0820  0.1128
 -4.7537 -4.3900 -4.0346 -3.6946 -3.3750 -3.0769 -2.7916 -2.4511 -2.0544 -1.6709
 -1.3358 -1.0618 -0.8476 -0.6851 -0.5618 -0.3502 -0.2048 -0.0994 -0.0235  0.0316
  0.0715  0.1002  0.1214  0.1379
 -4.3506 -4.0024 -3.7079 -3.4393 -3.1720 -2.8940 -2.6071 -2.3162 -1.9849 -1.6486
 -1.3420 -1.0806 -0.8677 -0.7005 -0.5715 -0.3542 -0.2086 -0.1035 -0.0286  0.0246
  0.0625  0.0889  0.1076  0.1214  0.1315  0.1380  0.1399  0.1357  0.1246  0.1100
 -4.1457 -3.7178 -3.3592 -3.0649 -2.8145 -2.5856 -2.3603 -2.1206 -1.8617 -1.5901
 -1.3266 -1.0890 -0.8854 -0.7179 -0.5844 -0.3592 -0.2126 -0.1073 -0.0326  0.0195
  0.0554  0.0795  0.0953  0.1062  0.1141  0.1195  0.1217  0.1205  0.1134  0.0989
  0.0804
 -4.1259 -3.6389 -3.2121 -2.8514 -2.5522 -2.2986 -2.0713 -1.8547 -1.6367 -1.4219
 -1.2249 -1.0446 -0.8781 -0.7278 -0.5977 -0.3652 -0.2163 -0.1103 -0.0351  0.0166
  0.0511  0.0729  0.0856  0.0930  0.0975  0.1004  0.1015  0.1003  0.0961  0.0861
  0.0682
 -4.2017 -3.6829 -3.2077 -2.7902 -2.4359 -2.1396 -1.8886 -1.6671 -1.4617 -1.2657
 -1.0852 -0.9295 -0.8002 -0.6890 -0.5872 -0.3696 -0.2180 -0.1111 -0.0351  0.0167
  0.0500  0.0698  0.0795  0.0829  0.0833  0.0825  0.0808  0.0781  0.0736  0.0662
  0.0537
 -4.3025 -3.7796 -3.2829 -2.8296 -2.4314 -2.0926 -1.8095 -1.5708 -1.3641 -1.1793
 -1.0118 -0.8626 -0.7350 -0.6300 -0.5437 -0.3676 -0.2207 -0.1122 -0.0350  0.0179
  0.0513  0.0699  0.0773  0.0771  0.0730  0.0677  0.0620  0.0562  0.0499  0.0419
  0.0320
 -4.3552 -3.8538 -3.3660 -2.9008 -2.4803 -2.1121 -1.8002 -1.5398 -1.3217 -1.1360
 -0.9744 -0.8324 -0.7083 -0.6020 -0.5128 -0.3477 -0.2189 -0.1122 -0.0337  0.0205
  0.0549  0.0732  0.0793  0.0764  0.0682  0.0580  0.0474  0.0373  0.0275  0.0175
  0.0031
 -4.3598 -3.8759 -3.4105 -2.9617 -2.5391 -2.1602 -1.8312 -1.5531 -1.3216 -1.1282
 -0.9645 -0.8239 -0.7017 -0.5957 -0.4945 -0.3099 -0.2126 -0.1111 -0.0312
 [Fe/H] = -0.50 [alpha/Fe] = 0.40 BC value = F606W
 -5.5402 -5.2933 -5.0919 -4.9248 -4.7481 -4.4869 -4.0729 -3.4506 -2.6556 -1.9695
 -1.4737 -1.1327 -0.8985 -0.7314 -0.6048 -0.3779 -0.2165 -0.0938  0.0030
 -5.2861 -4.9992 -4.7604 -4.5679 -4.4030 -4.2113 -3.8626 -3.2251 -2.5321 -1.9099
 -1.4374 -1.1019 -0.8679 -0.7010 -0.5758 -0.3556 -0.2010 -0.0859  0.0012  0.0677
 -5.1331 -4.7984 -4.5127 -4.2770 -4.0821 -3.8885 -3.5934 -3.0691 -2.4702 -1.9055
 -1.4487 -1.1102 -0.8680 -0.6946 -0.5663 -0.3465 -0.1953 -0.0844 -0.0021  0.0599
  0.1062
 -5.0458 -4.6727 -4.3405 -4.0554 -3.8167 -3.6045 -3.3574 -2.9373 -2.4253 -1.9167
 -1.4809 -1.1404 -0.8878 -0.7042 -0.5692 -0.3453 -0.1952 -0.0863 -0.0069  0.0521
  0.0959  0.1279
 -4.9349 -4.5612 -4.2119 -3.8944 -3.6131 -3.3655 -3.1289 -2.8036 -2.3730 -1.9236
 -1.5156 -1.1797 -0.9195 -0.7250 -0.5808 -0.3487 -0.1983 -0.0900 -0.0121  0.0446
  0.0863  0.1166  0.1382  0.1543
 -4.5986 -4.2974 -4.0095 -3.7259 -3.4476 -3.1790 -2.9227 -2.6544 -2.3025 -1.9131
 -1.5410 -1.2182 -0.9563 -0.7531 -0.5993 -0.3549 -0.2029 -0.0945 -0.0171  0.0381
  0.0780  0.1064  0.1261  0.1398  0.1491  0.1544  0.1549  0.1490  0.1367  0.1214
 -4.2665 -3.9040 -3.6133 -3.3760 -3.1651 -2.9566 -2.7308 -2.4811 -2.2005 -1.8759
 -1.5473 -1.2474 -0.9918 -0.7848 -0.6227 -0.3631 -0.2081 -0.0990 -0.0213  0.0332
  0.0714  0.0979  0.1152  0.1265  0.1337  0.1378  0.1386  0.1357  0.1268  0.1112
  0.0919
 -4.1663 -3.7306 -3.3600 -3.0587 -2.8155 -2.6096 -2.4180 -2.2213 -1.9975 -1.7505
 -1.4942 -1.2439 -1.0137 -0.8141 -0.6490 -0.3734 -0.2132 -0.1030 -0.0245  0.0300
  0.0670  0.0916  0.1065  0.1147  0.1189  0.1207  0.1203  0.1177  0.1113  0.0995
  0.0805
 -4.2122 -3.7285 -3.2957 -2.9250 -2.6176 -2.3647 -2.1483 -1.9489 -1.7484 -1.5360
 -1.3255 -1.1328 -0.9601 -0.8034 -0.6606 -0.3841 -0.2170 -0.1051 -0.0257  0.0292
  0.0655  0.0883  0.1008  0.1059  0.1064  0.1048  0.1017  0.0963  0.0886  0.0788
  0.0672
 -4.3348 -3.8280 -3.3571 -2.9338 -2.5685 -2.2607 -2.0033 -1.7817 -1.5806 -1.3868
 -1.1966 -1.0191 -0.8640 -0.7339 -0.6233 -0.3941 -0.2228 -0.1078 -0.0270  0.0292
  0.0658  0.0875  0.0981  0.1004  0.0973  0.0917  0.0848  0.0774  0.0692  0.0592
  0.0473
 -4.4392 -3.9441 -3.4621 -3.0139 -2.6088 -2.2564 -1.9566 -1.7042 -1.4876 -1.2957
 -1.1197 -0.9567 -0.8097 -0.6825 -0.5762 -0.3794 -0.2272 -0.1100 -0.0273  0.0304
  0.0680  0.0895  0.0989  0.0990  0.0927  0.0829  0.0717  0.0602  0.0486  0.0367
  0.0208
 -4.4880 -4.0171 -3.5529 -3.1041 -2.6828 -2.3056 -1.9753 -1.6938 -1.4563 -1.2542
 -1.0790 -0.9236 -0.7850 -0.6624 -0.5193 -0.3400 -0.2302 -0.1117 -0.0266
 [Fe/H] = -0.25 [alpha/Fe] = 0.40 BC value = F606W
 -5.5414 -5.3393 -5.3076 -5.3180 -5.2450 -4.9875 -4.4639 -3.6842 -2.8892 -2.1598
 -1.5982 -1.2071 -0.9377 -0.7476 -0.6075 -0.3690 -0.2052 -0.0829  0.0131
 -5.2918 -5.0487 -4.8595 -4.7195 -4.6124 -4.4689 -4.1632 -3.5154 -2.7904 -2.1127
 -1.5745 -1.1872 -0.9162 -0.7246 -0.5841 -0.3496 -0.1918 -0.0757  0.0120  0.0794
 -5.1370 -4.8449 -4.6071 -4.4251 -4.2864 -4.1475 -3.8994 -3.3836 -2.7516 -2.1264
 -1.6032 -1.2102 -0.9279 -0.7269 -0.5807 -0.3430 -0.1872 -0.0743  0.0093  0.0724
  0.1202
 -5.0553 -4.7172 -4.4269 -4.1912 -4.0083 -3.8539 -3.6558 -3.2599 -2.7238 -2.1592
 -1.6557 -1.2575 -0.9615 -0.7467 -0.5905 -0.3440 -0.1880 -0.0762  0.0050  0.0653
  0.1106  0.1441
 -4.9960 -4.6350 -4.3079 -4.0238 -3.7884 -3.5962 -3.4132 -3.1208 -2.6814 -2.1844
 -1.7117 -1.3158 -1.0087 -0.7794 -0.6107 -0.3499 -0.1919 -0.0801  0.0001  0.0585
  0.1018  0.1337  0.1564  0.1728
 -4.7385 -4.4901 -4.1800 -3.8891 -3.6248 -3.3911 -3.1845 -2.9562 -2.6102 -2.1868
 -1.7566 -1.3739 -1.0623 -0.8209 -0.6393 -0.3592 -0.1976 -0.0851 -0.0047  0.0526
  0.0942  0.1244  0.1455  0.1597  0.1691  0.1735  0.1721  0.1644  0.1511  0.1347
 -4.4057 -4.1122 -3.8712 -3.6526 -3.4371 -3.2178 -2.9949 -2.7729 -2.5046 -2.1569
 -1.7793 -1.4221 -1.1152 -0.8672 -0.6743 -0.3719 -0.2042 -0.0903 -0.0093  0.0478
  0.0880  0.1165  0.1358  0.1481  0.1553  0.1587  0.1584  0.1534  0.1425  0.1258
  0.1056
 -4.1981 -3.8180 -3.5089 -3.2686 -3.0780 -2.9131 -2.7502 -2.5669 -2.3447 -2.0754
 -1.7649 -1.4489 -1.1597 -0.9133 -0.7133 -0.3880 -0.2112 -0.0954 -0.0133  0.0442
  0.0837  0.1105  0.1279  0.1378  0.1425  0.1437  0.1420  0.1376  0.1293  0.1155
  0.0953
 -4.1832 -3.7415 -3.3585 -3.0413 -2.7885 -2.5872 -2.4163 -2.2557 -2.0784 -1.8663
 -1.6309 -1.3904 -1.1561 -0.9383 -0.7465 -0.4059 -0.2174 -0.0988 -0.0156  0.0427
  0.0818  0.1072  0.1225  0.1299  0.1317  0.1299  0.1258  0.1202  0.1119  0.0999
  0.0833
 -4.2895 -3.8082 -3.3769 -2.9952 -2.6742 -2.4111 -2.1950 -2.0082 -1.8314 -1.6460
 -1.4445 -1.2421 -1.0550 -0.8877 -0.7376 -0.4287 -0.2270 -0.1033 -0.0182  0.0414
  0.0811  0.1058  0.1194  0.1247  0.1236  0.1185  0.1110  0.1021  0.0920  0.0810
  0.0658
 -4.4272 -3.9441 -3.4828 -3.0596 -2.6855 -2.3655 -2.0972 -1.8713 -1.6743 -1.4913
 -1.3102 -1.1299 -0.9593 -0.8077 -0.6780 -0.4271 -0.2380 -0.1076 -0.0200  0.0412
  0.0820  0.1068  0.1193  0.1227  0.1192  0.1107  0.0994  0.0869  0.0737  0.0597
  0.0428
 -4.5260 -4.0621 -3.6054 -3.1664 -2.7634 -2.4037 -2.0916 -1.8258 -1.5997 -1.4033
 -1.2257 -1.0599 -0.9043 -0.7622 -0.5677 -0.4011 -0.2504 -0.1117 -0.0210
 [Fe/H] =  0.00 [alpha/Fe] = 0.40 BC value = F606W
 -5.5019 -5.3494 -5.3823 -5.4431 -5.3924 -5.1374 -4.6072 -3.8191 -3.0872 -2.3612
 -1.7470 -1.3032 -0.9950 -0.7779 -0.6205 -0.3634 -0.1955 -0.0722  0.0241
 -5.2558 -5.0631 -4.9260 -4.8376 -4.7741 -4.6796 -4.4052 -3.7385 -3.0180 -2.3207
 -1.7313 -1.2930 -0.9823 -0.7622 -0.6027 -0.3472 -0.1837 -0.0654  0.0233  0.0916
 -5.0967 -4.8524 -4.6666 -4.5390 -4.4524 -4.3608 -4.1543 -3.6556 -3.0003 -2.3457
 -1.7730 -1.3294 -1.0056 -0.7739 -0.6059 -0.3431 -0.1802 -0.0643  0.0210  0.0855
  0.1347
 -5.0116 -4.7153 -4.4724 -4.2897 -4.1616 -4.0589 -3.9044 -3.5393 -2.9928 -2.3943
 -1.8408 -1.3923 -1.0526 -0.8047 -0.6240 -0.3468 -0.1819 -0.0664  0.0172  0.0791
  0.1259  0.1609
 -4.9737 -4.6393 -4.3465 -4.1053 -3.9208 -3.7832 -3.6493 -3.3940 -2.9623 -2.4364
 -1.9160 -1.4675 -1.1147 -0.8498 -0.6540 -0.3559 -0.1868 -0.0706  0.0126  0.0730
  0.1178  0.1512  0.1753  0.1916
 -4.8928 -4.5619 -4.2537 -3.9779 -3.7435 -3.5545 -3.4005 -3.2141 -2.8893 -2.4498
 -1.9768 -1.5432 -1.1845 -0.9052 -0.6937 -0.3698 -0.1939 -0.0760  0.0077  0.0674
  0.1107  0.1425  0.1652  0.1805  0.1898  0.1937  0.1917  0.1820  0.1676  0.1499
 -4.5721 -4.3165 -4.0690 -3.8269 -3.5955 -3.3810 -3.1887 -3.0121 -2.7729 -2.4246
 -2.0141 -1.6090 -1.2547 -0.9660 -0.7411 -0.3884 -0.2021 -0.0822  0.0028  0.0627
  0.1049  0.1352  0.1562  0.1700  0.1780  0.1817  0.1805  0.1736  0.1606  0.1426
  0.1212
 -4.2396 -3.9230 -3.6776 -3.4870 -3.3246 -3.1673 -3.0011 -2.8189 -2.6177 -2.3509
 -2.0137 -1.6524 -1.3150 -1.0267 -0.7929 -0.4119 -0.2117 -0.0884 -0.0020  0.0588
  0.1006  0.1295  0.1489  0.1609  0.1669  0.1685  0.1662  0.1602  0.1501  0.1339
  0.1124
 -4.1328 -3.7504 -3.4206 -3.1600 -2.9620 -2.8085 -2.6779 -2.5476 -2.3933 -2.1940
 -1.9386 -1.6458 -1.3479 -1.0744 -0.8406 -0.4380 -0.2213 -0.0931 -0.0053  0.0565
  0.0985  0.1263  0.1439  0.1538  0.1576  0.1567  0.1523  0.1450  0.1350  0.1211
  0.1020
 -4.2058 -3.7608 -3.3721 -3.0379 -2.7660 -2.5522 -2.3826 -2.2360 -2.0918 -1.9328
 -1.7445 -1.5237 -1.2971 -1.0775 -0.8732 -0.4719 -0.2358 -0.0995 -0.0093  0.0541
  0.0971  0.1245  0.1408  0.1489  0.1504  0.1469  0.1396  0.1299  0.1182  0.1040
  0.0874
 -4.3492 -3.8845 -3.4524 -3.0630 -2.7278 -2.4489 -2.2213 -2.0336 -1.8695 -1.7115
 -1.5401 -1.3565 -1.1679 -0.9872 -0.8245 -0.4927 -0.2537 -0.1066 -0.0127  0.0525
  0.0968  0.1247  0.1402  0.1466  0.1461  0.1400  0.1297  0.1168  0.1024  0.0865
  0.0686
 -4.4869 -4.0306 -3.5852 -3.1687 -2.7907 -2.4594 -2.1781 -1.9418 -1.7416 -1.5651
 -1.3988 -1.2328 -1.0659 -0.9054 -0.6945 -0.5004 -0.2750 -0.1144 -0.0155
 [Fe/H] =  0.25 [alpha/Fe] = 0.40 BC value = F606W
 -5.4240 -5.3252 -5.2606 -5.1815 -5.0401 -4.7980 -4.4245 -3.8951 -3.2279 -2.5496
 -1.9115 -1.4202 -1.0713 -0.8247 -0.6460 -0.3635 -0.1878 -0.0622  0.0345
 -5.1846 -5.0490 -5.0964 -5.1920 -5.2044 -5.0275 -4.5756 -3.8699 -3.1838 -2.5150
 -1.9015 -1.4186 -1.0672 -0.8161 -0.6339 -0.3502 -0.1779 -0.0563  0.0342  0.1037
 -5.0175 -4.8283 -4.7008 -4.6290 -4.5906 -4.5391 -4.3684 -3.8636 -3.1947 -2.5464
 -1.9511 -1.4663 -1.1018 -0.8373 -0.6445 -0.3490 -0.1757 -0.0555  0.0323  0.0984
  0.1490
 -4.9230 -4.6761 -4.4879 -4.3621 -4.2881 -4.2309 -4.1147 -3.7791 -3.2140 -2.6034
 -2.0290 -1.5399 -1.1617 -0.8794 -0.6718 -0.3560 -0.1786 -0.0579  0.0288  0.0928
  0.1412  0.1777
 -4.8874 -4.5880 -4.3443 -4.1545 -4.0251 -3.9395 -3.8485 -3.6288 -3.2059 -2.6573
 -2.1133 -1.6282 -1.2375 -0.9371 -0.7123 -0.3696 -0.1847 -0.0625  0.0243  0.0872
  0.1338  0.1688  0.1942  0.2115
 -4.8700 -4.5446 -4.2587 -4.0151 -3.8238 -3.6859 -3.5818 -3.4340 -3.1341 -2.6872
 -2.1875 -1.7178 -1.3215 -1.0059 -0.7639 -0.3895 -0.1934 -0.0686  0.0193  0.0820
  0.1273  0.1607  0.1849  0.2013  0.2114  0.2153  0.2124  0.2015  0.1862  0.1668
 -4.6933 -4.4165 -4.1523 -3.9029 -3.6805 -3.4927 -3.3440 -3.2138 -3.0061 -2.6685
 -2.2380 -1.7984 -1.4050 -1.0802 -0.8238 -0.4155 -0.2042 -0.0755  0.0139  0.0772
  0.1219  0.1539  0.1766  0.1919  0.2010  0.2052  0.2036  0.1955  0.1807  0.1615
  0.1385
 -4.2996 -4.0527 -3.8550 -3.6768 -3.5008 -3.3264 -3.1575 -2.9999 -2.8355 -2.5895
 -2.2468 -1.8565 -1.4813 -1.1545 -0.8884 -0.4479 -0.2172 -0.0829  0.0084  0.0730
  0.1177  0.1486  0.1698  0.1836  0.1913  0.1939  0.1917  0.1852  0.1731  0.1547
  0.1318
 -4.1022 -3.7668 -3.4965 -3.2937 -3.1428 -3.0220 -2.9100 -2.7889 -2.6436 -2.4506
 -2.1904 -1.8672 -1.5282 -1.2152 -0.9475 -0.4830 -0.2314 -0.0893  0.0043  0.0702
  0.1154  0.1456  0.1653  0.1773  0.1832  0.1840  0.1801  0.1723  0.1608  0.1450
  0.1234
 -4.1013 -3.7063 -3.3632 -3.0799 -2.8596 -2.6943 -2.5681 -2.4626 -2.3620 -2.2328
 -2.0479 -1.8098 -1.5370 -1.2605 -1.0050 -0.5269 -0.2520 -0.0980 -0.0009  0.0667
  0.1133  0.1437  0.1624  0.1728  0.1768  0.1756  0.1695  0.1599  0.1471  0.1322
  0.1119
 -4.2180 -3.7896 -3.3933 -3.0462 -2.7556 -2.5213 -2.3373 -2.1909 -2.0659 -1.9429
 -1.8023 -1.6265 -1.4232 -1.2114 -1.0052 -0.5684 -0.2772 -0.1086 -0.0059  0.0638
  0.1120  0.1432  0.1616  0.1706  0.1729  0.1695  0.1610  0.1489  0.1339  0.1165
  0.0969
 -4.3754 -3.9364 -3.5165 -3.1290 -2.7834 -2.4886 -2.2439 -2.0434 -1.8772 -1.7309
 -1.5889 -1.4375 -1.2712 -1.0972 -0.9481 -0.6075 -0.3070 -0.1211 -0.0107
 [Fe/H] =  0.50 [alpha/Fe] = 0.40 BC value = F606W
 -5.3078 -5.2666 -4.9425 -4.5331 -4.1879 -3.9692 -3.9157 -3.9158 -3.3341 -2.7222
 -2.0862 -1.5548 -1.1660 -0.8872 -0.6854 -0.3712 -0.1851 -0.0545  0.0429
 -5.0782 -5.0064 -4.9978 -5.3699 -5.4130 -5.1589 -4.6358 -3.9373 -3.3102 -2.6914
 -2.0791 -1.5608 -1.1710 -0.8868 -0.6796 -0.3610 -0.1765 -0.0497  0.0437  0.1146
 -4.8994 -4.7726 -4.7173 -4.7011 -4.6988 -4.6873 -4.5453 -3.9870 -3.3370 -2.7247
 -2.1314 -1.6170 -1.2159 -0.9180 -0.6983 -0.3632 -0.1756 -0.0494  0.0416  0.1099
  0.1628
 -4.7955 -4.6067 -4.4807 -4.4155 -4.3931 -4.3752 -4.2933 -3.9725 -3.3875 -2.7832
 -2.2087 -1.7006 -1.2871 -0.9719 -0.7353 -0.3745 -0.1797 -0.0523  0.0383  0.1050
  0.1554  0.1936
 -4.7501 -4.5032 -4.3106 -4.1802 -4.1083 -4.0711 -4.0178 -3.8317 -3.4018 -2.8516
 -2.2980 -1.7952 -1.3745 -1.0411 -0.7870 -0.3937 -0.1876 -0.0573  0.0339  0.0999
  0.1488  0.1855  0.2124  0.2308
 -4.7448 -4.4586 -4.2116 -4.0153 -3.8777 -3.7940 -3.7355 -3.6243 -3.3464 -2.8890
 -2.3832 -1.8930 -1.4693 -1.1222 -0.8504 -0.4207 -0.1985 -0.0640  0.0288  0.0950
  0.1429  0.1782  0.2040  0.2217  0.2326  0.2370  0.2337  0.2222  0.2064  0.1855
 -4.6816 -4.4003 -4.1425 -3.9100 -3.7172 -3.5722 -3.4732 -3.3864 -3.2097 -2.8807
 -2.4399 -1.9835 -1.5638 -1.2084 -0.9224 -0.4556 -0.2127 -0.0720  0.0230  0.0903
  0.1379  0.1720  0.1964  0.2131  0.2234  0.2280  0.2266  0.2184  0.2025  0.1823
  0.1577
 -4.3717 -4.1685 -3.9673 -3.7695 -3.5813 -3.4096 -3.2633 -3.1475 -3.0213 -2.7998
 -2.4554 -2.0508 -1.6489 -1.2938 -0.9984 -0.4977 -0.2306 -0.0807  0.0169  0.0858
  0.1338  0.1671  0.1902  0.2057  0.2149  0.2187  0.2172  0.2103  0.1975  0.1774
  0.1533
 -4.0659 -3.7941 -3.5872 -3.4342 -3.3096 -3.1921 -3.0705 -2.9438 -2.8166 -2.6500
 -2.4032 -2.0698 -1.7056 -1.3631 -1.0674 -0.5425 -0.2507 -0.0893  0.0119  0.0824
  0.1313  0.1644  0.1862  0.2001  0.2079  0.2104  0.2078  0.2007  0.1886  0.1708
  0.1470
 -3.9891 -3.6474 -3.3578 -3.1301 -2.9603 -2.8387 -2.7471 -2.6682 -2.5862 -2.4688
 -2.2887 -2.0406 -1.7377 -1.4254 -1.1377 -0.5961 -0.2786 -0.1013  0.0055  0.0781
  0.1286  0.1623  0.1835  0.1961  0.2022  0.2031  0.1990  0.1903  0.1773  0.1603
  0.1390
 -4.0603 -3.6718 -3.3228 -3.0238 -2.7803 -2.5920 -2.4512 -2.3441 -2.2568 -2.1708
 -2.0635 -1.9022 -1.6844 -1.4336 -1.1791 -0.6499 -0.3117 -0.1163 -0.0014  0.0741
  0.1264  0.1613  0.1826  0.1941  0.1987  0.1978  0.1918  0.1812  0.1667  0.1486
  0.1273
 -4.2098 -3.8000 -3.4140 -3.0629 -2.7584 -2.5037 -2.2990 -2.1372 -2.0073 -1.8953
 -1.7861 -1.6614 -1.5108 -1.3289 -1.1916 -0.7039 -0.3500 -0.1343 -0.0088
