 [Fe/H] = -2.50 [alpha/Fe] = 0.40 BC value = F435W
 -5.9472 -5.7014 -5.5462 -5.3558 -5.1125 -4.9052 -4.8014 -4.7381 -4.6214 -4.4256
 -4.1929 -3.9335 -3.6663 -3.4062 -3.1503 -2.5424 -1.9941 -1.5454 -1.1786
 -5.6078 -5.2677 -5.0137 -4.8005 -4.6192 -4.4669 -4.3350 -4.2085 -4.0720 -3.9160
 -3.7345 -3.5239 -3.2897 -3.0505 -2.8207 -2.2941 -1.8280 -1.4369 -1.1266 -0.8889
 -5.3826 -4.9920 -4.6789 -4.4363 -4.2587 -4.1117 -3.9630 -3.8122 -3.6641 -3.5176
 -3.3588 -3.1811 -2.9791 -2.7636 -2.5563 -2.0943 -1.6948 -1.3537 -1.0856 -0.8777
 -0.7096
 -5.2716 -4.8743 -4.5418 -4.2632 -4.0310 -3.8396 -3.6854 -3.5492 -3.3977 -3.2304
 -3.0658 -2.9051 -2.7345 -2.5455 -2.3571 -1.9430 -1.5945 -1.2958 -1.0555 -0.8680
 -0.7157 -0.5859
 -5.1985 -4.8083 -4.4752 -4.1871 -3.9351 -3.7145 -3.5216 -3.3526 -3.2026 -3.0561
 -2.8920 -2.7197 -2.5557 -2.3881 -2.2164 -1.8365 -1.5239 -1.2579 -1.0395 -0.8681
 -0.7287 -0.6094 -0.5035 -0.4075
 -5.1313 -4.7582 -4.4340 -4.1476 -3.8908 -3.6581 -3.4471 -3.2562 -3.0830 -2.9235
 -2.7715 -2.6159 -2.4551 -2.2949 -2.1295 -1.7676 -1.4786 -1.2355 -1.0334 -0.8736
 -0.7450 -0.6353 -0.5375 -0.4483 -0.3657 -0.2890 -0.2186 -0.1515 -0.0904 -0.0524
 -5.0566 -4.7073 -4.3992 -4.1220 -3.8681 -3.6333 -3.4152 -3.2128 -3.0261 -2.8537
 -2.6926 -2.5391 -2.3887 -2.2421 -2.0900 -1.7327 -1.4535 -1.2252 -1.0338 -0.8815
 -0.7611 -0.6601 -0.5706 -0.4886 -0.4122 -0.3405 -0.2738 -0.2118 -0.1546 -0.1057
 -0.0773
 -4.9766 -4.6505 -4.3613 -4.0984 -3.8532 -3.6224 -3.4037 -3.1971 -3.0030 -2.8221
 -2.6534 -2.4952 -2.3456 -2.2026 -2.0631 -1.7261 -1.4458 -1.2239 -1.0394 -0.8904
 -0.7746 -0.6808 -0.5994 -0.5254 -0.4562 -0.3907 -0.3289 -0.2710 -0.2175 -0.1698
 -0.1324
 -4.8916 -4.5868 -4.3146 -4.0669 -3.8338 -3.6111 -3.3969 -3.1913 -2.9952 -2.8099
 -2.6359 -2.4730 -2.3204 -2.1768 -2.0403 -1.7219 -1.4486 -1.2272 -1.0465 -0.8988
 -0.7842 -0.6947 -0.6205 -0.5547 -0.4937 -0.4357 -0.3803 -0.3277 -0.2782 -0.2329
 -0.1943
 -4.8154 -4.5308 -4.2698 -4.0328 -3.8114 -3.5987 -3.3929 -3.1924 -2.9985 -2.8126
 -2.6361 -2.4697 -2.3138 -2.1682 -2.0311 -1.7207 -1.4564 -1.2364 -1.0574 -0.9106
 -0.7947 -0.7057 -0.6356 -0.5769 -0.5241 -0.4745 -0.4270 -0.3813 -0.3374 -0.2962
 -0.2579
 -4.7519 -4.4773 -4.2263 -3.9949 -3.7797 -3.5768 -3.3803 -3.1881 -3.0002 -2.8177
 -2.6420 -2.4746 -2.3165 -2.1682 -2.0293 -1.7200 -1.4622 -1.2454 -1.0673 -0.9216
 -0.8049 -0.7146 -0.6454 -0.5907 -0.5449 -0.5035 -0.4647 -0.4270 -0.3904 -0.3552
 -0.3221
 -4.7010 -4.4263 -4.1815 -3.9538 -3.7423 -3.5440 -3.3550 -3.1718 -2.9922 -2.8167
 -2.6457 -2.4806 -2.3228 -2.1735 -2.0349 -1.7198 -1.4660 -1.2542 -1.0762
 [Fe/H] = -2.00 [alpha/Fe] = 0.40 BC value = F435W
 -5.9625 -5.6770 -5.4406 -5.2414 -5.0679 -4.9059 -4.7423 -4.5677 -4.3796 -4.1779
 -3.9567 -3.7165 -3.4672 -3.2248 -2.9846 -2.4609 -1.9880 -1.5671 -1.2250
 -5.5585 -5.2288 -4.9581 -4.7386 -4.5563 -4.3963 -4.2454 -4.0906 -3.9282 -3.7547
 -3.5641 -3.3531 -3.1258 -2.8997 -2.6878 -2.2191 -1.8120 -1.4532 -1.1538 -0.9161
 -5.2728 -4.8952 -4.5958 -4.3726 -4.1722 -4.0023 -3.8518 -3.7076 -3.5618 -3.4100
 -3.2468 -3.0669 -2.8668 -2.6577 -2.4596 -2.0326 -1.6756 -1.3657 -1.1021 -0.8896
 -0.7154
 -5.1263 -4.7125 -4.3841 -4.1294 -3.9269 -3.7555 -3.5981 -3.4435 -3.2936 -3.1476
 -2.9997 -2.8446 -2.6745 -2.4862 -2.3000 -1.9014 -1.5788 -1.3046 -1.0699 -0.8775
 -0.7208 -0.5881
 -5.1177 -4.6887 -4.3303 -4.0445 -3.8157 -3.6260 -3.4607 -3.3074 -3.1558 -2.9988
 -2.8387 -2.6847 -2.5317 -2.3680 -2.1943 -1.8146 -1.5142 -1.2648 -1.0521 -0.8757
 -0.7314 -0.6092 -0.5016 -0.4046
 -5.1615 -4.7189 -4.3467 -4.0350 -3.7728 -3.5508 -3.3609 -3.1955 -3.0481 -2.9125
 -2.7690 -2.6077 -2.4465 -2.2892 -2.1283 -1.7613 -1.4743 -1.2408 -1.0440 -0.8799
 -0.7458 -0.6329 -0.5335 -0.4434 -0.3604 -0.2837 -0.2135 -0.1465 -0.0851 -0.0469
 -5.2318 -4.7823 -4.3999 -4.0769 -3.8012 -3.5627 -3.3537 -3.1686 -3.0022 -2.8486
 -2.7036 -2.5618 -2.4132 -2.2591 -2.0996 -1.7329 -1.4521 -1.2285 -1.0422 -0.8868
 -0.7606 -0.6561 -0.5648 -0.4820 -0.4053 -0.3337 -0.2673 -0.2058 -0.1487 -0.0993
 -0.0711
 -5.3086 -4.8612 -4.4745 -4.1430 -3.8567 -3.6058 -3.3824 -3.1812 -2.9984 -2.8308
 -2.6736 -2.5240 -2.3798 -2.2393 -2.0955 -1.7298 -1.4434 -1.2242 -1.0445 -0.8948
 -0.7737 -0.6758 -0.5923 -0.5173 -0.4479 -0.3824 -0.3211 -0.2638 -0.2111 -0.1635
 -0.1258
 -5.3720 -4.9301 -4.5495 -4.2169 -3.9246 -3.6644 -3.4298 -3.2159 -3.0195 -2.8386
 -2.6701 -2.5119 -2.3616 -2.2186 -2.0820 -1.7404 -1.4470 -1.2242 -1.0478 -0.9015
 -0.7831 -0.6894 -0.6127 -0.5457 -0.4842 -0.4262 -0.3713 -0.3194 -0.2707 -0.2262
 -0.1878
 -5.4182 -4.9965 -4.6243 -4.2958 -4.0027 -3.7373 -3.4943 -3.2702 -3.0628 -2.8705
 -2.6917 -2.5245 -2.3673 -2.2189 -2.0789 -1.7515 -1.4647 -1.2342 -1.0561 -0.9112
 -0.7932 -0.7006 -0.6279 -0.5676 -0.5141 -0.4643 -0.4171 -0.3720 -0.3290 -0.2887
 -0.2512
 -5.4474 -5.0460 -4.6858 -4.3641 -4.0741 -3.8090 -3.5629 -3.3324 -3.1168 -2.9153
 -2.7274 -2.5520 -2.3877 -2.2335 -2.0884 -1.7599 -1.4803 -1.2489 -1.0661 -0.9209
 -0.8029 -0.7096 -0.6378 -0.5815 -0.5348 -0.4931 -0.4543 -0.4172 -0.3813 -0.3470
 -0.3148
 -5.4597 -5.0790 -4.7336 -4.4199 -4.1334 -3.8696 -3.6245 -3.3933 -3.1739 -2.9666
 -2.7716 -2.5890 -2.4183 -2.2584 -2.1105 -1.7656 -1.4938 -1.2683 -1.0778
 [Fe/H] = -1.50 [alpha/Fe] = 0.40 BC value = F435W
 -6.1581 -5.9493 -5.7496 -5.5516 -5.3522 -5.1341 -4.8789 -4.5878 -4.3096 -4.0489
 -3.7951 -3.5426 -3.2963 -3.0651 -2.8520 -2.3829 -1.9695 -1.5934 -1.2639
 -5.6855 -5.4442 -5.2215 -5.0116 -4.8077 -4.6021 -4.3803 -4.1388 -3.9070 -3.6857
 -3.4657 -3.2397 -3.0105 -2.7906 -2.5883 -2.1541 -1.7884 -1.4667 -1.1822 -0.9417
 -5.3528 -5.0692 -4.8173 -4.5911 -4.3839 -4.1883 -3.9940 -3.7904 -3.5921 -3.4014
 -3.2119 -3.0153 -2.8078 -2.5996 -2.4052 -1.9946 -1.6610 -1.3761 -1.1262 -0.9114
 -0.7330
 -5.1708 -4.8254 -4.5374 -4.2930 -4.0746 -3.8791 -3.6984 -3.5210 -3.3472 -3.1796
 -3.0143 -2.8449 -2.6638 -2.4716 -2.2843 -1.8883 -1.5754 -1.3149 -1.0900 -0.8955
 -0.7323 -0.5945
 -5.1258 -4.7196 -4.3819 -4.1017 -3.8688 -3.6746 -3.5065 -3.3406 -3.1765 -3.0181
 -2.8650 -2.7133 -2.5564 -2.3859 -2.2083 -1.8210 -1.5205 -1.2759 -1.0686 -0.8900
 -0.7392 -0.6118 -0.5010 -0.4022
 -5.1901 -4.7429 -4.3581 -4.0337 -3.7656 -3.5456 -3.3657 -3.2167 -3.0801 -2.9383
 -2.7827 -2.6276 -2.4771 -2.3250 -2.1622 -1.7814 -1.4870 -1.2526 -1.0572 -0.8908
 -0.7504 -0.6320 -0.5294 -0.4377 -0.3540 -0.2770 -0.2065 -0.1394 -0.0779 -0.0389
 -5.3218 -4.8364 -4.4190 -4.0663 -3.7709 -3.5254 -3.3213 -3.1491 -2.9997 -2.8666
 -2.7396 -2.6002 -2.4458 -2.2896 -2.1352 -1.7620 -1.4684 -1.2396 -1.0524 -0.8949
 -0.7628 -0.6524 -0.5578 -0.4733 -0.3960 -0.3243 -0.2583 -0.1973 -0.1404 -0.0902
 -0.0612
 -5.5143 -4.9895 -4.5377 -4.1556 -3.8355 -3.5670 -3.3403 -3.1470 -2.9795 -2.8297
 -2.6911 -2.5594 -2.4282 -2.2868 -2.1347 -1.7586 -1.4609 -1.2337 -1.0515 -0.9003
 -0.7757 -0.6705 -0.5832 -0.5063 -0.4361 -0.3707 -0.3099 -0.2526 -0.2001 -0.1540
 -0.1152
 -5.7327 -5.1818 -4.6975 -4.2869 -3.9407 -3.6488 -3.4003 -3.1858 -2.9981 -2.8311
 -2.6787 -2.5357 -2.3987 -2.2663 -2.1326 -1.7714 -1.4609 -1.2310 -1.0513 -0.9043
 -0.7827 -0.6836 -0.6024 -0.5331 -0.4706 -0.4126 -0.3582 -0.3070 -0.2594 -0.2160
 -0.1777
 -5.9456 -5.3875 -4.8895 -4.4576 -4.0872 -3.7712 -3.4997 -3.2637 -3.0553 -2.8692
 -2.7004 -2.5446 -2.3981 -2.2585 -2.1249 -1.7933 -1.4804 -1.2379 -1.0565 -0.9111
 -0.7917 -0.6949 -0.6175 -0.5543 -0.4994 -0.4492 -0.4024 -0.3580 -0.3160 -0.2770
 -0.2409
 -6.1248 -5.5771 -5.0826 -4.6397 -4.2547 -3.9195 -3.6272 -3.3698 -3.1408 -2.9354
 -2.7490 -2.5783 -2.4201 -2.2717 -2.1313 -1.8055 -1.5067 -1.2551 -1.0651 -0.9187
 -0.8000 -0.7038 -0.6279 -0.5684 -0.5197 -0.4773 -0.4385 -0.4018 -0.3669 -0.3337
 -0.3029
 -6.2472 -5.7251 -5.2467 -4.8106 -4.4219 -4.0769 -3.7703 -3.4955 -3.2479 -3.0239
 -2.8202 -2.6341 -2.4628 -2.3038 -2.1518 -1.8080 -1.5398 -1.2826 -1.0771
 [Fe/H] = -1.00 [alpha/Fe] = 0.40 BC value = F435W
 -6.5235 -6.3908 -6.2512 -6.0944 -5.9163 -5.6722 -5.3148 -4.8439 -4.3873 -4.0076
 -3.6949 -3.4240 -3.1811 -2.9603 -2.7589 -2.3232 -1.9543 -1.6149 -1.3054
 -6.0005 -5.8483 -5.6935 -5.5286 -5.3412 -5.1126 -4.8109 -4.4236 -4.0468 -3.7196
 -3.4385 -3.1873 -2.9554 -2.7414 -2.5457 -2.1289 -1.7841 -1.4850 -1.2184 -0.9816
 -5.5838 -5.4077 -5.2345 -5.0595 -4.8747 -4.6677 -4.4161 -4.1019 -3.7859 -3.5011
 -3.2494 -3.0196 -2.8018 -2.5952 -2.4036 -1.9981 -1.6719 -1.3970 -1.1573 -0.9452
 -0.7605
 -5.2977 -5.0828 -4.8822 -4.6898 -4.4998 -4.3054 -4.0936 -3.8404 -3.5750 -3.3271
 -3.1027 -2.8954 -2.6953 -2.4993 -2.3122 -1.9127 -1.5978 -1.3386 -1.1169 -0.9232
 -0.7540 -0.6090
 -5.1777 -4.8907 -4.6456 -4.4249 -4.2188 -4.0226 -3.8293 -3.6220 -3.3992 -3.1833
 -2.9834 -2.7972 -2.6167 -2.4355 -2.2556 -1.8591 -1.5501 -1.3011 -1.0918 -0.9116
 -0.7552 -0.6205 -0.5044 -0.4021
 -5.2079 -4.8342 -4.5120 -4.2393 -4.0090 -3.8107 -3.6285 -3.4486 -3.2581 -3.0671
 -2.8860 -2.7163 -2.5533 -2.3895 -2.2211 -1.8284 -1.5208 -1.2780 -1.0774 -0.9072
 -0.7611 -0.6356 -0.5276 -0.4326 -0.3470 -0.2691 -0.1979 -0.1300 -0.0688 -0.0295
 -5.3184 -4.8871 -4.5061 -4.1764 -3.8967 -3.6604 -3.4604 -3.2915 -3.1394 -2.9859
 -2.8243 -2.6621 -2.5053 -2.3526 -2.1989 -1.8148 -1.5045 -1.2646 -1.0702 -0.9072
 -0.7692 -0.6518 -0.5513 -0.4635 -0.3845 -0.3124 -0.2466 -0.1858 -0.1287 -0.0787
 -0.0486
 -5.5037 -5.0160 -4.5861 -4.2126 -3.8922 -3.6217 -3.3943 -3.2025 -3.0379 -2.8929
 -2.7610 -2.6304 -2.4887 -2.3376 -2.1861 -1.8145 -1.4990 -1.2580 -1.0673 -0.9096
 -0.7777 -0.6669 -0.5733 -0.4926 -0.4207 -0.3549 -0.2945 -0.2388 -0.1877 -0.1409
 -0.1025
 -5.7847 -5.2225 -4.7380 -4.3191 -3.9610 -3.6579 -3.4027 -3.1880 -3.0058 -2.8482
 -2.7074 -2.5779 -2.4541 -2.3275 -2.1891 -1.8218 -1.5003 -1.2549 -1.0651 -0.9113
 -0.7839 -0.6782 -0.5905 -0.5166 -0.4520 -0.3934 -0.3394 -0.2892 -0.2429 -0.2008
 -0.1634
 -6.1343 -5.5221 -4.9766 -4.5054 -4.1035 -3.7640 -3.4783 -3.2371 -3.0320 -2.8558
 -2.7009 -2.5608 -2.4298 -2.3039 -2.1795 -1.8457 -1.5162 -1.2614 -1.0689 -0.9164
 -0.7916 -0.6889 -0.6053 -0.5368 -0.4789 -0.4277 -0.3810 -0.3373 -0.2967 -0.2594
 -0.2255
 -6.5017 -5.8571 -5.2763 -4.7574 -4.3097 -3.9300 -3.6096 -3.3385 -3.1070 -2.9074
 -2.7324 -2.5764 -2.4338 -2.3000 -2.1717 -1.8607 -1.5466 -1.2767 -1.0766 -0.9227
 -0.7987 -0.6977 -0.6161 -0.5511 -0.4987 -0.4544 -0.4152 -0.3790 -0.3452 -0.3137
 -0.2847
 -6.8119 -6.1788 -5.5828 -5.0417 -4.5602 -4.1446 -3.7898 -3.4867 -3.2265 -3.0006
 -2.8022 -2.6258 -2.4665 -2.3204 -2.1657 -1.8668 -1.5915 -1.3008 -1.0882
 [Fe/H] = -0.75 [alpha/Fe] = 0.40 BC value = F435W
 -6.7181 -6.6203 -6.5141 -6.3875 -6.2003 -5.9270 -5.5507 -5.0583 -4.4914 -4.0313
 -3.6791 -3.3947 -3.1507 -2.9337 -2.7368 -2.3123 -1.9507 -1.6274 -1.3309
 -6.1820 -6.0689 -5.9513 -5.8195 -5.6570 -5.4376 -5.1182 -4.6601 -4.1862 -3.7812
 -3.4561 -3.1871 -2.9522 -2.7404 -2.5475 -2.1359 -1.7958 -1.5017 -1.2405 -1.0067
 -5.7378 -5.6053 -5.4727 -5.3333 -5.1756 -4.9807 -4.7177 -4.3504 -3.9544 -3.5968
 -3.2967 -3.0428 -2.8176 -2.6115 -2.4218 -2.0176 -1.6912 -1.4164 -1.1778 -0.9668
 -0.7804
 -5.4023 -5.2411 -5.0861 -4.9320 -4.7716 -4.5932 -4.3776 -4.0889 -3.7610 -3.4486
 -3.1750 -2.9380 -2.7249 -2.5264 -2.3403 -1.9397 -1.6215 -1.3594 -1.1359 -0.9413
 -0.7701 -0.6211
 -5.2166 -4.9982 -4.8044 -4.6243 -4.4495 -4.2727 -4.0839 -3.8573 -3.5895 -3.3204
 -3.0745 -2.8560 -2.6573 -2.4694 -2.2889 -1.8903 -1.5757 -1.3221 -1.1093 -0.9265
 -0.7676 -0.6292 -0.5093 -0.4044
 -5.2012 -4.8903 -4.6307 -4.4104 -4.2124 -4.0250 -3.8415 -3.6510 -3.4334 -3.2042
 -2.9858 -2.7865 -2.6032 -2.4284 -2.2570 -1.8618 -1.5470 -1.2984 -1.0934 -0.9194
 -0.7701 -0.6409 -0.5291 -0.4313 -0.3441 -0.2658 -0.1934 -0.1247 -0.0642 -0.0254
 -5.2936 -4.9078 -4.5697 -4.2806 -4.0343 -3.8221 -3.6363 -3.4676 -3.2933 -3.1026
 -2.9095 -2.7267 -2.5568 -2.3954 -2.2359 -1.8490 -1.5311 -1.2842 -1.0847 -0.9174
 -0.7755 -0.6541 -0.5498 -0.4592 -0.3787 -0.3058 -0.2397 -0.1789 -0.1217 -0.0725
 -0.0429
 -5.4546 -5.0106 -4.6153 -4.2687 -3.9705 -3.7156 -3.4969 -3.3082 -3.1432 -2.9900
 -2.8398 -2.6853 -2.5269 -2.3715 -2.2206 -1.8488 -1.5261 -1.2773 -1.0807 -0.9184
 -0.7821 -0.6671 -0.5695 -0.4857 -0.4120 -0.3456 -0.2853 -0.2298 -0.1784 -0.1326
 -0.0939
 -5.6978 -5.1895 -4.7386 -4.3428 -3.9993 -3.7050 -3.4547 -3.2418 -3.0592 -2.8991
 -2.7549 -2.6226 -2.4948 -2.3608 -2.2171 -1.8546 -1.5282 -1.2742 -1.0779 -0.9191
 -0.7871 -0.6770 -0.5851 -0.5078 -0.4411 -0.3817 -0.3278 -0.2781 -0.2324 -0.1910
 -0.1544
 -6.0577 -5.4738 -4.9565 -4.5050 -4.1143 -3.7799 -3.4956 -3.2548 -3.0504 -2.8750
 -2.7215 -2.5833 -2.4554 -2.3331 -2.2104 -1.8739 -1.5442 -1.2814 -1.0816 -0.9235
 -0.7942 -0.6871 -0.5993 -0.5270 -0.4666 -0.4142 -0.3673 -0.3241 -0.2842 -0.2479
 -0.2149
 -6.4816 -5.8428 -5.2661 -4.7525 -4.3087 -3.9285 -3.6059 -3.3327 -3.1009 -2.9031
 -2.7321 -2.5813 -2.4447 -2.3170 -2.1944 -1.8904 -1.5728 -1.2971 -1.0896 -0.9295
 -0.8010 -0.6957 -0.6102 -0.5415 -0.4860 -0.4399 -0.4001 -0.3641 -0.3309 -0.3002
 -0.2754
 -6.9695 -6.2299 -5.6206 -5.0675 -4.5739 -4.1466 -3.7815 -3.4712 -3.2076 -2.9821
 -2.7872 -2.6167 -2.4648 -2.3263 -2.1691 -1.9041 -1.6140 -1.3213 -1.1019
 [Fe/H] = -0.50 [alpha/Fe] = 0.40 BC value = F435W
 -6.9455 -6.8715 -6.7852 -6.6781 -6.5080 -6.2377 -5.8383 -5.2874 -4.6296 -4.0880
 -3.6903 -3.3872 -3.1395 -2.9244 -2.7313 -2.3155 -1.9630 -1.6487 -1.3525
 -6.3928 -6.3063 -6.2146 -6.1076 -5.9665 -5.7607 -5.4367 -4.9265 -4.3614 -3.8719
 -3.4964 -3.2048 -2.9642 -2.7536 -2.5634 -2.1565 -1.8189 -1.5268 -1.2678 -1.0356
 -5.9205 -5.8198 -5.7180 -5.6079 -5.4758 -5.2984 -5.0369 -4.6333 -4.1587 -3.7196
 -3.3633 -3.0804 -2.8453 -2.6386 -2.4510 -2.0489 -1.7212 -1.4442 -1.2040 -0.9924
 -0.8047
 -5.5410 -5.4192 -5.3006 -5.1806 -5.0499 -4.8927 -4.6831 -4.3732 -3.9845 -3.5977
 -3.2652 -2.9923 -2.7633 -2.5612 -2.3763 -1.9768 -1.6549 -1.3884 -1.1611 -0.9638
 -0.7904 -0.6379
 -5.2796 -5.1196 -4.9729 -4.8326 -4.6918 -4.5410 -4.3641 -4.1285 -3.8188 -3.4879
 -3.1844 -2.9255 -2.7046 -2.5086 -2.3276 -1.9297 -1.6100 -1.3508 -1.1330 -0.9462
 -0.7840 -0.6420 -0.5177 -0.4097
 -5.1945 -4.9561 -4.7553 -4.5774 -4.4124 -4.2513 -4.0847 -3.8954 -3.6543 -3.3789
 -3.1099 -2.8693 -2.6592 -2.4712 -2.2963 -1.9015 -1.5810 -1.3258 -1.1153 -0.9365
 -0.7830 -0.6498 -0.5337 -0.4322 -0.3425 -0.2621 -0.1890 -0.1187 -0.0577 -0.0183
 -5.2527 -4.9191 -4.6378 -4.4037 -4.2039 -4.0241 -3.8524 -3.6821 -3.4909 -3.2675
 -3.0352 -2.8169 -2.6203 -2.4423 -2.2755 -1.8882 -1.5644 -1.3102 -1.1048 -0.9323
 -0.7856 -0.6597 -0.5511 -0.4565 -0.3735 -0.2994 -0.2326 -0.1715 -0.1133 -0.0636
 -0.0338
 -5.3878 -4.9892 -4.6361 -4.3310 -4.0709 -3.8476 -3.6513 -3.4763 -3.3149 -3.1434
 -2.9568 -2.7669 -2.5856 -2.4179 -2.2604 -1.8864 -1.5590 -1.3021 -1.0992 -0.9316
 -0.7901 -0.6701 -0.5679 -0.4801 -0.4037 -0.3359 -0.2751 -0.2201 -0.1693 -0.1225
 -0.0834
 -5.5942 -5.1341 -4.7240 -4.3621 -4.0472 -3.7765 -3.5435 -3.3405 -3.1619 -3.0001
 -2.8462 -2.6978 -2.5501 -2.3996 -2.2492 -1.8900 -1.5614 -1.2990 -1.0954 -0.9309
 -0.7936 -0.6783 -0.5816 -0.4999 -0.4302 -0.3691 -0.3148 -0.2656 -0.2209 -0.1802
 -0.1432
 -5.9182 -5.3801 -4.9058 -4.4879 -4.1229 -3.8070 -3.5358 -3.3033 -3.1031 -2.9284
 -2.7719 -2.6292 -2.4973 -2.3716 -2.2442 -1.9039 -1.5771 -1.3069 -1.0989 -0.9347
 -0.7999 -0.6877 -0.5948 -0.5180 -0.4540 -0.3995 -0.3519 -0.3089 -0.2696 -0.2341
 -0.2023
 -6.3538 -5.7395 -5.1895 -4.7072 -4.2861 -3.9223 -3.6102 -3.3437 -3.1163 -2.9214
 -2.7523 -2.6025 -2.4670 -2.3414 -2.2216 -1.9208 -1.6027 -1.3233 -1.1076 -0.9405
 -0.8063 -0.6960 -0.6056 -0.5323 -0.4729 -0.4241 -0.3830 -0.3468 -0.3141 -0.2844
 -0.2607
 -6.8290 -6.1698 -5.5650 -5.0203 -4.5378 -4.1207 -3.7621 -3.4563 -3.1960 -2.9739
 -2.7831 -2.6172 -2.4702 -2.3371 -2.1814 -1.9407 -1.6382 -1.3482 -1.1215
 [Fe/H] = -0.25 [alpha/Fe] = 0.40 BC value = F435W
 -7.1885 -7.1310 -7.1171 -7.0762 -6.9391 -6.6502 -6.1650 -5.4904 -4.7858 -4.1819
 -3.7334 -3.4055 -3.1491 -2.9333 -2.7425 -2.3347 -1.9876 -1.6788 -1.3870
 -6.6234 -6.5598 -6.4839 -6.3930 -6.2654 -6.0665 -5.7375 -5.1869 -4.5537 -3.9930
 -3.5636 -3.2440 -2.9929 -2.7811 -2.5928 -2.1904 -1.8544 -1.5621 -1.3026 -1.0702
 -6.1260 -6.0485 -5.9691 -5.8799 -5.7662 -5.6028 -5.3459 -4.9193 -4.3814 -3.8672
 -3.4526 -3.1361 -2.8866 -2.6768 -2.4905 -2.0916 -1.7625 -1.4822 -1.2384 -1.0240
 -0.8344
 -5.7077 -5.6145 -5.5234 -5.4294 -5.3224 -5.1844 -4.9850 -4.6659 -4.2276 -3.7701
 -3.3748 -3.0618 -2.8130 -2.6046 -2.4199 -2.0234 -1.6985 -1.4269 -1.1944 -0.9926
 -0.8161 -0.6601
 -5.3851 -5.2660 -5.1545 -5.0464 -4.9350 -4.8087 -4.6471 -4.4117 -4.0704 -3.6788
 -3.3128 -3.0081 -2.7612 -2.5543 -2.3716 -1.9768 -1.6536 -1.3883 -1.1646 -0.9723
 -0.8058 -0.6598 -0.5312 -0.4192
 -5.2203 -5.0306 -4.8788 -4.7429 -4.6138 -4.4828 -4.3379 -4.1560 -3.9002 -3.5798
 -3.2538 -2.9649 -2.7232 -2.5191 -2.3391 -1.9471 -1.6231 -1.3614 -1.1447 -0.9600
 -0.8013 -0.6635 -0.5429 -0.4370 -0.3431 -0.2589 -0.1827 -0.1130 -0.0525 -0.0129
 -5.2088 -4.9371 -4.7192 -4.5369 -4.3739 -4.2211 -4.0710 -3.9120 -3.7174 -3.4666
 -3.1886 -2.9242 -2.6927 -2.4936 -2.3175 -1.9311 -1.6049 -1.3436 -1.1317 -0.9534
 -0.8009 -0.6698 -0.5563 -0.4573 -0.3706 -0.2940 -0.2263 -0.1638 -0.1045 -0.0556
 -0.0259
 -5.3144 -4.9606 -4.6562 -4.4025 -4.1915 -4.0099 -3.8448 -3.6863 -3.5259 -3.3348
 -3.1105 -2.8793 -2.6645 -2.4736 -2.3030 -1.9259 -1.5980 -1.3338 -1.1240 -0.9505
 -0.8031 -0.6775 -0.5700 -0.4774 -0.3972 -0.3270 -0.2650 -0.2097 -0.1587 -0.1115
 -0.0731
 -5.4843 -5.0705 -4.7021 -4.3802 -4.1047 -3.8703 -3.6667 -3.4851 -3.3198 -3.1616
 -2.9914 -2.8106 -2.6281 -2.4530 -2.2904 -1.9262 -1.5990 -1.3298 -1.1187 -0.9480
 -0.8049 -0.6836 -0.5813 -0.4946 -0.4206 -0.3569 -0.3012 -0.2515 -0.2068 -0.1667
 -0.1306
 -5.7544 -5.2720 -4.8436 -4.4647 -4.1330 -3.8462 -3.5994 -3.3851 -3.1956 -3.0256
 -2.8668 -2.7137 -2.5670 -2.4246 -2.2827 -1.9356 -1.6132 -1.3378 -1.1217 -0.9507
 -0.8100 -0.6920 -0.5933 -0.5112 -0.4426 -0.3848 -0.3354 -0.2920 -0.2532 -0.2182
 -0.1882
 -6.1549 -5.5876 -5.0852 -4.6433 -4.2562 -3.9191 -3.6278 -3.3768 -3.1602 -2.9712
 -2.8033 -2.6507 -2.5103 -2.3804 -2.2572 -1.9497 -1.6356 -1.3546 -1.1309 -0.9563
 -0.8159 -0.6999 -0.6037 -0.5250 -0.4607 -0.4081 -0.3646 -0.3275 -0.2950 -0.2661
 -0.2460
 -6.6464 -6.0166 -5.4398 -4.9250 -4.4750 -4.0830 -3.7438 -3.4520 -3.2016 -2.9864
 -2.8002 -2.6367 -2.4907 -2.3581 -2.2139 -1.9685 -1.6662 -1.3802 -1.1463
 [Fe/H] =  0.00 [alpha/Fe] = 0.40 BC value = F435W
 -7.4265 -7.3869 -7.3803 -7.3270 -7.1642 -6.8445 -6.3254 -5.6245 -4.9440 -4.3077
 -3.8093 -3.4498 -3.1796 -2.9602 -2.7707 -2.3688 -2.0269 -1.7205 -1.4300
 -6.8622 -6.8140 -6.7573 -6.6782 -6.5557 -6.3541 -6.0034 -5.4075 -4.7483 -4.1386
 -3.6580 -3.3052 -3.0385 -2.8223 -2.6349 -2.2374 -1.9031 -1.6092 -1.3469 -1.1119
 -6.3459 -6.2877 -6.2262 -6.1519 -6.0487 -5.8906 -5.6306 -5.1850 -4.6027 -4.0330
 -3.5645 -3.2111 -2.9423 -2.7261 -2.5397 -2.1450 -1.8159 -1.5318 -1.2829 -1.0637
 -0.8704
 -5.8951 -5.8240 -5.7538 -5.6788 -5.5879 -5.4617 -5.2682 -4.9433 -4.4698 -3.9556
 -3.5030 -3.1486 -2.8757 -2.6575 -2.4712 -2.0787 -1.7530 -1.4765 -1.2380 -1.0301
 -0.8487 -0.6885
 -5.5235 -5.4331 -5.3477 -5.2638 -5.1744 -5.0663 -4.9171 -4.6847 -4.3233 -3.8813
 -3.4575 -3.1059 -2.8296 -2.6086 -2.4218 -2.0308 -1.7068 -1.4362 -1.2060 -1.0071
 -0.8347 -0.6839 -0.5507 -0.4325
 -5.2609 -5.1327 -5.0203 -4.9168 -4.8163 -4.7105 -4.5846 -4.4123 -4.1496 -3.7923
 -3.4121 -3.0740 -2.7978 -2.5747 -2.3871 -1.9978 -1.6738 -1.4064 -1.1831 -0.9917
 -0.8267 -0.6834 -0.5580 -0.4471 -0.3493 -0.2622 -0.1835 -0.1079 -0.0475 -0.0069
 -5.1808 -4.9744 -4.8037 -4.6584 -4.5300 -4.4090 -4.2850 -4.1422 -3.9506 -3.6799
 -3.3578 -3.0449 -2.7753 -2.5518 -2.3640 -1.9772 -1.6525 -1.3856 -1.1670 -0.9820
 -0.8230 -0.6860 -0.5672 -0.4632 -0.3719 -0.2927 -0.2221 -0.1565 -0.0953 -0.0468
 -0.0168
 -5.2395 -4.9347 -4.6863 -4.4890 -4.3253 -4.1778 -4.0358 -3.8944 -3.7397 -3.5395
 -3.2842 -3.0097 -2.7553 -2.5364 -2.3497 -1.9670 -1.6425 -1.3732 -1.1563 -0.9762
 -0.8225 -0.6906 -0.5773 -0.4795 -0.3946 -0.3206 -0.2559 -0.1990 -0.1475 -0.0993
 -0.0613
 -5.3748 -5.0049 -4.6785 -4.4017 -4.1730 -3.9823 -3.8165 -3.6690 -3.5233 -3.3622
 -3.1723 -2.9520 -2.7276 -2.5210 -2.3390 -1.9628 -1.6405 -1.3672 -1.1488 -0.9713
 -0.8218 -0.6943 -0.5859 -0.4936 -0.4147 -0.3469 -0.2885 -0.2376 -0.1926 -0.1525
 -0.1163
 -5.5980 -5.1639 -4.7786 -4.4387 -4.1448 -3.8952 -3.6823 -3.4985 -3.3326 -3.1743
 -3.0147 -2.8473 -2.6725 -2.4989 -2.3329 -1.9687 -1.6515 -1.3742 -1.1506 -0.9723
 -0.8254 -0.7012 -0.5964 -0.5083 -0.4344 -0.3722 -0.3197 -0.2747 -0.2355 -0.2012
 -0.1713
 -5.9378 -5.4246 -4.9731 -4.5741 -4.2236 -3.9189 -3.6564 -3.4301 -3.2319 -3.0548
 -2.8922 -2.7380 -2.5884 -2.4445 -2.3072 -1.9791 -1.6699 -1.3905 -1.1599 -0.9775
 -0.8304 -0.7083 -0.6061 -0.5213 -0.4513 -0.3938 -0.3466 -0.3075 -0.2742 -0.2457
 -0.2263
 -6.4145 -5.8137 -5.2799 -4.8114 -4.4004 -4.0412 -3.7291 -3.4593 -3.2262 -3.0235
 -2.8446 -2.6836 -2.5356 -2.3988 -2.2619 -1.9940 -1.6957 -1.4161 -1.1767
 [Fe/H] =  0.25 [alpha/Fe] = 0.40 BC value = F435W
 -7.6542 -7.6364 -7.5427 -7.3667 -7.1010 -6.7405 -6.2814 -5.7215 -5.0802 -4.4500
 -3.9143 -3.5201 -3.2312 -3.0053 -2.8151 -2.4187 -2.0797 -1.7741 -1.4826
 -7.0897 -7.0620 -7.0761 -7.0609 -6.9462 -6.6759 -6.2051 -5.5564 -4.9145 -4.2964
 -3.7769 -3.3889 -3.1018 -2.8776 -2.6892 -2.2973 -1.9652 -1.6692 -1.4022 -1.1624
 -6.5638 -6.5251 -6.4815 -6.4205 -6.3236 -6.1635 -5.8884 -5.4029 -4.7969 -4.2047
 -3.6962 -3.3061 -3.0140 -2.7871 -2.5983 -2.2086 -1.8813 -1.5941 -1.3390 -1.1132
 -0.9140
 -6.0894 -6.0382 -5.9868 -5.9277 -5.8476 -5.7262 -5.5302 -5.1927 -4.6873 -4.1398
 -3.6469 -3.2526 -2.9537 -2.7214 -2.5306 -2.1420 -1.8181 -1.5382 -1.2930 -1.0777
 -0.8895 -0.7238
 -5.6797 -5.6129 -5.5482 -5.4836 -5.4101 -5.3133 -5.1699 -4.9361 -4.5578 -4.0774
 -3.6114 -3.2187 -2.9127 -2.6739 -2.4797 -2.0911 -1.7695 -1.4953 -1.2586 -1.0520
 -0.8723 -0.7154 -0.5769 -0.4536
 -5.3587 -5.2609 -5.1767 -5.0977 -5.0190 -4.9313 -4.8184 -4.6525 -4.3854 -4.0003
 -3.5769 -3.1955 -2.8860 -2.6410 -2.4426 -2.0531 -1.7328 -1.4620 -1.2322 -1.0335
 -0.8608 -0.7110 -0.5799 -0.4640 -0.3609 -0.2689 -0.1847 -0.1051 -0.0441 -0.0020
 -5.1781 -5.0230 -4.8940 -4.7863 -4.6889 -4.5939 -4.4909 -4.3619 -4.1748 -3.8914
 -3.5324 -3.1759 -2.8689 -2.6199 -2.4177 -2.0266 -1.7071 -1.4371 -1.2121 -1.0202
 -0.8538 -0.7098 -0.5850 -0.4757 -0.3794 -0.2955 -0.2206 -0.1509 -0.0868 -0.0386
 -0.0078
 -5.1702 -4.9249 -4.7365 -4.5822 -4.4462 -4.3233 -4.2072 -4.0877 -3.9438 -3.7421
 -3.4641 -3.1505 -2.8574 -2.6084 -2.4034 -2.0105 -1.6922 -1.4212 -1.1979 -1.0109
 -0.8501 -0.7113 -0.5916 -0.4883 -0.3981 -0.3191 -0.2505 -0.1910 -0.1366 -0.0866
 -0.0493
 -5.2737 -4.9424 -4.6616 -4.4353 -4.2562 -4.1093 -3.9773 -3.8467 -3.7149 -3.5588
 -3.3548 -3.1008 -2.8371 -2.5981 -2.3941 -2.0011 -1.6852 -1.4121 -1.1873 -1.0029
 -0.8467 -0.7124 -0.5974 -0.4992 -0.4147 -0.3417 -0.2791 -0.2252 -0.1786 -0.1377
 -0.1007
 -5.4534 -5.0627 -4.7159 -4.4154 -4.1631 -3.9554 -3.7816 -3.6291 -3.4889 -3.3504
 -3.1993 -3.0138 -2.8018 -2.5889 -2.3937 -2.0032 -1.6909 -1.4163 -1.1873 -1.0018
 -0.8481 -0.7174 -0.6060 -0.5117 -0.4318 -0.3640 -0.3070 -0.2588 -0.2180 -0.1841
 -0.1519
 -5.7288 -5.2714 -4.8651 -4.5062 -4.1925 -3.9233 -3.6952 -3.5000 -3.3277 -3.1705
 -3.0216 -2.8709 -2.7088 -2.5412 -2.3771 -2.0118 -1.7044 -1.4303 -1.1956 -1.0059
 -0.8519 -0.7233 -0.6147 -0.5234 -0.4472 -0.3838 -0.3316 -0.2888 -0.2535 -0.2242
 -0.2000
 -6.1455 -5.5989 -5.1181 -4.6958 -4.3246 -4.0002 -3.7191 -3.4770 -3.2679 -3.0839
 -2.9175 -2.7629 -2.6145 -2.4698 -2.3443 -2.0269 -1.7257 -1.4541 -1.2122
 [Fe/H] =  0.50 [alpha/Fe] = 0.40 BC value = F435W
 -7.8717 -7.8794 -7.6042 -7.1954 -6.7495 -6.3381 -6.0330 -5.7853 -5.2074 -4.6028
 -4.0439 -3.6145 -3.3035 -3.0669 -2.8750 -2.4832 -2.1478 -1.8402 -1.5546
 -7.3059 -7.3037 -7.2669 -7.3259 -7.1697 -6.8195 -6.2936 -5.6547 -5.0606 -4.4597
 -3.9163 -3.4937 -3.1832 -2.9473 -2.7558 -2.3693 -2.0404 -1.7424 -1.4696 -1.2227
 -6.7797 -6.7607 -6.7219 -6.6752 -6.5804 -6.4168 -6.1152 -5.5523 -4.9551 -4.3755
 -3.8439 -3.4197 -3.1019 -2.8608 -2.6668 -2.2819 -1.9588 -1.6696 -1.4077 -1.1735
 -0.9670
 -6.2725 -6.2427 -6.2116 -6.1686 -6.0976 -5.9766 -5.7708 -5.4045 -4.8704 -4.3144
 -3.7994 -3.3745 -3.0472 -2.7979 -2.5989 -2.2129 -1.8940 -1.6128 -1.3610 -1.1369
 -0.9400 -0.7669
 -5.8359 -5.7899 -5.7466 -5.7004 -5.6403 -5.5500 -5.4061 -5.1635 -4.7590 -4.2623
 -3.7700 -3.3462 -3.0112 -2.7517 -2.5467 -2.1574 -1.8415 -1.5665 -1.3240 -1.1090
 -0.9203 -0.7555 -0.6105 -0.4814
 -5.4669 -5.3996 -5.3385 -5.2807 -5.2198 -5.1450 -5.0391 -4.8742 -4.5985 -4.1901
 -3.7429 -3.3284 -2.9885 -2.7203 -2.5080 -2.1134 -1.7995 -1.5286 -1.2935 -1.0872
 -0.9059 -0.7478 -0.6098 -0.4882 -0.3796 -0.2818 -0.1908 -0.1066 -0.0440  0.0010
 -5.2016 -5.0952 -5.0038 -4.9247 -4.8510 -4.7757 -4.6874 -4.5672 -4.3821 -4.0864
 -3.7020 -3.3145 -2.9757 -2.7008 -2.4816 -2.0802 -1.7677 -1.4988 -1.2689 -1.0699
 -0.8955 -0.7433 -0.6114 -0.4960 -0.3942 -0.3036 -0.2231 -0.1490 -0.0809 -0.0323
  0.0001
 -5.1209 -4.9384 -4.7868 -4.6619 -4.5564 -4.4625 -4.3708 -4.2687 -4.1345 -3.9333
 -3.6373 -3.2946 -2.9681 -2.6917 -2.4669 -2.0576 -1.7462 -1.4776 -1.2500 -1.0563
 -0.8882 -0.7415 -0.6147 -0.5048 -0.4090 -0.3247 -0.2508 -0.1860 -0.1277 -0.0749
 -0.0380
 -5.1738 -4.8874 -4.6595 -4.4871 -4.3515 -4.2315 -4.1159 -4.0019 -3.8852 -3.7368
 -3.5271 -3.2495 -2.9529 -2.6841 -2.4583 -2.0429 -1.7324 -1.4639 -1.2354 -1.0443
 -0.8812 -0.7396 -0.6174 -0.5125 -0.4220 -0.3434 -0.2755 -0.2173 -0.1672 -0.1234
 -0.0847
 -5.3196 -4.9673 -4.6591 -4.4013 -4.1932 -4.0294 -3.8953 -3.7764 -3.6585 -3.5305
 -3.3780 -3.1753 -2.9301 -2.6832 -2.4616 -2.0411 -1.7313 -1.4634 -1.2320 -1.0400
 -0.8795 -0.7419 -0.6237 -0.5226 -0.4365 -0.3627 -0.3001 -0.2471 -0.2028 -0.1661
 -0.1352
 -5.5428 -5.1319 -4.7661 -4.4441 -4.1670 -3.9355 -3.7447 -3.5843 -3.4435 -3.3126
 -3.1821 -3.0367 -2.8586 -2.6581 -2.4591 -2.0480 -1.7388 -1.4726 -1.2379 -1.0421
 -0.8811 -0.7459 -0.6306 -0.5326 -0.4499 -0.3802 -0.3222 -0.2742 -0.2350 -0.2036
 -0.1785
 -5.8876 -5.3982 -4.9678 -4.5882 -4.2545 -3.9640 -3.7156 -3.5048 -3.3241 -3.1641
 -3.0168 -2.8756 -2.7316 -2.5777 -2.4508 -2.0636 -1.7549 -1.4915 -1.2531
