 [Fe/H] = -2.50 [alpha/Fe] = 0.40 BC value = F098M
  1.3699  1.3264  1.2490  1.1862  1.1521  1.1207  1.0677  1.0080  0.9690  0.9610
  0.9710  0.9932  1.0198  1.0438  1.0645  1.0911  1.0772  1.0376  0.9932
  1.3042  1.2877  1.2536  1.2149  1.1730  1.1277  1.0820  1.0406  1.0077  0.9856
  0.9761  0.9798  0.9951  1.0154  1.0336  1.0567  1.0447  1.0068  0.9592  0.9061
  1.2587  1.2536  1.2420  1.2202  1.1840  1.1412  1.1021  1.0676  1.0361  1.0078
  0.9878  0.9784  0.9819  0.9955  1.0101  1.0290  1.0178  0.9814  0.9323  0.8791
  0.8250
  1.2334  1.2241  1.2142  1.2021  1.1851  1.1612  1.1280  1.0890  1.0542  1.0276
  1.0061  0.9890  0.9802  0.9841  0.9940  1.0080  0.9965  0.9614  0.9126  0.8595
  0.8055  0.7519
  1.2343  1.2165  1.2016  1.1888  1.1761  1.1612  1.1423  1.1188  1.0902  1.0591
  1.0325  1.0114  0.9932  0.9844  0.9866  0.9941  0.9816  0.9472  0.8979  0.8439
  0.7893  0.7351  0.6819  0.6299
  1.2597  1.2315  1.2084  1.1902  1.1757  1.1625  1.1485  1.1322  1.1135  1.0925
  1.0696  1.0469  1.0256  1.0060  0.9948  0.9880  0.9734  0.9393  0.8890  0.8328
  0.7764  0.7208  0.6664  0.6133  0.5617  0.5113  0.4614  0.4088  0.3519  0.2935
  1.3058  1.2674  1.2348  1.2087  1.1885  1.1723  1.1581  1.1442  1.1290  1.1127
  1.0955  1.0778  1.0600  1.0398  1.0220  0.9937  0.9721  0.9376  0.8867  0.8275
  0.7678  0.7097  0.6532  0.5983  0.5452  0.4938  0.4433  0.3934  0.3405  0.2824
  0.2220
  1.3662  1.3204  1.2792  1.2443  1.2164  1.1942  1.1764  1.1609  1.1460  1.1307
  1.1151  1.0995  1.0839  1.0678  1.0499  1.0129  0.9793  0.9417  0.8904  0.8289
  0.7651  0.7030  0.6433  0.5858  0.5304  0.4771  0.4253  0.3746  0.3239  0.2707
  0.2113
  1.4329  1.3833  1.3368  1.2948  1.2591  1.2297  1.2058  1.1858  1.1682  1.1515
  1.1352  1.1190  1.1033  1.0879  1.0713  1.0330  0.9934  0.9504  0.8983  0.8355
  0.7681  0.7013  0.6373  0.5761  0.5175  0.4614  0.4073  0.3549  0.3036  0.2520
  0.1976
  1.4989  1.4500  1.4018  1.3561  1.3145  1.2784  1.2474  1.2214  1.1989  1.1786
  1.1597  1.1415  1.1239  1.1069  1.0900  1.0500  1.0087  0.9624  0.9093  0.8469
  0.7780  0.7076  0.6389  0.5732  0.5105  0.4508  0.3934  0.3384  0.2851  0.2328
  0.1808
  1.5627  1.5156  1.4681  1.4221  1.3781  1.3370  1.3001  1.2677  1.2392  1.2137
  1.1906  1.1688  1.1482  1.1284  1.1094  1.0648  1.0223  0.9746  0.9204  0.8589
  0.7906  0.7189  0.6469  0.5767  0.5095  0.4454  0.3841  0.3255  0.2693  0.2147
  0.1611
  1.6244  1.5801  1.5313  1.4874  1.4434  1.4008  1.3603  1.3226  1.2884  1.2573
  1.2289  1.2025  1.1777  1.1542  1.1295  1.0774  1.0342  0.9870  0.9316
 [Fe/H] = -2.00 [alpha/Fe] = 0.40 BC value = F098M
  1.3382  1.2954  1.2435  1.1873  1.1306  1.0772  1.0307  0.9937  0.9683  0.9561
  0.9577  0.9717  0.9940  1.0177  1.0383  1.0706  1.0708  1.0397  0.9918
  1.3653  1.3351  1.2908  1.2373  1.1801  1.1236  1.0715  1.0269  0.9918  0.9680
  0.9571  0.9595  0.9734  0.9924  1.0102  1.0373  1.0364  1.0082  0.9623  0.9096
  1.3401  1.3311  1.3032  1.2631  1.2158  1.1642  1.1123  1.0643  1.0232  0.9907
  0.9687  0.9588  0.9621  0.9750  0.9893  1.0111  1.0086  0.9823  0.9381  0.8862
  0.8326
  1.2952  1.2984  1.2858  1.2596  1.2237  1.1819  1.1374  1.0933  1.0533  1.0181
  0.9900  0.9702  0.9614  0.9656  0.9756  0.9920  0.9874  0.9620  0.9192  0.8676
  0.8138  0.7599
  1.2642  1.2595  1.2515  1.2362  1.2139  1.1861  1.1540  1.1187  1.0809  1.0434
  1.0133  0.9895  0.9726  0.9654  0.9691  0.9795  0.9725  0.9470  0.9050  0.8531
  0.7985  0.7439  0.6902  0.6376
  1.2566  1.2445  1.2317  1.2189  1.2053  1.1890  1.1691  1.1451  1.1170  1.0839
  1.0496  1.0198  0.9949  0.9778  0.9712  0.9734  0.9637  0.9376  0.8957  0.8429
  0.7866  0.7304  0.6754  0.6216  0.5693  0.5180  0.4671  0.4137  0.3564  0.2981
  1.2716  1.2502  1.2303  1.2125  1.1971  1.1827  1.1679  1.1512  1.1321  1.1110
  1.0879  1.0622  1.0358  1.0104  0.9909  0.9737  0.9607  0.9336  0.8915  0.8374
  0.7786  0.7199  0.6628  0.6073  0.5534  0.5011  0.4498  0.3988  0.3452  0.2870
  0.2266
  1.3072  1.2757  1.2473  1.2227  1.2020  1.1850  1.1704  1.1566  1.1418  1.1257
  1.1087  1.0909  1.0718  1.0500  1.0272  0.9869  0.9632  0.9344  0.8922  0.8374
  0.7759  0.7138  0.6535  0.5953  0.5392  0.4851  0.4324  0.3808  0.3291  0.2752
  0.2156
  1.3604  1.3203  1.2829  1.2499  1.2224  1.2000  1.1819  1.1668  1.1528  1.1387
  1.1240  1.1089  1.0936  1.0773  1.0585  1.0134  0.9747  0.9397  0.8966  0.8416
  0.7780  0.7121  0.6478  0.5860  0.5268  0.4699  0.4149  0.3617  0.3094  0.2570
  0.2020
  1.4247  1.3790  1.3348  1.2945  1.2594  1.2301  1.2062  1.1868  1.1703  1.1552
  1.1406  1.1258  1.1109  1.0960  1.0802  1.0379  0.9944  0.9511  0.9052  0.8504
  0.7864  0.7178  0.6494  0.5833  0.5201  0.4597  0.4016  0.3456  0.2915  0.2383
  0.1855
  1.4939  1.4467  1.3985  1.3530  1.3117  1.2754  1.2446  1.2190  1.1976  1.1790
  1.1620  1.1456  1.1295  1.1136  1.0977  1.0568  1.0134  0.9662  0.9163  0.8611
  0.7977  0.7283  0.6570  0.5868  0.5192  0.4545  0.3926  0.3332  0.2761  0.2206
  0.1662
  1.5669  1.5176  1.4689  1.4211  1.3757  1.3339  1.2968  1.2645  1.2368  1.2127
  1.1914  1.1717  1.1527  1.1343  1.1110  1.0701  1.0317  0.9850  0.9299
 [Fe/H] = -1.50 [alpha/Fe] = 0.40 BC value = F098M
  1.2671  1.2312  1.1885  1.1425  1.0957  1.0515  1.0131  0.9825  0.9598  0.9478
  0.9485  0.9610  0.9810  1.0022  1.0212  1.0523  1.0592  1.0408  0.9997
  1.3299  1.2967  1.2534  1.2041  1.1522  1.1011  1.0542  1.0140  0.9813  0.9584
  0.9479  0.9505  0.9637  0.9809  0.9969  1.0223  1.0260  1.0077  0.9692  0.9194
  1.3675  1.3445  1.3069  1.2593  1.2063  1.1519  1.0997  1.0528  1.0125  0.9805
  0.9594  0.9507  0.9549  0.9670  0.9801  1.0005  1.0009  0.9820  0.9454  0.8969
  0.8438
  1.3543  1.3507  1.3358  1.2983  1.2514  1.1985  1.1450  1.0947  1.0495  1.0111
  0.9813  0.9620  0.9552  0.9599  0.9694  0.9851  0.9826  0.9626  0.9269  0.8793
  0.8262  0.7721
  1.3153  1.3252  1.3217  1.3052  1.2758  1.2338  1.1820  1.1309  1.0843  1.0437
  1.0096  0.9831  0.9659  0.9606  0.9646  0.9753  0.9699  0.9487  0.9129  0.8657
  0.8122  0.7572  0.7028  0.6494
  1.2847  1.2907  1.2907  1.2841  1.2693  1.2459  1.2126  1.1693  1.1219  1.0766
  1.0381  1.0081  0.9855  0.9708  0.9664  0.9703  0.9623  0.9395  0.9032  0.8558
  0.8013  0.7449  0.6891  0.6344  0.5811  0.5286  0.4762  0.4215  0.3634  0.3053
  1.2731  1.2733  1.2687  1.2607  1.2493  1.2335  1.2123  1.1860  1.1553  1.1205
  1.0824  1.0453  1.0143  0.9913  0.9772  0.9699  0.9588  0.9345  0.8976  0.8497
  0.7941  0.7355  0.6776  0.6211  0.5662  0.5127  0.4600  0.4072  0.3527  0.2940
  0.2341
  1.2788  1.2721  1.2619  1.2496  1.2360  1.2216  1.2054  1.1867  1.1650  1.1412
  1.1160  1.0889  1.0596  1.0308  1.0059  0.9747  0.9595  0.9335  0.8959  0.8475
  0.7930  0.7300  0.6693  0.6101  0.5530  0.4976  0.4436  0.3911  0.3382  0.2825
  0.2227
  1.3038  1.2867  1.2700  1.2519  1.2341  1.2172  1.2013  1.1856  1.1690  1.1510
  1.1320  1.1123  1.0921  1.0700  1.0461  0.9950  0.9645  0.9359  0.8973  0.8487
  0.7912  0.7282  0.6642  0.6016  0.5413  0.4833  0.4270  0.3724  0.3187  0.2649
  0.2090
  1.3469  1.3198  1.2953  1.2698  1.2463  1.2250  1.2062  1.1895  1.1742  1.1592
  1.1436  1.1274  1.1110  1.0941  1.0759  1.0265  0.9808  0.9429  0.9028  0.8542
  0.7969  0.7327  0.6656  0.5993  0.5353  0.4738  0.4144  0.3572  0.3017  0.2471
  0.1929
  1.4055  1.3703  1.3366  1.3044  1.2742  1.2470  1.2233  1.2032  1.1859  1.1704
  1.1557  1.1410  1.1260  1.1107  1.0950  1.0523  1.0049  0.9574  0.9118  0.8624
  0.8056  0.7413  0.6725  0.6027  0.5346  0.4691  0.4060  0.3455  0.2871  0.2303
  0.1746
  1.4776  1.4361  1.3954  1.3559  1.3189  1.2852  1.2554  1.2299  1.2082  1.1895
  1.1730  1.1574  1.1420  1.1267  1.1034  1.0724  1.0368  0.9794  0.9243
 [Fe/H] = -1.00 [alpha/Fe] = 0.40 BC value = F098M
  1.0921  1.0652  1.0373  1.0117  0.9907  0.9762  0.9702  0.9705  0.9662  0.9610
  0.9616  0.9701  0.9842  1.0004  1.0158  1.0421  1.0507  1.0396  1.0089
  1.1937  1.1654  1.1322  1.0979  1.0654  1.0372  1.0155  0.9997  0.9830  0.9679
  0.9596  0.9608  0.9700  0.9830  0.9960  1.0174  1.0211  1.0079  0.9774  0.9331
  1.2746  1.2502  1.2168  1.1782  1.1382  1.0995  1.0653  1.0369  1.0102  0.9862
  0.9689  0.9612  0.9636  0.9725  0.9830  1.0002  1.0004  0.9847  0.9540  0.9109
  0.8601
  1.3284  1.3140  1.2863  1.2491  1.2064  1.1618  1.1186  1.0804  1.0455  1.0138
  0.9881  0.9711  0.9649  0.9679  0.9752  0.9885  0.9858  0.9679  0.9364  0.8938
  0.8434  0.7898
  1.3403  1.3460  1.3321  1.3040  1.2652  1.2199  1.1725  1.1274  1.0860  1.0482
  1.0155  0.9902  0.9746  0.9696  0.9722  0.9811  0.9758  0.9560  0.9234  0.8807
  0.8304  0.7762  0.7214  0.6670
  1.3078  1.3285  1.3369  1.3302  1.3074  1.2698  1.2226  1.1727  1.1266  1.0849
  1.0479  1.0166  0.9929  0.9789  0.9745  0.9772  0.9695  0.9479  0.9143  0.8710
  0.8205  0.7654  0.7092  0.6536  0.5989  0.5448  0.4903  0.4338  0.3741  0.3155
  1.2827  1.3009  1.3117  1.3144  1.3071  1.2892  1.2604  1.2206  1.1727  1.1243
  1.0812  1.0453  1.0170  0.9962  0.9834  0.9767  0.9664  0.9432  0.9087  0.8647
  0.8135  0.7574  0.6994  0.6418  0.5856  0.5304  0.4759  0.4211  0.3644  0.3044
  0.2446
  1.2726  1.2864  1.2934  1.2946  1.2905  1.2798  1.2618  1.2365  1.2045  1.1672
  1.1269  1.0866  1.0504  1.0213  1.0008  0.9799  0.9664  0.9416  0.9061  0.8617
  0.8099  0.7525  0.6925  0.6325  0.5738  0.5168  0.4609  0.4059  0.3503  0.2937
  0.2331
  1.2737  1.2837  1.2864  1.2839  1.2773  1.2671  1.2531  1.2347  1.2115  1.1842
  1.1548  1.1243  1.0935  1.0629  1.0350  0.9895  0.9695  0.9427  0.9061  0.8610
  0.8086  0.7502  0.6881  0.6252  0.5635  0.5038  0.4456  0.3891  0.3333  0.2774
  0.2199
  1.2880  1.2909  1.2895  1.2830  1.2731  1.2606  1.2463  1.2303  1.2121  1.1913
  1.1685  1.1446  1.1208  1.0973  1.0736  1.0170  0.9774  0.9473  0.9096  0.8642
  0.8115  0.7526  0.6889  0.6233  0.5583  0.4953  0.4343  0.3753  0.3178  0.2611
  0.2045
  1.3193  1.3128  1.3038  1.2925  1.2788  1.2630  1.2464  1.2296  1.2126  1.1951
  1.1767  1.1574  1.1376  1.1180  1.0988  1.0494  0.9993  0.9562  0.9161  0.8700
  0.8173  0.7582  0.6937  0.6260  0.5579  0.4913  0.4268  0.3647  0.3044  0.2457
  0.1881
  1.3713  1.3535  1.3349  1.3160  1.2968  1.2769  1.2568  1.2374  1.2190  1.2016
  1.1848  1.1679  1.1508  1.1335  1.1106  1.0867  1.0352  0.9694  0.9256
 [Fe/H] = -0.75 [alpha/Fe] = 0.40 BC value = F098M
  0.9575  0.9329  0.9116  0.8976  0.9003  0.9159  0.9376  0.9600  0.9764  0.9789
  0.9795  0.9842  0.9939  1.0062  1.0188  1.0418  1.0487  1.0393  1.0131
  1.0839  1.0560  1.0273  1.0020  0.9836  0.9744  0.9763  0.9866  0.9889  0.9829
  0.9767  0.9756  0.9809  0.9903  1.0009  1.0194  1.0223  1.0100  0.9825  0.9413
  1.1905  1.1648  1.1335  1.1009  1.0708  1.0461  1.0294  1.0214  1.0116  0.9976
  0.9842  0.9763  0.9758  0.9813  0.9894  1.0042  1.0038  0.9887  0.9598  0.9192
  0.8703
  1.2706  1.2528  1.2246  1.1902  1.1536  1.1184  1.0874  1.0640  1.0431  1.0213
  1.0008  0.9854  0.9779  0.9781  0.9829  0.9939  0.9908  0.9734  0.9430  0.9023
  0.8538  0.8010
  1.3144  1.3115  1.2938  1.2646  1.2280  1.1879  1.1481  1.1126  1.0817  1.0524
  1.0252  1.0026  0.9874  0.9808  0.9810  0.9873  0.9818  0.9625  0.9308  0.8896
  0.8411  0.7880  0.7333  0.6793
  1.3098  1.3296  1.3317  1.3164  1.2880  1.2502  1.2069  1.1639  1.1249  1.0891
  1.0560  1.0269  1.0043  0.9900  0.9840  0.9839  0.9761  0.9550  0.9223  0.8803
  0.8315  0.7779  0.7220  0.6660  0.6106  0.5556  0.4999  0.4421  0.3818  0.3227
  1.2829  1.3076  1.3230  1.3270  1.3184  1.2967  1.2624  1.2176  1.1705  1.1276
  1.0896  1.0561  1.0278  1.0063  0.9930  0.9836  0.9733  0.9506  0.9168  0.8742
  0.8248  0.7704  0.7131  0.6553  0.5982  0.5421  0.4864  0.4305  0.3725  0.3119
  0.2519
  1.2687  1.2900  1.3041  1.3115  1.3110  1.3017  1.2833  1.2556  1.2185  1.1753
  1.1312  1.0904  1.0558  1.0286  1.0088  0.9867  0.9731  0.9489  0.9142  0.8710
  0.8209  0.7656  0.7068  0.6469  0.5875  0.5295  0.4726  0.4163  0.3599  0.3017
  0.2405
  1.2667  1.2840  1.2943  1.2987  1.2979  1.2917  1.2795  1.2606  1.2351  1.2037
  1.1689  1.1327  1.0968  1.0635  1.0353  0.9946  0.9758  0.9496  0.9139  0.8700
  0.8191  0.7628  0.7025  0.6401  0.5780  0.5174  0.4582  0.4005  0.3435  0.2863
  0.2276
  1.2719  1.2858  1.2932  1.2943  1.2907  1.2831  1.2720  1.2570  1.2377  1.2140
  1.1869  1.1583  1.1297  1.1018  1.0746  1.0160  0.9822  0.9537  0.9167  0.8724
  0.8212  0.7642  0.7027  0.6382  0.5733  0.5097  0.4477  0.3876  0.3289  0.2708
  0.2131
  1.2887  1.2964  1.2991  1.2975  1.2909  1.2807  1.2680  1.2532  1.2364  1.2173
  1.1958  1.1726  1.1488  1.1257  1.1035  1.0491  0.9993  0.9610  0.9224  0.8772
  0.8258  0.7685  0.7062  0.6403  0.5729  0.5061  0.4409  0.3777  0.3164  0.2565
  0.1970
  1.3171  1.3218  1.3170  1.3095  1.2996  1.2866  1.2714  1.2549  1.2378  1.2201
  1.2017  1.1824  1.1624  1.1422  1.1220  1.0939  1.0271  0.9715  0.9310
 [Fe/H] = -0.50 [alpha/Fe] = 0.40 BC value = F098M
  0.7963  0.7703  0.7534  0.7501  0.7774  0.8273  0.8868  0.9451  0.9892  1.0029
  1.0042  1.0049  1.0094  1.0171  1.0264  1.0453  1.0505  1.0416  1.0161
  0.9471  0.9170  0.8910  0.8742  0.8709  0.8848  0.9179  0.9651  0.9957  1.0036
  1.0006  0.9971  0.9977  1.0026  1.0099  1.0248  1.0264  1.0144  0.9889  0.9507
  1.0812  1.0517  1.0210  0.9939  0.9749  0.9674  0.9742  0.9954  1.0119  1.0136
  1.0063  0.9981  0.9940  0.9951  0.9998  1.0110  1.0097  0.9949  0.9674  0.9288
  0.8818
  1.1901  1.1670  1.1370  1.1050  1.0754  1.0520  1.0378  1.0358  1.0373  1.0318
  1.0196  1.0065  0.9971  0.9934  0.9946  1.0018  0.9980  0.9810  0.9516  0.9123
  0.8655  0.8138
  1.2645  1.2542  1.2319  1.2018  1.1682  1.1352  1.1064  1.0855  1.0719  1.0575
  1.0398  1.0215  1.0065  0.9973  0.9940  0.9959  0.9899  0.9710  0.9402  0.9000
  0.8531  0.8013  0.7469  0.6924
  1.2957  1.3032  1.2956  1.2762  1.2470  1.2120  1.1755  1.1418  1.1144  1.0904
  1.0664  1.0427  1.0221  1.0069  0.9982  0.9929  0.9846  0.9641  0.9322  0.8913
  0.8438  0.7916  0.7365  0.6803  0.6242  0.5682  0.5114  0.4519  0.3904  0.3303
  1.2803  1.3067  1.3203  1.3192  1.3039  1.2768  1.2412  1.2005  1.1624  1.1292
  1.0986  1.0696  1.0435  1.0223  1.0076  0.9930  0.9819  0.9598  0.9270  0.8854
  0.8372  0.7844  0.7283  0.6706  0.6130  0.5559  0.4990  0.4417  0.3821  0.3201
  0.2592
  1.2632  1.2897  1.3087  1.3190  1.3195  1.3094  1.2891  1.2585  1.2178  1.1753
  1.1359  1.1007  1.0698  1.0435  1.0228  0.9966  0.9817  0.9581  0.9243  0.8821
  0.8333  0.7797  0.7223  0.6629  0.6033  0.5444  0.4863  0.4289  0.3709  0.3109
  0.2483
  1.2585  1.2817  1.2980  1.3082  1.3120  1.3088  1.2979  1.2795  1.2530  1.2188
  1.1806  1.1416  1.1043  1.0714  1.0444  1.0043  0.9842  0.9586  0.9236  0.8807
  0.8312  0.7765  0.7179  0.6567  0.5947  0.5334  0.4731  0.4133  0.3539  0.2950
  0.2365
  1.2608  1.2821  1.2954  1.3026  1.3047  1.3018  1.2940  1.2807  1.2616  1.2365
  1.2067  1.1745  1.1417  1.1098  1.0795  1.0206  0.9900  0.9621  0.9259  0.8824
  0.8325  0.7770  0.7174  0.6547  0.5905  0.5265  0.4637  0.4023  0.3422  0.2826
  0.2234
  1.2693  1.2872  1.2986  1.3034  1.3028  1.2979  1.2892  1.2772  1.2615  1.2416
  1.2180  1.1916  1.1642  1.1373  1.1115  1.0513  1.0028  0.9686  0.9309  0.8866
  0.8362  0.7803  0.7199  0.6560  0.5899  0.5234  0.4576  0.3934  0.3308  0.2695
  0.2090
  1.2894  1.3007  1.3074  1.3092  1.3067  1.2996  1.2891  1.2760  1.2606  1.2432
  1.2235  1.2017  1.1785  1.1550  1.1404  1.0964  1.0226  0.9781  0.9386
 [Fe/H] = -0.25 [alpha/Fe] = 0.40 BC value = F098M
  0.6213  0.5892  0.5748  0.5837  0.6217  0.6935  0.8024  0.9300  1.0035  1.0305
  1.0343  1.0320  1.0312  1.0340  1.0393  1.0527  1.0562  1.0466  1.0230
  0.7920  0.7541  0.7293  0.7185  0.7303  0.7699  0.8414  0.9360  1.0021  1.0275
  1.0298  1.0246  1.0206  1.0204  1.0237  1.0336  1.0337  1.0214  0.9972  0.9615
  0.9515  0.9152  0.8825  0.8593  0.8511  0.8627  0.8980  0.9570  1.0091  1.0322
  1.0334  1.0258  1.0183  1.0145  1.0148  1.0209  1.0184  1.0036  0.9770  0.9401
  0.8950
  1.0890  1.0579  1.0241  0.9932  0.9705  0.9604  0.9666  0.9926  1.0256  1.0433
  1.0431  1.0333  1.0223  1.0144  1.0111  1.0123  1.0077  0.9908  0.9624  0.9243
  0.8789  0.8284
  1.1949  1.1751  1.1466  1.1145  1.0838  1.0591  1.0441  1.0426  1.0535  1.0616
  1.0581  1.0461  1.0317  1.0196  1.0121  1.0070  1.0001  0.9817  0.9518  0.9127
  0.8668  0.8161  0.7624  0.7079
  1.2566  1.2546  1.2398  1.2150  1.1846  1.1531  1.1248  1.1039  1.0933  1.0882
  1.0788  1.0636  1.0458  1.0297  1.0177  1.0047  0.9950  0.9751  0.9443  0.9043
  0.8577  0.8066  0.7524  0.6964  0.6402  0.5832  0.5246  0.4637  0.4011  0.3401
  1.2734  1.2921  1.2943  1.2832  1.2630  1.2353  1.2027  1.1703  1.1434  1.1236
  1.1059  1.0860  1.0646  1.0444  1.0278  1.0055  0.9923  0.9709  0.9391  0.8986
  0.8514  0.7996  0.7445  0.6874  0.6296  0.5718  0.5140  0.4550  0.3936  0.3306
  0.2690
  1.2581  1.2865  1.3057  1.3137  1.3098  1.2949  1.2707  1.2388  1.2015  1.1682
  1.1400  1.1138  1.0880  1.0637  1.0427  1.0100  0.9922  0.9689  0.9362  0.8952
  0.8474  0.7947  0.7387  0.6803  0.6208  0.5615  0.5024  0.4437  0.3840  0.3223
  0.2587
  1.2507  1.2776  1.2979  1.3114  1.3170  1.3142  1.3032  1.2846  1.2573  1.2217
  1.1849  1.1498  1.1172  1.0878  1.0622  1.0184  0.9947  0.9692  0.9351  0.8933
  0.8449  0.7913  0.7342  0.6744  0.6131  0.5515  0.4905  0.4305  0.3706  0.3099
  0.2477
  1.2525  1.2770  1.2948  1.3067  1.3132  1.3138  1.3083  1.2966  1.2787  1.2541
  1.2234  1.1898  1.1556  1.1222  1.0912  1.0326  1.0006  0.9724  0.9370  0.8944
  0.8456  0.7914  0.7333  0.6722  0.6093  0.5455  0.4821  0.4197  0.3583  0.2971
  0.2364
  1.2577  1.2815  1.2977  1.3073  1.3115  1.3111  1.3063  1.2970  1.2829  1.2639
  1.2400  1.2123  1.1827  1.1529  1.1241  1.0586  1.0112  0.9784  0.9415  0.8979
  0.8485  0.7939  0.7350  0.6729  0.6085  0.5428  0.4769  0.4119  0.3480  0.2853
  0.2248
  1.2696  1.2891  1.3033  1.3119  1.3142  1.3118  1.3055  1.2958  1.2828  1.2665
  1.2467  1.2236  1.1983  1.1723  1.1609  1.0964  1.0265  0.9872  0.9486
 [Fe/H] =  0.00 [alpha/Fe] = 0.40 BC value = F098M
  0.4526  0.4090  0.4092  0.4492  0.5196  0.6229  0.7558  0.9260  1.0180  1.0593
  1.0682  1.0645  1.0594  1.0571  1.0580  1.0650  1.0656  1.0549  1.0318
  0.6324  0.5854  0.5531  0.5441  0.5680  0.6354  0.7542  0.9055  1.0066  1.0523
  1.0623  1.0573  1.0496  1.0444  1.0430  1.0465  1.0446  1.0315  1.0079  0.9741
  0.8118  0.7649  0.7265  0.7040  0.7045  0.7355  0.8039  0.9082  1.0021  1.0507
  1.0634  1.0582  1.0482  1.0398  1.0352  1.0342  1.0301  1.0151  0.9892  0.9538
  0.9102
  0.9743  0.9320  0.8916  0.8596  0.8423  0.8455  0.8747  0.9345  1.0066  1.0536
  1.0688  1.0645  1.0528  1.0412  1.0330  1.0262  1.0198  1.0032  0.9757  0.9388
  0.8945  0.8450
  1.1094  1.0774  1.0406  1.0049  0.9763  0.9600  0.9606  0.9826  1.0246  1.0623
  1.0778  1.0745  1.0619  1.0475  1.0357  1.0215  1.0125  0.9944  0.9657  0.9277
  0.8827  0.8328  0.7796  0.7244
  1.2046  1.1897  1.1641  1.1325  1.1001  1.0724  1.0538  1.0484  1.0598  1.0802
  1.0914  1.0878  1.0745  1.0579  1.0427  1.0201  1.0075  0.9880  0.9584  0.9196
  0.8738  0.8233  0.7697  0.7140  0.6573  0.5997  0.5403  0.4773  0.4136  0.3512
  1.2528  1.2548  1.2467  1.2294  1.2043  1.1750  1.1465  1.1238  1.1110  1.1099
  1.1112  1.1047  1.0902  1.0718  1.0536  1.0221  1.0049  0.9836  0.9531  0.9139
  0.8674  0.8162  0.7618  0.7054  0.6477  0.5899  0.5312  0.4704  0.4070  0.3427
  0.2798
  1.2548  1.2796  1.2912  1.2888  1.2756  1.2554  1.2305  1.2014  1.1733  1.1528
  1.1397  1.1267  1.1095  1.0891  1.0683  1.0280  1.0049  0.9815  0.9498  0.9101
  0.8632  0.8112  0.7560  0.6986  0.6397  0.5803  0.5206  0.4605  0.3993  0.3355
  0.2705
  1.2476  1.2738  1.2948  1.3074  1.3103  1.3040  1.2898  1.2671  1.2389  1.2090
  1.1807  1.1566  1.1335  1.1098  1.0861  1.0376  1.0079  0.9816  0.9484  0.9078
  0.8604  0.8076  0.7513  0.6927  0.6325  0.5714  0.5100  0.4487  0.3874  0.3250
  0.2608
  1.2454  1.2720  1.2925  1.3072  1.3156  1.3171  1.3119  1.2999  1.2817  1.2582
  1.2302  1.1991  1.1685  1.1387  1.1103  1.0517  1.0143  0.9846  0.9498  0.9083
  0.8605  0.8073  0.7502  0.6905  0.6289  0.5661  0.5027  0.4395  0.3768  0.3140
  0.2511
  1.2511  1.2771  1.2957  1.3085  1.3162  1.3189  1.3167  1.3093  1.2970  1.2799
  1.2574  1.2307  1.2015  1.1714  1.1415  1.0734  1.0248  0.9904  0.9538  0.9111
  0.8627  0.8092  0.7515  0.6908  0.6280  0.5636  0.4982  0.4328  0.3679  0.3037
  0.2414
  1.2591  1.2840  1.3023  1.3137  1.3196  1.3208  1.3179  1.3112  1.3006  1.2860
  1.2676  1.2453  1.2201  1.1931  1.1797  1.1027  1.0394  0.9990  0.9604
 [Fe/H] =  0.25 [alpha/Fe] = 0.40 BC value = F098M
  0.2951  0.2345  0.2649  0.3595  0.4924  0.6427  0.7929  0.9286  1.0337  1.0876
  1.1040  1.1011  1.0932  1.0866  1.0831  1.0825  1.0799  1.0673  1.0434
  0.4824  0.4206  0.3779  0.3691  0.4088  0.5087  0.6779  0.8863  1.0113  1.0757
  1.0961  1.0936  1.0838  1.0745  1.0685  1.0641  1.0594  1.0453  1.0215  0.9891
  0.6745  0.6133  0.5651  0.5386  0.5441  0.5933  0.6985  0.8582  0.9932  1.0672
  1.0938  1.0935  1.0828  1.0708  1.0616  1.0520  1.0453  1.0297  1.0042  0.9700
  0.9277
  0.8564  0.7997  0.7492  0.7127  0.6978  0.7130  0.7667  0.8654  0.9823  1.0611
  1.0944  1.0979  1.0874  1.0732  1.0607  1.0443  1.0350  1.0182  0.9915  0.9558
  0.9126  0.8637
  1.0161  0.9674  0.9213  0.8797  0.8511  0.8419  0.8585  0.9074  0.9862  1.0591
  1.0969  1.1047  1.0956  1.0802  1.0647  1.0403  1.0276  1.0095  0.9818  0.9452
  0.9011  0.8517  0.7988  0.7435
  1.1377  1.1107  1.0722  1.0323  0.9970  0.9723  0.9636  0.9758  1.0134  1.0655
  1.1021  1.1132  1.1062  1.0905  1.0729  1.0400  1.0226  1.0029  0.9745  0.9372
  0.8924  0.8423  0.7889  0.7333  0.6764  0.6181  0.5574  0.4927  0.4279  0.3638
  1.2170  1.2081  1.1883  1.1596  1.1270  1.0959  1.0721  1.0602  1.0646  1.0869
  1.1129  1.1239  1.1187  1.1035  1.0845  1.0436  1.0202  0.9984  0.9690  0.9312
  0.8859  0.8351  0.7811  0.7249  0.6674  0.6094  0.5499  0.4875  0.4222  0.3567
  0.2922
  1.2515  1.2626  1.2577  1.2434  1.2244  1.2008  1.1745  1.1496  1.1323  1.1274
  1.1337  1.1386  1.1332  1.1184  1.0987  1.0512  1.0208  0.9960  0.9653  0.9271
  0.8815  0.8301  0.7752  0.7182  0.6599  0.6007  0.5405  0.4796  0.4166  0.3506
  0.2842
  1.2453  1.2715  1.2883  1.2937  1.2879  1.2734  1.2540  1.2324  1.2073  1.1844
  1.1696  1.1614  1.1513  1.1354  1.1150  1.0621  1.0246  0.9959  0.9635  0.9243
  0.8782  0.8263  0.7705  0.7124  0.6530  0.5925  0.5311  0.4691  0.4064  0.3423
  0.2758
  1.2423  1.2691  1.2902  1.3047  1.3115  1.3102  1.3022  1.2891  1.2716  1.2491
  1.2228  1.1993  1.1788  1.1578  1.1349  1.0769  1.0322  0.9990  0.9645  0.9241
  0.8777  0.8256  0.7692  0.7101  0.6495  0.5877  0.5247  0.4613  0.3976  0.3334
  0.2674
  1.2483  1.2739  1.2935  1.3080  1.3175  1.3213  1.3193  1.3122  1.3010  1.2857
  1.2660  1.2415  1.2156  1.1893  1.1625  1.0961  1.0436  1.0050  0.9681  0.9264
  0.8793  0.8269  0.7702  0.7103  0.6486  0.5854  0.5208  0.4555  0.3900  0.3245
  0.2590
  1.2569  1.2824  1.3013  1.3144  1.3225  1.3262  1.3255  1.3206  1.3115  1.2989
  1.2830  1.2634  1.2403  1.2149  1.1978  1.1197  1.0588  1.0139  0.9743
 [Fe/H] =  0.50 [alpha/Fe] = 0.40 BC value = F098M
  0.1489  0.0657  0.1421  0.3144  0.5404  0.7529  0.9137  0.9360  1.0467  1.1131
  1.1398  1.1407  1.1318  1.1222  1.1146  1.1059  1.0987  1.0840  1.0608
  0.3420  0.2597  0.2168  0.2161  0.2923  0.4380  0.6464  0.8773  1.0143  1.0955
  1.1290  1.1320  1.1224  1.1103  1.1003  1.0875  1.0789  1.0630  1.0387  1.0064
  0.5396  0.4604  0.4119  0.3766  0.3827  0.4457  0.5909  0.8208  0.9847  1.0796
  1.1225  1.1301  1.1210  1.1070  1.0941  1.0752  1.0647  1.0480  1.0223  0.9887
  0.9475
  0.7455  0.6722  0.6089  0.5640  0.5474  0.5713  0.6494  0.7932  0.9560  1.0645
  1.1176  1.1315  1.1247  1.1097  1.0940  1.0677  1.0541  1.0366  1.0101  0.9754
  0.9331  0.8848
  0.9244  0.8600  0.7989  0.7484  0.7166  0.7120  0.7437  0.8214  0.9427  1.0504
  1.1127  1.1343  1.1312  1.1167  1.0990  1.0646  1.0463  1.0276  1.0006  0.9651
  0.9221  0.8731  0.8201  0.7644
  1.0753  1.0258  0.9726  0.9223  0.8820  0.8586  0.8588  0.8893  0.9568  1.0448
  1.1087  1.1374  1.1391  1.1263  1.1078  1.0656  1.0413  1.0205  0.9930  0.9571
  0.9135  0.8639  0.8104  0.7545  0.6971  0.6380  0.5759  0.5098  0.4441  0.3782
  1.1825  1.1546  1.1184  1.0762  1.0353  1.0019  0.9822  0.9815  1.0049  1.0552
  1.1097  1.1411  1.1476  1.1376  1.1194  1.0709  1.0394  1.0156  0.9870  0.9508
  0.9069  0.8568  0.8027  0.7463  0.6886  0.6297  0.5693  0.5061  0.4391  0.3726
  0.3063
  1.2407  1.2317  1.2150  1.1917  1.1631  1.1316  1.1031  1.0835  1.0780  1.0910
  1.1214  1.1479  1.1570  1.1498  1.1328  1.0801  1.0409  1.0130  0.9828  0.9461
  0.9021  0.8516  0.7969  0.7398  0.6814  0.6221  0.5616  0.4997  0.4353  0.3675
  0.2998
  1.2516  1.2703  1.2753  1.2660  1.2474  1.2260  1.2048  1.1833  1.1627  1.1503
  1.1518  1.1629  1.1690  1.1630  1.1472  1.0922  1.0460  1.0129  0.9805  0.9427
  0.8983  0.8475  0.7922  0.7341  0.6748  0.6146  0.5532  0.4909  0.4272  0.3613
  0.2927
  1.2458  1.2707  1.2893  1.2992  1.2997  1.2911  1.2764  1.2589  1.2410  1.2220
  1.2032  1.1929  1.1878  1.1790  1.1634  1.1075  1.0552  1.0164  0.9811  0.9419
  0.8970  0.8462  0.7906  0.7318  0.6715  0.6102  0.5477  0.4843  0.4199  0.3545
  0.2876
  1.2497  1.2736  1.2930  1.3075  1.3162  1.3180  1.3134  1.3042  1.2920  1.2775
  1.2605  1.2403  1.2214  1.2040  1.1847  1.1253  1.0679  1.0232  0.9845  0.9435
  0.8977  0.8468  0.7910  0.7318  0.6705  0.6080  0.5443  0.4795  0.4138  0.3474
  0.2804
  1.2596  1.2834  1.3015  1.3149  1.3240  1.3286  1.3283  1.3234  1.3147  1.3033
  1.2900  1.2738  1.2548  1.2336  1.2111  1.1456  1.0841  1.0333  0.9907
