 [Fe/H] = -2.50 [alpha/Fe] = 0.40 BC value =F850LP
  1.0782  1.0545  0.9903  0.9388  0.9164  0.8955  0.8502  0.7961  0.7632  0.7632
  0.7819  0.8137  0.8511  0.8848  0.9155  0.9651  0.9718  0.9488  0.9187
  1.0302  1.0348  1.0156  0.9883  0.9554  0.9174  0.8779  0.8424  0.8155  0.7998
  0.7973  0.8088  0.8330  0.8625  0.8900  0.9345  0.9413  0.9191  0.8848  0.8431
  0.9974  1.0132  1.0170  1.0067  0.9787  0.9422  0.9088  0.8800  0.8541  0.8313
  0.8173  0.8144  0.8253  0.8473  0.8705  0.9095  0.9159  0.8945  0.8581  0.8157
  0.7712
  0.9798  0.9897  0.9945  0.9940  0.9863  0.9699  0.9429  0.9089  0.8790  0.8577
  0.8419  0.8305  0.8280  0.8392  0.8570  0.8901  0.8956  0.8750  0.8386  0.7961
  0.7515  0.7061
  0.9887  0.9877  0.9859  0.9840  0.9806  0.9736  0.9617  0.9445  0.9215  0.8954
  0.8738  0.8579  0.8451  0.8423  0.8516  0.8773  0.8814  0.8611  0.8240  0.7806
  0.7352  0.6891  0.6429  0.5971
  1.0248  1.0104  0.9981  0.9892  0.9830  0.9775  0.9706  0.9611  0.9486  0.9335
  0.9162  0.8988  0.8826  0.8679  0.8623  0.8723  0.8737  0.8536  0.8152  0.7695
  0.7223  0.6747  0.6272  0.5799  0.5333  0.4872  0.4412  0.3925  0.3397  0.2853
  1.0859  1.0573  1.0327  1.0136  1.0001  0.9905  0.9829  0.9755  0.9667  0.9566
  0.9455  0.9337  0.9215  0.9063  0.8936  0.8797  0.8732  0.8525  0.8133  0.7644
  0.7138  0.6638  0.6142  0.5651  0.5167  0.4691  0.4218  0.3744  0.3241  0.2690
  0.2116
  1.1660  1.1254  1.0888  1.0581  1.0346  1.0173  1.0048  0.9950  0.9861  0.9770
  0.9675  0.9579  0.9482  0.9378  0.9251  0.9016  0.8819  0.8575  0.8179  0.7664
  0.7115  0.6575  0.6049  0.5534  0.5028  0.4532  0.4042  0.3554  0.3061  0.2543
  0.1967
  1.2573  1.2078  1.1617  1.1207  1.0868  1.0599  1.0396  1.0240  1.0114  1.0003
  0.9898  0.9795  0.9697  0.9602  0.9492  0.9245  0.8980  0.8677  0.8270  0.7741
  0.7155  0.6567  0.5997  0.5447  0.4913  0.4392  0.3880  0.3375  0.2872  0.2360
  0.1818
  1.3529  1.2984  1.2460  1.1977  1.1547  1.1186  1.0889  1.0654  1.0464  1.0306
  1.0167  1.0040  0.9921  0.9809  0.9696  0.9435  0.9153  0.8811  0.8392  0.7866
  0.7264  0.6639  0.6024  0.5430  0.4859  0.4306  0.3767  0.3241  0.2721  0.2202
  0.1674
  1.4514  1.3928  1.3362  1.2833  1.2344  1.1903  1.1521  1.1198  1.0929  1.0703
  1.0510  1.0338  1.0183  1.0040  0.9905  0.9598  0.9304  0.8948  0.8516  0.7999
  0.7403  0.6764  0.6115  0.5479  0.4865  0.4275  0.3703  0.3148  0.2607  0.2072
  0.1537
  1.5528  1.4910  1.4288  1.3734  1.3205  1.2713  1.2263  1.1861  1.1511  1.1207
  1.0944  1.0712  1.0505  1.0317  1.0119  0.9734  0.9433  0.9088  0.8642
 [Fe/H] = -2.00 [alpha/Fe] = 0.40 BC value =F850LP
  0.9676  0.9614  0.9404  0.9096  0.8733  0.8367  0.8041  0.7792  0.7643  0.7613
  0.7718  0.7948  0.8264  0.8598  0.8904  0.9447  0.9640  0.9494  0.9153
  1.0238  1.0279  1.0120  0.9815  0.9427  0.9009  0.8606  0.8260  0.7997  0.7838
  0.7804  0.7905  0.8128  0.8406  0.8672  0.9148  0.9319  0.9194  0.8867  0.8455
  1.0265  1.0495  1.0471  1.0249  0.9930  0.9540  0.9124  0.8733  0.8398  0.8143
  0.7989  0.7957  0.8062  0.8272  0.8498  0.8910  0.9057  0.8945  0.8631  0.8223
  0.7785
  1.0024  1.0358  1.0465  1.0375  1.0145  0.9826  0.9462  0.9095  0.8765  0.8477
  0.8257  0.8118  0.8093  0.8205  0.8382  0.8733  0.8854  0.8747  0.8445  0.8038
  0.7593  0.7139
  0.9815  1.0060  1.0204  1.0222  1.0129  0.9952  0.9709  0.9420  0.9099  0.8778
  0.8533  0.8352  0.8238  0.8227  0.8334  0.8617  0.8711  0.8601  0.8305  0.7894
  0.7441  0.6976  0.6510  0.6047
  0.9819  0.9973  1.0056  1.0089  1.0078  1.0017  0.9903  0.9736  0.9518  0.9241
  0.8947  0.8696  0.8496  0.8377  0.8372  0.8563  0.8627  0.8509  0.8213  0.7792
  0.7322  0.6842  0.6361  0.5882  0.5409  0.4940  0.4469  0.3974  0.3443  0.2901
  1.0070  1.0102  1.0094  1.0062  1.0024  0.9978  0.9914  0.9822  0.9698  0.9549
  0.9375  0.9170  0.8953  0.8744  0.8596  0.8574  0.8601  0.8471  0.8174  0.7740
  0.7245  0.6739  0.6238  0.5741  0.5250  0.4765  0.4282  0.3799  0.3289  0.2736
  0.2162
  1.0567  1.0461  1.0340  1.0220  1.0114  1.0030  0.9962  0.9895  0.9815  0.9717
  0.9609  0.9490  0.9354  0.9186  0.9002  0.8724  0.8633  0.8484  0.8185  0.7744
  0.7221  0.6681  0.6150  0.5629  0.5116  0.4612  0.4113  0.3616  0.3114  0.2588
  0.2010
  1.1297  1.1056  1.0807  1.0577  1.0382  1.0226  1.0111  1.0022  0.9946  0.9867
  0.9782  0.9691  0.9596  0.9490  0.9352  0.9022  0.8763  0.8545  0.8237  0.7794
  0.7250  0.6672  0.6101  0.5546  0.5006  0.4477  0.3957  0.3442  0.2929  0.2409
  0.1861
  1.2190  1.1832  1.1472  1.1137  1.0841  1.0596  1.0405  1.0260  1.0148  1.0054
  0.9965  0.9875  0.9785  0.9694  0.9591  0.9296  0.8982  0.8672  0.8331  0.7890
  0.7343  0.6739  0.6128  0.5531  0.4955  0.4396  0.3849  0.3313  0.2784  0.2256
  0.1719
  1.3175  1.2737  1.2289  1.1866  1.1480  1.1142  1.0863  1.0639  1.0464  1.0323
  1.0203  1.0092  0.9986  0.9883  0.9779  0.9504  0.9194  0.8839  0.8453  0.8005
  0.7465  0.6853  0.6214  0.5579  0.4962  0.4367  0.3788  0.3225  0.2674  0.2130
  0.1587
  1.4239  1.3716  1.3209  1.2720  1.2262  1.1846  1.1482  1.1173  1.0917  1.0706
  1.0531  1.0377  1.0236  1.0103  0.9916  0.9646  0.9399  0.9046  0.8603
 [Fe/H] = -1.50 [alpha/Fe] = 0.40 BC value =F850LP
  0.7875  0.7970  0.7955  0.7871  0.7744  0.7618  0.7535  0.7507  0.7485  0.7510
  0.7629  0.7851  0.8143  0.8445  0.8724  0.9244  0.9500  0.9479  0.9211
  0.8817  0.8948  0.8926  0.8795  0.8593  0.8360  0.8143  0.7965  0.7808  0.7707
  0.7702  0.7816  0.8032  0.8289  0.8533  0.8986  0.9198  0.9168  0.8919  0.8539
  0.9454  0.9667  0.9688  0.9561  0.9329  0.9036  0.8728  0.8449  0.8196  0.7993
  0.7874  0.7869  0.7988  0.8188  0.8398  0.8793  0.8966  0.8925  0.8689  0.8318
  0.7887
  0.9677  1.0051  1.0225  1.0141  0.9931  0.9628  0.9282  0.8942  0.8626  0.8350
  0.8141  0.8023  0.8025  0.8144  0.8314  0.8655  0.8795  0.8740  0.8510  0.8145
  0.7711  0.7256
  0.9612  1.0100  1.0379  1.0467  1.0379  1.0129  0.9756  0.9374  0.9025  0.8718
  0.8462  0.8270  0.8163  0.8174  0.8284  0.8567  0.8676  0.8606  0.8375  0.8012
  0.7572  0.7105  0.6634  0.6163
  0.9464  0.9919  1.0237  1.0422  1.0473  1.0398  1.0192  0.9863  0.9475  0.9097
  0.8782  0.8549  0.8386  0.8299  0.8317  0.8524  0.8603  0.8517  0.8280  0.7916
  0.7466  0.6983  0.6495  0.6009  0.5526  0.5045  0.4561  0.4053  0.3513  0.2975
  0.9444  0.9840  1.0111  1.0278  1.0357  1.0351  1.0262  1.0100  0.9880  0.9604
  0.9283  0.8966  0.8707  0.8529  0.8443  0.8526  0.8572  0.8470  0.8225  0.7856
  0.7395  0.6893  0.6384  0.5877  0.5376  0.4880  0.4384  0.3884  0.3364  0.2807
  0.2239
  0.9594  0.9905  1.0111  1.0229  1.0279  1.0279  1.0235  1.0147  1.0014  0.9851
  0.9664  0.9452  0.9211  0.8968  0.8763  0.8583  0.8583  0.8462  0.8211  0.7837
  0.7386  0.6842  0.6306  0.5775  0.5253  0.4737  0.4224  0.3717  0.3202  0.2661
  0.2083
  0.9992  1.0156  1.0274  1.0317  1.0313  1.0279  1.0230  1.0165  1.0081  0.9974
  0.9850  0.9716  0.9572  0.9404  0.9211  0.8811  0.8640  0.8491  0.8229  0.7854
  0.7376  0.6830  0.6263  0.5701  0.5150  0.4610  0.4076  0.3548  0.3021  0.2487
  0.1931
  1.0634  1.0646  1.0640  1.0584  1.0502  1.0409  1.0319  1.0235  1.0157  1.0076
  0.9986  0.9886  0.9781  0.9669  0.9541  0.9162  0.8818  0.8566  0.8288  0.7913
  0.7438  0.6882  0.6287  0.5690  0.5105  0.4535  0.3977  0.3428  0.2885  0.2343
  0.1792
  1.1489  1.1358  1.1212  1.1051  1.0876  1.0704  1.0548  1.0416  1.0306  1.0213
  1.0126  1.0039  0.9947  0.9851  0.9750  0.9448  0.9086  0.8723  0.8383  0.8000
  0.7531  0.6976  0.6365  0.5736  0.5116  0.4512  0.3922  0.3347  0.2783  0.2226
  0.1670
  1.2531  1.2265  1.1993  1.1717  1.1444  1.1184  1.0949  1.0746  1.0578  1.0441
  1.0326  1.0223  1.0123  1.0024  0.9838  0.9669  0.9444  0.8962  0.8514
 [Fe/H] = -1.00 [alpha/Fe] = 0.40 BC value =F850LP
  0.4792  0.4947  0.5076  0.5231  0.5449  0.5783  0.6284  0.6900  0.7320  0.7550
  0.7727  0.7930  0.8167  0.8416  0.8652  0.9112  0.9381  0.9430  0.9267
  0.6239  0.6412  0.6502  0.6562  0.6640  0.6780  0.7031  0.7370  0.7587  0.7690
  0.7771  0.7898  0.8084  0.8298  0.8508  0.8912  0.9121  0.9140  0.8971  0.8649
  0.7355  0.7597  0.7704  0.7722  0.7701  0.7685  0.7729  0.7853  0.7921  0.7919
  0.7906  0.7944  0.8060  0.8231  0.8414  0.8771  0.8940  0.8930  0.8753  0.8438
  0.8033
  0.8140  0.8484  0.8657  0.8695  0.8639  0.8532  0.8424  0.8375  0.8320  0.8226
  0.8128  0.8075  0.8104  0.8213  0.8361  0.8674  0.8811  0.8776  0.8588  0.8274
  0.7870  0.7423
  0.8715  0.9157  0.9388  0.9469  0.9428  0.9295  0.9108  0.8929  0.8768  0.8596
  0.8425  0.8289  0.8225  0.8253  0.8350  0.8613  0.8722  0.8667  0.8467  0.8150
  0.7744  0.7287  0.6813  0.6335
  0.8808  0.9426  0.9859  1.0095  1.0137  1.0008  0.9768  0.9486  0.9231  0.8994
  0.8771  0.8573  0.8427  0.8364  0.8390  0.8584  0.8665  0.8592  0.8381  0.8058
  0.7649  0.7182  0.6692  0.6196  0.5701  0.5205  0.4701  0.4175  0.3620  0.3077
  0.8778  0.9405  0.9887  1.0228  1.0417  1.0461  1.0365  1.0134  0.9807  0.9457
  0.9142  0.8884  0.8687  0.8554  0.8494  0.8587  0.8640  0.8549  0.8328  0.7998
  0.7583  0.7106  0.6598  0.6082  0.5567  0.5055  0.4542  0.4021  0.3480  0.2910
  0.2345
  0.8796  0.9396  0.9859  1.0196  1.0420  1.0530  1.0530  1.0429  1.0241  0.9984
  0.9678  0.9354  0.9059  0.8831  0.8685  0.8627  0.8643  0.8534  0.8304  0.7970
  0.7549  0.7062  0.6535  0.5996  0.5459  0.4926  0.4394  0.3864  0.3324  0.2772
  0.2183
  0.8895  0.9461  0.9885  1.0192  1.0393  1.0506  1.0539  1.0497  1.0385  1.0218
  1.0015  0.9790  0.9547  0.9297  0.9067  0.8735  0.8679  0.8548  0.8307  0.7967
  0.7541  0.7045  0.6499  0.5934  0.5370  0.4812  0.4260  0.3712  0.3165  0.2610
  0.2038
  0.9155  0.9623  0.9996  1.0258  1.0424  1.0511  1.0535  1.0510  1.0441  1.0330
  1.0188  1.0025  0.9856  0.9682  0.9498  0.9042  0.8764  0.8597  0.8343  0.8001
  0.7574  0.7073  0.6515  0.5927  0.5334  0.4749  0.4173  0.3606  0.3043  0.2480
  0.1911
  0.9661  0.9991  1.0250  1.0442  1.0557  1.0601  1.0594  1.0553  1.0489  1.0403
  1.0299  1.0178  1.0047  0.9912  0.9777  0.9403  0.9005  0.8689  0.8409  0.8060
  0.7635  0.7134  0.6571  0.5966  0.5346  0.4732  0.4128  0.3536  0.2954  0.2377
  0.1802
  1.0453  1.0607  1.0727  1.0806  1.0840  1.0824  1.0767  1.0688  1.0599  1.0505
  1.0409  1.0307  1.0199  1.0085  0.9904  0.9818  0.9402  0.8824  0.8505
 [Fe/H] = -0.75 [alpha/Fe] = 0.40 BC value =F850LP
  0.2833  0.2931  0.3062  0.3293  0.3813  0.4569  0.5458  0.6391  0.7215  0.7636
  0.7861  0.8047  0.8248  0.8461  0.8670  0.9091  0.9335  0.9399  0.9281
  0.4552  0.4668  0.4755  0.4877  0.5098  0.5475  0.6066  0.6847  0.7431  0.7736
  0.7892  0.8021  0.8177  0.8359  0.8546  0.8918  0.9116  0.9143  0.9002  0.8712
  0.5967  0.6155  0.6246  0.6303  0.6383  0.6543  0.6845  0.7316  0.7705  0.7912
  0.8000  0.8066  0.8166  0.8309  0.8469  0.8800  0.8961  0.8956  0.8796  0.8506
  0.8122
  0.7025  0.7329  0.7486  0.7541  0.7549  0.7562  0.7636  0.7842  0.8056  0.8163
  0.8183  0.8181  0.8215  0.8305  0.8431  0.8720  0.8851  0.8820  0.8643  0.8348
  0.7964  0.7526
  0.7774  0.8176  0.8429  0.8545  0.8556  0.8505  0.8439  0.8433  0.8480  0.8487
  0.8436  0.8367  0.8329  0.8352  0.8432  0.8670  0.8774  0.8723  0.8532  0.8230
  0.7843  0.7398  0.6927  0.6453
  0.8293  0.8858  0.9209  0.9372  0.9404  0.9342  0.9211  0.9067  0.8966  0.8872
  0.8753  0.8620  0.8512  0.8460  0.8477  0.8647  0.8726  0.8657  0.8455  0.8144
  0.7753  0.7301  0.6815  0.6317  0.5816  0.5311  0.4795  0.4257  0.3696  0.3150
  0.8373  0.9041  0.9556  0.9904  1.0090  1.0121  1.0009  0.9781  0.9525  0.9306
  0.9109  0.8923  0.8758  0.8635  0.8580  0.8652  0.8703  0.8617  0.8405  0.8088
  0.7691  0.7232  0.6731  0.6213  0.5692  0.5170  0.4645  0.4113  0.3561  0.2985
  0.2419
  0.8405  0.9077  0.9614  1.0022  1.0298  1.0446  1.0472  1.0382  1.0180  0.9906
  0.9602  0.9308  0.9060  0.8873  0.8750  0.8691  0.8706  0.8603  0.8381  0.8059
  0.7656  0.7189  0.6675  0.6137  0.5593  0.5051  0.4509  0.3966  0.3417  0.2851
  0.2260
  0.8485  0.9135  0.9656  1.0053  1.0339  1.0520  1.0600  1.0584  1.0479  1.0301
  1.0073  0.9810  0.9532  0.9266  0.9044  0.8780  0.8738  0.8614  0.8380  0.8052
  0.7643  0.7167  0.6640  0.6081  0.5513  0.4947  0.4383  0.3823  0.3263  0.2697
  0.2115
  0.8614  0.9230  0.9727  1.0102  1.0368  1.0539  1.0628  1.0643  1.0589  1.0473
  1.0310  1.0117  0.9912  0.9701  0.9485  0.9016  0.8805  0.8655  0.8409  0.8077
  0.7665  0.7185  0.6649  0.6074  0.5482  0.4891  0.4305  0.3726  0.3151  0.2574
  0.1995
  0.8910  0.9436  0.9871  1.0214  1.0448  1.0593  1.0663  1.0676  1.0639  1.0559
  1.0442  1.0296  1.0135  0.9972  0.9810  0.9387  0.8992  0.8730  0.8466  0.8126
  0.7713  0.7232  0.6691  0.6105  0.5494  0.4878  0.4267  0.3665  0.3071  0.2482
  0.1900
  0.9373  0.9855  1.0180  1.0437  1.0623  1.0729  1.0767  1.0755  1.0707  1.0633
  1.0538  1.0424  1.0295  1.0159  1.0019  0.9893  0.9299  0.8839  0.8551
 [Fe/H] = -0.50 [alpha/Fe] = 0.40 BC value =F850LP
  0.0813  0.0773  0.0830  0.1068  0.1800  0.2939  0.4313  0.5777  0.7083  0.7752
  0.8049  0.8223  0.8382  0.8553  0.8728  0.9106  0.9327  0.9393  0.9280
  0.2728  0.2722  0.2743  0.2875  0.3207  0.3828  0.4816  0.6145  0.7216  0.7802
  0.8063  0.8200  0.8323  0.8465  0.8620  0.8955  0.9137  0.9165  0.9042  0.8783
  0.4415  0.4486  0.4511  0.4564  0.4723  0.5063  0.5661  0.6564  0.7400  0.7908
  0.8139  0.8242  0.8325  0.8431  0.8559  0.8854  0.9005  0.9002  0.8854  0.8583
  0.8220
  0.5773  0.5971  0.6056  0.6089  0.6138  0.6271  0.6556  0.7078  0.7668  0.8078
  0.8271  0.8340  0.8380  0.8442  0.8536  0.8787  0.8911  0.8884  0.8716  0.8435
  0.8068  0.7642
  0.6748  0.7100  0.7301  0.7387  0.7409  0.7425  0.7496  0.7704  0.8042  0.8323
  0.8462  0.8492  0.8487  0.8499  0.8551  0.8747  0.8846  0.8800  0.8617  0.8325
  0.7953  0.7521  0.7055  0.6578
  0.7555  0.7959  0.8231  0.8399  0.8468  0.8463  0.8426  0.8423  0.8524  0.8654
  0.8716  0.8699  0.8646  0.8606  0.8607  0.8731  0.8804  0.8741  0.8547  0.8247
  0.7868  0.7431  0.6953  0.6455  0.5948  0.5435  0.4908  0.4354  0.3780  0.3224
  0.7934  0.8562  0.9010  0.9279  0.9395  0.9398  0.9323  0.9196  0.9102  0.9071
  0.9037  0.8962  0.8860  0.8766  0.8711  0.8741  0.8784  0.8704  0.8501  0.8195
  0.7809  0.7366  0.6877  0.6361  0.5835  0.5304  0.4768  0.4223  0.3654  0.3065
  0.2490
  0.8026  0.8718  0.9276  0.9694  0.9970  1.0114  1.0138  1.0047  0.9852  0.9643
  0.9456  0.9286  0.9127  0.8982  0.8869  0.8784  0.8788  0.8690  0.8477  0.8166
  0.7775  0.7324  0.6826  0.6294  0.5747  0.5196  0.4643  0.4089  0.3525  0.2941
  0.2335
  0.8110  0.8807  0.9378  0.9830  1.0165  1.0386  1.0498  1.0510  1.0425  1.0254
  1.0033  0.9781  0.9522  0.9287  0.9100  0.8870  0.8817  0.8698  0.8473  0.8155
  0.7759  0.7299  0.6790  0.6243  0.5676  0.5103  0.4529  0.3951  0.3371  0.2787
  0.2202
  0.8197  0.8896  0.9460  0.9906  1.0244  1.0482  1.0626  1.0683  1.0657  1.0555
  1.0394  1.0193  0.9968  0.9731  0.9496  0.9046  0.8878  0.8734  0.8496  0.8173
  0.7773  0.7308  0.6792  0.6234  0.5650  0.5056  0.4462  0.3871  0.3282  0.2690
  0.2095
  0.8358  0.9016  0.9567  0.9999  1.0322  1.0548  1.0688  1.0755  1.0755  1.0692
  1.0576  1.0420  1.0240  1.0052  0.9863  0.9390  0.9015  0.8799  0.8545  0.8213
  0.7811  0.7344  0.6822  0.6257  0.5660  0.5048  0.4431  0.3819  0.3213  0.2609
  0.2014
  0.8698  0.9261  0.9746  1.0140  1.0442  1.0647  1.0768  1.0822  1.0821  1.0773
  1.0686  1.0564  1.0418  1.0259  1.0201  0.9902  0.9228  0.8893  0.8620
 [Fe/H] = -0.25 [alpha/Fe] = 0.40 BC value =F850LP
 -0.1042 -0.1278 -0.1418 -0.1269 -0.0638  0.0627  0.2647  0.5160  0.6919  0.7859
  0.8265  0.8445  0.8569  0.8696  0.8834  0.9154  0.9356  0.9411  0.9312
  0.0957  0.0737  0.0647  0.0711  0.1089  0.1922  0.3346  0.5319  0.6939  0.7854
  0.8258  0.8423  0.8521  0.8620  0.8738  0.9023  0.9188  0.9211  0.9099  0.8863
  0.2831  0.2727  0.2623  0.2614  0.2803  0.3298  0.4211  0.5616  0.6992  0.7877
  0.8296  0.8459  0.8533  0.8601  0.8691  0.8936  0.9075  0.9071  0.8932  0.8677
  0.8331
  0.4444  0.4478  0.4437  0.4401  0.4455  0.4689  0.5193  0.6077  0.7138  0.7941
  0.8367  0.8536  0.8591  0.8628  0.8684  0.8880  0.8995  0.8970  0.8811  0.8540
  0.8186  0.7773
  0.5701  0.5912  0.5992  0.5996  0.5995  0.6062  0.6274  0.6727  0.7426  0.8079
  0.8479  0.8647  0.8689  0.8695  0.8714  0.8848  0.8938  0.8896  0.8723  0.8441
  0.8078  0.7658  0.7199  0.6724
  0.6739  0.6959  0.7190  0.7305  0.7339  0.7344  0.7384  0.7538  0.7884  0.8322
  0.8647  0.8796  0.8823  0.8800  0.8782  0.8840  0.8901  0.8843  0.8660  0.8370
  0.7999  0.7572  0.7103  0.6607  0.6100  0.5578  0.5037  0.4470  0.3887  0.3322
  0.7431  0.7898  0.8176  0.8334  0.8423  0.8455  0.8442  0.8427  0.8499  0.8694
  0.8892  0.8993  0.8995  0.8944  0.8889  0.8859  0.8883  0.8809  0.8617  0.8321
  0.7944  0.7510  0.7032  0.6522  0.5995  0.5459  0.4915  0.4354  0.3768  0.3169
  0.2587
  0.7681  0.8335  0.8838  0.9181  0.9380  0.9461  0.9452  0.9380  0.9267  0.9222
  0.9244  0.9255  0.9213  0.9130  0.9038  0.8911  0.8887  0.8794  0.8591  0.8292
  0.7911  0.7470  0.6983  0.6462  0.5917  0.5362  0.4800  0.4233  0.3653  0.3053
  0.2438
  0.7795  0.8492  0.9069  0.9524  0.9854  1.0065  1.0174  1.0193  1.0119  0.9969
  0.9816  0.9668  0.9520  0.9373  0.9234  0.9002  0.8918  0.8800  0.8584  0.8277
  0.7892  0.7443  0.6948  0.6415  0.5855  0.5281  0.4699  0.4116  0.3527  0.2927
  0.2312
  0.7890  0.8600  0.9190  0.9670  1.0044  1.0315  1.0487  1.0572  1.0577  1.0503
  1.0366  1.0191  0.9987  0.9767  0.9551  0.9148  0.8978  0.8832  0.8601  0.8288
  0.7900  0.7447  0.6945  0.6404  0.5833  0.5242  0.4643  0.4041  0.3438  0.2826
  0.2223
  0.7987  0.8703  0.9301  0.9782  1.0159  1.0439  1.0632  1.0743  1.0779  1.0746
  1.0652  1.0510  1.0336  1.0142  0.9937  0.9436  0.9088  0.8891  0.8644  0.8320
  0.7928  0.7474  0.6967  0.6420  0.5841  0.5237  0.4620  0.4000  0.3381  0.2763
  0.2171
  0.8183  0.8846  0.9424  0.9904  1.0273  1.0546  1.0731  1.0843  1.0888  1.0874
  1.0807  1.0693  1.0546  1.0380  1.0392  0.9866  0.9248  0.8977  0.8713
 [Fe/H] =  0.00 [alpha/Fe] = 0.40 BC value =F850LP
 -0.2600 -0.3051 -0.3157 -0.2799 -0.1965 -0.0485  0.1699  0.4742  0.6729  0.7929
  0.8485  0.8702  0.8806  0.8893  0.8991  0.9247  0.9418  0.9460  0.9366
 -0.0595 -0.1012 -0.1328 -0.1411 -0.1082 -0.0099  0.1804  0.4500  0.6602  0.7864
  0.8452  0.8676  0.8764  0.8827  0.8903  0.9126  0.9271  0.9287  0.9179  0.8959
  0.1376  0.1052  0.0764  0.0625  0.0770  0.1361  0.2585  0.4536  0.6495  0.7792
  0.8442  0.8697  0.8782  0.8821  0.8870  0.9049  0.9172  0.9166  0.9033  0.8791
  0.8460
  0.3165  0.2986  0.2769  0.2609  0.2613  0.2903  0.3610  0.4885  0.6476  0.7733
  0.8444  0.8744  0.8838  0.8859  0.8879  0.9002  0.9101  0.9078  0.8928  0.8669
  0.8325  0.7922
  0.4658  0.4670  0.4578  0.4455  0.4389  0.4475  0.4814  0.5527  0.6636  0.7735
  0.8460  0.8807  0.8921  0.8932  0.8924  0.8979  0.9050  0.9012  0.8851  0.8579
  0.8224  0.7812  0.7358  0.6878
  0.5773  0.5994  0.6079  0.6064  0.6012  0.5998  0.6103  0.6419  0.7045  0.7860
  0.8522  0.8889  0.9023  0.9033  0.9003  0.8981  0.9016  0.8963  0.8792  0.8514
  0.8150  0.7729  0.7266  0.6774  0.6263  0.5738  0.5189  0.4603  0.4009  0.3432
  0.6761  0.7013  0.7198  0.7320  0.7370  0.7369  0.7370  0.7449  0.7697  0.8161
  0.8664  0.9003  0.9146  0.9158  0.9111  0.9013  0.9001  0.8929  0.8750  0.8468
  0.8099  0.7669  0.7197  0.6693  0.6169  0.5634  0.5082  0.4504  0.3899  0.3288
  0.2695
  0.7372  0.7905  0.8251  0.8429  0.8499  0.8520  0.8524  0.8509  0.8523  0.8668
  0.8936  0.9180  0.9302  0.9308  0.9249  0.9078  0.9008  0.8913  0.8723  0.8437
  0.8065  0.7629  0.7149  0.6637  0.6099  0.5544  0.4976  0.4397  0.3803  0.3183
  0.2555
  0.7601  0.8211  0.8741  0.9132  0.9385  0.9523  0.9576  0.9545  0.9476  0.9422
  0.9424  0.9483  0.9520  0.9495  0.9417  0.9178  0.9042  0.8918  0.8712  0.8418
  0.8043  0.7602  0.7114  0.6592  0.6043  0.5473  0.4888  0.4293  0.3691  0.3075
  0.2440
  0.7666  0.8357  0.8936  0.9410  0.9774  1.0027  1.0185  1.0257  1.0259  1.0212
  1.0129  1.0027  0.9920  0.9795  0.9655  0.9318  0.9108  0.8947  0.8724  0.8422
  0.8045  0.7602  0.7109  0.6581  0.6023  0.5442  0.4843  0.4234  0.3619  0.2996
  0.2366
  0.7761  0.8476  0.9074  0.9568  0.9964  1.0265  1.0477  1.0608  1.0669  1.0668
  1.0608  1.0503  1.0366  1.0204  1.0020  0.9546  0.9213  0.9003  0.8760  0.8446
  0.8065  0.7622  0.7127  0.6593  0.6029  0.5439  0.4828  0.4205  0.3576  0.2943
  0.2333
  0.7874  0.8587  0.9200  0.9702  1.0104  1.0414  1.0640  1.0790  1.0870  1.0889
  1.0853  1.0768  1.0646  1.0495  1.0512  0.9862  0.9357  0.9086  0.8820
 [Fe/H] =  0.25 [alpha/Fe] = 0.40 BC value =F850LP
 -0.3828 -0.4502 -0.4256 -0.3291 -0.1795  0.0074  0.2186  0.4430  0.6558  0.7954
  0.8685  0.8976  0.9082  0.9140  0.9201  0.9386  0.9524  0.9547  0.9445
 -0.1867 -0.2508 -0.3214 -0.3605 -0.3304 -0.2012  0.0512  0.3891  0.6274  0.7815
  0.8616  0.8937  0.9042  0.9082  0.9121  0.9272  0.9389  0.9394  0.9286  0.9077
  0.0150 -0.0409 -0.0909 -0.1227 -0.1200 -0.0595  0.0909  0.3493  0.5975  0.7642
  0.8549  0.8933  0.9057  0.9084  0.9099  0.9201  0.9299  0.9289  0.9161  0.8929
  0.8609
  0.2055  0.1635  0.1206  0.0874  0.0767  0.1047  0.1914  0.3590  0.5749  0.7456
  0.8469  0.8942  0.9102  0.9129  0.9121  0.9161  0.9234  0.9211  0.9070  0.8822
  0.8487  0.8090
  0.3722  0.3479  0.3194  0.2900  0.2721  0.2775  0.3202  0.4170  0.5722  0.7309
  0.8386  0.8946  0.9160  0.9200  0.9177  0.9148  0.9186  0.9150  0.9000  0.8742
  0.8395  0.7986  0.7535  0.7055
  0.4966  0.5059  0.4939  0.4751  0.4575  0.4505  0.4646  0.5114  0.6040  0.7279
  0.8326  0.8950  0.9222  0.9289  0.9262  0.9164  0.9155  0.9102  0.8945  0.8681
  0.8327  0.7908  0.7446  0.6955  0.6444  0.5913  0.5354  0.4753  0.4151  0.3559
  0.6044  0.6234  0.6314  0.6298  0.6217  0.6130  0.6120  0.6278  0.6708  0.7475
  0.8342  0.8968  0.9289  0.9388  0.9368  0.9211  0.9144  0.9069  0.8902  0.8635
  0.8277  0.7850  0.7380  0.6879  0.6356  0.5820  0.5262  0.4671  0.4049  0.3427
  0.2820
  0.7061  0.7358  0.7468  0.7500  0.7516  0.7513  0.7497  0.7505  0.7627  0.7965
  0.8513  0.9041  0.9369  0.9497  0.9490  0.9290  0.9157  0.9051  0.8872  0.8602
  0.8243  0.7812  0.7335  0.6825  0.6291  0.5739  0.5169  0.4584  0.3972  0.3332
  0.2691
  0.7404  0.7968  0.8380  0.8625  0.8725  0.8733  0.8706  0.8687  0.8667  0.8724
  0.8929  0.9243  0.9504  0.9626  0.9627  0.9400  0.9200  0.9055  0.8857  0.8578
  0.8218  0.7785  0.7300  0.6782  0.6240  0.5676  0.5092  0.4492  0.3877  0.3244
  0.2589
  0.7542  0.8179  0.8715  0.9136  0.9432  0.9611  0.9701  0.9735  0.9725  0.9684
  0.9644  0.9685  0.9770  0.9819  0.9798  0.9540  0.9276  0.9084  0.8865  0.8576
  0.8213  0.7782  0.7295  0.6772  0.6224  0.5652  0.5057  0.4446  0.3821  0.3180
  0.2523
  0.7660  0.8325  0.8894  0.9370  0.9752  1.0034  1.0223  1.0336  1.0396  1.0410
  1.0379  1.0317  1.0257  1.0187  1.0087  0.9725  0.9387  0.9141  0.8896  0.8593
  0.8226  0.7795  0.7309  0.6783  0.6229  0.5651  0.5048  0.4427  0.3793  0.3147
  0.2495
  0.7759  0.8450  0.9041  0.9537  0.9941  1.0259  1.0495  1.0655  1.0748  1.0787
  1.0784  1.0740  1.0661  1.0556  1.0494  0.9955  0.9533  0.9226  0.8950
 [Fe/H] =  0.50 [alpha/Fe] = 0.40 BC value =F850LP
 -0.4726 -0.5632 -0.4714 -0.2746 -0.0130  0.2305  0.4108  0.4206  0.6345  0.7913
  0.8843  0.9248  0.9386  0.9436  0.9464  0.9577  0.9671  0.9675  0.9578
 -0.2859 -0.3751 -0.4437 -0.5358 -0.4851 -0.3054 -0.0092  0.3454  0.5925  0.7692
  0.8725  0.9185  0.9340  0.9378  0.9391  0.9467  0.9549  0.9539  0.9426  0.9219
 -0.0847 -0.1656 -0.2312 -0.2821 -0.2953 -0.2415 -0.0675  0.2691  0.5482  0.7413
  0.8589  0.9144  0.9342  0.9382  0.9376  0.9401  0.9465  0.9447  0.9318  0.9092
  0.8781
  0.1162  0.0501 -0.0145 -0.0669 -0.0932 -0.0732  0.0230  0.2327  0.5020  0.7109
  0.8426  0.9098  0.9364  0.9422  0.9406  0.9368  0.9401  0.9375  0.9239  0.9000
  0.8674  0.8280
  0.2969  0.2489  0.1956  0.1466  0.1132  0.1100  0.1554  0.2748  0.4778  0.6800
  0.8234  0.9035  0.9385  0.9483  0.9467  0.9366  0.9355  0.9315  0.9175  0.8929
  0.8592  0.8186  0.7734  0.7249
  0.4478  0.4235  0.3880  0.3487  0.3152  0.2984  0.3116  0.3702  0.4932  0.6618
  0.8042  0.8951  0.9395  0.9549  0.9549  0.9396  0.9327  0.9266  0.9120  0.8872
  0.8530  0.8114  0.7651  0.7156  0.6640  0.6102  0.5531  0.4920  0.4311  0.3703
  0.5609  0.5616  0.5497  0.5277  0.5023  0.4818  0.4765  0.4975  0.5579  0.6676
  0.7928  0.8864  0.9394  0.9612  0.9643  0.9458  0.9322  0.9231  0.9075  0.8825
  0.8481  0.8061  0.7589  0.7084  0.6558  0.6015  0.5448  0.4852  0.4216  0.3585
  0.2961
  0.6681  0.6722  0.6720  0.6679  0.6593  0.6470  0.6369  0.6373  0.6585  0.7119
  0.7981  0.8824  0.9394  0.9670  0.9741  0.9550  0.9345  0.9213  0.9041  0.8787
  0.8445  0.8024  0.7546  0.7034  0.6499  0.5946  0.5373  0.4779  0.4157  0.3500
  0.2848
  0.7348  0.7750  0.7954  0.7975  0.7895  0.7807  0.7755  0.7737  0.7758  0.7926
  0.8336  0.8924  0.9440  0.9740  0.9842  0.9665  0.9400  0.9217  0.9022  0.8759
  0.8415  0.7994  0.7514  0.6995  0.6452  0.5890  0.5306  0.4704  0.4080  0.3432
  0.2757
  0.7535  0.8090  0.8536  0.8843  0.9010  0.9053  0.9022  0.8968  0.8931  0.8931
  0.9008  0.9250  0.9582  0.9838  0.9954  0.9802  0.9490  0.9250  0.9025  0.8749
  0.8403  0.7986  0.7507  0.6986  0.6439  0.5871  0.5281  0.4671  0.4041  0.3392
  0.2726
  0.7667  0.8263  0.8779  0.9207  0.9534  0.9750  0.9869  0.9922  0.9938  0.9933
  0.9916  0.9912  0.9980  1.0081  1.0136  0.9959  0.9609  0.9313  0.9053  0.8759
  0.8406  0.7991  0.7516  0.6995  0.6445  0.5872  0.5278  0.4662  0.4026  0.3373
  0.2707
  0.7787  0.8414  0.8956  0.9417  0.9798  1.0095  1.0307  1.0442  1.0517  1.0554
  1.0568  1.0555  1.0528  1.0498  1.0388  1.0136  0.9757  0.9406  0.9106
