 [Fe/H] = -2.50 [alpha/Fe] = 0.40 BC value = F275W
-10.4813-10.4654-10.4811-10.4341-10.3006-10.1470-10.0453-10.0005 -9.9675 -9.8935
 -9.7474 -9.5245 -9.2334 -8.8768 -8.4745 -7.3875 -6.1587 -5.0333 -4.1152
-10.4036-10.2945-10.2064-10.1196-10.0330 -9.9483 -9.8648 -9.7796 -9.6839 -9.5600
 -9.3831 -9.1190 -8.7512 -8.3252 -7.8875 -6.7640 -5.5725 -4.4775 -3.6167 -2.9861
-10.3501-10.1787-10.0090 -9.8578 -9.7388 -9.6373 -9.5322 -9.4163 -9.2856 -9.1307
 -8.9313 -8.6491 -8.2521 -7.7844 -7.3191 -6.1777 -5.0379 -3.9914 -3.1782 -2.5983
 -2.1899
-10.3208-10.1180 -9.8889 -9.6487 -9.4180 -9.2140 -9.0475 -8.9106 -8.7726 -8.6056
 -8.3920 -8.1148 -7.7361 -7.2544 -6.7693 -5.6286 -4.5549 -3.5750 -2.7996 -2.2533
 -1.8773 -1.6176
-10.3041-10.0937 -9.8328 -9.5342 -9.2206 -8.9147 -8.6332 -8.3825 -8.1656 -7.9714
 -7.7616 -7.5016 -7.1741 -6.7465 -6.2649 -5.1551 -4.1592 -3.2554 -2.5122 -1.9824
 -1.6244 -1.3817 -1.2165 -1.1044
-10.2871-10.0969 -9.8332 -9.5038 -9.1351 -8.7566 -8.3911 -8.0507 -7.7376 -7.4504
 -7.1852 -6.9223 -6.6308 -6.2777 -5.8510 -4.7942 -3.8711 -3.0404 -2.3273 -1.7952
 -1.4347 -1.1941 -1.0319 -0.9223 -0.8491 -0.8002 -0.7660 -0.7422 -0.7220 -0.6880
-10.2506-10.1034 -9.8720 -9.5466 -9.1497 -8.7208 -8.2936 -7.8859 -7.5061 -7.1531
 -6.8233 -6.5122 -6.2109 -5.9024 -5.5383 -4.5650 -3.6916 -2.9200 -2.2372 -1.6952
 -1.3133 -1.0575 -0.8862 -0.7704 -0.6924 -0.6407 -0.6067 -0.5825 -0.5665 -0.5540
 -0.5282
-10.1873-10.0870 -9.9123 -9.6318 -9.2457 -8.7924 -8.3190 -7.8578 -7.4239 -7.0210
 -6.6461 -6.2948 -5.9640 -5.6488 -5.3208 -4.4451 -3.6060 -2.8736 -2.2209 -1.6721
 -1.2612 -0.9758 -0.7827 -0.6516 -0.5623 -0.5020 -0.4623 -0.4361 -0.4180 -0.4059
 -0.3999
-10.1027-10.0396 -9.9211 -9.7096 -9.3772 -8.9380 -8.4424 -7.9394 -7.4587 -7.0110
 -6.5963 -6.2114 -5.8525 -5.5164 -5.1904 -4.3747 -3.5848 -2.8702 -2.2431 -1.6987
 -1.2647 -0.9452 -0.7210 -0.5662 -0.4594 -0.3859 -0.3361 -0.3030 -0.2810 -0.2664
 -0.2578
-10.0098 -9.9733 -9.8993 -9.7561 -9.5052 -9.1279 -8.6511 -8.1297 -7.6104 -7.1193
 -6.6642 -6.2441 -5.8554 -5.4953 -5.1570 -4.3517 -3.6100 -2.9131 -2.2963 -1.7610
 -1.3160 -0.9684 -0.7102 -0.5247 -0.3935 -0.3008 -0.2361 -0.1914 -0.1610 -0.1406
 -0.1267
 -9.9115 -9.8943 -9.8521 -9.7619 -9.5892 -9.3006 -8.8885 -8.3873 -7.8513 -7.3236
 -6.8266 -6.3674 -5.9443 -5.5540 -5.1914 -4.3641 -3.6448 -2.9751 -2.3649 -1.8326
 -1.3850 -1.0225 -0.7384 -0.5228 -0.3636 -0.2478 -0.1644 -0.1047 -0.0624 -0.0329
 -0.0128
 -9.8079 -9.8026 -9.7880 -9.7349 -9.6246 -9.4205 -9.1007 -8.6624 -8.1465 -7.6036
 -7.0716 -6.5707 -6.1073 -5.6808 -5.2936 -4.4119 -3.6892 -3.0562 -2.4489
 [Fe/H] = -2.00 [alpha/Fe] = 0.40 BC value = F275W
-10.5533-10.4596-10.3801-10.3151-10.2622-10.2123-10.1564-10.0875-10.0010 -9.8914
 -9.7439 -9.5338 -9.2432 -8.8948 -8.5145 -7.5008 -6.3902 -5.3034 -4.3852
-10.4071-10.2739-10.1504-10.0434 -9.9563 -9.8847 -9.8172 -9.7405 -9.6460 -9.5226
 -9.3500 -9.0964 -8.7403 -8.3205 -7.8879 -6.8138 -5.7401 -4.7239 -3.8601 -3.2035
-10.2678-10.0611 -9.8922 -9.7846 -9.6558 -9.5424 -9.4426 -9.3443 -9.2306 -9.0862
 -8.8904 -8.6124 -8.2238 -7.7581 -7.2891 -6.1829 -5.1540 -4.2106 -3.4042 -2.7916
 -2.3448
-10.1812 -9.9083 -9.6752 -9.4772 -9.3067 -9.1568 -9.0215 -8.8921 -8.7491 -8.5779
 -8.3582 -8.0694 -7.6853 -7.2068 -6.7181 -5.6081 -4.6319 -3.7635 -3.0175 -2.4432
 -2.0363 -1.7524
-10.1848 -9.8841 -9.5698 -9.2830 -9.0278 -8.7981 -8.5889 -8.3957 -8.2149 -8.0313
 -7.7979 -7.5079 -7.1528 -6.7107 -6.2249 -5.1352 -4.2135 -3.4106 -2.7167 -2.1686
 -1.7794 -1.5120 -1.3277 -1.1994
-10.2472 -9.9373 -9.5876 -9.2235 -8.8673 -8.5364 -8.2365 -7.9681 -7.7275 -7.5119
 -7.2927 -7.0239 -6.6959 -6.3104 -5.8634 -4.7994 -3.9217 -3.1675 -2.5125 -1.9760
 -1.5866 -1.3203 -1.1389 -1.0139 -0.9271 -0.8658 -0.8204 -0.7862 -0.7563 -0.7140
-10.3231-10.0558 -9.7071 -9.3113 -8.9007 -8.4998 -8.1252 -7.7821 -7.4683 -7.1769
 -6.9037 -6.6410 -6.3604 -6.0304 -5.6359 -4.6103 -3.7546 -3.0313 -2.4015 -1.8681
 -1.4626 -1.1813 -0.9901 -0.8590 -0.7682 -0.7048 -0.6601 -0.6263 -0.6014 -0.5807
 -0.5480
-10.3659-10.1730 -9.8839 -9.5010 -9.0621 -8.6075 -8.1678 -7.7580 -7.3822 -7.0368
 -6.7133 -6.4066 -6.1129 -5.8227 -5.4972 -4.5512 -3.6962 -2.9853 -2.3696 -1.8361
 -1.4083 -1.0986 -0.8852 -0.7384 -0.6364 -0.5648 -0.5149 -0.4794 -0.4531 -0.4338
 -0.4211
-10.3421-10.2201-10.0257 -9.7225 -9.3109 -8.8320 -8.3384 -7.8655 -7.4278 -7.0282
 -6.6607 -6.3178 -5.9935 -5.6853 -5.3815 -4.5437 -3.7153 -2.9998 -2.3897 -1.8568
 -1.4103 -1.0683 -0.8236 -0.6524 -0.5324 -0.4476 -0.3880 -0.3460 -0.3162 -0.2946
 -0.2801
-10.2723-10.2038-10.0898 -9.8935 -9.5782 -9.1419 -8.6311 -8.1060 -7.6062 -7.1474
 -6.7299 -6.3474 -5.9923 -5.6588 -5.3416 -4.5513 -3.7832 -3.0694 -2.4548 -1.9217
 -1.4641 -1.0946 -0.8152 -0.6120 -0.4666 -0.3623 -0.2876 -0.2343 -0.1964 -0.1695
 -0.1499
-10.1847-10.1448-10.0816 -9.9689 -9.7679 -9.4392 -8.9825 -8.4472 -7.8993 -7.3794
 -6.9040 -6.4729 -6.0795 -5.7160 -5.3751 -4.5720 -3.8460 -3.1595 -2.5402 -2.0036
 -1.5404 -1.1543 -0.8473 -0.6128 -0.4382 -0.3099 -0.2162 -0.1478 -0.0981 -0.0624
 -0.0370
-10.0850-10.0653-10.0311 -9.9753 -9.8595 -9.6450 -9.3028 -8.8301 -8.2797 -7.7162
 -7.1818 -6.6930 -6.2504 -5.8473 -5.4820 -4.6058 -3.9037 -3.2701 -2.6459
 [Fe/H] = -1.50 [alpha/Fe] = 0.40 BC value = F275W
-10.6539-10.5664-10.4959-10.4349-10.3791-10.3145-10.2268-10.1101 -9.9778 -9.8335
 -9.6719 -9.4766 -9.2272 -8.9221 -8.5769 -7.6325 -6.6172 -5.5953 -4.6866
-10.3926-10.2604-10.1567-10.0749-10.0056 -9.9376 -9.8565 -9.7516 -9.6290 -9.4849
 -9.3074 -9.0730 -8.7602 -8.3808 -7.9702 -6.9303 -5.9234 -4.9913 -4.1655 -3.4841
-10.1920 -9.9998 -9.8370 -9.7096 -9.6121 -9.5305 -9.4471 -9.3463 -9.2249 -9.0757
 -8.8837 -8.6234 -8.2694 -7.8392 -7.3849 -6.2969 -5.3183 -4.4548 -3.7038 -3.0751
 -2.5966
-10.0211 -9.7592 -9.5606 -9.3833 -9.2321 -9.1110 -9.0073 -8.8958 -8.7634 -8.6000
 -8.3914 -8.1179 -7.7553 -7.3083 -6.8345 -5.7391 -4.8002 -3.9947 -3.3058 -2.7253
 -2.2792 -1.9577
 -9.9449 -9.6172 -9.3273 -9.0764 -8.8661 -8.6974 -8.5641 -8.4365 -8.2895 -8.1096
 -7.8868 -7.6104 -7.2653 -6.8395 -6.3707 -5.2905 -4.3913 -3.6313 -2.9874 -2.4439
 -2.0186 -1.7127 -1.4976 -1.3446
-10.0222 -9.6466 -9.2776 -8.9346 -8.6319 -8.3722 -8.1611 -7.9965 -7.8462 -7.6761
 -7.4600 -7.1881 -6.8649 -6.4833 -6.0412 -4.9786 -4.1066 -3.3767 -2.7597 -2.2383
 -1.8213 -1.5169 -1.3042 -1.1549 -1.0478 -0.9682 -0.9062 -0.8566 -0.8116 -0.7552
-10.1938 -9.8012 -9.3903 -8.9884 -8.6127 -8.2747 -7.9786 -7.7203 -7.4925 -7.2897
 -7.0982 -6.8780 -6.5920 -6.2461 -5.8499 -4.8077 -3.9436 -3.2285 -2.6237 -2.1109
 -1.6907 -1.3751 -1.1524 -0.9966 -0.8859 -0.8052 -0.7447 -0.6970 -0.6579 -0.6235
 -0.5787
-10.3977-10.0491 -9.6307 -9.1875 -8.7537 -8.3476 -7.9779 -7.6474 -7.3523 -7.0841
 -6.8347 -6.5992 -6.3646 -6.0930 -5.7555 -4.7650 -3.8887 -3.1737 -2.5702 -2.0568
 -1.6431 -1.2903 -1.0462 -0.8740 -0.7518 -0.6634 -0.5985 -0.5487 -0.5098 -0.4791
 -0.4545
-10.5073-10.2801 -9.9360 -9.5044 -9.0327 -8.5645 -8.1238 -7.7215 -7.3584 -7.0310
 -6.7310 -6.4499 -6.1825 -5.9238 -5.6519 -4.7960 -3.9171 -3.1882 -2.5794 -2.0602
 -1.6182 -1.2576 -0.9847 -0.7878 -0.6469 -0.5449 -0.4706 -0.4155 -0.3738 -0.3412
 -0.3165
-10.5190-10.3915-10.1747 -9.8515 -9.4204 -8.9264 -8.4230 -7.9463 -7.5093 -7.1149
 -6.7588 -6.4328 -6.1287 -5.8406 -5.5622 -4.8253 -4.0183 -3.2714 -2.6488 -2.1199
 -1.6661 -1.2834 -0.9786 -0.7497 -0.5823 -0.4601 -0.3705 -0.3043 -0.2550 -0.2179
 -0.1889
-10.4673-10.3980-10.2694-10.0758 -9.7738 -9.3504 -8.8416 -8.3079 -7.7954 -7.3257
 -6.9022 -6.5209 -6.1735 -5.8519 -5.5484 -4.8195 -4.1054 -3.3905 -2.7521 -2.2106
 -1.7458 -1.3465 -1.0154 -0.7548 -0.5573 -0.4099 -0.3005 -0.2189 -0.1579 -0.1124
 -0.0780
-10.3811-10.3364-10.2634-10.1568 -9.9805 -9.6952 -9.2805 -8.7632 -8.2058 -7.6640
 -7.1649 -6.7160 -6.3131 -5.9477 -5.6105 -4.7786 -4.1784 -3.5455 -2.8893
 [Fe/H] = -1.00 [alpha/Fe] = 0.40 BC value = F275W
-10.9047-10.8385-10.7776-10.7132-10.6420-10.5435-10.3962-10.1941 -9.9723 -9.7573
 -9.5611 -9.3791 -9.1905 -8.9694 -8.7027 -7.8752 -6.9240 -5.9563 -5.0564
-10.5257-10.4347-10.3596-10.2898-10.2152-10.1249-10.0021 -9.8312 -9.6374 -9.4349
 -9.2313 -9.0232 -8.7898 -8.5083 -8.1742 -7.2161 -6.2315 -5.3229 -4.5297 -3.8544
-10.1748-10.0393 -9.9340 -9.8475 -9.7676 -9.6825 -9.5770 -9.4348 -9.2666 -9.0788
 -8.8727 -8.6433 -8.3733 -8.0451 -7.6641 -6.6346 -5.6555 -4.7946 -4.0669 -3.4518
 -2.9409
 -9.9282 -9.7183 -9.5508 -9.4220 -9.3192 -9.2266 -9.1278 -9.0038 -8.8537 -8.6782
 -8.4739 -8.2331 -7.9418 -7.5885 -7.1840 -6.1315 -5.1779 -4.3579 -3.6751 -3.1043
 -2.6290 -2.2598
 -9.7637 -9.5061 -9.2830 -9.0886 -8.9295 -8.8013 -8.6914 -8.5714 -8.4288 -8.2600
 -8.0594 -7.8187 -7.5261 -7.1726 -6.7675 -5.7227 -4.8002 -4.0143 -3.3601 -2.8181
 -2.3680 -2.0145 -1.7535 -1.5623
 -9.7555 -9.4022 -9.0900 -8.8258 -8.6100 -8.4375 -8.2989 -8.1785 -8.0413 -7.8784
 -7.6841 -7.4521 -7.1734 -6.8388 -6.4502 -5.4252 -4.5267 -3.7665 -3.1286 -2.6011
 -2.1645 -1.8166 -1.5574 -1.3691 -1.2300 -1.1229 -1.0368 -0.9649 -0.8991 -0.8228
 -9.9038 -9.4920 -9.1029 -8.7500 -8.4429 -8.1835 -7.9705 -7.8049 -7.6723 -7.5370
 -7.3714 -7.1623 -6.9067 -6.5995 -6.2436 -5.2439 -4.3548 -3.6103 -2.9813 -2.4570
 -2.0232 -1.6717 -1.4036 -1.2081 -1.0652 -0.9576 -0.8733 -0.8047 -0.7465 -0.6930
 -0.6294
-10.1644 -9.7208 -9.2768 -8.8577 -8.4753 -8.1381 -7.8477 -7.6021 -7.3956 -7.2177
 -7.0550 -6.8893 -6.6904 -6.4354 -6.1229 -5.1726 -4.2785 -3.5366 -2.9106 -2.3828
 -1.9432 -1.5814 -1.2967 -1.0846 -0.9294 -0.8141 -0.7264 -0.6569 -0.5993 -0.5517
 -0.5053
-10.4590-10.0601 -9.5917 -9.1152 -8.6650 -8.2557 -7.8925 -7.5757 -7.3011 -7.0603
 -6.8420 -6.6378 -6.4416 -6.2398 -6.0025 -5.1822 -4.2812 -3.5292 -2.8999 -2.3659
 -1.9155 -1.5388 -1.2334 -0.9983 -0.8238 -0.6947 -0.5979 -0.5233 -0.4641 -0.4157
 -0.3756
-10.6682-10.3972-10.0094 -9.5325 -9.0280 -8.5440 -8.1030 -7.7099 -7.3627 -7.0565
 -6.7824 -6.5304 -6.2927 -6.0642 -5.8395 -5.1950 -4.3676 -3.5944 -2.9540 -2.4105
 -1.9466 -1.5527 -1.2243 -0.9617 -0.7612 -0.6112 -0.4989 -0.4133 -0.3470 -0.2947
 -0.2524
-10.7111-10.5711-10.3251 -9.9761 -9.5146 -8.9955 -8.4798 -8.0017 -7.5713 -7.1890
 -6.8484 -6.5417 -6.2601 -5.9957 -5.7425 -5.1322 -4.4556 -3.7098 -3.0500 -2.4942
 -2.0169 -1.6068 -1.2576 -0.9686 -0.7398 -0.5644 -0.4315 -0.3302 -0.2524 -0.1920
 -0.1442
-10.6713-10.5735-10.4418-10.2421 -9.9313 -9.5009 -8.9874 -8.4491 -7.9344 -7.4646
 -7.0440 -6.6686 -6.3310 -6.0229 -5.7115 -4.9938 -4.5452 -3.8754 -3.1879
 [Fe/H] = -0.75 [alpha/Fe] = 0.40 BC value = F275W
-11.0967-11.0413-10.9845-10.9164-10.8191-10.6822-10.4988-10.2636 -9.9892 -9.7370
 -9.5220 -9.3392 -9.1705 -8.9893 -8.7724 -8.0449 -7.1364 -6.1866 -5.2981
-10.6814-10.6068-10.5400-10.4703-10.3868-10.2777-10.1249 -9.9086 -9.6668 -9.4278
 -9.2058 -9.0023 -8.8012 -8.5741 -8.2995 -7.4343 -6.4669 -5.5472 -4.7464 -4.0696
-10.2779-10.1709-10.0839-10.0052 -9.9233 -9.8264 -9.6994 -9.5234 -9.3167 -9.0970
 -8.8751 -8.6545 -8.4240 -8.1597 -7.8443 -6.9006 -5.9235 -5.0384 -4.2918 -3.6726
 -3.1527
 -9.9454 -9.7796 -9.6512 -9.5478 -9.4557 -9.3614 -9.2515 -9.1071 -8.9314 -8.7338
 -8.5199 -8.2910 -8.0403 -7.7516 -7.4130 -6.4380 -5.4778 -4.6264 -3.9157 -3.3333
 -2.8474 -2.4545
 -9.7653 -9.5278 -9.3229 -9.1581 -9.0286 -8.9194 -8.8115 -8.6853 -8.5315 -8.3532
 -8.1514 -7.9245 -7.6672 -7.3698 -7.0250 -6.0518 -5.1193 -4.3013 -3.6143 -3.0534
 -2.5901 -2.2134 -1.9238 -1.7052
 -9.6657 -9.3600 -9.1039 -8.8889 -8.7042 -8.5482 -8.4215 -8.2992 -8.1581 -7.9937
 -7.8045 -7.5872 -7.3364 -7.0453 -6.7088 -5.7545 -4.8477 -4.0588 -3.3889 -2.8380
 -2.3857 -2.0165 -1.7288 -1.5134 -1.3517 -1.2256 -1.1237 -1.0375 -0.9573 -0.8680
 -9.7640 -9.3723 -9.0183 -8.7121 -8.4545 -8.2416 -8.0709 -7.9400 -7.8183 -7.6760
 -7.5059 -7.3055 -7.0711 -6.7977 -6.4798 -5.5543 -4.6635 -3.8958 -3.2387 -2.6904
 -2.2391 -1.8689 -1.5749 -1.3520 -1.1861 -1.0597 -0.9598 -0.8769 -0.8062 -0.7398
 -0.6640
 -9.9981 -9.5528 -9.1284 -8.7401 -8.3973 -8.1018 -7.8517 -7.6455 -7.4826 -7.3427
 -7.2044 -7.0471 -6.8532 -6.6149 -6.3301 -5.4500 -4.5645 -3.8058 -3.1575 -2.6080
 -2.1504 -1.7727 -1.4661 -1.2289 -1.0498 -0.9157 -0.8120 -0.7293 -0.6608 -0.6011
 -0.5465
-10.3279 -9.8689 -9.3908 -8.9328 -8.5138 -8.1417 -7.8181 -7.5415 -7.3074 -7.1071
 -6.9273 -6.7589 -6.5934 -6.4126 -6.1921 -5.4214 -4.5386 -3.7765 -3.1308 -2.5786
 -2.1118 -1.7213 -1.3986 -1.1410 -0.9442 -0.7962 -0.6838 -0.5959 -0.5253 -0.4666
 -0.4168
-10.6430-10.2768 -9.8111 -9.3041 -8.8098 -8.3578 -7.9565 -7.6063 -7.3031 -7.0399
 -6.8061 -6.5908 -6.3869 -6.1910 -5.9970 -5.4085 -4.5937 -3.8181 -3.1668 -2.6095
 -2.1314 -1.7249 -1.3834 -1.1030 -0.8823 -0.7138 -0.5860 -0.4874 -0.4099 -0.3469
 -0.2961
-10.7817-10.5669-10.2479 -9.8034 -9.2841 -8.7575 -8.2686 -7.8325 -7.4496 -7.1143
 -6.8183 -6.5518 -6.3053 -6.0722 -5.8487 -5.3098 -4.6659 -3.9117 -3.2457 -2.6801
 -2.1915 -1.7701 -1.4103 -1.1079 -0.8619 -0.6690 -0.5206 -0.4063 -0.3172 -0.2469
 -0.1844
-10.7440-10.6582-10.4792-10.2074 -9.8063 -9.3013 -8.7575 -8.2333 -7.7577 -7.3354
 -6.9625 -6.6311 -6.3323 -6.0576 -5.7472 -5.1253 -4.7552 -4.0573 -3.3675
 [Fe/H] = -0.50 [alpha/Fe] = 0.40 BC value = F275W
-11.3133-11.2750-11.2253-11.1567-11.0376-10.8612-10.6288-10.3419-10.0201 -9.7347
 -9.5016 -9.3126 -9.1548 -9.0037 -8.8343 -8.2354 -7.3964 -6.4554 -5.5288
-10.8811-10.8233-10.7652-10.6953-10.6013-10.4689-10.2783-10.0079 -9.7149 -9.4382
 -9.1968 -8.9906 -8.8087 -8.6256 -8.4128 -7.6844 -6.7634 -5.8279 -5.0028 -4.3100
-10.4453-10.3618-10.2887-10.2145-10.1272-10.0144 -9.8597 -9.6411 -9.3865 -9.1293
 -8.8874 -8.6668 -8.4616 -8.2505 -8.0060 -7.2026 -6.2594 -5.3471 -4.5634 -3.9221
 -3.3906
-10.0496 -9.9238 -9.8233 -9.7352 -9.6464 -9.5448 -9.4169 -9.2428 -9.0288 -8.7975
 -8.5657 -8.3388 -8.1162 -7.8836 -7.6189 -6.7829 -5.8490 -4.9663 -4.2106 -3.5975
 -3.0949 -2.6799
 -9.7871 -9.5842 -9.4245 -9.2986 -9.1919 -9.0887 -8.9743 -8.8320 -8.6533 -8.4503
 -8.2342 -8.0107 -7.7799 -7.5348 -7.2599 -6.4193 -5.5099 -4.6629 -3.9298 -3.3324
 -2.8461 -2.4462 -2.1263 -1.8784
 -9.6497 -9.4020 -9.1814 -8.9860 -8.8221 -8.6888 -8.5700 -8.4427 -8.2897 -8.1109
 -7.9131 -7.6996 -7.4706 -7.2227 -6.9467 -6.1188 -5.2368 -4.4251 -3.7144 -3.1251
 -2.6459 -2.2526 -1.9349 -1.6876 -1.4981 -1.3495 -1.2283 -1.1260 -1.0313 -0.9289
 -9.6544 -9.3023 -9.0032 -8.7561 -8.5508 -8.3758 -8.2250 -8.0990 -7.9644 -7.8065
 -7.6266 -7.4271 -7.2075 -6.9659 -6.6965 -5.8926 -5.0324 -4.2497 -3.5606 -2.9768
 -2.4974 -2.1033 -1.7818 -1.5274 -1.3328 -1.1830 -1.0637 -0.9646 -0.8800 -0.8009
 -0.7136
 -9.8400 -9.4133 -9.0213 -8.6767 -8.3828 -8.1357 -7.9290 -7.7609 -7.6309 -7.5032
 -7.3583 -7.1891 -6.9927 -6.7684 -6.5141 -5.7448 -4.9007 -4.1349 -3.4642 -2.8855
 -2.4014 -2.0004 -1.6701 -1.4037 -1.1970 -1.0390 -0.9162 -0.8166 -0.7338 -0.6625
 -0.5969
-10.1480 -9.6759 -9.2148 -8.7889 -8.4094 -8.0800 -7.7983 -7.5593 -7.3614 -7.1980
 -7.0488 -6.9033 -6.7505 -6.5753 -6.3651 -5.6635 -4.8357 -4.0748 -3.4146 -2.8402
 -2.3498 -1.9385 -1.5958 -1.3146 -1.0918 -0.9201 -0.7883 -0.6808 -0.5927 -0.5223
 -0.4679
-10.5302-10.0837 -9.5844 -9.0862 -8.6240 -8.2113 -7.8514 -7.5416 -7.2772 -7.0514
 -6.8524 -6.6689 -6.4954 -6.3284 -6.1588 -5.6197 -4.8454 -4.0827 -3.4238 -2.8516
 -2.3547 -1.9300 -1.5718 -1.2729 -1.0301 -0.8393 -0.6923 -0.5775 -0.4862 -0.4110
 -0.3493
-10.7906-10.4939-10.0741 -9.5652 -9.0327 -8.5306 -8.0811 -7.6891 -7.3502 -7.0576
 -6.8015 -6.5708 -6.3565 -6.1535 -5.9604 -5.4927 -4.8876 -4.1423 -3.4764 -2.9020
 -2.4000 -1.9633 -1.5892 -1.2724 -1.0089 -0.7963 -0.6295 -0.4989 -0.3960 -0.3136
 -0.2411
-10.8679-10.6971-10.4518-10.0857 -9.5953 -9.0474 -8.5087 -8.0185 -7.5879 -7.2131
 -6.8859 -6.5962 -6.3342 -6.0918 -5.7699 -5.2825 -4.9623 -4.2536 -3.5724
 [Fe/H] = -0.25 [alpha/Fe] = 0.40 BC value = F275W
-11.5324-11.5129-11.4911-11.4367-11.3194-11.1153-10.8053-10.4116-10.0584 -9.7525
 -9.5018 -9.3046 -9.1483 -9.0140 -8.8797 -8.4212 -7.6884 -6.7730 -5.8189
-11.1039-11.0689-11.0197-10.9532-10.8499-10.6904-10.4511-10.1151 -9.7725 -9.4666
 -9.2065 -8.9928 -8.8176 -8.6615 -8.4978 -7.9284 -7.1019 -6.1665 -5.3076 -4.5857
-10.6552-10.5934-10.5338-10.4638-10.3703-10.2380-10.0482 -9.7772 -9.4692 -9.1749
 -8.9124 -8.6850 -8.4895 -8.3112 -8.1240 -7.4905 -6.6339 -5.7158 -4.8889 -4.2093
 -3.6562
-10.2217-10.1269-10.0470 -9.9691 -9.8801 -9.7672 -9.6156 -9.4030 -9.1399 -8.8685
 -8.6129 -8.3795 -8.1684 -7.9710 -7.7662 -7.1043 -6.2532 -5.3656 -4.5628 -3.9042
 -3.3733 -2.9352
 -9.8699 -9.7178 -9.5991 -9.4997 -9.4048 -9.3004 -9.1732 -9.0060 -8.7899 -8.5489
 -8.3080 -8.0773 -7.8583 -7.6470 -7.4299 -6.7601 -5.9304 -5.0823 -4.3057 -3.6584
 -3.1374 -2.7110 -2.3618 -2.0817
 -9.6533 -9.4695 -9.2730 -9.1144 -8.9857 -8.8714 -8.7530 -8.6137 -8.4377 -8.2294
 -8.0082 -7.7864 -7.5671 -7.3487 -7.1242 -6.4575 -5.6541 -4.8477 -4.1021 -3.4649
 -2.9467 -2.5236 -2.1762 -1.8952 -1.6735 -1.4974 -1.3535 -1.2309 -1.1179 -0.9992
 -9.5967 -9.3082 -9.0740 -8.8733 -8.6915 -8.5295 -8.3902 -8.2594 -8.1098 -7.9309
 -7.7311 -7.5220 -7.3081 -7.0894 -6.8623 -6.2063 -5.4273 -4.6560 -3.9441 -3.3196
 -2.8010 -2.3755 -2.0246 -1.7378 -1.5100 -1.3312 -1.1878 -1.0696 -0.9682 -0.8725
 -0.7702
 -9.7086 -9.3144 -8.9695 -8.6814 -8.4453 -8.2492 -8.0816 -7.9349 -7.8065 -7.6591
 -7.4864 -7.2951 -7.0920 -6.8784 -6.6538 -6.0146 -5.2580 -4.5106 -3.8285 -3.2193
 -2.7002 -2.2687 -1.9106 -1.6144 -1.3760 -1.1889 -1.0419 -0.9223 -0.8227 -0.7365
 -0.6557
 -9.9678 -9.5091 -9.0784 -8.6932 -8.3611 -8.0808 -7.8445 -7.6448 -7.4807 -7.3445
 -7.2053 -7.0548 -6.8879 -6.7005 -6.4921 -5.8792 -5.1455 -4.4114 -3.7481 -3.1545
 -2.6363 -2.1977 -1.8299 -1.5228 -1.2713 -1.0716 -0.9154 -0.7908 -0.6892 -0.6039
 -0.5299
-10.3492 -9.8576 -9.3740 -8.9061 -8.4842 -8.1156 -7.7996 -7.5302 -7.3008 -7.1074
 -6.9385 -6.7791 -6.6251 -6.4714 -6.3088 -5.7972 -5.1012 -4.3764 -3.7218 -3.1394
 -2.6231 -2.1762 -1.7964 -1.4760 -1.2092 -0.9930 -0.8220 -0.6871 -0.5788 -0.4890
 -0.4139
-10.7185-10.3295 -9.8405 -9.3134 -8.8045 -8.3427 -7.9380 -7.5891 -7.2908 -7.0351
 -6.8126 -6.6118 -6.4245 -6.2479 -6.0805 -5.6641 -5.0988 -4.3914 -3.7379 -3.1607
 -2.6471 -2.1938 -1.8020 -1.4676 -1.1851 -0.9510 -0.7620 -0.6117 -0.4918 -0.3947
 -0.3077
-10.8993-10.6691-10.3351 -9.8713 -9.3301 -8.7831 -8.2775 -7.8320 -7.4472 -7.1163
 -6.8298 -6.5765 -6.3462 -6.1321 -5.8072 -5.4799 -5.1383 -4.4564 -3.7964
 [Fe/H] =  0.00 [alpha/Fe] = 0.40 BC value = F275W
-11.7314-11.7339-11.7046-11.6192-11.4657-11.2250-10.8890-10.4484-10.0994 -9.7858
 -9.5216 -9.3133 -9.1524 -9.0241 -8.9106 -8.5697 -7.9814 -7.1283 -6.1454
-11.3247-11.3088-11.2811-11.2251-11.1191-10.9314-10.6267-10.2107 -9.8362 -9.5089
 -9.2334 -9.0102 -8.8328 -8.6881 -8.5551 -8.1323 -7.4425 -6.5449 -5.6555 -4.8968
-10.8811-10.8420-10.7987-10.7369-10.6399-10.4872-10.2533 -9.9198 -9.5576 -9.2309
 -8.9493 -8.7125 -8.5162 -8.3525 -8.2004 -7.7253 -7.0005 -6.1185 -5.2601 -4.5360
 -3.9497
-10.4313-10.3634-10.3020-10.2338-10.1444-10.0181 -9.8368 -9.5764 -9.2580 -8.9447
 -8.6638 -8.4201 -8.2087 -8.0266 -7.8579 -7.3562 -6.6345 -5.7883 -4.9592 -4.2525
 -3.6833 -3.2171
-10.0234 -9.9125 -9.8233 -9.7417 -9.6532 -9.5436 -9.3985 -9.1988 -8.9360 -8.6490
 -8.3779 -8.1330 -7.9137 -7.7175 -7.5348 -7.0206 -6.3183 -5.5162 -4.7220 -4.0276
 -3.4636 -3.0051 -2.6262 -2.3126
 -9.7565 -9.5670 -9.4190 -9.3012 -9.1977 -9.0916 -8.9671 -8.8086 -8.5999 -8.3497
 -8.0947 -7.8558 -7.6352 -7.4305 -7.2370 -6.7165 -6.0379 -5.2796 -4.5276 -3.8487
 -3.2859 -2.8271 -2.4491 -2.1353 -1.8782 -1.6689 -1.4972 -1.3537 -1.2205 -1.0848
 -9.6209 -9.3928 -9.1850 -8.9979 -8.8373 -8.7013 -8.5753 -8.4378 -8.2695 -8.0603
 -7.8284 -7.5990 -7.3809 -7.1725 -6.9720 -6.4477 -5.7918 -5.0720 -4.3634 -3.7074
 -3.1464 -2.6838 -2.3016 -1.9830 -1.7207 -1.5083 -1.3359 -1.1940 -1.0732 -0.9595
 -0.8413
 -9.6161 -9.2718 -8.9906 -8.7678 -8.5834 -8.4174 -8.2600 -8.1141 -7.9679 -7.7936
 -7.5893 -7.3733 -7.1601 -6.9525 -6.7485 -6.2230 -5.5890 -4.8963 -4.2260 -3.5984
 -3.0439 -2.5766 -2.1871 -1.8606 -1.5899 -1.3696 -1.1931 -1.0494 -0.9290 -0.8257
 -0.7286
 -9.8037 -9.3808 -8.9904 -8.6551 -8.3786 -8.1525 -7.9638 -7.8077 -7.6666 -7.5221
 -7.3591 -7.1721 -6.9735 -6.7713 -6.5679 -6.0440 -5.4304 -4.7559 -4.1114 -3.5112
 -2.9678 -2.4982 -2.1015 -1.7666 -1.4857 -1.2549 -1.0694 -0.9205 -0.7979 -0.6945
 -0.6054
-10.1527 -9.6639 -9.2030 -8.7738 -8.3973 -8.0771 -7.8081 -7.5856 -7.3975 -7.2313
 -7.0763 -6.9230 -6.7629 -6.5954 -6.4175 -5.9205 -5.3317 -4.6744 -4.0437 -3.4641
 -2.9341 -2.4639 -2.0592 -1.7143 -1.4221 -1.1781 -0.9795 -0.8198 -0.6904 -0.5824
 -0.4925
-10.5683-10.1106 -9.6006 -9.0928 -8.6228 -8.2066 -7.8481 -7.5430 -7.2829 -7.0602
 -6.8668 -6.6908 -6.5226 -6.3602 -6.2035 -5.8008 -5.2758 -4.6400 -4.0162 -3.4482
 -2.9302 -2.4627 -2.0516 -1.6967 -1.3930 -1.1356 -0.9220 -0.7481 -0.6074 -0.4925
 -0.3899
-10.8608-10.5583-10.1300 -9.6095 -9.0649 -8.5503 -8.0908 -7.6923 -7.3516 -7.0604
 -6.8088 -6.5857 -6.3812 -6.1902 -5.9259 -5.6849 -5.2627 -4.6527 -4.0289
 [Fe/H] =  0.25 [alpha/Fe] = 0.40 BC value = F275W
-11.9048-11.9329-11.8465-11.6701-11.4267-11.1356-10.8127-10.4717-10.1311 -9.8245
 -9.5543 -9.3359 -9.1668 -9.0373 -8.9321 -8.6728 -8.2302 -7.4830 -6.5003
-11.5246-11.5329-11.5441-11.5131-11.3951-11.1547-10.7634-10.2686 -9.8871 -9.5563
 -9.2725 -9.0405 -8.8560 -8.7123 -8.5932 -8.2801 -7.7446 -6.9293 -6.0280 -5.2322
-11.0990-11.0840-11.0606-11.0127-10.9191-10.7492-10.4627-10.0428 -9.6349 -9.2895
 -8.9949 -8.7497 -8.5479 -8.3860 -8.2502 -7.8954 -7.3223 -6.5166 -5.6502 -4.8872
 -4.2641
-10.6507-10.6085-10.5668-10.5111-10.4246-10.2864-10.0703 -9.7503 -9.3676 -9.0187
 -8.7190 -8.4628 -8.2482 -8.0684 -7.9158 -7.5329 -6.9582 -6.1918 -5.3669 -4.6239
 -4.0152 -3.5174
-10.2161-10.1410-10.0726-10.0063 -9.9235 -9.8079 -9.6411 -9.4001 -9.0808 -8.7433
 -8.4442 -8.1842 -7.9609 -7.7672 -7.5992 -7.1963 -6.6367 -5.9171 -5.1409 -4.4176
 -3.8136 -3.3201 -2.9108 -2.5665
 -9.9063 -9.7257 -9.6197 -9.5307 -9.4423 -9.3385 -9.2034 -9.0196 -8.7691 -8.4684
 -8.1757 -7.9161 -7.6891 -7.4870 -7.3067 -6.8871 -6.3472 -5.6722 -4.9484 -4.2515
 -3.6504 -3.1552 -2.7452 -2.4010 -2.1108 -1.8672 -1.6643 -1.4943 -1.3375 -1.1837
 -9.6976 -9.4781 -9.2952 -9.1452 -9.0220 -8.9096 -8.7881 -8.6388 -8.4449 -8.1962
 -7.9225 -7.6663 -7.4370 -7.2306 -7.0423 -6.6072 -6.0856 -5.4478 -4.7750 -4.1136
 -3.5196 -3.0207 -2.6057 -2.2573 -1.9628 -1.7158 -1.5099 -1.3392 -1.1953 -1.0606
 -0.9256
 -9.5801 -9.3067 -9.0934 -8.9108 -8.7396 -8.5799 -8.4330 -8.2919 -8.1312 -7.9310
 -7.6910 -7.4442 -7.2150 -7.0048 -6.8111 -6.3623 -5.8555 -5.2476 -4.6168 -3.9948
 -3.4168 -2.9166 -2.4948 -2.1396 -1.8380 -1.5836 -1.3730 -1.1987 -1.0540 -0.9308
 -0.8150
 -9.6928 -9.2995 -8.9603 -8.6861 -8.4706 -8.2964 -8.1433 -7.9942 -7.8456 -7.6786
 -7.4771 -7.2500 -7.0243 -6.8129 -6.6149 -6.1543 -5.6588 -5.0726 -4.4699 -3.8849
 -3.3301 -2.8337 -2.4077 -2.0450 -1.7356 -1.4730 -1.2545 -1.0751 -0.9267 -0.8020
 -0.6953
 -9.9740 -9.5131 -9.0796 -8.6948 -8.3688 -8.1010 -7.8814 -7.6974 -7.5404 -7.3969
 -7.2481 -7.0668 -6.8661 -6.6638 -6.4663 -5.9982 -5.5133 -4.9484 -4.3633 -3.8051
 -3.2754 -2.7879 -2.3590 -1.9888 -1.6705 -1.3980 -1.1690 -0.9796 -0.8241 -0.6935
 -0.5869
-10.3725 -9.8916 -9.3935 -8.9208 -8.4952 -8.1265 -7.8154 -7.5541 -7.3323 -7.1425
 -6.9765 -6.8182 -6.6508 -6.4798 -6.3093 -5.8782 -5.4082 -4.8657 -4.2922 -3.7489
 -3.2402 -2.7658 -2.3380 -1.9622 -1.6356 -1.3535 -1.1133 -0.9122 -0.7463 -0.6098
 -0.4956
-10.7553-10.3728 -9.8853 -9.3547 -8.8386 -8.3692 -7.9583 -7.6065 -7.3083 -7.0539
 -6.8332 -6.6366 -6.4532 -6.2762 -6.1439 -5.7943 -5.3435 -4.8245 -4.2566
 [Fe/H] =  0.50 [alpha/Fe] = 0.40 BC value = F275W
-12.0525-12.1098-11.9166-11.5892-11.2024-10.8469-10.5765-10.4810-10.1636 -9.8680
 -9.5957 -9.3672 -9.1900 -9.0545 -8.9489 -8.7363 -8.4196 -7.8005 -6.9250
-11.7036-11.7412-11.7433-11.7331-11.5630-11.2487-10.8040-10.3005 -9.9327 -9.6069
 -9.3197 -9.0792 -8.8867 -8.7372 -8.6206 -8.3750 -7.9847 -7.2861 -6.4146 -5.5731
-11.3089-11.3194-11.3010-11.2713-11.1878-11.0074-10.6612-10.1208 -9.6947 -9.3481
 -9.0464 -8.7935 -8.5851 -8.4182 -8.2856 -8.0062 -7.5817 -6.8831 -6.0320 -5.2396
 -4.5831
-10.8584-10.8415-10.8210-10.7816-10.7036-10.5585-10.3060 -9.9074 -9.4596 -9.0871
 -8.7739 -8.5115 -8.2903 -8.1071 -7.9568 -7.6467 -7.2159 -6.5536 -5.7567 -4.9915
 -4.3497 -3.8223
-10.4179-10.3681-10.3254-10.2752-10.2009-10.0819 -9.8925 -9.6017 -9.2098 -8.8322
 -8.5080 -8.2358 -8.0064 -7.8101 -7.6445 -7.3063 -6.8827 -6.2659 -5.5311 -4.7985
 -4.1647 -3.6405 -3.2027 -2.8312
-10.0197 -9.9223 -9.8475 -9.7800 -9.7037 -9.6013 -9.4539 -9.2395 -8.9364 -8.5781
 -8.2533 -7.9732 -7.7374 -7.5330 -7.3552 -6.9907 -6.5779 -6.0042 -5.3310 -4.6401
 -4.0155 -3.4905 -3.0510 -2.6793 -2.3608 -2.0861 -1.8518 -1.6516 -1.4681 -1.2941
 -9.7661 -9.5871 -9.4470 -9.3387 -9.2441 -9.1449 -9.0217 -8.8564 -8.6298 -8.3309
 -8.0125 -7.7298 -7.4871 -7.2768 -7.0915 -6.7034 -6.2986 -5.7624 -5.1436 -4.5011
 -3.8933 -3.3670 -2.9236 -2.5476 -2.2253 -1.9467 -1.7083 -1.5061 -1.3342 -1.1753
 -1.0221
 -9.6242 -9.4127 -9.2194 -9.0437 -8.8889 -8.7553 -8.6287 -8.4883 -8.3109 -8.0790
 -7.7942 -7.5127 -7.2628 -7.0465 -6.8552 -6.4471 -6.0464 -5.5397 -4.9647 -4.3705
 -3.7899 -3.2675 -2.8200 -2.4375 -2.1097 -1.8255 -1.5815 -1.3741 -1.1996 -1.0519
 -0.9146
 -9.6173 -9.2753 -9.0012 -8.7930 -8.6270 -8.4764 -8.3249 -8.1701 -8.0100 -7.8222
 -7.5882 -7.3226 -7.0688 -6.8451 -6.6476 -6.2224 -5.8201 -5.3365 -4.7914 -4.2380
 -3.6912 -3.1808 -2.7322 -2.3454 -2.0112 -1.7206 -1.4704 -1.2582 -1.0790 -0.9277
 -0.8002
 -9.8309 -9.4007 -9.0090 -8.6753 -8.4041 -8.1912 -8.0202 -7.8743 -7.7359 -7.5840
 -7.3989 -7.1699 -6.9238 -6.6941 -6.4879 -6.0446 -5.6389 -5.1756 -4.6526 -4.1285
 -3.6153 -3.1237 -2.6781 -2.2868 -1.9460 -1.6484 -1.3902 -1.1690 -0.9832 -0.8273
 -0.6959
-10.1797 -9.7051 -9.2367 -8.8040 -8.4241 -8.1042 -7.8410 -7.6238 -7.4419 -7.2849
 -7.1402 -6.9810 -6.7819 -6.5680 -6.3623 -5.9077 -5.4959 -5.0493 -4.5437 -4.0365
 -3.5493 -3.0805 -2.6436 -2.2515 -1.9055 -1.6012 -1.3358 -1.1064 -0.9119 -0.7487
 -0.6117
-10.5939-10.1559 -9.6525 -9.1438 -8.6691 -8.2461 -7.8827 -7.5765 -7.3189 -7.0995
 -6.9090 -6.7383 -6.5703 -6.3911 -6.2708 -5.8117 -5.3911 -4.9576 -4.4647
