 [Fe/H] = -2.50 [alpha/Fe] = 0.40 BC value = F475W
 -4.8003 -4.5371 -4.3657 -4.1652 -3.9205 -3.7140 -3.6036 -3.5338 -3.4252 -3.2559
 -3.0575 -2.8396 -2.6194 -2.4105 -2.2097 -1.7504 -1.3519 -1.0325 -0.7738
 -4.4828 -4.1486 -3.9010 -3.6947 -3.5208 -3.3762 -3.2521 -3.1358 -3.0146 -2.8804
 -2.7278 -2.5532 -2.3609 -2.1671 -1.9848 -1.5844 -1.2461 -0.9697 -0.7518 -0.5851
 -4.2679 -3.9004 -3.6103 -3.3890 -3.2300 -3.1007 -2.9715 -2.8424 -2.7174 -2.5950
 -2.4641 -2.3186 -2.1533 -1.9773 -1.8104 -1.4540 -1.1624 -0.9222 -0.7347 -0.5883
 -0.4692
 -4.1556 -3.7925 -3.4936 -3.2481 -3.0481 -2.8875 -2.7618 -2.6536 -2.5336 -2.3997
 -2.2664 -2.1358 -1.9966 -1.8411 -1.6865 -1.3592 -1.1008 -0.8900 -0.7226 -0.5905
 -0.4818 -0.3884
 -4.0703 -3.7246 -3.4335 -3.1866 -2.9754 -2.7945 -2.6396 -2.5062 -2.3898 -2.2774
 -2.1502 -2.0141 -1.8828 -1.7462 -1.6037 -1.2953 -1.0580 -0.8686 -0.7177 -0.5975
 -0.4980 -0.4118 -0.3345 -0.2639
 -3.9771 -3.6595 -3.3863 -3.1485 -2.9390 -2.7526 -2.5860 -2.4369 -2.3023 -2.1786
 -2.0608 -1.9399 -1.8138 -1.6870 -1.5534 -1.2562 -1.0307 -0.8549 -0.7159 -0.6058
 -0.5150 -0.4359 -0.3646 -0.2988 -0.2373 -0.1800 -0.1275 -0.0801 -0.0408 -0.0189
 -3.8634 -3.5803 -3.3321 -3.1112 -2.9112 -2.7283 -2.5599 -2.4041 -2.2605 -2.1274
 -2.0021 -1.8817 -1.7630 -1.6472 -1.5263 -1.2382 -1.0158 -0.8469 -0.7152 -0.6125
 -0.5295 -0.4579 -0.3933 -0.3331 -0.2763 -0.2225 -0.1724 -0.1260 -0.0857 -0.0552
 -0.0413
 -3.7334 -3.4837 -3.2628 -3.0634 -2.8787 -2.7055 -2.5415 -2.3861 -2.2394 -2.1015
 -1.9716 -1.8481 -1.7299 -1.6159 -1.5046 -1.2345 -1.0122 -0.8442 -0.7154 -0.6163
 -0.5391 -0.4749 -0.4175 -0.3642 -0.3133 -0.2645 -0.2179 -0.1743 -0.1345 -0.1008
 -0.0790
 -3.5923 -3.3723 -3.1761 -2.9982 -2.8315 -2.6720 -2.5175 -2.3677 -2.2232 -2.0850
 -1.9532 -1.8281 -1.7090 -1.5952 -1.4862 -1.2297 -1.0137 -0.8447 -0.7158 -0.6174
 -0.5429 -0.4843 -0.4343 -0.3886 -0.3449 -0.3024 -0.2611 -0.2214 -0.1840 -0.1505
 -0.1237
 -3.4565 -3.2613 -3.0833 -2.9221 -2.7721 -2.6274 -2.4859 -2.3457 -2.2077 -2.0731
 -1.9429 -1.8180 -1.6989 -1.5856 -1.4774 -1.2277 -1.0175 -0.8493 -0.7195 -0.6200
 -0.5451 -0.4888 -0.4442 -0.4058 -0.3700 -0.3350 -0.3007 -0.2668 -0.2338 -0.2028
 -0.1736
 -3.3300 -3.1510 -2.9876 -2.8375 -2.6985 -2.5672 -2.4387 -2.3106 -2.1826 -2.0554
 -1.9302 -1.8085 -1.6911 -1.5788 -1.4716 -1.2262 -1.0198 -0.8529 -0.7229 -0.6225
 -0.5465 -0.4900 -0.4478 -0.4146 -0.3860 -0.3590 -0.3325 -0.3059 -0.2792 -0.2530
 -0.2284
 -3.2129 -3.0414 -2.8894 -2.7470 -2.6157 -2.4927 -2.3748 -2.2588 -2.1422 -2.0254
 -1.9086 -1.7932 -1.6803 -1.5709 -1.4688 -1.2252 -1.0206 -0.8555 -0.7260
 [Fe/H] = -2.00 [alpha/Fe] = 0.40 BC value = F475W
 -5.2482 -4.8652 -4.5487 -4.2865 -4.0656 -3.8686 -3.6799 -3.4887 -3.2954 -3.1013
 -2.9004 -2.6910 -2.4792 -2.2777 -2.0784 -1.6757 -1.3294 -1.0325 -0.7943
 -4.8654 -4.4619 -4.1287 -3.8588 -3.6381 -3.4511 -3.2832 -3.1195 -2.9575 -2.7945
 -2.6244 -2.4424 -2.2503 -2.0620 -1.8885 -1.5216 -1.2208 -0.9665 -0.7586 -0.5939
 -4.5464 -4.1264 -3.7920 -3.5536 -3.3344 -3.1494 -2.9889 -2.8408 -2.6982 -2.5572
 -2.4123 -2.2575 -2.0884 -1.9129 -1.7483 -1.4066 -1.1385 -0.9169 -0.7339 -0.5865
 -0.4648
 -4.3448 -3.9146 -3.5763 -3.3175 -3.1157 -2.9489 -2.7991 -2.6543 -2.5151 -2.3820
 -2.2512 -2.1177 -1.9735 -1.8147 -1.6578 -1.3307 -1.0825 -0.8837 -0.7202 -0.5869
 -0.4769 -0.3827
 -4.2875 -3.8542 -3.4996 -3.2204 -3.0005 -2.8228 -2.6731 -2.5395 -2.4121 -2.2826
 -2.1482 -2.0178 -1.8885 -1.7504 -1.6031 -1.2845 -1.0470 -0.8627 -0.7138 -0.5921
 -0.4912 -0.4042 -0.3267 -0.2562
 -4.2748 -3.8435 -3.4865 -3.1925 -2.9499 -2.7487 -2.5804 -2.4377 -2.3142 -2.2048
 -2.0927 -1.9659 -1.8361 -1.7066 -1.5715 -1.2596 -1.0263 -0.8500 -0.7111 -0.5989
 -0.5064 -0.4266 -0.3552 -0.2895 -0.2285 -0.1719 -0.1202 -0.0734 -0.0342 -0.0122
 -4.2649 -3.8497 -3.4980 -3.2039 -2.9568 -2.7471 -2.5671 -2.4108 -2.2729 -2.1478
 -2.0319 -1.9207 -1.8051 -1.6840 -1.5563 -1.2499 -1.0162 -0.8430 -0.7098 -0.6046
 -0.5195 -0.4471 -0.3823 -0.3225 -0.2662 -0.2131 -0.1638 -0.1184 -0.0786 -0.0480
 -0.0343
 -4.2381 -3.8483 -3.5119 -3.2244 -2.9781 -2.7654 -2.5790 -2.4135 -2.2651 -2.1301
 -2.0044 -1.8853 -1.7712 -1.6603 -1.5470 -1.2527 -1.0144 -0.8403 -0.7092 -0.6079
 -0.5284 -0.4629 -0.4054 -0.3523 -0.3020 -0.2538 -0.2082 -0.1655 -0.1267 -0.0936
 -0.0717
 -4.1800 -3.8196 -3.5079 -3.2354 -2.9969 -2.7863 -2.5981 -2.4279 -2.2726 -2.1298
 -1.9970 -1.8719 -1.7528 -1.6390 -1.5301 -1.2573 -1.0192 -0.8400 -0.7083 -0.6083
 -0.5318 -0.4718 -0.4214 -0.3758 -0.3326 -0.2907 -0.2504 -0.2117 -0.1754 -0.1428
 -0.1165
 -4.1005 -3.7774 -3.4903 -3.2361 -3.0099 -2.8062 -2.6204 -2.4492 -2.2906 -2.1432
 -2.0053 -1.8756 -1.7526 -1.6355 -1.5241 -1.2617 -1.0309 -0.8470 -0.7111 -0.6099
 -0.5335 -0.4760 -0.4309 -0.3924 -0.3569 -0.3226 -0.2890 -0.2561 -0.2242 -0.1943
 -0.1662
 -4.0130 -3.7195 -3.4558 -3.2193 -3.0068 -2.8135 -2.6345 -2.4666 -2.3084 -2.1592
 -2.0186 -1.8861 -1.7605 -1.6412 -1.5274 -1.2655 -1.0402 -0.8562 -0.7159 -0.6119
 -0.5344 -0.4769 -0.4343 -0.4011 -0.3727 -0.3461 -0.3203 -0.2945 -0.2689 -0.2439
 -0.2203
 -3.9202 -3.6534 -3.4108 -3.1902 -2.9888 -2.8042 -2.6337 -2.4728 -2.3189 -2.1717
 -2.0312 -1.8976 -1.7710 -1.6506 -1.5400 -1.2687 -1.0471 -0.8676 -0.7227
 [Fe/H] = -1.50 [alpha/Fe] = 0.40 BC value = F475W
 -5.8482 -5.5082 -5.1937 -4.8951 -4.6086 -4.3137 -3.9892 -3.6384 -3.3258 -3.0537
 -2.8070 -2.5756 -2.3588 -2.1608 -1.9823 -1.6079 -1.2986 -1.0302 -0.8019
 -5.4405 -5.0603 -4.7172 -4.4065 -4.1207 -3.8497 -3.5736 -3.2878 -3.0303 -2.8002
 -2.5864 -2.3793 -2.1778 -1.9889 -1.8180 -1.4665 -1.1892 -0.9573 -0.7595 -0.5948
 -5.1463 -4.7402 -4.3746 -4.0509 -3.7659 -3.5116 -3.2727 -3.0334 -2.8127 -2.6128
 -2.4262 -2.2437 -2.0598 -1.8798 -1.7139 -1.3745 -1.1161 -0.9077 -0.7325 -0.5851
 -0.4625
 -4.8774 -4.4471 -4.0985 -3.7897 -3.5116 -3.2657 -3.0472 -2.8410 -2.6475 -2.4702
 -2.3050 -2.1448 -1.9818 -1.8143 -1.6530 -1.3191 -1.0705 -0.8762 -0.7169 -0.5830
 -0.4708 -0.3750
 -4.6932 -4.2350 -3.8566 -3.5444 -3.2859 -3.0704 -2.8842 -2.7039 -2.5293 -2.3657
 -2.2134 -2.0687 -1.9250 -1.7747 -1.6209 -1.2894 -1.0441 -0.8578 -0.7090 -0.5857
 -0.4824 -0.3940 -0.3158 -0.2453
 -4.6566 -4.1678 -3.7555 -3.4137 -3.1342 -2.9061 -2.7211 -2.5698 -2.4354 -2.3014
 -2.1590 -2.0179 -1.8820 -1.7471 -1.6055 -1.2771 -1.0308 -0.8478 -0.7055 -0.5903
 -0.4949 -0.4136 -0.3417 -0.2762 -0.2159 -0.1601 -0.1093 -0.0634 -0.0247 -0.0023
 -4.6925 -4.1819 -3.7489 -3.3894 -3.0932 -2.8502 -2.6501 -2.4829 -2.3402 -2.2171
 -2.1055 -1.9890 -1.8611 -1.7297 -1.5978 -1.2767 -1.0267 -0.8432 -0.7043 -0.5947
 -0.5059 -0.4316 -0.3664 -0.3068 -0.2513 -0.1992 -0.1512 -0.1073 -0.0681 -0.0374
 -0.0232
 -4.7615 -4.2411 -3.7943 -3.4197 -3.1095 -2.8532 -2.6397 -2.4602 -2.3067 -2.1719
 -2.0503 -1.9386 -1.8315 -1.7186 -1.5967 -1.2846 -1.0295 -0.8426 -0.7040 -0.5977
 -0.5125 -0.4457 -0.3874 -0.3345 -0.2850 -0.2379 -0.1937 -0.1515 -0.1136 -0.0826
 -0.0602
 -4.8120 -4.3058 -3.8567 -3.4760 -3.1558 -2.8881 -2.6632 -2.4718 -2.3066 -2.1616
 -2.0312 -1.9107 -1.7973 -1.6897 -1.5829 -1.2952 -1.0361 -0.8436 -0.7031 -0.5979
 -0.5170 -0.4538 -0.4019 -0.3563 -0.3138 -0.2730 -0.2340 -0.1968 -0.1621 -0.1310
 -0.1053
 -4.8293 -4.3518 -3.9221 -3.5461 -3.2231 -2.9480 -2.7134 -2.5115 -2.3353 -2.1794
 -2.0393 -1.9109 -1.7909 -1.6773 -1.5691 -1.3047 -1.0528 -0.8517 -0.7062 -0.5991
 -0.5188 -0.4580 -0.4109 -0.3720 -0.3369 -0.3034 -0.2711 -0.2396 -0.2093 -0.1811
 -0.1546
 -4.8103 -4.3700 -3.9689 -3.6065 -3.2901 -3.0146 -2.7750 -2.5653 -2.3800 -2.2145
 -2.0650 -1.9282 -1.8014 -1.6824 -1.5696 -1.3082 -1.0693 -0.8657 -0.7123 -0.6012
 -0.5195 -0.4590 -0.4143 -0.3802 -0.3519 -0.3260 -0.3012 -0.2767 -0.2525 -0.2290
 -0.2071
 -4.7528 -4.3552 -3.9872 -3.6484 -3.3447 -3.0752 -2.8365 -2.6237 -2.4324 -2.2595
 -2.1020 -1.9577 -1.8243 -1.6997 -1.5844 -1.3057 -1.0856 -0.8856 -0.7214
 [Fe/H] = -1.00 [alpha/Fe] = 0.40 BC value = F475W
 -6.4684 -6.2159 -5.9770 -5.7360 -5.4833 -5.1543 -4.6822 -4.0725 -3.5229 -3.0988
 -2.7730 -2.5084 -2.2832 -2.0860 -1.9110 -1.5509 -1.2670 -1.0213 -0.8055
 -6.0257 -5.7382 -5.4709 -5.2120 -4.9416 -4.6293 -4.2270 -3.7286 -3.2760 -2.9083
 -2.6121 -2.3642 -2.1481 -1.9564 -1.7854 -1.4364 -1.1679 -0.9483 -0.7606 -0.5984
 -5.6941 -5.3716 -5.0725 -4.7915 -4.5169 -4.2287 -3.8921 -3.4859 -3.1022 -2.7768
 -2.5059 -2.2739 -2.0674 -1.8804 -1.7116 -1.3667 -1.1074 -0.9023 -0.7316 -0.5853
 -0.4600
 -5.4488 -5.1004 -4.7734 -4.4680 -4.1814 -3.9055 -3.6211 -3.2922 -2.9654 -2.6766
 -2.4294 -2.2143 -2.0197 -1.8393 -1.6728 -1.3280 -1.0716 -0.8743 -0.7145 -0.5799
 -0.4648 -0.3660
 -5.1986 -4.8441 -4.5235 -4.2194 -3.9270 -3.6514 -3.3914 -3.1239 -2.8475 -2.5924
 -2.3677 -2.1695 -1.9888 -1.8183 -1.6563 -1.3105 -1.0527 -0.8587 -0.7056 -0.5794
 -0.4727 -0.3813 -0.3016 -0.2306
 -5.0400 -4.6137 -4.2491 -3.9369 -3.6652 -3.4222 -3.1932 -2.9694 -2.7397 -2.5171
 -2.3138 -2.1312 -1.9645 -1.8064 -1.6523 -1.3074 -1.0455 -0.8513 -0.7018 -0.5816
 -0.4818 -0.3972 -0.3237 -0.2580 -0.1981 -0.1433 -0.0939 -0.0488 -0.0113  0.0106
 -5.0156 -4.5344 -4.1157 -3.7579 -3.4548 -3.1963 -2.9738 -2.7815 -2.6059 -2.4355
 -2.2654 -2.1000 -1.9438 -1.7962 -1.6532 -1.3140 -1.0467 -0.8494 -0.7011 -0.5846
 -0.4903 -0.4118 -0.3446 -0.2848 -0.2300 -0.1792 -0.1327 -0.0905 -0.0527 -0.0229
 -0.0082
 -5.0860 -4.5609 -4.1002 -3.7046 -3.3695 -3.0885 -2.8519 -2.6503 -2.4744 -2.3189
 -2.1816 -2.0543 -1.9247 -1.7899 -1.6547 -1.3276 -1.0546 -0.8520 -0.7021 -0.5874
 -0.4968 -0.4237 -0.3625 -0.3092 -0.2603 -0.2146 -0.1722 -0.1329 -0.0977 -0.0667
 -0.0447
 -5.2190 -4.6553 -4.1599 -3.7313 -3.3676 -3.0629 -2.8086 -2.5950 -2.4129 -2.2546
 -2.1142 -1.9886 -1.8746 -1.7646 -1.6491 -1.3422 -1.0657 -0.8565 -0.7031 -0.5883
 -0.5001 -0.4308 -0.3751 -0.3282 -0.2861 -0.2467 -0.2096 -0.1745 -0.1420 -0.1131
 -0.0890
 -5.3667 -4.7966 -4.2773 -3.8225 -3.4328 -3.1042 -2.8297 -2.5998 -2.4055 -2.2389
 -2.0931 -1.9627 -1.8436 -1.7328 -1.6275 -1.3572 -1.0857 -0.8683 -0.7087 -0.5911
 -0.5030 -0.4357 -0.3839 -0.3425 -0.3072 -0.2747 -0.2441 -0.2145 -0.1866 -0.1608
 -0.1379
 -5.4799 -4.9223 -4.4102 -3.9441 -3.5370 -3.1888 -2.8949 -2.6474 -2.4377 -2.2583
 -2.1022 -1.9640 -1.8388 -1.7231 -1.6141 -1.3595 -1.1082 -0.8854 -0.7176 -0.5952
 -0.5050 -0.4380 -0.3881 -0.3507 -0.3212 -0.2957 -0.2722 -0.2494 -0.2273 -0.2062
 -0.1868
 -5.5311 -5.0141 -4.5208 -4.0664 -3.6558 -3.2975 -2.9897 -2.7264 -2.5013 -2.3075
 -2.1385 -1.9891 -1.8549 -1.7324 -1.6089 -1.3491 -1.1332 -0.9078 -0.7298
 [Fe/H] = -0.75 [alpha/Fe] = 0.40 BC value = F475W
 -6.7164 -6.5092 -6.3165 -6.1224 -5.8598 -5.4949 -5.0091 -4.3878 -3.6910 -3.1638
 -2.7864 -2.4995 -2.2661 -2.0671 -1.8923 -1.5346 -1.2530 -1.0164 -0.8082
 -6.2681 -6.0291 -5.8109 -5.6003 -5.3713 -5.0809 -4.6576 -4.0574 -3.4731 -3.0054
 -2.6526 -2.3777 -2.1511 -1.9560 -1.7840 -1.4334 -1.1649 -0.9475 -0.7623 -0.6014
 -5.9193 -5.6461 -5.3963 -5.1628 -4.9282 -4.6608 -4.3079 -3.8212 -3.3260 -2.9053
 -2.5725 -2.3070 -2.0856 -1.8931 -1.7222 -1.3730 -1.1102 -0.9038 -0.7328 -0.5866
 -0.4601
 -5.6571 -5.3526 -5.0698 -4.8075 -4.5579 -4.3028 -4.0102 -3.6238 -3.2063 -2.8311
 -2.5202 -2.2655 -2.0502 -1.8612 -1.6914 -1.3407 -1.0784 -0.8774 -0.7154 -0.5794
 -0.4627 -0.3621
 -5.4389 -5.1208 -4.8198 -4.5345 -4.2638 -4.0040 -3.7429 -3.4395 -3.0939 -2.7646
 -2.4789 -2.2379 -2.0311 -1.8475 -1.6802 -1.3276 -1.0623 -0.8629 -0.7062 -0.5774
 -0.4686 -0.3751 -0.2938 -0.2218
 -5.2123 -4.8540 -4.5496 -4.2782 -4.0194 -3.7634 -3.5113 -3.2591 -2.9789 -2.6959
 -2.4383 -2.2139 -2.0181 -1.8426 -1.6803 -1.3275 -1.0574 -0.8564 -0.7023 -0.5785
 -0.4758 -0.3888 -0.3136 -0.2471 -0.1872 -0.1332 -0.0841 -0.0395 -0.0031  0.0179
 -5.1292 -4.6960 -4.3232 -4.0071 -3.7343 -3.4917 -3.2703 -3.0603 -2.8440 -2.6156
 -2.3925 -2.1882 -2.0053 -1.8397 -1.6852 -1.3365 -1.0608 -0.8558 -0.7018 -0.5810
 -0.4830 -0.4016 -0.3323 -0.2716 -0.2168 -0.1666 -0.1211 -0.0797 -0.0428 -0.0142
 -0.0003
 -5.1638 -4.6766 -4.2477 -3.8772 -3.5616 -3.2914 -3.0559 -2.8474 -2.6579 -2.4795
 -2.3117 -2.1489 -1.9890 -1.8356 -1.6902 -1.3520 -1.0711 -0.8601 -0.7036 -0.5838
 -0.4890 -0.4122 -0.3485 -0.2937 -0.2448 -0.1998 -0.1585 -0.1203 -0.0854 -0.0563
 -0.0352
 -5.2812 -4.7496 -4.2750 -3.8605 -3.5047 -3.2026 -2.9463 -2.7266 -2.5341 -2.3611
 -2.2047 -2.0657 -1.9395 -1.8158 -1.6880 -1.3683 -1.0845 -0.8668 -0.7058 -0.5853
 -0.4923 -0.4190 -0.3601 -0.3113 -0.2687 -0.2298 -0.1937 -0.1599 -0.1287 -0.1011
 -0.0784
 -5.4645 -4.8984 -4.3854 -3.9328 -3.5408 -3.2070 -2.9254 -2.6878 -2.4852 -2.3095
 -2.1539 -2.0145 -1.8890 -1.7748 -1.6665 -1.3857 -1.1065 -0.8809 -0.7134 -0.5893
 -0.4960 -0.4243 -0.3688 -0.3249 -0.2884 -0.2561 -0.2263 -0.1980 -0.1713 -0.1472
 -0.1257
 -5.6427 -5.0723 -4.5428 -4.0610 -3.6395 -3.2765 -2.9688 -2.7094 -2.4902 -2.3033
 -2.1413 -1.9984 -1.8699 -1.7526 -1.6435 -1.3891 -1.1315 -0.9002 -0.7245 -0.5950
 -0.4991 -0.4275 -0.3737 -0.3333 -0.3020 -0.2760 -0.2529 -0.2312 -0.2103 -0.1907
 -0.1771
 -5.8158 -5.2206 -4.6982 -4.2143 -3.7754 -3.3910 -3.0604 -2.7790 -2.5407 -2.3377
 -2.1630 -2.0106 -1.8751 -1.7527 -1.6190 -1.3785 -1.1595 -0.9247 -0.7391
 [Fe/H] = -0.50 [alpha/Fe] = 0.40 BC value = F475W
 -6.9328 -6.7620 -6.6097 -6.4583 -6.2380 -5.8965 -5.3962 -4.7071 -3.8930 -3.2598
 -2.8234 -2.5085 -2.2639 -2.0608 -1.8852 -1.5275 -1.2488 -1.0166 -0.8082
 -6.4823 -6.2830 -6.1079 -5.9426 -5.7574 -5.5003 -5.0827 -4.4143 -3.7090 -3.1311
 -2.7135 -2.4065 -2.1663 -1.9661 -1.7920 -1.4387 -1.1685 -0.9509 -0.7665 -0.6059
 -6.1194 -5.8872 -5.6820 -5.4951 -5.3055 -5.0733 -4.7310 -4.1939 -3.5912 -3.0628
 -2.6580 -2.3535 -2.1139 -1.9142 -1.7404 -1.3866 -1.1191 -0.9095 -0.7368 -0.5894
 -0.4617
 -5.8358 -5.5718 -5.3324 -5.1162 -4.9119 -4.6933 -4.4151 -3.9972 -3.4933 -3.0176
 -2.6305 -2.3291 -2.0895 -1.8898 -1.7158 -1.3594 -1.0906 -0.8845 -0.7191 -0.5807
 -0.4621 -0.3594
 -5.6140 -5.3264 -5.0588 -4.8116 -4.5819 -4.3587 -4.1167 -3.7984 -3.3896 -2.9740
 -2.6123 -2.3189 -2.0814 -1.8825 -1.7087 -1.3494 -1.0767 -0.8708 -0.7096 -0.5775
 -0.4659 -0.3700 -0.2867 -0.2137
 -5.3848 -5.0908 -4.8226 -4.5674 -4.3207 -4.0814 -3.8455 -3.5898 -3.2691 -2.9176
 -2.5907 -2.3119 -2.0802 -1.8842 -1.7122 -1.3514 -1.0736 -0.8651 -0.7055 -0.5776
 -0.4715 -0.3814 -0.3038 -0.2359 -0.1754 -0.1212 -0.0727 -0.0284  0.0076  0.0281
 -5.2209 -4.8474 -4.5374 -4.2774 -4.0467 -3.8267 -3.6039 -3.3762 -3.1263 -2.8416
 -2.5569 -2.3004 -2.0793 -1.8890 -1.7208 -1.3620 -1.0787 -0.8655 -0.7050 -0.5795
 -0.4774 -0.3924 -0.3203 -0.2578 -0.2024 -0.1525 -0.1076 -0.0671 -0.0307 -0.0025
  0.0109
 -5.2042 -4.7639 -4.3808 -4.0561 -3.7813 -3.5427 -3.3263 -3.1238 -2.9247 -2.7129
 -2.4910 -2.2735 -2.0724 -1.8924 -1.7306 -1.3785 -1.0906 -0.8712 -0.7075 -0.5823
 -0.4829 -0.4019 -0.3347 -0.2777 -0.2279 -0.1831 -0.1424 -0.1055 -0.0723 -0.0435
 -0.0228
 -5.2891 -4.7973 -4.3598 -3.9783 -3.6510 -3.3719 -3.1305 -2.9159 -2.7199 -2.5333
 -2.3544 -2.1881 -2.0317 -1.8803 -1.7334 -1.3959 -1.1060 -0.8798 -0.7111 -0.5843
 -0.4862 -0.4082 -0.3452 -0.2935 -0.2496 -0.2106 -0.1752 -0.1432 -0.1144 -0.0885
 -0.0652
 -5.4679 -4.9280 -4.4435 -4.0146 -3.6418 -3.3217 -3.0488 -2.8144 -2.6096 -2.4255
 -2.2558 -2.1005 -1.9614 -1.8359 -1.7165 -1.4158 -1.1297 -0.8963 -0.7206 -0.5896
 -0.4905 -0.4139 -0.3539 -0.3065 -0.2679 -0.2349 -0.2055 -0.1784 -0.1532 -0.1307
 -0.1109
 -5.6850 -5.1205 -4.5980 -4.1302 -3.7171 -3.3595 -3.0536 -2.7936 -2.5715 -2.3794
 -2.2098 -2.0575 -1.9202 -1.7963 -1.6833 -1.4220 -1.1565 -0.9180 -0.7342 -0.5971
 -0.4950 -0.4180 -0.3595 -0.3151 -0.2810 -0.2536 -0.2305 -0.2096 -0.1901 -0.1721
 -0.1599
 -5.8787 -5.3183 -4.7875 -4.2961 -3.8518 -3.4628 -3.1260 -2.8385 -2.5941 -2.3857
 -2.2061 -2.0488 -1.9091 -1.7833 -1.6338 -1.4145 -1.1864 -0.9449 -0.7519
 [Fe/H] = -0.25 [alpha/Fe] = 0.40 BC value = F475W
 -7.1095 -6.9741 -6.9507 -6.9263 -6.7900 -6.4527 -5.8428 -4.9751 -4.1065 -3.3912
 -2.8888 -2.5396 -2.2787 -2.0685 -1.8900 -1.5311 -1.2520 -1.0218 -0.8156
 -6.6634 -6.5037 -6.3650 -6.2404 -6.0968 -5.8707 -5.4635 -4.7474 -3.9577 -3.2865
 -2.7992 -2.4542 -2.1956 -1.9874 -1.8099 -1.4527 -1.1795 -0.9599 -0.7745 -0.6131
 -6.2921 -6.0959 -5.9309 -5.7863 -5.6382 -5.4419 -5.1198 -4.5571 -3.8733 -3.2463
 -2.7657 -2.4167 -2.1544 -1.9446 -1.7664 -1.4074 -1.1346 -0.9207 -0.7450 -0.5952
 -0.4656
 -5.9909 -5.7616 -5.5617 -5.3885 -5.2277 -5.0482 -4.7954 -4.3705 -3.8009 -3.2309
 -2.7618 -2.4080 -2.1399 -1.9265 -1.7465 -1.3842 -1.1087 -0.8968 -0.7271 -0.5851
 -0.4639 -0.3587
 -5.7513 -5.4954 -5.2628 -5.0557 -4.8696 -4.6879 -4.4761 -4.1632 -3.7109 -3.2124
 -2.7678 -2.4149 -2.1420 -1.9246 -1.7425 -1.3763 -1.0964 -0.8835 -0.7170 -0.5806
 -0.4657 -0.3669 -0.2810 -0.2061
 -5.5092 -5.2722 -5.0220 -4.7902 -4.5757 -4.3744 -4.1723 -3.9304 -3.5880 -3.1726
 -2.7682 -2.4261 -2.1526 -1.9325 -1.7487 -1.3794 -1.0944 -0.8781 -0.7124 -0.5797
 -0.4696 -0.3762 -0.2956 -0.2254 -0.1630 -0.1076 -0.0587 -0.0160  0.0187  0.0384
 -5.3121 -5.0078 -4.7585 -4.5377 -4.3263 -4.1162 -3.9051 -3.6890 -3.4299 -3.1013
 -2.7511 -2.4322 -2.1649 -1.9452 -1.7609 -1.3905 -1.1007 -0.8792 -0.7118 -0.5809
 -0.4743 -0.3854 -0.3098 -0.2446 -0.1877 -0.1372 -0.0927 -0.0528 -0.0170  0.0098
  0.0223
 -5.2273 -4.8377 -4.5101 -4.2425 -4.0200 -3.8234 -3.6349 -3.4411 -3.2327 -2.9861
 -2.7041 -2.4235 -2.1726 -1.9583 -1.7757 -1.4071 -1.1137 -0.8861 -0.7149 -0.5836
 -0.4792 -0.3937 -0.3225 -0.2623 -0.2105 -0.1650 -0.1247 -0.0888 -0.0567 -0.0289
 -0.0094
 -5.2650 -4.8176 -4.4240 -4.0863 -3.8027 -3.5635 -3.3537 -3.1613 -2.9745 -2.7818
 -2.5736 -2.3602 -2.1528 -1.9600 -1.7864 -1.4249 -1.1302 -0.8964 -0.7196 -0.5860
 -0.4823 -0.3994 -0.3319 -0.2764 -0.2299 -0.1898 -0.1546 -0.1228 -0.0945 -0.0701
 -0.0499
 -5.4095 -4.9105 -4.4664 -4.0737 -3.7338 -3.4436 -3.1957 -2.9789 -2.7826 -2.5979
 -2.4162 -2.2396 -2.0755 -1.9239 -1.7803 -1.4472 -1.1548 -0.9149 -0.7310 -0.5926
 -0.4873 -0.4054 -0.3404 -0.2886 -0.2467 -0.2120 -0.1824 -0.1560 -0.1322 -0.1106
 -0.0938
 -5.6314 -5.0917 -4.5993 -4.1593 -3.7722 -3.4362 -3.1478 -2.9002 -2.6853 -2.4942
 -2.3185 -2.1539 -2.0020 -1.8650 -1.7411 -1.4578 -1.1827 -0.9386 -0.7469 -0.6020
 -0.4932 -0.4104 -0.3467 -0.2975 -0.2594 -0.2296 -0.2054 -0.1848 -0.1665 -0.1501
 -0.1411
 -5.8657 -5.3155 -4.7952 -4.3165 -3.8896 -3.5137 -3.1873 -2.9067 -2.6662 -2.4587
 -2.2766 -2.1136 -1.9658 -1.8317 -1.6688 -1.4567 -1.2139 -0.9675 -0.7673
 [Fe/H] =  0.00 [alpha/Fe] = 0.40 BC value = F475W
 -7.2403 -7.1444 -7.1584 -7.1506 -7.0162 -6.6702 -6.0413 -5.1453 -4.3111 -3.5532
 -2.9846 -2.5934 -2.3109 -2.0904 -1.9075 -1.5446 -1.2644 -1.0338 -0.8277
 -6.8054 -6.6817 -6.5864 -6.4999 -6.3892 -6.1935 -5.7856 -5.0182 -4.2001 -3.4660
 -2.9109 -2.5220 -2.2398 -2.0204 -1.8380 -1.4757 -1.1987 -0.9758 -0.7879 -0.6243
 -6.4320 -6.2726 -6.1473 -6.0423 -5.9308 -5.7662 -5.4618 -4.8843 -4.1461 -3.4481
 -2.8962 -2.4985 -2.2086 -1.9851 -1.8008 -1.4359 -1.1577 -0.9388 -0.7589 -0.6054
 -0.4728
 -6.1192 -5.9233 -5.7614 -5.6286 -5.5070 -5.3623 -5.1347 -4.7128 -4.1011 -3.4582
 -2.9130 -2.5047 -2.2033 -1.9726 -1.7846 -1.4154 -1.1339 -0.9156 -0.7407 -0.5943
 -0.4693 -0.3609
 -5.8637 -5.6369 -5.4384 -5.2702 -5.1251 -4.9822 -4.8011 -4.5027 -4.0283 -3.4644
 -2.9429 -2.5278 -2.2153 -1.9759 -1.7829 -1.4084 -1.1225 -0.9024 -0.7300 -0.5886
 -0.4693 -0.3669 -0.2780 -0.2000
 -5.6494 -5.4029 -5.1781 -4.9769 -4.7995 -4.6386 -4.4726 -4.2529 -3.9059 -3.4418
 -2.9648 -2.5571 -2.2377 -1.9902 -1.7915 -1.4115 -1.1209 -0.8969 -0.7245 -0.5863
 -0.4716 -0.3741 -0.2902 -0.2170 -0.1530 -0.0967 -0.0472 -0.0025  0.0311  0.0502
 -5.4200 -5.1706 -4.9441 -4.7330 -4.5355 -4.3503 -4.1725 -3.9844 -3.7329 -3.3771
 -2.9664 -2.5822 -2.2642 -2.0109 -1.8074 -1.4222 -1.1273 -0.8982 -0.7234 -0.5865
 -0.4749 -0.3815 -0.3022 -0.2337 -0.1743 -0.1229 -0.0777 -0.0372 -0.0015  0.0240
  0.0356
 -5.2471 -4.9156 -4.6508 -4.4402 -4.2599 -4.0883 -3.9122 -3.7269 -3.5239 -3.2611
 -2.9324 -2.5908 -2.2862 -2.0339 -1.8275 -1.4384 -1.1406 -0.9057 -0.7265 -0.5887
 -0.4789 -0.3886 -0.3131 -0.2491 -0.1944 -0.1471 -0.1061 -0.0704 -0.0391 -0.0120
  0.0062
 -5.2215 -4.8270 -4.4807 -4.1939 -3.9623 -3.7708 -3.6015 -3.4421 -3.2726 -3.0734
 -2.8321 -2.5590 -2.2894 -2.0495 -1.8457 -1.4560 -1.1571 -0.9169 -0.7319 -0.5912
 -0.4816 -0.3935 -0.3214 -0.2616 -0.2115 -0.1691 -0.1329 -0.1015 -0.0742 -0.0511
 -0.0321
 -5.3275 -4.8718 -4.4698 -4.1182 -3.8193 -3.5699 -3.3595 -3.1752 -3.0027 -2.8291
 -2.6437 -2.4420 -2.2369 -2.0402 -1.8580 -1.4798 -1.1817 -0.9368 -0.7449 -0.5988
 -0.4870 -0.3995 -0.3295 -0.2729 -0.2269 -0.1892 -0.1580 -0.1315 -0.1087 -0.0894
 -0.0732
 -5.5234 -5.0190 -4.5661 -4.1626 -3.8095 -3.5056 -3.2466 -3.0245 -2.8286 -2.6487
 -2.4741 -2.3016 -2.1319 -1.9711 -1.8239 -1.4977 -1.2095 -0.9619 -0.7630 -0.6101
 -0.4941 -0.4053 -0.3361 -0.2818 -0.2391 -0.2055 -0.1792 -0.1579 -0.1400 -0.1251
 -0.1171
 -5.7776 -5.2405 -4.7434 -4.2956 -3.8966 -3.5462 -3.2425 -2.9810 -2.7554 -2.5577
 -2.3793 -2.2132 -2.0559 -1.9095 -1.7434 -1.5097 -1.2405 -0.9922 -0.7862
 [Fe/H] =  0.25 [alpha/Fe] = 0.40 BC value = F475W
 -7.3236 -7.2727 -7.1875 -7.0374 -6.7916 -6.4257 -5.9206 -5.2617 -4.4776 -3.7267
 -3.1074 -2.6704 -2.3614 -2.1278 -1.9381 -1.5694 -1.2861 -1.0538 -0.8467
 -6.9021 -6.8239 -6.8731 -6.9265 -6.8637 -6.5876 -6.0202 -5.1928 -4.3980 -3.6544
 -3.0469 -2.6112 -2.3005 -2.0662 -1.8766 -1.5082 -1.2270 -1.0001 -0.8084 -0.6413
 -6.5296 -6.4130 -6.3311 -6.2660 -6.1882 -6.0511 -5.7590 -5.1441 -4.3772 -3.6526
 -3.0473 -2.6005 -2.2784 -2.0372 -1.8442 -1.4722 -1.1892 -0.9650 -0.7800 -0.6219
 -0.4848
 -6.2107 -6.0522 -5.9316 -5.8395 -5.7545 -5.6402 -5.4339 -5.0133 -4.3632 -3.6796
 -3.0812 -2.6191 -2.2822 -2.0301 -1.8310 -1.4532 -1.1666 -0.9423 -0.7615 -0.6098
 -0.4798 -0.3673
 -5.9445 -5.7475 -5.5868 -5.4582 -5.3523 -5.2440 -5.0899 -4.8056 -4.3164 -3.7044
 -3.1277 -2.6571 -2.3042 -2.0389 -1.8316 -1.4461 -1.1554 -0.9286 -0.7498 -0.6027
 -0.4781 -0.3712 -0.2785 -0.1973
 -5.7326 -5.5004 -5.3040 -5.1366 -4.9973 -4.8747 -4.7416 -4.5440 -4.1999 -3.7026
 -3.1691 -2.7030 -2.3382 -2.0598 -1.8431 -1.4484 -1.1534 -0.9226 -0.7432 -0.5990
 -0.4787 -0.3764 -0.2885 -0.2120 -0.1450 -0.0865 -0.0348  0.0111  0.0438  0.0625
 -5.5140 -5.2801 -5.0678 -4.8757 -4.7048 -4.5533 -4.4124 -4.2541 -4.0168 -3.6480
 -3.1891 -2.7462 -2.3774 -2.0887 -1.8630 -1.4579 -1.1591 -0.9234 -0.7412 -0.5979
 -0.4806 -0.3821 -0.2984 -0.2264 -0.1638 -0.1099 -0.0630 -0.0212  0.0149  0.0390
  0.0499
 -5.2748 -5.0112 -4.8034 -4.6232 -4.4524 -4.2879 -4.1284 -3.9697 -3.7875 -3.5261
 -3.1673 -2.7729 -2.4157 -2.1221 -1.8890 -1.4734 -1.1714 -0.9308 -0.7439 -0.5991
 -0.4834 -0.3879 -0.3077 -0.2397 -0.1814 -0.1312 -0.0883 -0.0519 -0.0203  0.0064
  0.0231
 -5.1886 -4.8357 -4.5428 -4.3126 -4.1330 -3.9843 -3.8459 -3.7011 -3.5419 -3.3426
 -3.0795 -2.7577 -2.4334 -2.1488 -1.9139 -1.4908 -1.1870 -0.9423 -0.7497 -0.6013
 -0.4854 -0.3918 -0.3147 -0.2504 -0.1963 -0.1505 -0.1121 -0.0798 -0.0526 -0.0301
 -0.0121
 -5.2357 -4.8265 -4.4662 -4.1586 -3.9062 -3.7031 -3.5357 -3.3882 -3.2488 -3.0972
 -2.9125 -2.6810 -2.4213 -2.1675 -1.9415 -1.5157 -1.2104 -0.9625 -0.7636 -0.6096
 -0.4910 -0.3975 -0.3223 -0.2609 -0.2103 -0.1686 -0.1346 -0.1066 -0.0837 -0.0651
 -0.0493
 -5.3854 -4.9281 -4.5159 -4.1520 -3.8373 -3.5712 -3.3493 -3.1617 -2.9953 -2.8386
 -2.6804 -2.5067 -2.3150 -2.1198 -1.9338 -1.5407 -1.2373 -0.9881 -0.7833 -0.6226
 -0.4991 -0.4039 -0.3291 -0.2696 -0.2219 -0.1838 -0.1540 -0.1305 -0.1121 -0.0976
 -0.0868
 -5.6234 -5.1195 -4.6607 -4.2491 -3.8841 -3.5659 -3.2922 -3.0585 -2.8576 -2.6793
 -2.5138 -2.3524 -2.1900 -2.0284 -1.8908 -1.5658 -1.2677 -1.0191 -0.8088
 [Fe/H] =  0.50 [alpha/Fe] = 0.40 BC value = F475W
 -7.3594 -7.3589 -7.0380 -6.5867 -6.1163 -5.7191 -5.4808 -5.3299 -4.6241 -3.9060
 -3.2541 -2.7700 -2.4308 -2.1797 -1.9824 -1.6062 -1.3198 -1.0829 -0.8777
 -6.9535 -6.9303 -6.9221 -7.1878 -7.1212 -6.7545 -6.1161 -5.3026 -4.5655 -3.8444
 -3.2041 -2.7216 -2.3789 -2.1259 -1.9268 -1.5511 -1.2657 -1.0341 -0.8371 -0.6654
 -6.5849 -6.5171 -6.4809 -6.4558 -6.4059 -6.2973 -6.0109 -5.3135 -4.5595 -3.8517
 -3.2156 -2.7222 -2.3651 -2.1025 -1.8978 -1.5173 -1.2302 -1.0008 -0.8100 -0.6460
 -0.5035
 -6.2553 -6.1428 -6.0693 -6.0202 -5.9708 -5.8840 -5.6963 -5.2619 -4.5783 -3.8851
 -3.2579 -2.7539 -2.3780 -2.1011 -1.8873 -1.4983 -1.2080 -0.9782 -0.7913 -0.6333
 -0.4971 -0.3791
 -5.9815 -5.8235 -5.7043 -5.6192 -5.5524 -5.4758 -5.3456 -5.0728 -4.5573 -3.9270
 -3.3163 -2.8032 -2.4101 -2.1156 -1.8907 -1.4901 -1.1959 -0.9637 -0.7784 -0.6249
 -0.4940 -0.3813 -0.2839 -0.1989
 -5.7541 -5.5607 -5.3985 -5.2701 -5.1710 -5.0849 -4.9809 -4.8036 -4.4607 -3.9360
 -3.3732 -2.8620 -2.4550 -2.1438 -1.9056 -1.4908 -1.1923 -0.9563 -0.7702 -0.6196
 -0.4929 -0.3848 -0.2918 -0.2114 -0.1411 -0.0793 -0.0245  0.0233  0.0558  0.0747
 -5.5506 -5.3382 -5.1499 -4.9849 -4.8470 -4.7326 -4.6267 -4.4956 -4.2732 -3.8942
 -3.4039 -2.9197 -2.5065 -2.1813 -1.9303 -1.4989 -1.1961 -0.9560 -0.7668 -0.6168
 -0.4932 -0.3888 -0.2999 -0.2236 -0.1575 -0.0998 -0.0500 -0.0064  0.0309  0.0540
  0.0646
 -5.3167 -5.1087 -4.9177 -4.7426 -4.5834 -4.4401 -4.3105 -4.1846 -4.0261 -3.7726
 -3.3925 -2.9599 -2.5565 -2.2244 -1.9624 -1.5136 -1.2064 -0.9622 -0.7685 -0.6166
 -0.4946 -0.3931 -0.3077 -0.2351 -0.1729 -0.1192 -0.0735 -0.0346 -0.0016  0.0256
  0.0408
 -5.1466 -4.8495 -4.6174 -4.4424 -4.3012 -4.1708 -4.0390 -3.9030 -3.7615 -3.5762
 -3.3086 -2.9558 -2.5866 -2.2604 -1.9941 -1.5312 -1.2199 -0.9728 -0.7739 -0.6181
 -0.4954 -0.3958 -0.3133 -0.2442 -0.1858 -0.1361 -0.0944 -0.0597 -0.0313 -0.0084
  0.0094
 -5.1400 -4.7765 -4.4618 -4.2038 -4.0005 -3.8445 -3.7185 -3.6056 -3.4900 -3.3490
 -3.1595 -2.9028 -2.5967 -2.2953 -2.0321 -1.5575 -1.2413 -0.9921 -0.7879 -0.6264
 -0.5006 -0.4009 -0.3200 -0.2535 -0.1983 -0.1523 -0.1144 -0.0837 -0.0592 -0.0404
 -0.0264
 -5.2406 -4.8284 -4.4596 -4.1366 -3.8624 -3.6377 -3.4569 -3.3078 -3.1776 -3.0529
 -2.9183 -2.7486 -2.5312 -2.2885 -2.0525 -1.5868 -1.2668 -1.0165 -0.8081 -0.6402
 -0.5092 -0.4073 -0.3266 -0.2617 -0.2091 -0.1662 -0.1320 -0.1051 -0.0846 -0.0696
 -0.0594
 -5.4386 -4.9787 -4.5625 -4.1900 -3.8623 -3.5787 -3.3393 -3.1392 -2.9693 -2.8183
 -2.6755 -2.5296 -2.3712 -2.1938 -2.0553 -1.6191 -1.2964 -1.0460 -0.8345
