 [Fe/H] = -2.50 [alpha/Fe] = 0.40 BC value = F125W
  2.0063  1.9755  1.9269  1.8936  1.8770  1.8503  1.8038  1.7574  1.7263  1.7092
  1.6989  1.6944  1.6906  1.6833  1.6726  1.6258  1.5534  1.4676  1.3790
  1.9651  1.9448  1.9164  1.8884  1.8586  1.8266  1.7937  1.7620  1.7329  1.7073
  1.6861  1.6700  1.6587  1.6490  1.6373  1.5914  1.5230  1.4401  1.3524  1.2622
  1.9421  1.9242  1.9044  1.8799  1.8475  1.8151  1.7868  1.7596  1.7318  1.7040
  1.6782  1.6553  1.6374  1.6237  1.6100  1.5634  1.4976  1.4172  1.3305  1.2423
  1.1540
  1.9373  1.9137  1.8909  1.8681  1.8437  1.8158  1.7831  1.7502  1.7230  1.6993
  1.6752  1.6503  1.6267  1.6074  1.5907  1.5418  1.4772  1.3989  1.3134  1.2265
  1.1398  1.0536
  1.9500  1.9197  1.8916  1.8654  1.8400  1.8139  1.7862  1.7564  1.7249  1.6951
  1.6705  1.6478  1.6235  1.5999  1.5792  1.5264  1.4619  1.3850  1.3001  1.2135
  1.1276  1.0425  0.9582  0.8742
  1.9765  1.9397  1.9056  1.8746  1.8457  1.8178  1.7900  1.7614  1.7319  1.7021
  1.6734  1.6473  1.6232  1.5984  1.5749  1.5167  1.4514  1.3754  1.2909  1.2037
  1.1173  1.0324  0.9489  0.8661  0.7841  0.7023  0.6201  0.5360  0.4497  0.3643
  2.0102  1.9691  1.9301  1.8941  1.8610  1.8299  1.7998  1.7700  1.7400  1.7100
  1.6806  1.6525  1.6262  1.6001  1.5748  1.5126  1.4451  1.3697  1.2857  1.1976
  1.1099  1.0241  0.9402  0.8578  0.7768  0.6966  0.6166  0.5365  0.4543  0.3694
  0.2850
  2.0412  2.0009  1.9600  1.9206  1.8838  1.8491  1.8162  1.7842  1.7526  1.7211
  1.6902  1.6602  1.6317  1.6044  1.5771  1.5122  1.4426  1.3671  1.2839  1.1956
  1.1062  1.0185  0.9333  0.8502  0.7691  0.6896  0.6109  0.5327  0.4542  0.3740
  0.2904
  2.0597  2.0252  1.9873  1.9481  1.9097  1.8728  1.8373  1.8030  1.7692  1.7358
  1.7028  1.6707  1.6397  1.6102  1.5813  1.5127  1.4418  1.3657  1.2834  1.1954
  1.1051  1.0153  0.9278  0.8430  0.7607  0.6807  0.6023  0.5251  0.4484  0.3714
  0.2925
  2.0585  2.0339  2.0040  1.9698  1.9336  1.8971  1.8606  1.8249  1.7896  1.7545
  1.7197  1.6854  1.6520  1.6197  1.5886  1.5153  1.4430  1.3666  1.2850  1.1983
  1.1082  1.0174  0.9278  0.8407  0.7565  0.6750  0.5959  0.5186  0.4428  0.3676
  0.2915
  2.0362  2.0230  2.0029  1.9777  1.9482  1.9154  1.8809  1.8458  1.8103  1.7745
  1.7386  1.7027  1.6672  1.6325  1.5989  1.5198  1.4449  1.3681  1.2869  1.2014
  1.1125  1.0218  0.9312  0.8421  0.7555  0.6718  0.5909  0.5126  0.4364  0.3616
  0.2877
  1.9928  1.9925  1.9822  1.9673  1.9468  1.9214  1.8922  1.8604  1.8270  1.7923
  1.7568  1.7205  1.6839  1.6475  1.6122  1.5262  1.4475  1.3702  1.2891
 [Fe/H] = -2.00 [alpha/Fe] = 0.40 BC value = F125W
  2.0184  1.9864  1.9496  1.9103  1.8698  1.8298  1.7919  1.7574  1.7277  1.7042
  1.6873  1.6764  1.6695  1.6628  1.6520  1.6131  1.5512  1.4702  1.3804
  2.0147  1.9884  1.9553  1.9176  1.8773  1.8361  1.7957  1.7576  1.7231  1.6936
  1.6698  1.6522  1.6403  1.6306  1.6196  1.5790  1.5190  1.4423  1.3558  1.2661
  1.9919  1.9747  1.9479  1.9151  1.8802  1.8422  1.8028  1.7641  1.7274  1.6939
  1.6647  1.6405  1.6222  1.6087  1.5954  1.5523  1.4930  1.4192  1.3353  1.2478
  1.1595
  1.9676  1.9535  1.9315  1.9028  1.8697  1.8347  1.7997  1.7657  1.7320  1.6989
  1.6677  1.6390  1.6144  1.5955  1.5794  1.5330  1.4732  1.4009  1.3189  1.2328
  1.1460  1.0595
  1.9589  1.9368  1.9141  1.8876  1.8577  1.8258  1.7931  1.7603  1.7284  1.6981
  1.6700  1.6422  1.6151  1.5905  1.5704  1.5200  1.4590  1.3872  1.3063  1.2207
  1.1345  1.0490  0.9642  0.8797
  1.9675  1.9388  1.9108  1.8835  1.8565  1.8287  1.7995  1.7686  1.7358  1.7019
  1.6707  1.6439  1.6179  1.5921  1.5681  1.5125  1.4498  1.3779  1.2974  1.2116
  1.1251  1.0397  0.9555  0.8722  0.7895  0.7070  0.6241  0.5395  0.4529  0.3676
  1.9912  1.9553  1.9213  1.8890  1.8586  1.8293  1.8002  1.7707  1.7404  1.7098
  1.6792  1.6495  1.6222  1.5960  1.5707  1.5097  1.4448  1.3723  1.2920  1.2060
  1.1183  1.0319  0.9474  0.8645  0.7828  0.7019  0.6211  0.5402  0.4576  0.3726
  0.2883
  2.0251  1.9837  1.9439  1.9064  1.8713  1.8385  1.8075  1.7772  1.7469  1.7165
  1.6866  1.6574  1.6293  1.6018  1.5750  1.5114  1.4434  1.3700  1.2898  1.2038
  1.1149  1.0268  0.9410  0.8574  0.7757  0.6954  0.6160  0.5371  0.4580  0.3772
  0.2935
  2.0629  2.0196  1.9757  1.9333  1.8936  1.8566  1.8221  1.7894  1.7576  1.7262
  1.6953  1.6651  1.6360  1.6080  1.5801  1.5141  1.4443  1.3693  1.2891  1.2033
  1.1137  1.0238  0.9359  0.8506  0.7678  0.6871  0.6079  0.5300  0.4526  0.3750
  0.2957
  2.0946  2.0542  2.0107  1.9666  1.9238  1.8831  1.8449  1.8090  1.7746  1.7412
  1.7085  1.6764  1.6453  1.6155  1.5866  1.5173  1.4472  1.3715  1.2910  1.2059
  1.1168  1.0260  0.9361  0.8486  0.7638  0.6818  0.6020  0.5240  0.4474  0.3715
  0.2949
  2.1111  2.0788  2.0401  1.9986  1.9562  1.9141  1.8734  1.8346  1.7973  1.7614
  1.7264  1.6921  1.6586  1.6262  1.5950  1.5214  1.4499  1.3742  1.2937  1.2093
  1.1210  1.0304  0.9396  0.8501  0.7630  0.6789  0.5974  0.5184  0.4415  0.3660
  0.2914
  2.1106  2.0865  2.0566  2.0216  1.9834  1.9434  1.9030  1.8630  1.8239  1.7858
  1.7486  1.7120  1.6761  1.6410  1.6053  1.5264  1.4524  1.3774  1.2972
 [Fe/H] = -1.50 [alpha/Fe] = 0.40 BC value = F125W
  2.0556  2.0182  1.9773  1.9348  1.8915  1.8482  1.8057  1.7652  1.7294  1.7005
  1.6795  1.6658  1.6569  1.6490  1.6393  1.6022  1.5465  1.4736  1.3873
  2.0653  2.0305  1.9909  1.9481  1.9034  1.8578  1.8121  1.7677  1.7273  1.6927
  1.6652  1.6453  1.6319  1.6210  1.6094  1.5696  1.5142  1.4442  1.3621  1.2737
  2.0666  2.0376  2.0018  1.9609  1.9170  1.8713  1.8248  1.7786  1.7351  1.6961
  1.6629  1.6365  1.6173  1.6030  1.5892  1.5463  1.4900  1.4213  1.3420  1.2562
  1.1680
  2.0417  2.0231  2.0006  1.9658  1.9264  1.8832  1.8382  1.7927  1.7483  1.7067
  1.6694  1.6374  1.6118  1.5927  1.5763  1.5302  1.4724  1.4039  1.3262  1.2422
  1.1555  1.0685
  2.0102  1.9971  1.9783  1.9534  1.9222  1.8845  1.8417  1.7995  1.7582  1.7182
  1.6803  1.6455  1.6146  1.5896  1.5696  1.5198  1.4603  1.3913  1.3142  1.2310
  1.1452  1.0590  0.9735  0.8880
  1.9962  1.9772  1.9571  1.9350  1.9094  1.8791  1.8434  1.8026  1.7604  1.7208
  1.6858  1.6533  1.6223  1.5934  1.5686  1.5140  1.4526  1.3827  1.3055  1.2227
  1.1368  1.0507  0.9657  0.8815  0.7979  0.7143  0.6303  0.5448  0.4578  0.3727
  1.9994  1.9745  1.9488  1.9226  1.8957  1.8670  1.8356  1.8017  1.7657  1.7281
  1.6907  1.6570  1.6272  1.5994  1.5727  1.5122  1.4486  1.3777  1.3000  1.2171
  1.1308  1.0440  0.9587  0.8748  0.7921  0.7101  0.6283  0.5462  0.4629  0.3777
  0.2937
  2.0159  1.9854  1.9543  1.9232  1.8923  1.8617  1.8308  1.7990  1.7659  1.7323
  1.6988  1.6657  1.6340  1.6049  1.5780  1.5140  1.4477  1.3755  1.2975  1.2143
  1.1296  1.0397  0.9532  0.8686  0.7859  0.7046  0.6241  0.5443  0.4641  0.3825
  0.2987
  2.0448  2.0071  1.9711  1.9349  1.8995  1.8653  1.8324  1.8002  1.7680  1.7357
  1.7036  1.6721  1.6416  1.6120  1.5836  1.5182  1.4491  1.3752  1.2964  1.2131
  1.1260  1.0370  0.9487  0.8626  0.7788  0.6971  0.6168  0.5377  0.4593  0.3807
  0.3008
  2.0805  2.0388  1.9988  1.9576  1.9177  1.8794  1.8431  1.8086  1.7754  1.7430
  1.7110  1.6794  1.6487  1.6191  1.5902  1.5225  1.4536  1.3780  1.2985  1.2153
  1.1284  1.0389  0.9492  0.8610  0.7755  0.6925  0.6116  0.5326  0.4549  0.3780
  0.3004
  2.1162  2.0746  2.0320  1.9886  1.9452  1.9031  1.8629  1.8251  1.7894  1.7553
  1.7222  1.6897  1.6579  1.6271  1.5972  1.5264  1.4574  1.3825  1.3021  1.2188
  1.1324  1.0431  0.9526  0.8628  0.7750  0.6901  0.6077  0.5277  0.4497  0.3732
  0.2977
  2.1461  2.1083  2.0671  2.0233  1.9786  1.9342  1.8911  1.8500  1.8110  1.7740
  1.7387  1.7044  1.6709  1.6382  1.6046  1.5299  1.4605  1.3887  1.3072
 [Fe/H] = -1.00 [alpha/Fe] = 0.40 BC value = F125W
  2.0820  2.0426  2.0012  1.9591  1.9167  1.8741  1.8313  1.7889  1.7495  1.7162
  1.6904  1.6719  1.6583  1.6467  1.6349  1.5965  1.5437  1.4763  1.3961
  2.1007  2.0622  2.0201  1.9761  1.9309  1.8851  1.8389  1.7922  1.7483  1.7097
  1.6782  1.6545  1.6372  1.6231  1.6094  1.5679  1.5137  1.4476  1.3704  1.2848
  2.1148  2.0787  2.0381  1.9945  1.9489  1.9020  1.8540  1.8049  1.7576  1.7145
  1.6775  1.6479  1.6257  1.6084  1.5928  1.5483  1.4925  1.4263  1.3508  1.2679
  1.1805
  2.1216  2.0908  2.0535  2.0118  1.9672  1.9206  1.8726  1.8228  1.7735  1.7271
  1.6855  1.6502  1.6222  1.6008  1.5826  1.5351  1.4776  1.4107  1.3358  1.2546
  1.1691  1.0817
  2.0984  2.0846  2.0583  2.0233  1.9822  1.9374  1.8907  1.8422  1.7926  1.7444
  1.6996  1.6597  1.6261  1.5993  1.5777  1.5267  1.4675  1.3997  1.3247  1.2442
  1.1598  1.0736  0.9871  0.9006
  2.0561  2.0473  2.0344  2.0141  1.9841  1.9451  1.9007  1.8544  1.8077  1.7612
  1.7162  1.6740  1.6361  1.6039  1.5778  1.5222  1.4611  1.3923  1.3168  1.2364
  1.1525  1.0668  0.9809  0.8955  0.8105  0.7254  0.6399  0.5530  0.4653  0.3802
  2.0366  2.0214  2.0050  1.9867  1.9642  1.9359  1.9012  1.8598  1.8134  1.7673
  1.7247  1.6852  1.6481  1.6136  1.5830  1.5209  1.4579  1.3878  1.3118  1.2311
  1.1472  1.0614  0.9755  0.8903  0.8062  0.7226  0.6392  0.5556  0.4710  0.3852
  0.3016
  2.0357  2.0148  1.9926  1.9695  1.9453  1.9185  1.8881  1.8534  1.8146  1.7726
  1.7299  1.6894  1.6534  1.6211  1.5908  1.5228  1.4572  1.3860  1.3093  1.2283
  1.1442  1.0579  0.9713  0.8856  0.8014  0.7186  0.6364  0.5548  0.4728  0.3904
  0.3058
  2.0457  2.0211  1.9941  1.9660  1.9372  1.9077  1.8770  1.8443  1.8090  1.7715
  1.7331  1.6951  1.6589  1.6256  1.5957  1.5274  1.4586  1.3857  1.3081  1.2267
  1.1421  1.0554  0.9677  0.8808  0.7956  0.7124  0.6305  0.5498  0.4697  0.3896
  0.3087
  2.0647  2.0357  2.0056  1.9735  1.9406  1.9074  1.8740  1.8406  1.8066  1.7715
  1.7357  1.6998  1.6650  1.6321  1.6012  1.5325  1.4634  1.3887  1.3102  1.2284
  1.1437  1.0566  0.9682  0.8799  0.7933  0.7089  0.6265  0.5460  0.4667  0.3882
  0.3098
  2.0916  2.0583  2.0241  1.9891  1.9531  1.9163  1.8798  1.8440  1.8090  1.7743
  1.7398  1.7053  1.6713  1.6385  1.6072  1.5361  1.4686  1.3937  1.3141  1.2318
  1.1470  1.0598  0.9710  0.8816  0.7934  0.7073  0.6236  0.5422  0.4628  0.3847
  0.3076
  2.1245  2.0881  2.0505  2.0122  1.9734  1.9340  1.8945  1.8558  1.8185  1.7824
  1.7475  1.7132  1.6795  1.6465  1.6137  1.5382  1.4742  1.4007  1.3198
 [Fe/H] = -0.75 [alpha/Fe] = 0.40 BC value = F125W
  2.0861  2.0478  2.0084  1.9685  1.9283  1.8880  1.8478  1.8076  1.7685  1.7339
  1.7053  1.6830  1.6659  1.6514  1.6376  1.5973  1.5442  1.4784  1.4007
  2.1103  2.0716  2.0301  1.9873  1.9436  1.8996  1.8552  1.8101  1.7666  1.7272
  1.6937  1.6670  1.6463  1.6294  1.6139  1.5706  1.5162  1.4509  1.3755  1.2916
  2.1296  2.0925  2.0515  2.0080  1.9631  1.9172  1.8704  1.8223  1.7753  1.7316
  1.6932  1.6614  1.6363  1.6163  1.5988  1.5526  1.4966  1.4308  1.3564  1.2750
  1.1884
  2.1435  2.1095  2.0705  2.0281  1.9835  1.9373  1.8898  1.8404  1.7909  1.7438
  1.7010  1.6641  1.6340  1.6100  1.5898  1.5406  1.4829  1.4164  1.3421  1.2620
  1.1774  1.0901
  2.1419  2.1184  2.0852  2.0457  2.0025  1.9571  1.9100  1.8611  1.8107  1.7613
  1.7151  1.6736  1.6383  1.6095  1.5859  1.5330  1.4737  1.4062  1.3317  1.2520
  1.1686  1.0828  0.9960  0.9090
  2.0981  2.0928  2.0776  2.0508  2.0148  1.9727  1.9272  1.8802  1.8310  1.7813
  1.7332  1.6884  1.6485  1.6146  1.5867  1.5288  1.4678  1.3993  1.3243  1.2447
  1.1618  1.0767  0.9906  0.9046  0.8188  0.7328  0.6463  0.5587  0.4706  0.3855
  2.0630  2.0535  2.0422  2.0264  2.0038  1.9733  1.9348  1.8901  1.8428  1.7957
  1.7495  1.7048  1.6629  1.6249  1.5923  1.5278  1.4647  1.3951  1.3196  1.2397
  1.1568  1.0719  0.9861  0.9004  0.8154  0.7310  0.6466  0.5621  0.4766  0.3906
  0.3072
  2.0523  2.0359  2.0185  2.0001  1.9792  1.9544  1.9243  1.8887  1.8469  1.8009
  1.7551  1.7124  1.6731  1.6364  1.6021  1.5298  1.4641  1.3933  1.3171  1.2370
  1.1539  1.0687  0.9826  0.8967  0.8117  0.7278  0.6448  0.5621  0.4793  0.3960
  0.3119
  2.0564  2.0351  2.0121  1.9881  1.9633  1.9371  1.9084  1.8762  1.8399  1.7997
  1.7575  1.7155  1.6761  1.6405  1.6084  1.5347  1.4655  1.3930  1.3160  1.2352
  1.1516  1.0660  0.9793  0.8924  0.8067  0.7225  0.6397  0.5580  0.4769  0.3959
  0.3143
  2.0680  2.0439  2.0176  1.9895  1.9602  1.9301  1.8993  1.8672  1.8330  1.7964
  1.7578  1.7186  1.6805  1.6449  1.6122  1.5409  1.4701  1.3959  1.3179  1.2367
  1.1529  1.0669  0.9796  0.8918  0.8049  0.7199  0.6366  0.5550  0.4748  0.3952
  0.3160
  2.0856  2.0585  2.0295  1.9991  1.9665  1.9330  1.8989  1.8647  1.8301  1.7948
  1.7586  1.7217  1.6851  1.6499  1.6169  1.5441  1.4759  1.4009  1.3217  1.2399
  1.1557  1.0695  0.9818  0.8933  0.8052  0.7188  0.6344  0.5521  0.4717  0.3926
  0.3170
  2.1092  2.0794  2.0474  2.0142  1.9798  1.9438  1.9069  1.8701  1.8336  1.7977
  1.7621  1.7265  1.6911  1.6564  1.6225  1.5443  1.4829  1.4080  1.3274
 [Fe/H] = -0.50 [alpha/Fe] = 0.40 BC value = F125W
  2.0812  2.0456  2.0096  1.9736  1.9383  1.9032  1.8677  1.8310  1.7935  1.7580
  1.7265  1.7000  1.6785  1.6606  1.6442  1.6010  1.5472  1.4819  1.4048
  2.1118  2.0741  2.0346  1.9944  1.9541  1.9138  1.8732  1.8315  1.7901  1.7508
  1.7155  1.6852  1.6605  1.6401  1.6221  1.5761  1.5209  1.4558  1.3816  1.2992
  2.1375  2.1002  2.0600  2.0180  1.9750  1.9317  1.8876  1.8424  1.7973  1.7543
  1.7149  1.6806  1.6519  1.6284  1.6082  1.5594  1.5027  1.4370  1.3633  1.2829
  1.1972
  2.1574  2.1224  2.0831  2.0412  1.9975  1.9528  1.9071  1.8597  1.8118  1.7654
  1.7223  1.6837  1.6507  1.6234  1.6004  1.5482  1.4901  1.4237  1.3499  1.2705
  1.1867  1.0998
  2.1693  2.1391  2.1026  2.0622  2.0191  1.9743  1.9283  1.8804  1.8309  1.7819
  1.7355  1.6930  1.6557  1.6241  1.5976  1.5412  1.4815  1.4142  1.3402  1.2610
  1.1784  1.0930  1.0061  0.9187
  2.1462  2.1357  2.1120  2.0783  2.0381  1.9943  1.9488  1.9017  1.8522  1.8019
  1.7531  1.7073  1.6659  1.6299  1.5994  1.5374  1.4759  1.4078  1.3333  1.2542
  1.1720  1.0876  1.0016  0.9152  0.8286  0.7417  0.6542  0.5653  0.4764  0.3908
  2.0954  2.0921  2.0841  2.0674  2.0409  2.0057  1.9641  1.9188  1.8716  1.8223
  1.7729  1.7251  1.6805  1.6404  1.6057  1.5367  1.4730  1.4037  1.3288  1.2495
  1.1674  1.0833  0.9978  0.9119  0.8262  0.7408  0.6554  0.5698  0.4831  0.3963
  0.3124
  2.0716  2.0605  2.0486  2.0347  2.0164  1.9921  1.9613  1.9240  1.8802  1.8332
  1.7862  1.7405  1.6964  1.6546  1.6163  1.5391  1.4724  1.4019  1.3264  1.2469
  1.1645  1.0803  0.9949  0.9090  0.8235  0.7387  0.6546  0.5710  0.4871  0.4025
  0.3175
  2.0685  2.0512  2.0326  2.0131  1.9925  1.9695  1.9426  1.9114  1.8752  1.8333
  1.7884  1.7439  1.7020  1.6632  1.6267  1.5445  1.4738  1.4016  1.3250  1.2450
  1.1622  1.0775  0.9918  0.9054  0.8194  0.7345  0.6506  0.5673  0.4845  0.4023
  0.3207
  2.0757  2.0554  2.0322  2.0076  1.9822  1.9558  1.9280  1.8979  1.8645  1.8273
  1.7867  1.7446  1.7034  1.6650  1.6300  1.5524  1.4783  1.4043  1.3268  1.2462
  1.1631  1.0780  0.9918  0.9049  0.8182  0.7327  0.6486  0.5660  0.4845  0.4037
  0.3235
  2.0873  2.0649  2.0400  2.0124  1.9832  1.9528  1.9217  1.8898  1.8566  1.8214
  1.7840  1.7448  1.7054  1.6674  1.6321  1.5558  1.4848  1.4091  1.3304  1.2491
  1.1656  1.0802  0.9935  0.9061  0.8187  0.7322  0.6472  0.5640  0.4825  0.4023
  0.3259
  2.1026  2.0778  2.0511  2.0221  1.9912  1.9583  1.9242  1.8896  1.8547  1.8193
  1.7832  1.7461  1.7087  1.6716  1.6330  1.5547  1.4933  1.4160  1.3358
 [Fe/H] = -0.25 [alpha/Fe] = 0.40 BC value = F125W
  2.0657  2.0340  2.0044  1.9759  1.9479  1.9195  1.8903  1.8591  1.8239  1.7877
  1.7533  1.7227  1.6966  1.6746  1.6552  1.6077  1.5528  1.4872  1.4107
  2.1035  2.0678  2.0319  1.9961  1.9612  1.9269  1.8925  1.8566  1.8187  1.7800
  1.7428  1.7091  1.6800  1.6555  1.6343  1.5844  1.5280  1.4625  1.3888  1.3077
  2.1366  2.1002  2.0619  2.0228  1.9836  1.9446  1.9053  1.8649  1.8237  1.7823
  1.7422  1.7053  1.6728  1.6452  1.6216  1.5687  1.5111  1.4451  1.3716  1.2920
  1.2072
  2.1636  2.1285  2.0901  2.0497  2.0084  1.9666  1.9242  1.8805  1.8360  1.7917
  1.7489  1.7087  1.6727  1.6415  1.6150  1.5582  1.4993  1.4327  1.3591  1.2802
  1.1971  1.1106
  2.1834  2.1512  2.1144  2.0745  2.0327  1.9897  1.9458  1.9004  1.8535  1.8065
  1.7609  1.7177  1.6783  1.6434  1.6134  1.5516  1.4911  1.4239  1.3502  1.2715
  1.1893  1.1043  1.0175  0.9298
  2.1722  2.1646  2.1332  2.0957  2.0548  2.0118  1.9676  1.9220  1.8741  1.8252
  1.7771  1.7312  1.6885  1.6500  1.6164  1.5483  1.4857  1.4178  1.3438  1.2651
  1.1833  1.0993  1.0137  0.9270  0.8397  0.7518  0.6630  0.5734  0.4839  0.3979
  2.1355  2.1360  2.1253  2.1027  2.0705  2.0312  1.9878  1.9427  1.8955  1.8461
  1.7964  1.7482  1.7027  1.6609  1.6235  1.5482  1.4827  1.4138  1.3394  1.2607
  1.1790  1.0954  1.0104  0.9245  0.8384  0.7522  0.6659  0.5790  0.4912  0.4038
  0.3197
  2.0943  2.0897  2.0836  2.0728  2.0547  2.0287  1.9956  1.9564  1.9121  1.8650
  1.8162  1.7673  1.7199  1.6753  1.6346  1.5513  1.4822  1.4119  1.3369  1.2581
  1.1763  1.0926  1.0079  0.9223  0.8366  0.7512  0.6661  0.5813  0.4963  0.4106
  0.3251
  2.0814  2.0688  2.0554  2.0411  2.0246  2.0039  1.9784  1.9482  1.9121  1.8698
  1.8243  1.7784  1.7335  1.6899  1.6481  1.5574  1.4836  1.4114  1.3354  1.2560
  1.1739  1.0899  1.0049  0.9192  0.8334  0.7481  0.6634  0.5795  0.4961  0.4127
  0.3289
  2.0846  2.0670  2.0477  2.0272  2.0060  1.9834  1.9586  1.9306  1.8989  1.8628
  1.8217  1.7782  1.7352  1.6943  1.6559  1.5672  1.4883  1.4139  1.3368  1.2568
  1.1744  1.0901  1.0048  0.9189  0.8329  0.7472  0.6625  0.5788  0.4962  0.4134
  0.3333
  2.0928  2.0738  2.0516  2.0270  2.0010  1.9742  1.9464  1.9174  1.8862  1.8523
  1.8150  1.7747  1.7333  1.6930  1.6554  1.5728  1.4957  1.4186  1.3402  1.2594
  1.1766  1.0919  1.0062  0.9199  0.8334  0.7472  0.6619  0.5779  0.4953  0.4140
  0.3382
  2.1036  2.0824  2.0592  2.0336  2.0051  1.9750  1.9438  1.9119  1.8791  1.8452
  1.8096  1.7719  1.7328  1.6936  1.6466  1.5742  1.5058  1.4255  1.3456
 [Fe/H] =  0.00 [alpha/Fe] = 0.40 BC value = F125W
  2.0391  2.0124  1.9920  1.9751  1.9584  1.9401  1.9185  1.8928  1.8588  1.8219
  1.7850  1.7505  1.7200  1.6937  1.6706  1.6178  1.5607  1.4943  1.4180
  2.0843  2.0521  2.0209  1.9915  1.9642  1.9386  1.9134  1.8857  1.8517  1.8138
  1.7750  1.7380  1.7048  1.6759  1.6509  1.5957  1.5375  1.4713  1.3975  1.3172
  2.1259  2.0913  2.0561  2.0215  1.9879  1.9554  1.9232  1.8900  1.8541  1.8149
  1.7743  1.7350  1.6988  1.6669  1.6394  1.5808  1.5216  1.4551  1.3815  1.3024
  1.2183
  2.1611  2.1266  2.0900  2.0526  2.0151  1.9779  1.9407  1.9027  1.8635  1.8224
  1.7802  1.7387  1.6997  1.6646  1.6340  1.5708  1.5103  1.4435  1.3700  1.2914
  1.2087  1.1226
  2.1887  2.1561  2.1200  2.0818  2.0425  2.0026  1.9623  1.9210  1.8783  1.8349
  1.7909  1.7473  1.7058  1.6676  1.6337  1.5647  1.5024  1.4352  1.3617  1.2833
  1.2014  1.1167  1.0300  0.9416
  2.2057  2.1782  2.1446  2.1073  2.0677  2.0269  1.9851  1.9422  1.8974  1.8514
  1.8054  1.7599  1.7161  1.6751  1.6379  1.5620  1.4971  1.4291  1.3556  1.2774
  1.1958  1.1120  1.0265  0.9398  0.8522  0.7638  0.6742  0.5829  0.4928  0.4060
  2.1808  2.1757  2.1567  2.1267  2.0898  2.0492  2.0069  1.9636  1.9183  1.8709
  1.8230  1.7756  1.7297  1.6862  1.6461  1.5628  1.4941  1.4251  1.3513  1.2731
  1.1918  1.1083  1.0236  0.9380  0.8517  0.7652  0.6780  0.5898  0.5006  0.4126
  0.3278
  2.1224  2.1251  2.1228  2.1113  2.0904  2.0610  2.0248  1.9832  1.9387  1.8917
  1.8428  1.7938  1.7461  1.7004  1.6577  1.5670  1.4937  1.4229  1.3486  1.2704
  1.1891  1.1057  1.0213  0.9363  0.8508  0.7651  0.6793  0.5934  0.5072  0.4201
  0.3338
  2.0937  2.0889  2.0816  2.0725  2.0590  2.0396  2.0144  1.9836  1.9474  1.9059
  1.8599  1.8118  1.7635  1.7165  1.6717  1.5741  1.4954  1.4223  1.3468  1.2681
  1.1865  1.1030  1.0185  0.9335  0.8482  0.7629  0.6778  0.5929  0.5083  0.4236
  0.3384
  2.0923  2.0785  2.0638  2.0483  2.0317  2.0129  1.9906  1.9647  1.9348  1.9004
  1.8611  1.8176  1.7734  1.7295  1.6863  1.5852  1.5007  1.4248  1.3479  1.2686
  1.1868  1.1031  1.0184  0.9333  0.8480  0.7628  0.6779  0.5936  0.5099  0.4266
  0.3437
  2.0986  2.0823  2.0628  2.0417  2.0195  1.9965  1.9724  1.9462  1.9175  1.8858
  1.8502  1.8110  1.7694  1.7278  1.6880  1.5955  1.5089  1.4295  1.3511  1.2708
  1.1886  1.1046  1.0196  0.9341  0.8487  0.7633  0.6781  0.5937  0.5102  0.4277
  0.3497
  2.1065  2.0895  2.0691  2.0452  2.0194  1.9922  1.9641  1.9353  1.9053  1.8735
  1.8396  1.8028  1.7637  1.7234  1.6768  1.6050  1.5200  1.4364  1.3564
 [Fe/H] =  0.25 [alpha/Fe] = 0.40 BC value = F125W
  2.0013  1.9806  1.9725  1.9710  1.9703  1.9659  1.9538  1.9311  1.8974  1.8596
  1.8205  1.7827  1.7481  1.7175  1.6905  1.6311  1.5711  1.5033  1.4261
  2.0544  2.0265  2.0039  1.9852  1.9688  1.9535  1.9384  1.9198  1.8886  1.8511
  1.8109  1.7712  1.7342  1.7012  1.6722  1.6103  1.5494  1.4819  1.4075  1.3275
  2.1049  2.0729  2.0422  2.0136  1.9877  1.9640  1.9417  1.9183  1.8882  1.8511
  1.8103  1.7688  1.7294  1.6935  1.6618  1.5961  1.5343  1.4669  1.3929  1.3139
  1.2303
  2.1492  2.1160  2.0823  2.0491  2.0171  1.9864  1.9566  1.9265  1.8941  1.8568
  1.8155  1.7727  1.7311  1.6924  1.6577  1.5866  1.5234  1.4560  1.3823  1.3039
  1.2214  1.1356
  2.1853  2.1529  2.1187  2.0832  2.0477  2.0125  1.9776  1.9421  1.9055  1.8668
  1.8248  1.7811  1.7377  1.6965  1.6587  1.5812  1.5156  1.4478  1.3745  1.2964
  1.2146  1.1301  1.0434  0.9548
  2.2187  2.1827  2.1494  2.1136  2.0766  2.0390  2.0010  1.9622  1.9220  1.8805
  1.8374  1.7928  1.7480  1.7047  1.6642  1.5793  1.5103  1.4418  1.3686  1.2908
  1.2095  1.1257  1.0403  0.9535  0.8656  0.7767  0.6862  0.5938  0.5032  0.4155
  2.2159  2.1986  2.1724  2.1390  2.1022  2.0637  2.0242  1.9838  1.9417  1.8977
  1.8528  1.8070  1.7611  1.7161  1.6733  1.5812  1.5075  1.4376  1.3642  1.2867
  1.2057  1.1224  1.0377  0.9521  0.8658  0.7791  0.6914  0.6021  0.5116  0.4229
  0.3373
  2.1582  2.1652  2.1609  2.1449  2.1188  2.0847  2.0458  2.0047  1.9621  1.9173
  1.8707  1.8236  1.7765  1.7302  1.6855  1.5868  1.5074  1.4354  1.3613  1.2838
  1.2031  1.1200  1.0357  0.9508  0.8655  0.7799  0.6937  0.6072  0.5197  0.4311
  0.3441
  2.1129  2.1130  2.1122  2.1070  2.0945  2.0748  2.0491  2.0176  1.9796  1.9363
  1.8896  1.8413  1.7931  1.7456  1.6995  1.5952  1.5099  1.4347  1.3593  1.2813
  1.2004  1.1173  1.0330  0.9483  0.8635  0.7785  0.6933  0.6079  0.5223  0.4363
  0.3496
  2.0997  2.0909  2.0815  2.0716  2.0597  2.0440  2.0238  1.9998  1.9726  1.9404
  1.9016  1.8574  1.8105  1.7631  1.7162  1.6074  1.5162  1.4372  1.3602  1.2814
  1.2004  1.1173  1.0330  0.9483  0.8637  0.7791  0.6943  0.6097  0.5252  0.4401
  0.3549
  2.1029  2.0892  2.0733  2.0564  2.0388  2.0201  1.9993  1.9760  1.9500  1.9214
  1.8897  1.8528  1.8119  1.7695  1.7268  1.6213  1.5254  1.4422  1.3632  1.2833
  1.2017  1.1185  1.0341  0.9492  0.8644  0.7798  0.6952  0.6108  0.5268  0.4433
  0.3602
  2.1103  2.0954  2.0770  2.0559  2.0331  2.0094  1.9849  1.9593  1.9322  1.9032
  1.8721  1.8383  1.8010  1.7615  1.7313  1.6369  1.5375  1.4497  1.3683
 [Fe/H] =  0.50 [alpha/Fe] = 0.40 BC value = F125W
  1.9523  1.9386  1.9456  1.9635  1.9835  1.9968  1.9963  1.9726  1.9381  1.8993
  1.8586  1.8181  1.7799  1.7454  1.7144  1.6474  1.5832  1.5138  1.4372
  2.0138  1.9910  1.9744  1.9807  1.9821  1.9792  1.9723  1.9584  1.9281  1.8908
  1.8497  1.8078  1.7676  1.7307  1.6978  1.6281  1.5635  1.4943  1.4190  1.3385
  2.0736  2.0450  2.0204  1.9995  1.9836  1.9711  1.9613  1.9513  1.9256  1.8900
  1.8491  1.8060  1.7639  1.7244  1.6888  1.6148  1.5493  1.4804  1.4056  1.3263
  1.2428
  2.1281  2.0969  2.0669  2.0391  2.0143  1.9923  1.9722  1.9524  1.9279  1.8941
  1.8538  1.8101  1.7663  1.7244  1.6859  1.6061  1.5387  1.4700  1.3959  1.3173
  1.2350  1.1493
  2.1735  2.1423  2.1101  2.0785  2.0481  2.0192  1.9914  1.9639  1.9352  1.9016
  1.8619  1.8182  1.7733  1.7294  1.6882  1.6015  1.5310  1.4621  1.3885  1.3105
  1.2289  1.1444  1.0575  0.9688
  2.2087  2.1796  2.1476  2.1144  2.0810  2.0479  2.0151  1.9821  1.9481  1.9124
  1.8727  1.8291  1.7836  1.7383  1.6948  1.6008  1.5259  1.4560  1.3828  1.3053
  1.2242  1.1405  1.0549  0.9679  0.8798  0.7905  0.6993  0.6062  0.5153  0.4267
  2.2299  2.2063  2.1776  2.1449  2.1105  2.0752  2.0396  2.0034  1.9658  1.9267
  1.8858  1.8421  1.7963  1.7500  1.7049  1.6041  1.5235  1.4516  1.3782  1.3012
  1.2207  1.1375  1.0527  0.9669  0.8805  0.7934  0.7052  0.6154  0.5241  0.4350
  0.3484
  2.1984  2.2012  2.1898  2.1662  2.1349  2.0997  2.0627  2.0248  1.9856  1.9442
  1.9013  1.8568  1.8108  1.7640  1.7176  1.6112  1.5242  1.4493  1.3751  1.2981
  1.2180  1.1353  1.0510  0.9660  0.8807  0.7951  0.7088  0.6217  0.5334  0.4438
  0.3561
  2.1344  2.1424  2.1464  2.1419  2.1284  2.1074  2.0789  2.0439  2.0047  1.9626
  1.9183  1.8725  1.8259  1.7787  1.7316  1.6209  1.5277  1.4486  1.3728  1.2953
  1.2152  1.1326  1.0485  0.9638  0.8791  0.7944  0.7093  0.6237  0.5375  0.4505
  0.3625
  2.1075  2.1045  2.1016  2.0975  2.0896  2.0761  2.0578  2.0357  2.0100  1.9776
  1.9365  1.8907  1.8433  1.7955  1.7480  1.6342  1.5354  1.4515  1.3734  1.2950
  1.2147  1.1324  1.0485  0.9640  0.8796  0.7954  0.7111  0.6266  0.5418  0.4566
  0.3711
  2.1047  2.0946  2.0834  2.0716  2.0591  2.0447  2.0273  2.0068  1.9840  1.9592
  1.9316  1.8971  1.8556  1.8104  1.7640  1.6492  1.5460  1.4573  1.3763  1.2965
  1.2156  1.1331  1.0493  0.9648  0.8804  0.7964  0.7124  0.6285  0.5444  0.4604
  0.3764
  2.1113  2.0987  2.0828  2.0650  2.0463  2.0266  2.0060  1.9839  1.9598  1.9340
  1.9069  1.8775  1.8444  1.8066  1.7796  1.6659  1.5595  1.4660  1.3815
