 [Fe/H] = -2.50 [alpha/Fe] = 0.40 BC value = F814W
  0.3059  0.3215  0.2911  0.2787  0.2994  0.3186  0.3051  0.2772  0.2694  0.2943
  0.3371  0.3933  0.4534  0.5086  0.5601  0.6581  0.7079  0.7212  0.7198
  0.3027  0.3562  0.3781  0.3878  0.3882  0.3804  0.3685  0.3585  0.3555  0.3621
  0.3803  0.4119  0.4558  0.5051  0.5516  0.6398  0.6854  0.6965  0.6894  0.6694
  0.3015  0.3717  0.4211  0.4478  0.4494  0.4384  0.4291  0.4233  0.4190  0.4164
  0.4211  0.4358  0.4641  0.5040  0.5447  0.6240  0.6660  0.6755  0.6652  0.6449
  0.6185
  0.3023  0.3680  0.4201  0.4587  0.4830  0.4926  0.4869  0.4716  0.4599  0.4572
  0.4595  0.4650  0.4783  0.5053  0.5394  0.6107  0.6497  0.6582  0.6471  0.6266
  0.6009  0.5713
  0.3239  0.3780  0.4237  0.4615  0.4905  0.5101  0.5203  0.5221  0.5158  0.5054
  0.4999  0.5005  0.5035  0.5155  0.5399  0.6019  0.6382  0.6459  0.6332  0.6116
  0.5856  0.5564  0.5245  0.4900
  0.3719  0.4107  0.4448  0.4750  0.5011  0.5222  0.5374  0.5469  0.5514  0.5520
  0.5497  0.5472  0.5461  0.5459  0.5550  0.5999  0.6326  0.6397  0.6251  0.6007
  0.5729  0.5429  0.5110  0.4771  0.4414  0.4035  0.3628  0.3173  0.2661  0.2129
  0.4450  0.4678  0.4879  0.5067  0.5248  0.5415  0.5558  0.5672  0.5752  0.5806
  0.5845  0.5873  0.5895  0.5883  0.5894  0.6097  0.6338  0.6399  0.6241  0.5959
  0.5644  0.5321  0.4988  0.4645  0.4290  0.3923  0.3535  0.3124  0.2662  0.2136
  0.1585
  0.5367  0.5456  0.5526  0.5589  0.5661  0.5744  0.5834  0.5921  0.5997  0.6058
  0.6108  0.6155  0.6199  0.6234  0.6239  0.6334  0.6440  0.6462  0.6297  0.5986
  0.5623  0.5257  0.4896  0.4535  0.4171  0.3803  0.3424  0.3029  0.2608  0.2142
  0.1603
  0.6400  0.6374  0.6336  0.6293  0.6257  0.6240  0.6247  0.6273  0.6308  0.6344
  0.6379  0.6414  0.6451  0.6491  0.6510  0.6584  0.6616  0.6577  0.6402  0.6075
  0.5671  0.5253  0.4846  0.4451  0.4064  0.3682  0.3298  0.2908  0.2506  0.2078
  0.1602
  0.7477  0.7366  0.7246  0.7122  0.6999  0.6891  0.6805  0.6750  0.6719  0.6705
  0.6701  0.6704  0.6714  0.6729  0.6743  0.6791  0.6800  0.6720  0.6533  0.6212
  0.5790  0.5331  0.4872  0.4430  0.4006  0.3596  0.3194  0.2796  0.2397  0.1987
  0.1557
  0.8581  0.8399  0.8212  0.8028  0.7843  0.7662  0.7498  0.7360  0.7250  0.7166
  0.7104  0.7058  0.7024  0.7001  0.6985  0.6973  0.6964  0.6866  0.6665  0.6353
  0.5940  0.5465  0.4969  0.4478  0.4006  0.3556  0.3122  0.2702  0.2291  0.1881
  0.1463
  0.9713  0.9473  0.9202  0.8975  0.8742  0.8511  0.8288  0.8080  0.7896  0.7737
  0.7604  0.7494  0.7403  0.7328  0.7236  0.7130  0.7108  0.7015  0.6798
 [Fe/H] = -2.00 [alpha/Fe] = 0.40 BC value = F814W
  0.0910  0.1365  0.1656  0.1833  0.1936  0.2021  0.2141  0.2332  0.2598  0.2932
  0.3350  0.3849  0.4403  0.4951  0.5484  0.6468  0.7045  0.7240  0.7177
  0.1931  0.2497  0.2842  0.3022  0.3096  0.3114  0.3121  0.3169  0.3271  0.3434
  0.3677  0.4018  0.4454  0.4929  0.5378  0.6269  0.6799  0.6989  0.6929  0.6734
  0.2373  0.3167  0.3643  0.3830  0.3933  0.3945  0.3909  0.3877  0.3875  0.3916
  0.4019  0.4206  0.4506  0.4897  0.5296  0.6102  0.6590  0.6775  0.6719  0.6529
  0.6269
  0.2432  0.3375  0.3999  0.4346  0.4493  0.4513  0.4466  0.4406  0.4375  0.4367
  0.4391  0.4463  0.4618  0.4897  0.5238  0.5967  0.6418  0.6598  0.6547  0.6359
  0.6102  0.5804
  0.2361  0.3244  0.3952  0.4443  0.4746  0.4904  0.4953  0.4923  0.4841  0.4749
  0.4731  0.4759  0.4826  0.4972  0.5230  0.5877  0.6294  0.6465  0.6415  0.6221
  0.5960  0.5664  0.5339  0.4986
  0.2433  0.3239  0.3907  0.4446  0.4860  0.5153  0.5334  0.5417  0.5415  0.5329
  0.5213  0.5143  0.5121  0.5163  0.5304  0.5844  0.6224  0.6383  0.6328  0.6121
  0.5845  0.5539  0.5213  0.4866  0.4499  0.4110  0.3693  0.3229  0.2712  0.2182
  0.2736  0.3414  0.3996  0.4481  0.4880  0.5198  0.5435  0.5593  0.5684  0.5725
  0.5722  0.5676  0.5614  0.5557  0.5555  0.5875  0.6210  0.6354  0.6295  0.6072
  0.5768  0.5439  0.5099  0.4748  0.4384  0.4006  0.3607  0.3185  0.2715  0.2187
  0.1636
  0.3287  0.3815  0.4278  0.4675  0.5012  0.5298  0.5536  0.5723  0.5856  0.5946
  0.6006  0.6044  0.6057  0.6033  0.5986  0.6044  0.6256  0.6377  0.6315  0.6082
  0.5747  0.5381  0.5014  0.4645  0.4273  0.3895  0.3504  0.3098  0.2668  0.2194
  0.1652
  0.4077  0.4455  0.4783  0.5069  0.5317  0.5533  0.5726  0.5894  0.6033  0.6139
  0.6220  0.6282  0.6334  0.6370  0.6367  0.6361  0.6404  0.6453  0.6381  0.6144
  0.5784  0.5377  0.4967  0.4566  0.4172  0.3780  0.3386  0.2985  0.2572  0.2134
  0.1651
  0.5016  0.5254  0.5461  0.5642  0.5796  0.5929  0.6050  0.6165  0.6271  0.6363
  0.6439  0.6501  0.6553  0.6600  0.6631  0.6651  0.6635  0.6591  0.6485  0.6251
  0.5887  0.5449  0.4994  0.4548  0.4118  0.3700  0.3288  0.2880  0.2470  0.2049
  0.1609
  0.6011  0.6162  0.6270  0.6360  0.6430  0.6483  0.6527  0.6571  0.6619  0.6668
  0.6715  0.6755  0.6788  0.6818  0.6845  0.6878  0.6858  0.6768  0.6617  0.6377
  0.6021  0.5574  0.5087  0.4596  0.4120  0.3663  0.3221  0.2792  0.2370  0.1949
  0.1521
  0.7044  0.7108  0.7150  0.7171  0.7175  0.7163  0.7140  0.7114  0.7094  0.7082
  0.7079  0.7079  0.7077  0.7076  0.7009  0.7042  0.7073  0.6984  0.6777
 [Fe/H] = -1.50 [alpha/Fe] = 0.40 BC value = F814W
 -0.2163 -0.1519 -0.1004 -0.0564 -0.0174  0.0252  0.0804  0.1489  0.2116  0.2684
  0.3241  0.3808  0.4372  0.4901  0.5379  0.6330  0.6953  0.7250  0.7252
 -0.0774 -0.0066  0.0466  0.0873  0.1205  0.1509  0.1867  0.2310  0.2718  0.3101
  0.3498  0.3935  0.4406  0.4874  0.5306  0.6167  0.6725  0.6995  0.7005  0.6838
  0.0213  0.1001  0.1581  0.1998  0.2299  0.2528  0.2744  0.3011  0.3269  0.3515
  0.3775  0.4080  0.4446  0.4849  0.5239  0.6026  0.6535  0.6784  0.6801  0.6646
  0.6392
  0.0847  0.1803  0.2477  0.2887  0.3174  0.3368  0.3510  0.3655  0.3804  0.3948
  0.4102  0.4289  0.4536  0.4853  0.5196  0.5917  0.6385  0.6617  0.6636  0.6489
  0.6240  0.5939
  0.1131  0.2236  0.3059  0.3635  0.3992  0.4159  0.4190  0.4226  0.4291  0.4371
  0.4462  0.4568  0.4708  0.4917  0.5193  0.5846  0.6278  0.6491  0.6508  0.6363
  0.6114  0.5813  0.5480  0.5117
  0.1134  0.2261  0.3188  0.3915  0.4439  0.4780  0.4948  0.4961  0.4896  0.4830
  0.4819  0.4868  0.4952  0.5069  0.5252  0.5817  0.6214  0.6408  0.6417  0.6269
  0.6012  0.5703  0.5367  0.5009  0.4630  0.4227  0.3794  0.3315  0.2791  0.2264
  0.1158  0.2256  0.3180  0.3932  0.4522  0.4954  0.5245  0.5419  0.5501  0.5497
  0.5421  0.5331  0.5290  0.5313  0.5400  0.5833  0.6191  0.6366  0.6365  0.6212
  0.5944  0.5617  0.5268  0.4904  0.4528  0.4135  0.3721  0.3280  0.2799  0.2268
  0.1721
  0.1304  0.2328  0.3208  0.3942  0.4535  0.5000  0.5352  0.5600  0.5762  0.5858
  0.5904  0.5899  0.5844  0.5775  0.5734  0.5907  0.6212  0.6365  0.6356  0.6197
  0.5942  0.5568  0.5194  0.4814  0.4429  0.4036  0.3630  0.3212  0.2766  0.2277
  0.1734
  0.1700  0.2571  0.3371  0.4045  0.4604  0.5058  0.5420  0.5703  0.5913  0.6059
  0.6157  0.6222  0.6257  0.6253  0.6213  0.6152  0.6286  0.6406  0.6385  0.6223
  0.5935  0.5562  0.5156  0.4745  0.4339  0.3933  0.3523  0.3107  0.2677  0.2224
  0.1732
  0.2323  0.3040  0.3707  0.4290  0.4786  0.5198  0.5535  0.5812  0.6035  0.6208
  0.6336  0.6429  0.6498  0.6546  0.6567  0.6518  0.6478  0.6494  0.6454  0.6292
  0.6005  0.5619  0.5181  0.4733  0.4293  0.3862  0.3436  0.3013  0.2587  0.2150
  0.1695
  0.3104  0.3689  0.4226  0.4712  0.5126  0.5474  0.5763  0.6005  0.6207  0.6374
  0.6509  0.6613  0.6692  0.6752  0.6797  0.6822  0.6756  0.6665  0.6562  0.6390
  0.6109  0.5722  0.5264  0.4780  0.4299  0.3833  0.3378  0.2935  0.2498  0.2061
  0.1618
  0.3984  0.4459  0.4892  0.5282  0.5617  0.5897  0.6128  0.6319  0.6478  0.6613
  0.6727  0.6820  0.6894  0.6949  0.6903  0.7064  0.7120  0.6919  0.6709
 [Fe/H] = -1.00 [alpha/Fe] = 0.40 BC value = F814W
 -0.6668 -0.5989 -0.5356 -0.4695 -0.3973 -0.3035 -0.1723 -0.0076  0.1340  0.2387
  0.3179  0.3837  0.4412  0.4919  0.5370  0.6266  0.6895  0.7246  0.7340
 -0.4706 -0.3964 -0.3338 -0.2757 -0.2151 -0.1435 -0.0471  0.0762  0.1843  0.2682
  0.3346  0.3918  0.4437  0.4904  0.5320  0.6142  0.6696  0.7008  0.7090  0.6977
 -0.3227 -0.2377 -0.1702 -0.1142 -0.0634 -0.0103  0.0569  0.1466  0.2300  0.2976
  0.3525  0.4008  0.4463  0.4890  0.5277  0.6041  0.6546  0.6825  0.6896  0.6795
  0.6565
 -0.2144 -0.1188 -0.0430  0.0168  0.0653  0.1081  0.1531  0.2146  0.2775  0.3310
  0.3752  0.4142  0.4521  0.4896  0.5250  0.5964  0.6432  0.6684  0.6744  0.6648
  0.6428  0.6131
 -0.1080 -0.0105  0.0639  0.1235  0.1720  0.2113  0.2452  0.2840  0.3287  0.3694
  0.4038  0.4341  0.4635  0.4942  0.5253  0.5915  0.6350  0.6579  0.6628  0.6530
  0.6316  0.6022  0.5683  0.5309
 -0.0555  0.0659  0.1621  0.2336  0.2827  0.3140  0.3361  0.3570  0.3835  0.4118
  0.4376  0.4603  0.4819  0.5047  0.5298  0.5895  0.6298  0.6507  0.6545  0.6442
  0.6227  0.5933  0.5591  0.5221  0.4825  0.4402  0.3946  0.3449  0.2910  0.2381
 -0.0394  0.0901  0.1988  0.2868  0.3541  0.4026  0.4348  0.4529  0.4625  0.4697
  0.4789  0.4914  0.5062  0.5223  0.5403  0.5906  0.6277  0.6466  0.6493  0.6384
  0.6165  0.5864  0.5514  0.5137  0.4743  0.4330  0.3895  0.3431  0.2929  0.2386
  0.1844
 -0.0342  0.0976  0.2104  0.3045  0.3807  0.4396  0.4826  0.5126  0.5325  0.5444
  0.5486  0.5475  0.5465  0.5499  0.5589  0.5956  0.6287  0.6456  0.6473  0.6358
  0.6134  0.5824  0.5459  0.5067  0.4664  0.4250  0.3821  0.3376  0.2903  0.2403
  0.1855
 -0.0288  0.1025  0.2153  0.3112  0.3906  0.4543  0.5037  0.5403  0.5664  0.5844
  0.5964  0.6033  0.6048  0.6022  0.5992  0.6078  0.6337  0.6480  0.6484  0.6362
  0.6132  0.5813  0.5429  0.5015  0.4591  0.4165  0.3733  0.3293  0.2840  0.2365
  0.1856
 -0.0124  0.1104  0.2204  0.3150  0.3948  0.4602  0.5124  0.5532  0.5839  0.6064
  0.6224  0.6336  0.6413  0.6455  0.6460  0.6392  0.6434  0.6538  0.6527  0.6402
  0.6170  0.5845  0.5448  0.5009  0.4558  0.4110  0.3663  0.3219  0.2769  0.2309
  0.1831
  0.0238  0.1351  0.2355  0.3254  0.4029  0.4674  0.5199  0.5620  0.5950  0.6206
  0.6398  0.6538  0.6640  0.6714  0.6764  0.6768  0.6685  0.6644  0.6604  0.6471
  0.6240  0.5914  0.5508  0.5049  0.4569  0.4090  0.3619  0.3156  0.2698  0.2238
  0.1773
  0.0783  0.1766  0.2671  0.3484  0.4207  0.4821  0.5328  0.5741  0.6072  0.6335
  0.6543  0.6702  0.6822  0.6909  0.6904  0.7206  0.7090  0.6798  0.6715
 [Fe/H] = -0.75 [alpha/Fe] = 0.40 BC value = F814W
 -0.9190 -0.8636 -0.8067 -0.7390 -0.6332 -0.4896 -0.3154 -0.1168  0.0835  0.2228
  0.3171  0.3878  0.4461  0.4961  0.5400  0.6270  0.6876  0.7243  0.7376
 -0.6975 -0.6336 -0.5763 -0.5167 -0.4453 -0.3506 -0.2162 -0.0364  0.1252  0.2448
  0.3295  0.3941  0.4481  0.4950  0.5361  0.6167  0.6713  0.7034  0.7140  0.7058
 -0.5196 -0.4429 -0.3802 -0.3241 -0.2664 -0.1971 -0.1018  0.0320  0.1621  0.2651
  0.3414  0.4003  0.4501  0.4939  0.5327  0.6084  0.6586  0.6871  0.6958  0.6880
  0.6669
 -0.3861 -0.2940 -0.2209 -0.1615 -0.1093 -0.0565  0.0075  0.1011  0.2027  0.2895
  0.3568  0.4095  0.4542  0.4944  0.5307  0.6022  0.6488  0.6746  0.6818  0.6739
  0.6539  0.6249
 -0.2758 -0.1791 -0.0976 -0.0312  0.0232  0.0701  0.1158  0.1759  0.2506  0.3206
  0.3779  0.4236  0.4624  0.4979  0.5310  0.5981  0.6417  0.6653  0.6712  0.6629
  0.6433  0.6151  0.5812  0.5436
 -0.1643 -0.0556  0.0270  0.0891  0.1389  0.1814  0.2190  0.2571  0.3068  0.3595
  0.4059  0.4439  0.4763  0.5060  0.5346  0.5964  0.6372  0.6588  0.6635  0.6546
  0.6351  0.6071  0.5733  0.5357  0.4953  0.4519  0.4049  0.3539  0.2995  0.2463
 -0.1221  0.0063  0.1121  0.1951  0.2577  0.3029  0.3336  0.3554  0.3788  0.4091
  0.4412  0.4707  0.4964  0.5199  0.5430  0.5974  0.6353  0.6549  0.6586  0.6491
  0.6292  0.6010  0.5667  0.5287  0.4883  0.4459  0.4009  0.3532  0.3018  0.2470
  0.1929
 -0.1081  0.0278  0.1439  0.2406  0.3180  0.3777  0.4221  0.4538  0.4758  0.4920
  0.5035  0.5138  0.5260  0.5409  0.5576  0.6016  0.6361  0.6538  0.6565  0.6464
  0.6259  0.5972  0.5621  0.5230  0.4817  0.4392  0.3951  0.3490  0.3006  0.2491
  0.1939
 -0.1027  0.0357  0.1561  0.2585  0.3436  0.4119  0.4649  0.5046  0.5339  0.5555
  0.5711  0.5802  0.5835  0.5846  0.5874  0.6112  0.6404  0.6557  0.6571  0.6464
  0.6252  0.5957  0.5593  0.5185  0.4756  0.4319  0.3874  0.3420  0.2952  0.2463
  0.1943
 -0.1015  0.0366  0.1586  0.2635  0.3522  0.4252  0.4837  0.5292  0.5635  0.5889
  0.6077  0.6214  0.6307  0.6355  0.6363  0.6348  0.6481  0.6607  0.6606  0.6494
  0.6279  0.5978  0.5605  0.5180  0.4730  0.4274  0.3816  0.3357  0.2894  0.2418
  0.1927
 -0.0892  0.0426  0.1610  0.2664  0.3561  0.4312  0.4925  0.5414  0.5795  0.6086
  0.6303  0.6464  0.6582  0.6668  0.6725  0.6732  0.6676  0.6693  0.6672  0.6551
  0.6335  0.6030  0.5651  0.5213  0.4742  0.4261  0.3781  0.3306  0.2835  0.2361
  0.1891
 -0.0658  0.0621  0.1738  0.2738  0.3624  0.4375  0.4998  0.5502  0.5903  0.6217
  0.6461  0.6644  0.6782  0.6883  0.6960  0.7264  0.6989  0.6815  0.6769
 [Fe/H] = -0.50 [alpha/Fe] = 0.40 BC value = F814W
 -1.1487 -1.1176 -1.0798 -1.0235 -0.9041 -0.7240 -0.4973 -0.2359  0.0270  0.2055
  0.3174  0.3942  0.4534  0.5028  0.5455  0.6301  0.6893  0.7263  0.7406
 -0.9162 -0.8730 -0.8316 -0.7805 -0.7058 -0.5908 -0.4150 -0.1695  0.0560  0.2189
  0.3254  0.3986  0.4549  0.5019  0.5425  0.6217  0.6756  0.7080  0.7203  0.7148
 -0.7166 -0.6577 -0.6086 -0.5600 -0.5008 -0.4177 -0.2927 -0.1082  0.0800  0.2281
  0.3307  0.4019  0.4560  0.5009  0.5397  0.6149  0.6649  0.6938  0.7038  0.6977
  0.6786
 -0.5571 -0.4792 -0.4176 -0.3656 -0.3145 -0.2539 -0.1700 -0.0405  0.1096  0.2404
  0.3373  0.4063  0.4583  0.5010  0.5380  0.6098  0.6566  0.6830  0.6911  0.6845
  0.6661  0.6383
 -0.4355 -0.3410 -0.2646 -0.2030 -0.1509 -0.1010 -0.0438  0.0396  0.1511  0.2603
  0.3485  0.4139  0.4632  0.5033  0.5381  0.6063  0.6505  0.6748  0.6816  0.6743
  0.6562  0.6294  0.5958  0.5579
 -0.3009 -0.2134 -0.1383 -0.0723 -0.0153  0.0339  0.0796  0.1320  0.2069  0.2915
  0.3669  0.4264  0.4721  0.5090  0.5409  0.6048  0.6464  0.6689  0.6747  0.6668
  0.6486  0.6222  0.5891  0.5513  0.5100  0.4654  0.4171  0.3643  0.3086  0.2547
 -0.2076 -0.0914 -0.0004  0.0682  0.1203  0.1620  0.1989  0.2341  0.2781  0.3359
  0.3950  0.4456  0.4861  0.5189  0.5473  0.6056  0.6446  0.6652  0.6701  0.6618
  0.6432  0.6167  0.5835  0.5457  0.5046  0.4609  0.4145  0.3653  0.3121  0.2559
  0.2010
 -0.1758 -0.0434  0.0685  0.1595  0.2307  0.2853  0.3267  0.3574  0.3819  0.4097
  0.4424  0.4761  0.5074  0.5346  0.5584  0.6094  0.6453  0.6640  0.6678  0.6590
  0.6400  0.6131  0.5795  0.5410  0.4994  0.4557  0.4101  0.3627  0.3127  0.2593
  0.2025
 -0.1650 -0.0254  0.0959  0.1989  0.2839  0.3516  0.4045  0.4454  0.4768  0.5023
  0.5240  0.5405  0.5532  0.5652  0.5788  0.6174  0.6491  0.6656  0.6679  0.6585
  0.6389  0.6112  0.5769  0.5373  0.4945  0.4500  0.4041  0.3564  0.3071  0.2563
  0.2043
 -0.1676 -0.0231  0.1032  0.2124  0.3049  0.3813  0.4425  0.4906  0.5277  0.5567
  0.5801  0.5985  0.6112  0.6186  0.6225  0.6335  0.6557  0.6698  0.6708  0.6606
  0.6407  0.6124  0.5773  0.5368  0.4926  0.4467  0.3998  0.3525  0.3044  0.2550
  0.2043
 -0.1707 -0.0268  0.1025  0.2150  0.3118  0.3931  0.4599  0.5134  0.5554  0.5877
  0.6127  0.6322  0.6472  0.6582  0.6652  0.6687  0.6698  0.6773  0.6765  0.6654
  0.6451  0.6164  0.5807  0.5393  0.4938  0.4460  0.3974  0.3487  0.3000  0.2510
  0.2025
 -0.1655 -0.0260  0.1008  0.2139  0.3133  0.3975  0.4677  0.5249  0.5704  0.6061
  0.6337  0.6548  0.6709  0.6831  0.7069  0.7230  0.6914  0.6881  0.6850
 [Fe/H] = -0.25 [alpha/Fe] = 0.40 BC value = F814W
 -1.3301 -1.3287 -1.3381 -1.3192 -1.2336 -1.0503 -0.7450 -0.3483 -0.0327  0.1827
  0.3163  0.4013  0.4626  0.5118  0.5537  0.6357  0.6939  0.7308  0.7469
 -1.1007 -1.0897 -1.0711 -1.0408 -0.9760 -0.8497 -0.6318 -0.3122 -0.0200  0.1877
  0.3197  0.4039  0.4635  0.5108  0.5511  0.6290  0.6823  0.7150  0.7286  0.7250
 -0.8919 -0.8592 -0.8331 -0.8021 -0.7511 -0.6611 -0.5077 -0.2675 -0.0138  0.1848
  0.3178  0.4039  0.4636  0.5098  0.5486  0.6234  0.6734  0.7029  0.7139  0.7092
  0.6917
 -0.7149 -0.6599 -0.6185 -0.5821 -0.5393 -0.4762 -0.3743 -0.2067 -0.0003  0.1822
  0.3146  0.4031  0.4638  0.5094  0.5471  0.6191  0.6664  0.6936  0.7028  0.6972
  0.6800  0.6534
 -0.5747 -0.4970 -0.4369 -0.3891 -0.3460 -0.2975 -0.2307 -0.1232  0.0303  0.1875
  0.3139  0.4033  0.4651  0.5104  0.5469  0.6160  0.6611  0.6864  0.6944  0.6881
  0.6709  0.6451  0.6122  0.5743
 -0.4267 -0.3667 -0.2923 -0.2308 -0.1797 -0.1337 -0.0847 -0.0185  0.0836  0.2072
  0.3200  0.4066  0.4684  0.5135  0.5488  0.6146  0.6574  0.6809  0.6881  0.6813
  0.6639  0.6385  0.6063  0.5687  0.5269  0.4810  0.4310  0.3770  0.3204  0.2657
 -0.3012 -0.2114 -0.1446 -0.0896 -0.0392  0.0080  0.0523  0.0976  0.1593  0.2455
  0.3373  0.4157  0.4753  0.5193  0.5532  0.6152  0.6555  0.6773  0.6836  0.6765
  0.6589  0.6334  0.6015  0.5641  0.5228  0.4783  0.4308  0.3797  0.3247  0.2676
  0.2122
 -0.2366 -0.1157 -0.0178  0.0572  0.1137  0.1570  0.1927  0.2254  0.2597  0.3086
  0.3716  0.4347  0.4878  0.5290  0.5610  0.6185  0.6559  0.6759  0.6810  0.6737
  0.6558  0.6300  0.5979  0.5604  0.5190  0.4747  0.4279  0.3789  0.3271  0.2719
  0.2142
 -0.2140 -0.0800  0.0357  0.1323  0.2097  0.2701  0.3176  0.3552  0.3861  0.4145
  0.4475  0.4826  0.5167  0.5476  0.5744  0.6253  0.6593  0.6771  0.6808  0.6727
  0.6545  0.6280  0.5953  0.5574  0.5153  0.4705  0.4236  0.3753  0.3252  0.2725
  0.2169
 -0.2121 -0.0705  0.0537  0.1615  0.2523  0.3265  0.3857  0.4329  0.4709  0.5023
  0.5305  0.5561  0.5770  0.5928  0.6057  0.6364  0.6651  0.6808  0.6830  0.6741
  0.6555  0.6287  0.5954  0.5569  0.5142  0.4684  0.4209  0.3722  0.3225  0.2712
  0.2190
 -0.2215 -0.0750  0.0557  0.1700  0.2684  0.3513  0.4194  0.4743  0.5180  0.5529
  0.5816  0.6061  0.6263  0.6417  0.6521  0.6644  0.6756  0.6873  0.6879  0.6779
  0.6589  0.6317  0.5979  0.5587  0.5152  0.4684  0.4197  0.3700  0.3198  0.2690
  0.2204
 -0.2310 -0.0848  0.0486  0.1682  0.2715  0.3600  0.4340  0.4948  0.5437  0.5824
  0.6131  0.6375  0.6573  0.6731  0.7136  0.7093  0.6908  0.6966  0.6955
 [Fe/H] =  0.00 [alpha/Fe] = 0.40 BC value = F814W
 -1.4653 -1.4931 -1.5114 -1.4838 -1.3899 -1.1952 -0.8822 -0.4270 -0.0928  0.1530
  0.3111  0.4082  0.4734  0.5232  0.5645  0.6446  0.7011  0.7379  0.7548
 -1.2397 -1.2565 -1.2723 -1.2713 -1.2291 -1.1059 -0.8468 -0.4461 -0.1006  0.1495
  0.3097  0.4084  0.4734  0.5219  0.5619  0.6387  0.6916  0.7246  0.7392  0.7372
 -1.0290 -1.0272 -1.0307 -1.0260 -0.9945 -0.9093 -0.7331 -0.4361 -0.1153  0.1339
  0.3002  0.4044  0.4720  0.5205  0.5596  0.6339  0.6842  0.7144  0.7266  0.7231
  0.7067
 -0.8428 -0.8171 -0.8031 -0.7905 -0.7653 -0.7085 -0.5944 -0.3889 -0.1228  0.1151
  0.2865  0.3976  0.4695  0.5193  0.5579  0.6300  0.6781  0.7064  0.7170  0.7124
  0.6960  0.6703
 -0.6892 -0.6369 -0.6012 -0.5750 -0.5483 -0.5080 -0.4362 -0.3059 -0.1080  0.1028
  0.2722  0.3895  0.4665  0.5186  0.5573  0.6271  0.6732  0.6998  0.7094  0.7043
  0.6878  0.6626  0.6302  0.5917
 -0.5653 -0.4914 -0.4336 -0.3895 -0.3535 -0.3173 -0.2690 -0.1907 -0.0601  0.1078
  0.2642  0.3824  0.4636  0.5185  0.5580  0.6257  0.6696  0.6947  0.7035  0.6981
  0.6814  0.6564  0.6248  0.5875  0.5455  0.4992  0.4482  0.3917  0.3340  0.2781
 -0.4127 -0.3503 -0.2922 -0.2380 -0.1903 -0.1482 -0.1070 -0.0570  0.0209  0.1375
  0.2679  0.3797  0.4621  0.5197  0.5602  0.6261  0.6677  0.6911  0.6990  0.6935
  0.6767  0.6517  0.6204  0.5838  0.5426  0.4979  0.4494  0.3965  0.3394  0.2811
  0.2245
 -0.2918 -0.1932 -0.1212 -0.0709 -0.0323  0.0035  0.0410  0.0805  0.1270  0.1972
  0.2913  0.3868  0.4652  0.5230  0.5644  0.6289  0.6678  0.6894  0.6961  0.6904
  0.6736  0.6484  0.6171  0.5808  0.5400  0.4956  0.4481  0.3976  0.3440  0.2866
  0.2276
 -0.2435 -0.1275 -0.0245  0.0571  0.1184  0.1642  0.2004  0.2292  0.2584  0.2966
  0.3496  0.4151  0.4791  0.5321  0.5722  0.6347  0.6708  0.6902  0.6954  0.6889
  0.6720  0.6465  0.6147  0.5781  0.5373  0.4929  0.4456  0.3959  0.3440  0.2894
  0.2317
 -0.2399 -0.1059  0.0109  0.1115  0.1943  0.2599  0.3112  0.3514  0.3851  0.4167
  0.4498  0.4865  0.5243  0.5589  0.5889  0.6430  0.6760  0.6933  0.6969  0.6895
  0.6724  0.6468  0.6147  0.5777  0.5366  0.4919  0.4444  0.3948  0.3436  0.2905
  0.2356
 -0.2469 -0.1054  0.0203  0.1310  0.2261  0.3056  0.3703  0.4221  0.4643  0.4997
  0.5311  0.5604  0.5881  0.6123  0.6311  0.6616  0.6845  0.6991  0.7011  0.6925
  0.6748  0.6491  0.6167  0.5792  0.5376  0.4925  0.4443  0.3942  0.3428  0.2903
  0.2393
 -0.2636 -0.1173  0.0156  0.1331  0.2358  0.3239  0.3978  0.4585  0.5076  0.5473
  0.5801  0.6082  0.6330  0.6542  0.6988  0.6905  0.6963  0.7076  0.7080
 [Fe/H] =  0.25 [alpha/Fe] = 0.40 BC value = F814W
 -1.5547 -1.6097 -1.5824 -1.4817 -1.3153 -1.0903 -0.8126 -0.4875 -0.1453  0.1184
  0.3006  0.4131  0.4850  0.5366  0.5779  0.6566  0.7120  0.7481  0.7653
 -1.3395 -1.3856 -1.4738 -1.5391 -1.5177 -1.3582 -1.0198 -0.5445 -0.1738  0.1052
  0.2935  0.4100  0.4835  0.5347  0.5751  0.6511  0.7037  0.7370  0.7525  0.7518
 -1.1270 -1.1566 -1.1904 -1.2150 -1.2101 -1.1417 -0.9524 -0.5907 -0.2131  0.0768
  0.2758  0.4010  0.4796  0.5324  0.5725  0.6466  0.6972  0.7284  0.7419  0.7396
  0.7241
 -0.9336 -0.9399 -0.9567 -0.9728 -0.9723 -0.9317 -0.8151 -0.5748 -0.2465  0.0423
  0.2509  0.3877  0.4735  0.5298  0.5705  0.6428  0.6916  0.7212  0.7335  0.7303
  0.7146  0.6892
 -0.7696 -0.7494 -0.7419 -0.7432 -0.7401 -0.7159 -0.6472 -0.4983 -0.2549  0.0119
  0.2237  0.3706  0.4651  0.5265  0.5689  0.6399  0.6869  0.7151  0.7266  0.7231
  0.7073  0.6823  0.6501  0.6115
 -0.6487 -0.5887 -0.5567 -0.5375 -0.5236 -0.5038 -0.4625 -0.3763 -0.2176 -0.0025
  0.2000  0.3523  0.4551  0.5225  0.5678  0.6384  0.6832  0.7101  0.7209  0.7173
  0.7015  0.6768  0.6453  0.6080  0.5658  0.5189  0.4667  0.4087  0.3501  0.2926
 -0.5148 -0.4547 -0.4051 -0.3653 -0.3348 -0.3084 -0.2769 -0.2264 -0.1338  0.0145
  0.1878  0.3365  0.4449  0.5182  0.5672  0.6385  0.6811  0.7063  0.7162  0.7126
  0.6971  0.6725  0.6413  0.6049  0.5640  0.5192  0.4700  0.4155  0.3564  0.2969
  0.2389
 -0.3460 -0.2825 -0.2420 -0.2092 -0.1755 -0.1410 -0.1066 -0.0690 -0.0159  0.0728
  0.1987  0.3298  0.4369  0.5144  0.5672  0.6406  0.6810  0.7043  0.7130  0.7092
  0.6940  0.6694  0.6384  0.6024  0.5622  0.5182  0.4702  0.4189  0.3634  0.3037
  0.2433
 -0.2731 -0.1690 -0.0874 -0.0302  0.0074  0.0338  0.0578  0.0861  0.1197  0.1698
  0.2464  0.3445  0.4393  0.5149  0.5696  0.6454  0.6836  0.7047  0.7118  0.7072
  0.6919  0.6675  0.6363  0.6003  0.5603  0.5167  0.4694  0.4189  0.3655  0.3090
  0.2489
 -0.2510 -0.1304 -0.0250  0.0624  0.1302  0.1801  0.2175  0.2478  0.2743  0.3025
  0.3398  0.3950  0.4610  0.5237  0.5750  0.6515  0.6883  0.7073  0.7127  0.7070
  0.6917  0.6675  0.6363  0.6001  0.5602  0.5167  0.4697  0.4198  0.3674  0.3125
  0.2542
 -0.2500 -0.1206 -0.0039  0.0986  0.1856  0.2563  0.3119  0.3557  0.3922  0.4243
  0.4547  0.4877  0.5262  0.5658  0.6012  0.6623  0.6957  0.7124  0.7161  0.7092
  0.6932  0.6691  0.6380  0.6016  0.5614  0.5177  0.4706  0.4207  0.3686  0.3145
  0.2589
 -0.2652 -0.1276 -0.0028  0.1086  0.2062  0.2897  0.3591  0.4155  0.4609  0.4987
  0.5317  0.5621  0.5917  0.6205  0.6482  0.6778  0.7058  0.7200  0.7220
 [Fe/H] =  0.50 [alpha/Fe] = 0.40 BC value = F814W
 -1.5984 -1.6786 -1.5509 -1.3128 -1.0098 -0.7355 -0.5361 -0.5317 -0.1994  0.0771
  0.2830  0.4145  0.4962  0.5522  0.5941  0.6723  0.7262  0.7619  0.7806
 -1.4001 -1.4770 -1.5522 -1.7340 -1.7061 -1.4888 -1.1000 -0.6152 -0.2450  0.0534
  0.2691  0.4069  0.4921  0.5486  0.5906  0.6667  0.7190  0.7525  0.7687  0.7690
 -1.1859 -1.2474 -1.3142 -1.3652 -1.3872 -1.3422 -1.1488 -0.7056 -0.3012  0.0126
  0.2424  0.3918  0.4848  0.5446  0.5873  0.6619  0.7129  0.7451  0.7598  0.7587
  0.7442
 -0.9917 -1.0298 -1.0764 -1.1207 -1.1470 -1.1292 -1.0208 -0.7469 -0.3632 -0.0352
  0.2077  0.3703  0.4738  0.5393  0.5842  0.6579  0.7074  0.7385  0.7525  0.7509
  0.7360  0.7107
 -0.8156 -0.8267 -0.8520 -0.8827 -0.9065 -0.9045 -0.8479 -0.6884 -0.3971 -0.0852
  0.1673  0.3439  0.4589  0.5325  0.5810  0.6549  0.7025  0.7326  0.7461  0.7445
  0.7297  0.7048  0.6723  0.6333
 -0.6732 -0.6540 -0.6525 -0.6627 -0.6756 -0.6780 -0.6505 -0.5639 -0.3795 -0.1169
  0.1271  0.3142  0.4408  0.5234  0.5772  0.6530  0.6986  0.7273  0.7404  0.7389
  0.7245  0.7000  0.6682  0.6306  0.5879  0.5405  0.4871  0.4280  0.3687  0.3095
 -0.5584 -0.5148 -0.4867 -0.4720 -0.4664 -0.4620 -0.4462 -0.4009 -0.2976 -0.1161
  0.0996  0.2849  0.4208  0.5126  0.5727  0.6526  0.6962  0.7232  0.7353  0.7341
  0.7202  0.6962  0.6649  0.6282  0.5870  0.5416  0.4916  0.4363  0.3759  0.3154
  0.2557
 -0.4032 -0.3717 -0.3419 -0.3140 -0.2901 -0.2709 -0.2517 -0.2235 -0.1686 -0.0633
  0.0966  0.2641  0.4022  0.5009  0.5676  0.6538  0.6958  0.7207  0.7316  0.7301
  0.7168  0.6934  0.6625  0.6264  0.5861  0.5420  0.4939  0.4417  0.3849  0.3233
  0.2618
 -0.2828 -0.2054 -0.1552 -0.1289 -0.1148 -0.1007 -0.0800 -0.0524 -0.0180  0.0399
  0.1368  0.2664  0.3930  0.4930  0.5638  0.6570  0.6981  0.7206  0.7298  0.7274
  0.7143  0.6913  0.6606  0.6247  0.5849  0.5416  0.4945  0.4438  0.3894  0.3311
  0.2688
 -0.2450 -0.1413 -0.0536  0.0132  0.0592  0.0873  0.1053  0.1207  0.1401  0.1708
  0.2209  0.3001  0.3977  0.4887  0.5604  0.6606  0.7022  0.7226  0.7300  0.7264
  0.7132  0.6908  0.6606  0.6249  0.5853  0.5425  0.4961  0.4464  0.3934  0.3372
  0.2781
 -0.2353 -0.1203 -0.0166  0.0734  0.1473  0.2036  0.2445  0.2753  0.3007  0.3246
  0.3513  0.3884  0.4435  0.5082  0.5687  0.6661  0.7085  0.7273  0.7327  0.7277
  0.7138  0.6915  0.6618  0.6263  0.5867  0.5440  0.4979  0.4487  0.3965  0.3415
  0.2841
 -0.2434 -0.1195 -0.0068  0.0946  0.1834  0.2583  0.3188  0.3661  0.4037  0.4357
  0.4654  0.4951  0.5278  0.5660  0.5887  0.6735  0.7170  0.7347  0.7379
