 [Fe/H] = -2.50 [alpha/Fe] = 0.40 BC value = F390M
 -7.1507 -7.0433 -7.0007 -6.9030 -6.7200 -6.5329 -6.4313 -6.3901 -6.3099 -6.1316
 -5.8840 -5.5835 -5.2543 -4.9202 -4.5835 -3.7283 -2.8797 -2.1788 -1.6061
 -6.8760 -6.6281 -6.4424 -6.2821 -6.1392 -6.0130 -5.8989 -5.7847 -5.6525 -5.4868
 -5.2755 -5.0130 -4.7069 -4.3872 -4.0750 -3.3196 -2.5936 -1.9790 -1.4999 -1.1428
 -6.7267 -6.3840 -6.0970 -5.8679 -5.6988 -5.5620 -5.4234 -5.2738 -5.1155 -4.9475
 -4.7525 -4.5203 -4.2452 -3.9475 -3.6587 -2.9882 -2.3656 -1.8265 -1.4144 -1.1048
 -0.8619
 -6.7028 -6.3110 -5.9645 -5.6604 -5.3988 -5.1799 -5.0048 -4.8574 -4.6989 -4.5137
 -4.3150 -4.1054 -3.8692 -3.6011 -3.3346 -2.7341 -2.1957 -1.7213 -1.3495 -1.0704
 -0.8522 -0.6732
 -6.7630 -6.3334 -5.9478 -5.6003 -5.2880 -5.0100 -4.7655 -4.5526 -4.3688 -4.1985
 -4.0110 -3.8033 -3.5893 -3.3552 -3.1086 -2.5574 -2.0805 -1.6571 -1.3148 -1.0568
 -0.8569 -0.6936 -0.5549 -0.4342
 -6.8991 -6.4374 -6.0175 -5.6351 -5.2874 -4.9710 -4.6841 -4.4257 -4.1937 -3.9852
 -3.7944 -3.6061 -3.4089 -3.2005 -2.9736 -2.4503 -2.0133 -1.6270 -1.3046 -1.0589
 -0.8716 -0.7204 -0.5927 -0.4819 -0.3839 -0.2960 -0.2168 -0.1434 -0.0757 -0.0223
 -7.0963 -6.6117 -6.1635 -5.7498 -5.3697 -5.0220 -4.7039 -4.4122 -4.1464 -3.9046
 -3.6841 -3.4814 -3.2894 -3.1022 -2.9011 -2.4018 -1.9843 -1.6234 -1.3137 -1.0728
 -0.8919 -0.7498 -0.6317 -0.5299 -0.4403 -0.3601 -0.2883 -0.2229 -0.1651 -0.1164
 -0.0778
 -7.3393 -6.8374 -6.3693 -5.9312 -5.5229 -5.1460 -4.7990 -4.4798 -4.1860 -3.9165
 -3.6695 -3.4435 -3.2366 -3.0446 -2.8569 -2.3924 -1.9822 -1.6368 -1.3367 -1.0955
 -0.9152 -0.7783 -0.6681 -0.5750 -0.4938 -0.4216 -0.3570 -0.2989 -0.2471 -0.2031
 -0.1716
 -7.6069 -7.0933 -6.6099 -6.1558 -5.7266 -5.3244 -4.9510 -4.6057 -4.2873 -3.9933
 -3.7221 -3.4729 -3.2449 -3.0366 -2.8416 -2.3925 -1.9945 -1.6547 -1.3637 -1.1219
 -0.9385 -0.8024 -0.6979 -0.6129 -0.5405 -0.4767 -0.4201 -0.3694 -0.3241 -0.2847
 -0.2537
 -7.8939 -7.3839 -6.8861 -6.4178 -5.9739 -5.5534 -5.1583 -4.7893 -4.4468 -4.1297
 -3.8360 -3.5642 -3.3139 -3.0849 -2.8740 -2.4101 -2.0197 -1.6816 -1.3948 -1.1545
 -0.9661 -0.8264 -0.7230 -0.6437 -0.5793 -0.5243 -0.4762 -0.4335 -0.3956 -0.3625
 -0.3321
 -8.2001 -7.6785 -7.1773 -6.6977 -6.2416 -5.8103 -5.4007 -5.0134 -4.6498 -4.3105
 -3.9949 -3.7017 -3.4298 -3.1787 -2.9472 -2.4478 -2.0505 -1.7127 -1.4257 -1.1854
 -0.9937 -0.8490 -0.7426 -0.6648 -0.6064 -0.5598 -0.5208 -0.4868 -0.4570 -0.4312
 -0.4096
 -8.5256 -7.9771 -7.4568 -6.9764 -6.5150 -6.0765 -5.6596 -5.2620 -4.8838 -4.5268
 -4.1914 -3.8776 -3.5846 -3.3122 -3.0612 -2.5056 -2.0869 -1.7480 -1.4564
 [Fe/H] = -2.00 [alpha/Fe] = 0.40 BC value = F390M
 -6.5061 -6.4375 -6.3998 -6.3784 -6.3605 -6.3345 -6.2903 -6.2194 -6.1121 -5.9564
 -5.7446 -5.4755 -5.1670 -4.8531 -4.5509 -3.8016 -3.0477 -2.3440 -1.7842
 -6.1582 -6.0174 -5.9219 -5.8601 -5.8154 -5.7707 -5.7133 -5.6330 -5.5215 -5.3709
 -5.1734 -4.9242 -4.6319 -4.3286 -4.0374 -3.3618 -2.7166 -2.1179 -1.6289 -1.2532
 -5.9845 -5.7546 -5.5871 -5.4694 -5.3689 -5.2841 -5.2030 -5.1102 -4.9951 -4.8516
 -4.6734 -4.4548 -4.1931 -3.9087 -3.6343 -3.0183 -2.4595 -1.9455 -1.5148 -1.1804
 -0.9156
 -5.9759 -5.6689 -5.4262 -5.2390 -5.0899 -4.9623 -4.8424 -4.7193 -4.5866 -4.4410
 -4.2747 -4.0832 -3.8584 -3.6002 -3.3416 -2.7711 -2.2764 -1.8268 -1.4419 -1.1382
 -0.9016 -0.7102
 -6.1112 -5.7569 -5.4490 -5.1947 -4.9837 -4.8027 -4.6409 -4.4889 -4.3391 -4.1826
 -4.0081 -3.8229 -3.6232 -3.3968 -3.1526 -2.6099 -2.1573 -1.7539 -1.4027 -1.1204
 -0.9010 -0.7251 -0.5782 -0.4514
 -6.3471 -5.9382 -5.5797 -5.2638 -4.9850 -4.7397 -4.5237 -4.3324 -4.1621 -4.0097
 -3.8546 -3.6763 -3.4834 -3.2772 -3.0512 -2.5203 -2.0906 -1.7175 -1.3901 -1.1216
 -0.9131 -0.7484 -0.6123 -0.4957 -0.3933 -0.3023 -0.2212 -0.1462 -0.0765 -0.0211
 -6.6982 -6.2245 -5.8080 -5.4398 -5.1122 -4.8198 -4.5581 -4.3232 -4.1110 -3.9167
 -3.7378 -3.5700 -3.3994 -3.2158 -3.0105 -2.4880 -2.0645 -1.7090 -1.3975 -1.1369
 -0.9337 -0.7765 -0.6492 -0.5414 -0.4475 -0.3645 -0.2907 -0.2246 -0.1658 -0.1151
 -0.0748
 -7.1466 -6.6157 -6.1376 -5.7096 -5.3271 -4.9853 -4.6786 -4.4023 -4.1520 -3.9236
 -3.7125 -3.5166 -3.3345 -3.1630 -2.9856 -2.4981 -2.0693 -1.7202 -1.4188 -1.1624
 -0.9601 -0.8062 -0.6854 -0.5855 -0.4998 -0.4245 -0.3582 -0.2992 -0.2470 -0.2024
 -0.1692
 -7.6576 -7.0694 -6.5421 -6.0596 -5.6214 -5.2255 -4.8698 -4.5503 -4.2615 -3.9991
 -3.7581 -3.5353 -3.3287 -3.1382 -2.9600 -2.5120 -2.0933 -1.7419 -1.4457 -1.1918
 -0.9875 -0.8335 -0.7168 -0.6238 -0.5461 -0.4790 -0.4204 -0.3688 -0.3233 -0.2836
 -0.2520
 -8.1832 -7.5710 -7.0030 -6.4765 -5.9898 -5.5428 -5.1362 -4.7693 -4.4393 -4.1412
 -3.8695 -3.6197 -3.3886 -3.1751 -2.9779 -2.5289 -2.1294 -1.7768 -1.4810 -1.2285
 -1.0208 -0.8623 -0.7453 -0.6568 -0.5861 -0.5270 -0.4765 -0.4326 -0.3943 -0.3610
 -0.3306
 -8.6808 -8.0715 -7.4806 -6.9239 -6.4008 -5.9124 -5.4616 -5.0488 -4.6754 -4.3384
 -4.0337 -3.7559 -3.5003 -3.2638 -3.0445 -2.5609 -2.1640 -1.8167 -1.5181 -1.2657
 -1.0552 -0.8908 -0.7694 -0.6813 -0.6155 -0.5639 -0.5218 -0.4861 -0.4556 -0.4295
 -0.4076
 -9.1418 -8.5325 -7.9430 -7.3733 -6.8278 -6.3113 -5.8271 -5.3773 -4.9641 -4.5880
 -4.2475 -3.9387 -3.6569 -3.3972 -3.1598 -2.6080 -2.1971 -1.8616 -1.5570
 [Fe/H] = -1.50 [alpha/Fe] = 0.40 BC value = F390M
 -6.1710 -6.1833 -6.2004 -6.2153 -6.2229 -6.2155 -6.1860 -6.1280 -6.0335 -5.8937
 -5.7009 -5.4554 -5.1728 -4.8803 -4.5942 -3.9219 -3.2640 -2.6009 -2.0108
 -5.6803 -5.6680 -5.6695 -5.6742 -5.6734 -5.6594 -5.6252 -5.5645 -5.4711 -5.3378
 -5.1573 -4.9260 -4.6544 -4.3699 -4.0942 -3.4654 -2.8833 -2.3213 -1.8163 -1.4058
 -5.3492 -5.2706 -5.2292 -5.2081 -5.1917 -5.1680 -5.1280 -5.0659 -4.9765 -4.8549
 -4.6954 -4.4925 -4.2464 -3.9781 -3.7152 -3.1273 -2.6067 -2.1189 -1.6795 -1.3140
 -1.0234
 -5.2977 -5.1195 -4.9807 -4.8936 -4.8327 -4.7862 -4.7359 -4.6700 -4.5835 -4.4723
 -4.3319 -4.1580 -3.9450 -3.6993 -3.4490 -2.8911 -2.4147 -1.9802 -1.5884 -1.2573
 -0.9917 -0.7785
 -5.4556 -5.1839 -4.9662 -4.7949 -4.6632 -4.5652 -4.4902 -4.4119 -4.3185 -4.2067
 -4.0746 -3.9194 -3.7361 -3.5180 -3.2804 -2.7394 -2.2904 -1.8926 -1.5346 -1.2286
 -0.9808 -0.7834 -0.6217 -0.4848
 -5.7188 -5.3868 -5.1003 -4.8571 -4.6554 -4.4899 -4.3591 -4.2581 -4.1659 -4.0610
 -3.9296 -3.7760 -3.6050 -3.4121 -3.1910 -2.6556 -2.2186 -1.8444 -1.5100 -1.2220
 -0.9867 -0.7999 -0.6491 -0.5228 -0.4137 -0.3173 -0.2318 -0.1531 -0.0800 -0.0207
 -6.0812 -5.6800 -5.3339 -5.0341 -4.7751 -4.5538 -4.3660 -4.2051 -4.0650 -3.9414
 -3.8256 -3.6965 -3.5396 -3.3597 -3.1588 -2.6262 -2.1878 -1.8256 -1.5077 -1.2322
 -1.0050 -0.8250 -0.6819 -0.5642 -0.4636 -0.3757 -0.2982 -0.2293 -0.1681 -0.1142
 -0.0703
 -6.5857 -6.0919 -5.6680 -5.3028 -4.9861 -4.7102 -4.4694 -4.2592 -4.0738 -3.9067
 -3.7525 -3.6089 -3.4706 -3.3213 -3.1481 -2.6410 -2.1899 -1.8293 -1.5212 -1.2544
 -1.0453 -0.8555 -0.7174 -0.6063 -0.5133 -0.4330 -0.3630 -0.3009 -0.2468 -0.2015
 -0.1654
 -7.2389 -6.6415 -6.1230 -5.6759 -5.2882 -4.9498 -4.6528 -4.3913 -4.1592 -3.9512
 -3.7614 -3.5849 -3.4195 -3.2645 -3.1115 -2.6692 -2.2166 -1.8480 -1.5435 -1.2820
 -1.0623 -0.8865 -0.7508 -0.6449 -0.5587 -0.4860 -0.4236 -0.3693 -0.3222 -0.2819
 -0.2491
 -7.9800 -7.3067 -6.7031 -6.1715 -5.7022 -5.2895 -4.9262 -4.6067 -4.3233 -4.0707
 -3.8429 -3.6343 -3.4408 -3.2602 -3.0914 -2.6819 -2.2662 -1.8886 -1.5802 -1.3199
 -1.1001 -0.9217 -0.7845 -0.6809 -0.6000 -0.5341 -0.4791 -0.4322 -0.3922 -0.3582
 -0.3277
 -8.7328 -8.0193 -7.3599 -6.7539 -6.2107 -5.7230 -5.2886 -4.9029 -4.5615 -4.2589
 -3.9886 -3.7445 -3.5213 -3.3151 -3.1233 -2.6904 -2.3040 -1.9408 -1.6257 -1.3627
 -1.1407 -0.9579 -0.8158 -0.7106 -0.6327 -0.5729 -0.5252 -0.4859 -0.4532 -0.4261
 -0.4038
 -9.4341 -8.7144 -8.0287 -7.3784 -6.7771 -6.2271 -5.7278 -5.2771 -4.8740 -4.5159
 -4.1976 -3.9137 -3.6575 -3.4236 -3.2072 -2.6947 -2.3300 -2.0046 -1.6800
 [Fe/H] = -1.00 [alpha/Fe] = 0.40 BC value = F390M
 -6.1104 -6.1448 -6.1734 -6.1923 -6.1989 -6.1866 -6.1491 -6.0814 -5.9803 -5.8453
 -5.6791 -5.4826 -5.2588 -5.0152 -4.7628 -4.1429 -3.5447 -2.9307 -2.3277
 -5.5746 -5.6035 -5.6297 -5.6484 -5.6554 -5.6467 -5.6173 -5.5608 -5.4734 -5.3519
 -5.1945 -5.0016 -4.7774 -4.5340 -4.2851 -3.6904 -3.1378 -2.6058 -2.0976 -1.6501
 -5.1297 -5.1413 -5.1578 -5.1720 -5.1780 -5.1711 -5.1464 -5.0990 -5.0248 -4.9197
 -4.7806 -4.6055 -4.3961 -4.1632 -3.9231 -3.3557 -2.8465 -2.3710 -1.9242 -1.5289
 -1.1997
 -4.8507 -4.8092 -4.7951 -4.7932 -4.7918 -4.7831 -4.7608 -4.7200 -4.6568 -4.5673
 -4.4480 -4.2958 -4.1087 -3.8925 -3.6629 -3.1171 -2.6398 -2.2058 -1.8028 -1.4459
 -1.1456 -0.9008
 -4.8819 -4.7215 -4.6170 -4.5536 -4.5194 -4.4971 -4.4713 -4.4325 -4.3762 -4.2986
 -4.1959 -4.0649 -3.9017 -3.7061 -3.4887 -2.9569 -2.4994 -2.0949 -1.7236 -1.3944
 -1.1164 -0.8888 -0.7034 -0.5486
 -5.1405 -4.8844 -4.6770 -4.5189 -4.4066 -4.3331 -4.2848 -4.2427 -4.1867 -4.1130
 -4.0193 -3.9031 -3.7604 -3.5868 -3.3847 -2.8611 -2.4121 -2.0268 -1.6788 -1.3696
 -1.1079 -0.8929 -0.7189 -0.5756 -0.4541 -0.3484 -0.2552 -0.1700 -0.0910 -0.0259
 -5.4773 -5.1573 -4.8812 -4.6484 -4.4593 -4.3103 -4.1967 -4.1161 -4.0583 -3.9971
 -3.9140 -3.8055 -3.6735 -3.5164 -3.3340 -2.8184 -2.3675 -1.9919 -1.6610 -1.3665
 -1.1166 -0.9105 -0.7439 -0.6088 -0.4962 -0.3999 -0.3161 -0.2422 -0.1764 -0.1178
 -0.0681
 -5.9029 -5.5080 -5.1675 -4.8736 -4.6219 -4.4114 -4.2384 -4.0982 -3.9858 -3.8936
 -3.8108 -3.7239 -3.6163 -3.4798 -3.3161 -2.8204 -2.3589 -1.9835 -1.6631 -1.3798
 -1.1378 -0.9378 -0.7760 -0.6464 -0.5407 -0.4520 -0.3762 -0.3103 -0.2531 -0.2039
 -0.1601
 -6.4924 -5.9760 -5.5484 -5.1833 -4.8696 -4.6003 -4.3707 -4.1770 -4.0141 -3.8753
 -3.7525 -3.6386 -3.5287 -3.4152 -3.2844 -2.8512 -2.3784 -1.9942 -1.6772 -1.4020
 -1.1654 -0.9690 -0.8100 -0.6840 -0.5837 -0.5017 -0.4333 -0.3747 -0.3245 -0.2818
 -0.2470
 -7.2641 -6.6330 -6.0858 -5.6208 -5.2252 -4.8866 -4.5958 -4.3451 -4.1290 -3.9423
 -3.7779 -3.6290 -3.4895 -3.3560 -3.2257 -2.8686 -2.4329 -2.0321 -1.7098 -1.4374
 -1.2031 -1.0072 -0.8484 -0.7232 -0.6260 -0.5493 -0.4873 -0.4357 -0.3923 -0.3562
 -0.3264
 -8.1847 -7.4480 -6.7929 -6.2144 -5.7153 -5.2877 -4.9202 -4.6031 -4.3276 -4.0876
 -3.8766 -3.6884 -3.5170 -3.3573 -3.2057 -2.8495 -2.4805 -2.0921 -1.7567 -1.4805
 -1.2455 -1.0478 -0.8864 -0.7595 -0.6630 -0.5901 -0.5338 -0.4888 -0.4523 -0.4227
 -0.3989
 -9.1168 -8.3309 -7.5944 -6.9291 -6.3332 -5.8116 -5.3573 -4.9611 -4.6162 -4.3150
 -4.0506 -3.8169 -3.6077 -3.4176 -3.2244 -2.7939 -2.5212 -2.1742 -1.8179
 [Fe/H] = -0.75 [alpha/Fe] = 0.40 BC value = F390M
 -6.1594 -6.1953 -6.2229 -6.2383 -6.2385 -6.2179 -6.1709 -6.0932 -5.9839 -5.8511
 -5.7005 -5.5318 -5.3417 -5.1301 -4.9015 -4.3096 -3.7208 -3.1305 -2.5416
 -5.6131 -5.6477 -5.6761 -5.6944 -5.6994 -5.6875 -5.6546 -5.5938 -5.5041 -5.3864
 -5.2421 -5.0729 -4.8790 -4.6634 -4.4341 -3.8590 -3.3106 -2.7829 -2.2758 -1.8124
 -5.1435 -5.1699 -5.1948 -5.2134 -5.2215 -5.2157 -5.1922 -5.1459 -5.0738 -4.9736
 -4.8446 -4.6874 -4.5028 -4.2951 -4.0732 -3.5211 -3.0101 -2.5326 -2.0816 -1.6725
 -1.3227
 -4.7966 -4.7969 -4.8075 -4.8197 -4.8268 -4.8238 -4.8067 -4.7710 -4.7131 -4.6299
 -4.5191 -4.3798 -4.2115 -4.0173 -3.8055 -3.2737 -2.7915 -2.3521 -1.9425 -1.5725
 -1.2545 -0.9905
 -4.6800 -4.5919 -4.5482 -4.5318 -4.5264 -4.5198 -4.5045 -4.4752 -4.4276 -4.3584
 -4.2645 -4.1440 -3.9949 -3.8174 -3.6175 -3.1010 -2.6374 -2.2260 -1.8475 -1.5059
 -1.2124 -0.9675 -0.7663 -0.5992
 -4.8757 -4.6665 -4.5141 -4.4120 -4.3482 -4.3113 -4.2877 -4.2582 -4.2154 -4.1553
 -4.0746 -3.9706 -3.8403 -3.6813 -3.4959 -2.9914 -2.5366 -2.1437 -1.7889 -1.4683
 -1.1926 -0.9624 -0.7734 -0.6178 -0.4869 -0.3743 -0.2750 -0.1848 -0.1018 -0.0329
 -5.2011 -4.9157 -4.6757 -4.4833 -4.3356 -4.2276 -4.1546 -4.1101 -4.0714 -4.0178
 -3.9447 -3.8512 -3.7355 -3.5947 -3.4260 -2.9353 -2.4805 -2.0972 -1.7597 -1.4553
 -1.1923 -0.9726 -0.7921 -0.6449 -0.5233 -0.4203 -0.3318 -0.2539 -0.1849 -0.1230
 -0.0702
 -5.5939 -5.2409 -4.9360 -4.6751 -4.4578 -4.2816 -4.1419 -4.0349 -3.9591 -3.9017
 -3.8434 -3.7688 -3.6690 -3.5435 -3.3928 -2.9242 -2.4631 -2.0801 -1.7530 -1.4614
 -1.2081 -0.9948 -0.8202 -0.6787 -0.5635 -0.4684 -0.3880 -0.3189 -0.2591 -0.2077
 -0.1644
 -6.1021 -5.6566 -5.2758 -4.9493 -4.6694 -4.4322 -4.2347 -4.0731 -3.9429 -3.8385
 -3.7499 -3.6677 -3.5833 -3.4855 -3.3633 -2.9445 -2.4757 -2.0850 -1.7609 -1.4781
 -1.2307 -1.0227 -0.8520 -0.7141 -0.6041 -0.5153 -0.4423 -0.3807 -0.3282 -0.2837
 -0.2474
 -6.8207 -6.2438 -5.7512 -5.3343 -4.9800 -4.6783 -4.4214 -4.2041 -4.0219 -3.8692
 -3.7390 -3.6226 -3.5129 -3.4055 -3.2965 -2.9653 -2.5250 -2.1190 -1.7896 -1.5100
 -1.2664 -1.0598 -0.8902 -0.7537 -0.6462 -0.5619 -0.4947 -0.4398 -0.3942 -0.3563
 -0.3253
 -7.7405 -7.0383 -6.4177 -5.8783 -5.4213 -5.0343 -4.7059 -4.4259 -4.1866 -3.9818
 -3.8053 -3.6502 -3.5094 -3.3767 -3.2487 -2.9371 -2.5790 -2.1772 -1.8343 -1.5510
 -1.3080 -1.1006 -0.9296 -0.7923 -0.6852 -0.6035 -0.5411 -0.4922 -0.4530 -0.4216
 -0.3981
 -8.8615 -7.9607 -7.2429 -6.5960 -6.0234 -5.5305 -5.1099 -4.7510 -4.4440 -4.1793
 -3.9500 -3.7494 -3.5710 -3.4087 -3.2199 -2.8599 -2.6377 -2.2596 -1.8950
 [Fe/H] = -0.50 [alpha/Fe] = 0.40 BC value = F390M
 -6.2634 -6.2980 -6.3189 -6.3256 -6.3119 -6.2739 -6.2090 -6.1153 -5.9952 -5.8635
 -5.7268 -5.5825 -5.4262 -5.2505 -5.0539 -4.5054 -3.9343 -3.3551 -2.7518
 -5.7040 -5.7390 -5.7646 -5.7777 -5.7752 -5.7541 -5.7106 -5.6381 -5.5407 -5.4242
 -5.2927 -5.1467 -4.9840 -4.8014 -4.5995 -4.0577 -3.5163 -2.9881 -2.4790 -2.0028
 -5.2133 -5.2457 -5.2724 -5.2897 -5.2945 -5.2840 -5.2553 -5.2032 -5.1267 -5.0280
 -4.9088 -4.7705 -4.6127 -4.4345 -4.2378 -3.7147 -3.2052 -2.7218 -2.2639 -1.8420
 -1.4719
 -4.8241 -4.8435 -4.8647 -4.8818 -4.8904 -4.8870 -4.8689 -4.8319 -4.7729 -4.6913
 -4.5874 -4.4619 -4.3149 -4.1464 -3.9587 -3.4552 -2.9723 -2.5250 -2.1065 -1.7235
 -1.3876 -1.1034
 -4.5868 -4.5614 -4.5582 -4.5638 -4.5690 -4.5677 -4.5556 -4.5288 -4.4834 -4.4171
 -4.3286 -4.2181 -4.0849 -3.9290 -3.7518 -3.2654 -2.8010 -2.3817 -1.9944 -1.6407
 -1.3307 -1.0677 -0.8485 -0.6657
 -4.6522 -4.5078 -4.4157 -4.3636 -4.3395 -4.3281 -4.3150 -4.2925 -4.2561 -4.2018
 -4.1273 -4.0316 -3.9134 -3.7717 -3.6070 -3.1368 -2.6824 -2.2820 -1.9198 -1.5885
 -1.2976 -1.0510 -0.8452 -0.6746 -0.5317 -0.4094 -0.3025 -0.2052 -0.1161 -0.0416
 -4.9477 -4.6995 -4.5029 -4.3576 -4.2562 -4.1890 -4.1474 -4.1211 -4.0878 -4.0407
 -3.9766 -3.8938 -3.7902 -3.6637 -3.5131 -3.0618 -2.6106 -2.2203 -1.8761 -1.5628
 -1.2860 -1.0513 -0.8557 -0.6940 -0.5607 -0.4491 -0.3538 -0.2706 -0.1969 -0.1303
 -0.0732
 -5.3156 -5.0000 -4.7291 -4.5036 -4.3230 -4.1829 -4.0770 -4.0023 -3.9571 -3.9179
 -3.8666 -3.7963 -3.7053 -3.5932 -3.4581 -3.0316 -2.5802 -2.1911 -1.8577 -1.5585
 -1.2922 -1.0655 -0.8774 -0.7222 -0.5956 -0.4918 -0.4052 -0.3313 -0.2680 -0.2137
 -0.1670
 -5.7635 -5.3707 -5.0326 -4.7417 -4.4945 -4.2895 -4.1231 -3.9900 -3.8878 -3.8142
 -3.7544 -3.6954 -3.6261 -3.5369 -3.4228 -3.0333 -2.5828 -2.1878 -1.8569 -1.5670
 -1.3088 -1.0876 -0.9044 -0.7542 -0.6328 -0.5351 -0.4558 -0.3891 -0.3331 -0.2866
 -0.2490
 -6.3838 -5.8750 -5.4438 -5.0759 -4.7614 -4.4935 -4.2676 -4.0800 -3.9264 -3.8030
 -3.7027 -3.6156 -3.5335 -3.4504 -3.3599 -3.0519 -2.6219 -2.2162 -1.8800 -1.5933
 -1.3404 -1.1217 -0.9403 -0.7925 -0.6739 -0.5801 -0.5063 -0.4468 -0.3981 -0.3579
 -0.3252
 -7.2374 -6.5888 -6.0260 -5.5483 -5.1429 -4.7993 -4.5078 -4.2610 -4.0532 -3.8795
 -3.7342 -3.6097 -3.4978 -3.3917 -3.2882 -3.0222 -2.6768 -2.2698 -1.9215 -1.6309
 -1.3796 -1.1615 -0.9794 -0.8316 -0.7139 -0.6223 -0.5523 -0.4980 -0.4554 -0.4216
 -0.3956
 -8.2615 -7.5048 -6.8197 -6.2132 -5.6872 -5.2413 -4.8636 -4.5439 -4.2729 -4.0425
 -3.8461 -3.6774 -3.5292 -3.3948 -3.2077 -2.9442 -2.7475 -2.3486 -1.9814
 [Fe/H] = -0.25 [alpha/Fe] = 0.40 BC value = F390M
 -6.4201 -6.4491 -6.4645 -6.4601 -6.4297 -6.3683 -6.2721 -6.1464 -6.0188 -5.8914
 -5.7658 -5.6413 -5.5132 -5.3726 -5.2118 -4.7267 -4.1754 -3.6062 -3.0040
 -5.8458 -5.8792 -5.8975 -5.9010 -5.8856 -5.8490 -5.7876 -5.6959 -5.5872 -5.4722
 -5.3519 -5.2260 -5.0913 -4.9421 -4.7727 -4.2802 -3.7515 -3.2220 -2.7082 -2.2223
 -5.3325 -5.3661 -5.3903 -5.4020 -5.3986 -5.3780 -5.3377 -5.2729 -5.1866 -5.0870
 -4.9769 -4.8564 -4.7238 -4.5760 -4.4092 -3.9301 -3.4283 -2.9389 -2.4722 -2.0384
 -1.6498
 -4.9071 -4.9357 -4.9603 -4.9768 -4.9818 -4.9729 -4.9480 -4.9034 -4.8371 -4.7532
 -4.6549 -4.5432 -4.4175 -4.2758 -4.1159 -3.6560 -3.1795 -2.7248 -2.2960 -1.9002
 -1.5475 -1.2426
 -4.5971 -4.6039 -4.6180 -4.6318 -4.6395 -4.6374 -4.6227 -4.5926 -4.5432 -4.4745
 -4.3887 -4.2876 -4.1711 -4.0379 -3.8866 -3.4459 -2.9889 -2.5623 -2.1656 -1.7993
 -1.4734 -1.1918 -0.9535 -0.7533
 -4.5375 -4.4249 -4.3887 -4.3772 -4.3751 -4.3719 -4.3614 -4.3396 -4.3029 -4.2480
 -4.1750 -4.0854 -3.9795 -3.8564 -3.7148 -3.2933 -2.8493 -2.4431 -2.0727 -1.7307
 -1.4249 -1.1611 -0.9378 -0.7502 -0.5926 -0.4581 -0.3403 -0.2340 -0.1375 -0.0562
 -4.7187 -4.5183 -4.3769 -4.2817 -4.2201 -4.1845 -4.1647 -4.1440 -4.1138 -4.0694
 -4.0082 -3.9303 -3.8358 -3.7239 -3.5932 -3.1933 -2.7576 -2.3627 -2.0118 -1.6902
 -1.3999 -1.1490 -0.9373 -0.7599 -0.6125 -0.4893 -0.3848 -0.2946 -0.2146 -0.1423
 -0.0801
 -5.0648 -4.7827 -4.5476 -4.3620 -4.2223 -4.1205 -4.0485 -4.0001 -3.9696 -3.9327
 -3.8815 -3.8145 -3.7314 -3.6312 -3.5125 -3.1379 -2.7097 -2.3181 -1.9787 -1.6727
 -1.3949 -1.1532 -0.9500 -0.7805 -0.6405 -0.5255 -0.4306 -0.3503 -0.2820 -0.2235
 -0.1722
 -5.4696 -5.1196 -4.8168 -4.5589 -4.3455 -4.1744 -4.0393 -3.9336 -3.8582 -3.8098
 -3.7671 -3.7163 -3.6503 -3.5655 -3.4608 -3.1154 -2.6969 -2.3031 -1.9663 -1.6702
 -1.4025 -1.1676 -0.9703 -0.8069 -0.6727 -0.5641 -0.4764 -0.4040 -0.3439 -0.2941
 -0.2530
 -5.9980 -5.5567 -5.1759 -4.8492 -4.5695 -4.3335 -4.1381 -3.9787 -3.8502 -3.7508
 -3.6761 -3.6132 -3.5522 -3.4858 -3.4063 -3.1198 -2.7210 -2.3228 -1.9815 -1.6882
 -1.4272 -1.1967 -1.0020 -0.8419 -0.7113 -0.6067 -0.5240 -0.4582 -0.4051 -0.3600
 -0.3264
 -6.7404 -6.1652 -5.6727 -5.2533 -4.8957 -4.5910 -4.3328 -4.1160 -3.9362 -3.7888
 -3.6695 -3.5711 -3.4848 -3.4034 -3.3227 -3.0957 -2.7663 -2.3686 -2.0176 -1.7205
 -1.4617 -1.2335 -1.0392 -0.8796 -0.7508 -0.6485 -0.5690 -0.5078 -0.4604 -0.4233
 -0.3923
 -7.7047 -7.0081 -6.3797 -5.8326 -5.3670 -4.9716 -4.6364 -4.3532 -4.1144 -3.9139
 -3.7466 -3.6063 -3.4855 -3.3768 -3.2100 -3.0431 -2.8328 -2.4405 -2.0746
 [Fe/H] =  0.00 [alpha/Fe] = 0.40 BC value = F390M
 -6.6160 -6.6397 -6.6329 -6.5949 -6.5277 -6.4327 -6.3174 -6.1701 -6.0500 -5.9299
 -5.8130 -5.7022 -5.5951 -5.4841 -5.3596 -4.9536 -4.4384 -3.8790 -3.2766
 -6.0338 -6.0619 -6.0729 -6.0629 -6.0288 -5.9682 -5.8785 -5.7584 -5.6402 -5.5262
 -5.4149 -5.3046 -5.1923 -5.0728 -4.9378 -4.5134 -4.0088 -3.4804 -2.9617 -2.4670
 -5.4968 -5.5289 -5.5476 -5.5499 -5.5334 -5.4963 -5.4368 -5.3520 -5.2514 -5.1490
 -5.0459 -4.9404 -4.8294 -4.7092 -4.5737 -4.1560 -3.6733 -3.1815 -2.7066 -2.2610
 -1.8558
 -5.0360 -5.0686 -5.0923 -5.1039 -5.1008 -5.0810 -5.0432 -4.9843 -4.9049 -4.8152
 -4.7206 -4.6215 -4.5150 -4.3985 -4.2673 -3.8661 -3.4076 -2.9493 -2.5113 -2.1029
 -1.7346 -1.4093
 -4.6723 -4.6945 -4.7159 -4.7310 -4.7359 -4.7279 -4.7053 -4.6659 -4.6065 -4.5306
 -4.4451 -4.3524 -4.2519 -4.1408 -4.0157 -3.6337 -3.1966 -2.7670 -2.3611 -1.9828
 -1.6418 -1.3419 -1.0836 -0.8625
 -4.4511 -4.4306 -4.4300 -4.4361 -4.4405 -4.4375 -4.4239 -4.3973 -4.3546 -4.2934
 -4.2180 -4.1329 -4.0389 -3.9342 -3.8160 -3.4540 -3.0342 -2.6262 -2.2480 -1.8956
 -1.5758 -1.2948 -1.0536 -0.8479 -0.6729 -0.5228 -0.3918 -0.2731 -0.1667 -0.0763
 -4.5311 -4.3941 -4.3041 -4.2518 -4.2264 -4.2136 -4.2005 -4.1796 -4.1475 -4.1000
 -4.0360 -3.9596 -3.8731 -3.7755 -3.6649 -3.3240 -2.9186 -2.5251 -2.1676 -1.8374
 -1.5347 -1.2678 -1.0396 -0.8459 -0.6825 -0.5452 -0.4287 -0.3282 -0.2394 -0.1596
 -0.0905
 -4.8365 -4.5903 -4.3985 -4.2602 -4.1630 -4.0940 -4.0454 -4.0142 -3.9852 -3.9467
 -3.8937 -3.8268 -3.7484 -3.6589 -3.5567 -3.2386 -2.8485 -2.4617 -2.1170 -1.8041
 -1.5163 -1.2599 -1.0409 -0.8562 -0.7017 -0.5733 -0.4670 -0.3781 -0.3026 -0.2381
 -0.1809
 -5.2113 -4.8970 -4.6267 -4.4029 -4.2260 -4.0904 -3.9878 -3.9146 -3.8617 -3.8197
 -3.7783 -3.7240 -3.6561 -3.5757 -3.4823 -3.1877 -2.8148 -2.4310 -2.0901 -1.7880
 -1.5121 -1.2642 -1.0520 -0.8745 -0.7270 -0.6056 -0.5070 -0.4266 -0.3600 -0.3050
 -0.2602
 -5.6755 -5.2840 -4.9443 -4.6519 -4.4044 -4.2004 -4.0360 -3.9059 -3.8044 -3.7262
 -3.6668 -3.6189 -3.5666 -3.5047 -3.4288 -3.1677 -2.8177 -2.4380 -2.0944 -1.7953
 -1.5275 -1.2862 -1.0777 -0.9040 -0.7610 -0.6443 -0.5508 -0.4764 -0.4170 -0.3690
 -0.3309
 -6.3032 -5.8000 -5.3699 -4.9999 -4.6821 -4.4114 -4.1841 -3.9963 -3.8422 -3.7172
 -3.6196 -3.5417 -3.4754 -3.4131 -3.3488 -3.1484 -2.8430 -2.4719 -2.1227 -1.8202
 -1.5549 -1.3179 -1.1113 -0.9387 -0.7978 -0.6839 -0.5937 -0.5236 -0.4696 -0.4280
 -0.3930
 -7.1749 -6.5310 -5.9722 -5.4936 -5.0842 -4.7348 -4.4377 -4.1869 -3.9772 -3.8032
 -3.6601 -3.5427 -3.4446 -3.3584 -3.2423 -3.1298 -2.8907 -2.5327 -2.1750
 [Fe/H] =  0.25 [alpha/Fe] = 0.40 BC value = F390M
 -6.8478 -6.8678 -6.8175 -6.7181 -6.5901 -6.4501 -6.3118 -6.1867 -6.0781 -5.9702
 -5.8615 -5.7596 -5.6658 -5.5768 -5.4826 -5.1656 -4.7032 -4.1594 -3.5615
 -6.2522 -6.2765 -6.2767 -6.2489 -6.1889 -6.0935 -5.9603 -5.8059 -5.6874 -5.5788
 -5.4753 -5.3765 -5.2801 -5.1836 -5.0792 -4.7374 -4.2750 -3.7542 -3.2320 -2.7309
 -5.6954 -5.7254 -5.7372 -5.7274 -5.6927 -5.6318 -5.5440 -5.4288 -5.3126 -5.2085
 -5.1110 -5.0174 -4.9231 -4.8252 -4.7182 -4.3756 -3.9298 -3.4425 -2.9609 -2.5054
 -2.0854
 -5.2022 -5.2361 -5.2564 -5.2601 -5.2445 -5.2082 -5.1504 -5.0700 -4.9718 -4.8749
 -4.7830 -4.6935 -4.6036 -4.5081 -4.4031 -4.0715 -3.6478 -3.1937 -2.7482 -2.3286
 -1.9455 -1.6016
 -4.7918 -4.8238 -4.8461 -4.8584 -4.8562 -4.8376 -4.8015 -4.7467 -4.6715 -4.5846
 -4.4980 -4.4124 -4.3261 -4.2343 -4.1332 -3.8175 -3.4165 -2.9918 -2.5789 -2.1897
 -1.8344 -1.5174 -1.2386 -0.9968
 -4.4874 -4.4998 -4.5147 -4.5268 -4.5305 -4.5226 -4.5009 -4.4642 -4.4101 -4.3379
 -4.2575 -4.1757 -4.0927 -4.0049 -3.9083 -3.6102 -3.2305 -2.8298 -2.4454 -2.0833
 -1.7501 -1.4532 -1.1936 -0.9692 -0.7754 -0.6074 -0.4596 -0.3253 -0.2061 -0.1039
 -4.4088 -4.3330 -4.2922 -4.2789 -4.2740 -4.2672 -4.2522 -4.2261 -4.1871 -4.1314
 -4.0607 -3.9837 -3.9040 -3.8201 -3.7285 -3.4483 -3.0890 -2.7061 -2.3443 -2.0062
 -1.6919 -1.4101 -1.1648 -0.9544 -0.7742 -0.6205 -0.4886 -0.3743 -0.2737 -0.1840
 -0.1062
 -4.6305 -4.4323 -4.2954 -4.2008 -4.1340 -4.0901 -4.0620 -4.0374 -4.0055 -3.9624
 -3.9039 -3.8340 -3.7585 -3.6787 -3.5923 -3.3304 -2.9915 -2.6215 -2.2745 -1.9551
 -1.6578 -1.3881 -1.1529 -0.9531 -0.7832 -0.6392 -0.5185 -0.4172 -0.3319 -0.2593
 -0.1945
 -4.9832 -4.6989 -4.4626 -4.2777 -4.1411 -4.0423 -3.9684 -3.9096 -3.8666 -3.8276
 -3.7802 -3.7197 -3.6499 -3.5747 -3.4934 -3.2491 -2.9314 -2.5714 -2.2307 -1.9234
 -1.6401 -1.3807 -1.1535 -0.9612 -0.7995 -0.6639 -0.5517 -0.4596 -0.3840 -0.3220
 -0.2717
 -5.4026 -5.0500 -4.7434 -4.4823 -4.2674 -4.0966 -3.9633 -3.8590 -3.7771 -3.7164
 -3.6719 -3.6246 -3.5674 -3.5013 -3.4269 -3.2015 -2.9074 -2.5603 -2.2212 -1.9181
 -1.6442 -1.3936 -1.1717 -0.9836 -0.8268 -0.6968 -0.5906 -0.5049 -0.4365 -0.3805
 -0.3401
 -5.9378 -5.4969 -5.1149 -4.7840 -4.4998 -4.2605 -4.0637 -3.9038 -3.7740 -3.6699
 -3.5890 -3.5284 -3.4747 -3.4203 -3.3613 -3.1733 -2.9064 -2.5764 -2.2380 -1.9328
 -1.6624 -1.4179 -1.2000 -1.0137 -0.8591 -0.7324 -0.6301 -0.5489 -0.4858 -0.4377
 -0.4009
 -6.6831 -6.1152 -5.6258 -5.2049 -4.8429 -4.5323 -4.2689 -4.0484 -3.8660 -3.7159
 -3.5929 -3.4939 -3.4136 -3.3444 -3.2966 -3.1645 -2.9284 -2.6197 -2.2811
 [Fe/H] =  0.50 [alpha/Fe] = 0.40 BC value = F390M
 -7.1154 -7.1333 -7.0182 -6.8299 -6.6168 -6.4205 -6.2554 -6.1953 -6.1054 -6.0097
 -5.9074 -5.8098 -5.7239 -5.6482 -5.5748 -5.3416 -4.9538 -4.4320 -3.8733
 -6.5010 -6.5230 -6.4976 -6.4090 -6.2940 -6.1553 -5.9953 -5.8345 -5.7273 -5.6270
 -5.5298 -5.4380 -5.3520 -5.2705 -5.1891 -4.9309 -4.5319 -4.0290 -3.5078 -3.0021
 -5.9283 -5.9556 -5.9462 -5.9229 -5.8643 -5.7740 -5.6484 -5.4870 -5.3631 -5.2624
 -5.1693 -5.0836 -5.0012 -4.9194 -4.8346 -4.5701 -4.1822 -3.7107 -3.2240 -2.7617
 -2.3306
 -5.3930 -5.4277 -5.4441 -5.4383 -5.4068 -5.3481 -5.2631 -5.1525 -5.0324 -4.9295
 -4.8393 -4.7575 -4.6795 -4.6003 -4.5160 -4.2559 -3.8871 -3.4492 -2.9992 -2.5703
 -2.1743 -1.8142
 -4.9431 -4.9792 -5.0028 -5.0099 -4.9974 -4.9635 -4.9081 -4.8315 -4.7346 -4.6363
 -4.5474 -4.4670 -4.3917 -4.3156 -4.2341 -3.9839 -3.6370 -3.2298 -2.8139 -2.4155
 -2.0472 -1.7142 -1.4164 -1.1530
 -4.5828 -4.6086 -4.6308 -4.6437 -4.6428 -4.6256 -4.5911 -4.5390 -4.4682 -4.3814
 -4.2955 -4.2157 -4.1414 -4.0678 -3.9895 -3.7520 -3.4278 -3.0472 -2.6615 -2.2914
 -1.9462 -1.6340 -1.3567 -1.1132 -0.9003 -0.7131 -0.5460 -0.3932 -0.2582 -0.1411
 -4.3660 -4.3486 -4.3443 -4.3489 -4.3495 -4.3406 -4.3188 -4.2828 -4.2321 -4.1639
 -4.0840 -4.0056 -3.9315 -3.8594 -3.7845 -3.5606 -3.2587 -2.9011 -2.5401 -2.1953
 -1.8708 -1.5749 -1.3131 -1.0853 -0.8876 -0.7157 -0.5664 -0.4361 -0.3202 -0.2178
 -0.1289
 -4.4639 -4.3272 -4.2323 -4.1734 -4.1396 -4.1192 -4.0992 -4.0714 -4.0326 -3.9809
 -3.9134 -3.8383 -3.7645 -3.6933 -3.6211 -3.4107 -3.1309 -2.7924 -2.4495 -2.1251
 -1.8196 -1.5376 -1.2875 -1.0709 -0.8854 -0.7255 -0.5886 -0.4720 -0.3733 -0.2893
 -0.2146
 -4.7765 -4.5249 -4.3296 -4.1910 -4.0949 -4.0217 -3.9615 -3.9136 -3.8743 -3.8322
 -3.7776 -3.7103 -3.6382 -3.5675 -3.4972 -3.2992 -3.0400 -2.7190 -2.3867 -2.0759
 -1.7859 -1.5164 -1.2753 -1.0676 -0.8911 -0.7407 -0.6137 -0.5075 -0.4194 -0.3473
 -0.2893
 -5.1677 -4.8465 -4.5699 -4.3412 -4.1604 -4.0242 -3.9225 -3.8442 -3.7773 -3.7213
 -3.6735 -3.6165 -3.5497 -3.4805 -3.4113 -3.2238 -2.9854 -2.6842 -2.3598 -2.0554
 -1.7764 -1.5178 -1.2839 -1.0810 -0.9100 -0.7663 -0.6462 -0.5468 -0.4666 -0.4027
 -0.3524
 -5.6394 -5.2450 -4.9001 -4.6011 -4.3472 -4.1387 -3.9718 -3.8393 -3.7338 -3.6494
 -3.5822 -3.5292 -3.4751 -3.4146 -3.3505 -3.1752 -2.9557 -2.6760 -2.3606 -2.0574
 -1.7830 -1.5324 -1.3045 -1.1047 -0.9361 -0.7960 -0.6807 -0.5868 -0.5122 -0.4543
 -0.4104
 -6.2734 -5.7720 -5.3395 -4.9648 -4.6407 -4.3633 -4.1303 -3.9384 -3.7817 -3.6534
 -3.5487 -3.4658 -3.3978 -3.3384 -3.3148 -3.1534 -2.9509 -2.6944 -2.3891
