 [Fe/H] = -2.50 [alpha/Fe] = 0.40 BC value =F350LP
 -1.5531 -1.5087 -1.5037 -1.4638 -1.3757 -1.2934 -1.2611 -1.2547 -1.2307 -1.1724
 -1.0953 -1.0036 -0.9086 -0.8183 -0.7309 -0.5357 -0.3770 -0.2535 -0.1539
 -1.5095 -1.4072 -1.3344 -1.2720 -1.2192 -1.1778 -1.1451 -1.1152 -1.0820 -1.0414
 -0.9901 -0.9250 -0.8462 -0.7613 -0.6791 -0.4997 -0.3559 -0.2437 -0.1565 -0.0904
 -1.4785 -1.3472 -1.2366 -1.1541 -1.1045 -1.0720 -1.0391 -1.0048 -0.9715 -0.9388
 -0.9003 -0.8523 -0.7893 -0.7136 -0.6373 -0.4708 -0.3391 -0.2368 -0.1592 -0.0998
 -0.0527
 -1.4601 -1.3287 -1.2103 -1.1101 -1.0316 -0.9760 -0.9431 -0.9235 -0.8992 -0.8646
 -0.8259 -0.7855 -0.7379 -0.6752 -0.6055 -0.4490 -0.3266 -0.2328 -0.1620 -0.1077
 -0.0647 -0.0293
 -1.4295 -1.3092 -1.1968 -1.0963 -1.0103 -0.9405 -0.8873 -0.8485 -0.8214 -0.7987
 -0.7681 -0.7290 -0.6885 -0.6396 -0.5793 -0.4327 -0.3170 -0.2299 -0.1654 -0.1163
 -0.0775 -0.0454 -0.0181  0.0055
 -1.3756 -1.2727 -1.1741 -1.0824 -0.9991 -0.9259 -0.8640 -0.8137 -0.7730 -0.7388
 -0.7081 -0.6757 -0.6392 -0.6004 -0.5519 -0.4193 -0.3091 -0.2266 -0.1674 -0.1237
 -0.0894 -0.0612 -0.0371 -0.0161  0.0027  0.0194  0.0335  0.0434  0.0473  0.0426
 -1.2969 -1.2133 -1.1322 -1.0547 -0.9813 -0.9125 -0.8496 -0.7937 -0.7458 -0.7044
 -0.6667 -0.6304 -0.5938 -0.5589 -0.5195 -0.4052 -0.3017 -0.2224 -0.1665 -0.1275
 -0.0983 -0.0747 -0.0547 -0.0370 -0.0210 -0.0063  0.0064  0.0172  0.0231  0.0213
  0.0109
 -1.1996 -1.1335 -1.0695 -1.0081 -0.9482 -0.8894 -0.8318 -0.7765 -0.7256 -0.6801
 -0.6389 -0.6000 -0.5619 -0.5244 -0.4885 -0.3879 -0.2934 -0.2172 -0.1629 -0.1268
 -0.1022 -0.0838 -0.0686 -0.0553 -0.0431 -0.0316 -0.0210 -0.0119 -0.0051 -0.0029
 -0.0103
 -1.0899 -1.0393 -0.9900 -0.9429 -0.8969 -0.8503 -0.8022 -0.7530 -0.7043 -0.6578
 -0.6149 -0.5751 -0.5369 -0.4991 -0.4631 -0.3695 -0.2826 -0.2104 -0.1572 -0.1221
 -0.1004 -0.0866 -0.0768 -0.0687 -0.0614 -0.0541 -0.0471 -0.0405 -0.0350 -0.0319
 -0.0341
 -0.9768 -0.9391 -0.9016 -0.8658 -0.8314 -0.7966 -0.7596 -0.7196 -0.6773 -0.6341
 -0.5919 -0.5521 -0.5145 -0.4783 -0.4429 -0.3545 -0.2725 -0.2040 -0.1517 -0.1162
 -0.0950 -0.0838 -0.0784 -0.0756 -0.0738 -0.0718 -0.0696 -0.0670 -0.0645 -0.0628
 -0.0620
 -0.8625 -0.8361 -0.8087 -0.7816 -0.7556 -0.7303 -0.7033 -0.6733 -0.6398 -0.6034
 -0.5654 -0.5275 -0.4911 -0.4564 -0.4231 -0.3409 -0.2628 -0.1970 -0.1462 -0.1103
 -0.0882 -0.0773 -0.0741 -0.0755 -0.0789 -0.0826 -0.0859 -0.0885 -0.0903 -0.0920
 -0.0944
 -0.7469 -0.7303 -0.7146 -0.6943 -0.6749 -0.6560 -0.6366 -0.6153 -0.5908 -0.5628
 -0.5317 -0.4987 -0.4651 -0.4325 -0.4037 -0.3287 -0.2535 -0.1894 -0.1407
 [Fe/H] = -2.00 [alpha/Fe] = 0.40 BC value =F350LP
 -1.7926 -1.7243 -1.6624 -1.6030 -1.5445 -1.4826 -1.4126 -1.3322 -1.2455 -1.1587
 -1.0701 -0.9784 -0.8844 -0.7934 -0.7036 -0.5201 -0.3707 -0.2515 -0.1585
 -1.6832 -1.5962 -1.5189 -1.4480 -1.3815 -1.3183 -1.2562 -1.1900 -1.1221 -1.0543
 -0.9844 -0.9090 -0.8265 -0.7420 -0.6615 -0.4880 -0.3500 -0.2409 -0.1561 -0.0906
 -1.6172 -1.4957 -1.4000 -1.3333 -1.2619 -1.1967 -1.1366 -1.0787 -1.0221 -0.9670
 -0.9113 -0.8513 -0.7823 -0.7053 -0.6291 -0.4640 -0.3347 -0.2337 -0.1558 -0.0956
 -0.0475
 -1.5887 -1.4420 -1.3249 -1.2337 -1.1613 -1.1014 -1.0484 -0.9975 -0.9455 -0.8952
 -0.8469 -0.7981 -0.7435 -0.6775 -0.6064 -0.4481 -0.3248 -0.2299 -0.1576 -0.1023
 -0.0587 -0.0231
 -1.5848 -1.4394 -1.3034 -1.1907 -1.1005 -1.0280 -0.9693 -0.9212 -0.8808 -0.8430
 -0.7980 -0.7517 -0.7049 -0.6522 -0.5890 -0.4375 -0.3184 -0.2280 -0.1604 -0.1097
 -0.0701 -0.0378 -0.0106  0.0128
 -1.5751 -1.4344 -1.2991 -1.1752 -1.0670 -0.9765 -0.9034 -0.8467 -0.8042 -0.7739
 -0.7462 -0.7108 -0.6699 -0.6248 -0.5720 -0.4296 -0.3139 -0.2265 -0.1625 -0.1160
 -0.0808 -0.0524 -0.0284 -0.0076  0.0107  0.0268  0.0401  0.0494  0.0531  0.0487
 -1.5456 -1.4185 -1.2917 -1.1727 -1.0652 -0.9710 -0.8908 -0.8243 -0.7705 -0.7263
 -0.6896 -0.6581 -0.6260 -0.5907 -0.5490 -0.4223 -0.3099 -0.2246 -0.1628 -0.1197
 -0.0888 -0.0649 -0.0449 -0.0275 -0.0119  0.0021  0.0140  0.0239  0.0293  0.0276
  0.0172
 -1.4918 -1.3817 -1.2694 -1.1611 -1.0606 -0.9698 -0.8890 -0.8180 -0.7571 -0.7055
 -0.6607 -0.6206 -0.5840 -0.5501 -0.5163 -0.4106 -0.3051 -0.2215 -0.1610 -0.1198
 -0.0926 -0.0733 -0.0580 -0.0449 -0.0331 -0.0222 -0.0125 -0.0042  0.0017  0.0033
 -0.0041
 -1.4124 -1.3198 -1.2246 -1.1307 -1.0419 -0.9595 -0.8837 -0.8140 -0.7508 -0.6944
 -0.6445 -0.5997 -0.5584 -0.5196 -0.4842 -0.3910 -0.2966 -0.2164 -0.1567 -0.1163
 -0.0913 -0.0760 -0.0658 -0.0578 -0.0507 -0.0440 -0.0377 -0.0321 -0.0275 -0.0253
 -0.0280
 -1.3160 -1.2419 -1.1636 -1.0845 -1.0084 -0.9369 -0.8694 -0.8053 -0.7446 -0.6876
 -0.6350 -0.5871 -0.5432 -0.5021 -0.4636 -0.3729 -0.2863 -0.2107 -0.1522 -0.1115
 -0.0867 -0.0735 -0.0673 -0.0645 -0.0627 -0.0612 -0.0596 -0.0578 -0.0563 -0.0556
 -0.0557
 -1.2116 -1.1514 -1.0884 -1.0235 -0.9599 -0.8993 -0.8415 -0.7854 -0.7306 -0.6770
 -0.6254 -0.5766 -0.5311 -0.4889 -0.4493 -0.3583 -0.2753 -0.2039 -0.1470 -0.1061
 -0.0805 -0.0675 -0.0634 -0.0644 -0.0678 -0.0718 -0.0756 -0.0789 -0.0816 -0.0843
 -0.0874
 -1.1010 -1.0544 -1.0047 -0.9527 -0.9004 -0.8494 -0.8008 -0.7532 -0.7057 -0.6582
 -0.6106 -0.5638 -0.5188 -0.4763 -0.4413 -0.3472 -0.2636 -0.1960 -0.1411
 [Fe/H] = -1.50 [alpha/Fe] = 0.40 BC value =F350LP
 -2.0911 -2.0242 -1.9636 -1.9031 -1.8419 -1.7635 -1.6501 -1.4989 -1.3452 -1.2036
 -1.0764 -0.9624 -0.8596 -0.7670 -0.6833 -0.5060 -0.3632 -0.2477 -0.1565
 -1.9543 -1.8752 -1.8047 -1.7372 -1.6674 -1.5894 -1.4901 -1.3633 -1.2359 -1.1171
 -1.0083 -0.9076 -0.8133 -0.7258 -0.6456 -0.4762 -0.3425 -0.2365 -0.1525 -0.0863
 -1.8555 -1.7640 -1.6825 -1.6058 -1.5299 -1.4515 -1.3641 -1.2582 -1.1500 -1.0481
 -0.9541 -0.8660 -0.7810 -0.6986 -0.6214 -0.4573 -0.3295 -0.2296 -0.1513 -0.0900
 -0.0416
 -1.7842 -1.6691 -1.5775 -1.4990 -1.4207 -1.3412 -1.2595 -1.1702 -1.0772 -0.9883
 -0.9059 -0.8292 -0.7548 -0.6797 -0.6060 -0.4461 -0.3220 -0.2262 -0.1523 -0.0951
 -0.0505 -0.0143
 -1.7459 -1.6074 -1.4891 -1.3885 -1.3030 -1.2307 -1.1660 -1.0939 -1.0152 -0.9366
 -0.8623 -0.7936 -0.7287 -0.6632 -0.5951 -0.4397 -0.3181 -0.2252 -0.1546 -0.1009
 -0.0598 -0.0271  0.0002  0.0233
 -1.7417 -1.5930 -1.4534 -1.3270 -1.2171 -1.1238 -1.0477 -0.9879 -0.9359 -0.8830
 -0.8239 -0.7622 -0.7023 -0.6446 -0.5847 -0.4357 -0.3160 -0.2251 -0.1569 -0.1063
 -0.0688 -0.0396 -0.0156  0.0048  0.0225  0.0376  0.0498  0.0583  0.0617  0.0578
 -1.7424 -1.5931 -1.4476 -1.3111 -1.1880 -1.0809 -0.9900 -0.9137 -0.8500 -0.7989
 -0.7583 -0.7191 -0.6739 -0.6239 -0.5712 -0.4325 -0.3146 -0.2248 -0.1583 -0.1100
 -0.0756 -0.0504 -0.0303 -0.0133  0.0016  0.0146  0.0255  0.0338  0.0386  0.0370
  0.0274
 -1.7340 -1.5924 -1.4496 -1.3111 -1.1831 -1.0689 -0.9698 -0.8851 -0.8136 -0.7531
 -0.7020 -0.6597 -0.6240 -0.5883 -0.5484 -0.4281 -0.3129 -0.2238 -0.1582 -0.1114
 -0.0778 -0.0578 -0.0420 -0.0292 -0.0181 -0.0081  0.0005  0.0083  0.0133  0.0130
  0.0060
 -1.7003 -1.5756 -1.4419 -1.3096 -1.1833 -1.0682 -0.9661 -0.8769 -0.7998 -0.7337
 -0.6767 -0.6271 -0.5835 -0.5454 -0.5108 -0.4146 -0.3089 -0.2209 -0.1557 -0.1096
 -0.0792 -0.0605 -0.0489 -0.0409 -0.0344 -0.0285 -0.0234 -0.0189 -0.0158 -0.0149
 -0.0181
 -1.6418 -1.5350 -1.4183 -1.2978 -1.1795 -1.0689 -0.9687 -0.8791 -0.7998 -0.7298
 -0.6682 -0.6139 -0.5654 -0.5217 -0.4822 -0.3934 -0.3018 -0.2180 -0.1530 -0.1066
 -0.0763 -0.0590 -0.0506 -0.0471 -0.0456 -0.0447 -0.0441 -0.0435 -0.0432 -0.0440
 -0.0454
 -1.5644 -1.4739 -1.3743 -1.2681 -1.1620 -1.0602 -0.9658 -0.8798 -0.8020 -0.7315
 -0.6676 -0.6099 -0.5578 -0.5105 -0.4674 -0.3740 -0.2899 -0.2126 -0.1493 -0.1026
 -0.0716 -0.0542 -0.0474 -0.0473 -0.0504 -0.0547 -0.0593 -0.0635 -0.0675 -0.0714
 -0.0760
 -1.4728 -1.3966 -1.3125 -1.2221 -1.1294 -1.0386 -0.9526 -0.8729 -0.7993 -0.7313
 -0.6682 -0.6097 -0.5556 -0.5057 -0.4664 -0.3564 -0.2732 -0.2047 -0.1446
 [Fe/H] = -1.00 [alpha/Fe] = 0.40 BC value =F350LP
 -2.4975 -2.4356 -2.3753 -2.3101 -2.2428 -2.1448 -1.9846 -1.7545 -1.5109 -1.2907
 -1.1084 -0.9623 -0.8451 -0.7476 -0.6632 -0.4903 -0.3537 -0.2427 -0.1519
 -2.3116 -2.2405 -2.1763 -2.1128 -2.0431 -1.9561 -1.8254 -1.6308 -1.4237 -1.2303
 -1.0630 -0.9244 -0.8107 -0.7158 -0.6337 -0.4658 -0.3349 -0.2311 -0.1479 -0.0812
 -2.1698 -2.0858 -2.0129 -1.9454 -1.8775 -1.8005 -1.6937 -1.5334 -1.3566 -1.1861
 -1.0330 -0.9017 -0.7910 -0.6974 -0.6164 -0.4513 -0.3241 -0.2246 -0.1461 -0.0835
 -0.0335
 -2.0649 -1.9684 -1.8844 -1.8086 -1.7362 -1.6618 -1.5741 -1.4458 -1.2961 -1.1466
 -1.0080 -0.8853 -0.7789 -0.6871 -0.6070 -0.4436 -0.3185 -0.2216 -0.1464 -0.0871
 -0.0402 -0.0028
 -1.9618 -1.8585 -1.7728 -1.6949 -1.6189 -1.5426 -1.4613 -1.3606 -1.2361 -1.1063
 -0.9822 -0.8693 -0.7689 -0.6804 -0.6018 -0.4400 -0.3160 -0.2209 -0.1479 -0.0913
 -0.0473 -0.0128  0.0149  0.0379
 -1.9089 -1.7740 -1.6593 -1.5648 -1.4871 -1.4194 -1.3502 -1.2701 -1.1716 -1.0622
 -0.9530 -0.8506 -0.7574 -0.6738 -0.5982 -0.4387 -0.3155 -0.2213 -0.1499 -0.0955
 -0.0541 -0.0226  0.0021  0.0223  0.0392  0.0532  0.0640  0.0714  0.0737  0.0699
 -1.8949 -1.7456 -1.6090 -1.4877 -1.3830 -1.2926 -1.2128 -1.1402 -1.0679 -0.9919
 -0.9103 -0.8256 -0.7423 -0.6649 -0.5935 -0.4383 -0.3156 -0.2220 -0.1515 -0.0987
 -0.0597 -0.0311 -0.0098  0.0071  0.0211  0.0329  0.0423  0.0490  0.0523  0.0500
  0.0413
 -1.8968 -1.7428 -1.5962 -1.4597 -1.3358 -1.2265 -1.1303 -1.0440 -0.9637 -0.8891
 -0.8231 -0.7648 -0.7076 -0.6473 -0.5849 -0.4379 -0.3161 -0.2225 -0.1524 -0.1006
 -0.0632 -0.0372 -0.0193 -0.0063  0.0040  0.0128  0.0197  0.0250  0.0275  0.0271
  0.0206
 -1.9001 -1.7478 -1.5998 -1.4566 -1.3218 -1.1992 -1.0903 -0.9941 -0.9081 -0.8302
 -0.7595 -0.6973 -0.6449 -0.5998 -0.5554 -0.4338 -0.3151 -0.2215 -0.1515 -0.1002
 -0.0641 -0.0400 -0.0252 -0.0162 -0.0101 -0.0054 -0.0019  0.0008  0.0020  0.0011
 -0.0036
 -1.8915 -1.7506 -1.6075 -1.4655 -1.3275 -1.1979 -1.0804 -0.9761 -0.8842 -0.8029
 -0.7305 -0.6658 -0.6085 -0.5586 -0.5155 -0.4184 -0.3142 -0.2212 -0.1507 -0.0991
 -0.0632 -0.0401 -0.0274 -0.0218 -0.0200 -0.0199 -0.0206 -0.0216 -0.0233 -0.0261
 -0.0307
 -1.8607 -1.7348 -1.6041 -1.4698 -1.3353 -1.2054 -1.0848 -0.9759 -0.8793 -0.7942
 -0.7190 -0.6522 -0.5925 -0.5393 -0.4917 -0.3943 -0.3056 -0.2198 -0.1492 -0.0971
 -0.0607 -0.0377 -0.0258 -0.0226 -0.0245 -0.0290 -0.0345 -0.0400 -0.0457 -0.0516
 -0.0582
 -1.8088 -1.6971 -1.5806 -1.4595 -1.3340 -1.2099 -1.0917 -0.9825 -0.8843 -0.7969
 -0.7192 -0.6499 -0.5878 -0.5321 -0.4840 -0.3615 -0.2893 -0.2173 -0.1470
 [Fe/H] = -0.75 [alpha/Fe] = 0.40 BC value =F350LP
 -2.7235 -2.6728 -2.6192 -2.5554 -2.4634 -2.3294 -2.1433 -1.8974 -1.6063 -1.3463
 -1.1361 -0.9722 -0.8444 -0.7419 -0.6557 -0.4830 -0.3481 -0.2392 -0.1497
 -2.5141 -2.4537 -2.3969 -2.3367 -2.2647 -2.1678 -2.0178 -1.7863 -1.5347 -1.3001
 -1.1016 -0.9423 -0.8163 -0.7149 -0.6300 -0.4612 -0.3312 -0.2281 -0.1453 -0.0783
 -2.3449 -2.2711 -2.2063 -2.1447 -2.0795 -2.0002 -1.8831 -1.6960 -1.4813 -1.2710
 -1.0844 -0.9290 -0.8030 -0.7010 -0.6161 -0.4488 -0.3214 -0.2218 -0.1432 -0.0800
 -0.0292
 -2.2170 -2.1276 -2.0507 -1.9818 -1.9157 -1.8450 -1.7553 -1.6102 -1.4302 -1.2448
 -1.0726 -0.9232 -0.7982 -0.6954 -0.6096 -0.4425 -0.3164 -0.2189 -0.1430 -0.0828
 -0.0348  0.0036
 -2.1119 -2.0148 -1.9282 -1.8503 -1.7778 -1.7062 -1.6291 -1.5210 -1.3743 -1.2144
 -1.0590 -0.9186 -0.7969 -0.6942 -0.6077 -0.4401 -0.3146 -0.2182 -0.1441 -0.0862
 -0.0407 -0.0049  0.0236  0.0470
 -2.0068 -1.8913 -1.7988 -1.7230 -1.6542 -1.5848 -1.5106 -1.4254 -1.3104 -1.1761
 -1.0392 -0.9104 -0.7949 -0.6944 -0.6082 -0.4399 -0.3145 -0.2187 -0.1457 -0.0897
 -0.0464 -0.0132  0.0125  0.0330  0.0496  0.0630  0.0731  0.0797  0.0815  0.0773
 -1.9678 -1.8261 -1.7022 -1.5983 -1.5121 -1.4389 -1.3732 -1.3055 -1.2232 -1.1211
 -1.0081 -0.8950 -0.7888 -0.6932 -0.6088 -0.4408 -0.3153 -0.2197 -0.1474 -0.0926
 -0.0513 -0.0204  0.0023  0.0196  0.0334  0.0445  0.0530  0.0588  0.0612  0.0584
  0.0494
 -1.9603 -1.8074 -1.6660 -1.5385 -1.4274 -1.3316 -1.2471 -1.1691 -1.0916 -1.0117
 -0.9322 -0.8516 -0.7686 -0.6858 -0.6073 -0.4423 -0.3167 -0.2208 -0.1485 -0.0945
 -0.0546 -0.0259 -0.0060  0.0080  0.0182  0.0262  0.0322  0.0364  0.0385  0.0365
  0.0290
 -1.9642 -1.8091 -1.6604 -1.5203 -1.3917 -1.2770 -1.1758 -1.0850 -1.0003 -0.9177
 -0.8384 -0.7669 -0.7045 -0.6469 -0.5886 -0.4416 -0.3167 -0.2206 -0.1482 -0.0945
 -0.0557 -0.0288 -0.0114 -0.0009  0.0054  0.0096  0.0123  0.0138  0.0139  0.0118
  0.0060
 -1.9722 -1.8202 -1.6712 -1.5269 -1.3892 -1.2616 -1.1466 -1.0441 -0.9521 -0.8677
 -0.7889 -0.7158 -0.6504 -0.5942 -0.5457 -0.4332 -0.3178 -0.2214 -0.1484 -0.0943
 -0.0557 -0.0297 -0.0140 -0.0063 -0.0037 -0.0036 -0.0050 -0.0071 -0.0098 -0.0140
 -0.0197
 -1.9663 -1.8240 -1.6824 -1.5397 -1.4006 -1.2672 -1.1435 -1.0317 -0.9320 -0.8432
 -0.7632 -0.6905 -0.6245 -0.5655 -0.5135 -0.4091 -0.3136 -0.2217 -0.1480 -0.0933
 -0.0543 -0.0284 -0.0136 -0.0077 -0.0081 -0.0121 -0.0179 -0.0242 -0.0308 -0.0379
 -0.0481
 -1.9465 -1.8109 -1.6796 -1.5467 -1.4116 -1.2792 -1.1529 -1.0361 -0.9310 -0.8375
 -0.7543 -0.6800 -0.6132 -0.5531 -0.4920 -0.3693 -0.3041 -0.2215 -0.1470
 [Fe/H] = -0.50 [alpha/Fe] = 0.40 BC value =F350LP
 -2.9347 -2.9041 -2.8656 -2.8116 -2.7093 -2.5477 -2.3234 -2.0341 -1.7005 -1.4063
 -1.1712 -0.9893 -0.8498 -0.7402 -0.6506 -0.4762 -0.3430 -0.2358 -0.1472
 -2.7122 -2.6696 -2.6269 -2.5758 -2.5049 -2.3965 -2.2207 -1.9450 -1.6480 -1.3739
 -1.1466 -0.9670 -0.8276 -0.7179 -0.6287 -0.4572 -0.3275 -0.2249 -0.1425 -0.0752
 -2.5214 -2.4638 -2.4123 -2.3603 -2.2993 -2.2159 -2.0841 -1.8665 -1.6106 -1.3603
 -1.1413 -0.9625 -0.8208 -0.7089 -0.6183 -0.4468 -0.3187 -0.2188 -0.1399 -0.0764
 -0.0248
 -2.3687 -2.2934 -2.2289 -2.1702 -2.1113 -2.0431 -1.9478 -1.7849 -1.5724 -1.3490
 -1.1430 -0.9671 -0.8234 -0.7083 -0.6152 -0.4420 -0.3145 -0.2160 -0.1394 -0.0784
 -0.0294  0.0101
 -2.2520 -2.1603 -2.0811 -2.0114 -1.9470 -1.8823 -1.8076 -1.6924 -1.5234 -1.3313
 -1.1427 -0.9737 -0.8306 -0.7130 -0.6171 -0.4407 -0.3131 -0.2153 -0.1400 -0.0811
 -0.0342  0.0030  0.0326  0.0564
 -2.1271 -2.0365 -1.9559 -1.8809 -1.8102 -1.7419 -1.6718 -1.5873 -1.4601 -1.3011
 -1.1344 -0.9771 -0.8381 -0.7201 -0.6220 -0.4417 -0.3135 -0.2159 -0.1414 -0.0839
 -0.0390 -0.0038  0.0233  0.0445  0.0612  0.0743  0.0836  0.0894  0.0907  0.0862
 -2.0413 -1.9160 -1.8135 -1.7320 -1.6650 -1.6043 -1.5416 -1.4709 -1.3790 -1.2549
 -1.1138 -0.9728 -0.8421 -0.7269 -0.6282 -0.4442 -0.3149 -0.2172 -0.1429 -0.0864
 -0.0431 -0.0100  0.0147  0.0332  0.0471  0.0578  0.0655  0.0703  0.0718  0.0683
  0.0590
 -2.0157 -1.8697 -1.7388 -1.6265 -1.5330 -1.4550 -1.3867 -1.3224 -1.2522 -1.1658
 -1.0629 -0.9504 -0.8367 -0.7298 -0.6339 -0.4478 -0.3169 -0.2187 -0.1443 -0.0883
 -0.0462 -0.0149  0.0075  0.0230  0.0338  0.0416  0.0468  0.0499  0.0505  0.0476
  0.0394
 -2.0140 -1.8597 -1.7149 -1.5824 -1.4650 -1.3638 -1.2762 -1.1969 -1.1199 -1.0385
 -0.9531 -0.8695 -0.7887 -0.7086 -0.6287 -0.4503 -0.3181 -0.2192 -0.1445 -0.0886
 -0.0474 -0.0176  0.0026  0.0153  0.0227  0.0269  0.0289  0.0288  0.0268  0.0230
  0.0176
 -2.0269 -1.8700 -1.7202 -1.5778 -1.4454 -1.3256 -1.2196 -1.1256 -1.0395 -0.9562
 -0.8726 -0.7910 -0.7161 -0.6503 -0.5909 -0.4501 -0.3209 -0.2210 -0.1455 -0.0891
 -0.0480 -0.0191 -0.0003  0.0102  0.0145  0.0151  0.0133  0.0103  0.0062  0.0006
 -0.0066
 -2.0376 -1.8855 -1.7360 -1.5914 -1.4521 -1.3212 -1.2012 -1.0935 -0.9969 -0.9088
 -0.8262 -0.7474 -0.6734 -0.6064 -0.5478 -0.4296 -0.3213 -0.2226 -0.1462 -0.0890
 -0.0474 -0.0188 -0.0008  0.0082  0.0101  0.0074  0.0017 -0.0053 -0.0131 -0.0215
 -0.0332
 -2.0365 -1.8925 -1.7501 -1.6088 -1.4687 -1.3340 -1.2063 -1.0888 -0.9828 -0.8878
 -0.8020 -0.7236 -0.6514 -0.5852 -0.4994 -0.3888 -0.3193 -0.2240 -0.1466
 [Fe/H] = -0.25 [alpha/Fe] = 0.40 BC value =F350LP
 -3.1092 -3.1027 -3.1143 -3.1022 -3.0254 -2.8508 -2.5523 -2.1512 -1.7872 -1.4715
 -1.2139 -1.0148 -0.8622 -0.7436 -0.6487 -0.4709 -0.3376 -0.2319 -0.1443
 -2.8851 -2.8688 -2.8455 -2.8124 -2.7510 -2.6352 -2.4287 -2.0976 -1.7551 -1.4505
 -1.1980 -0.9992 -0.8456 -0.7262 -0.6308 -0.4541 -0.3239 -0.2216 -0.1394 -0.0720
 -2.6826 -2.6470 -2.6154 -2.5796 -2.5284 -2.4434 -2.2941 -2.0386 -1.7377 -1.4507
 -1.2032 -1.0027 -0.8451 -0.7220 -0.6241 -0.4456 -0.3162 -0.2158 -0.1365 -0.0725
 -0.0203
 -2.5114 -2.4560 -2.4095 -2.3661 -2.3181 -2.2536 -2.1507 -1.9660 -1.7161 -1.4552
 -1.2171 -1.0165 -0.8548 -0.7267 -0.6248 -0.4424 -0.3127 -0.2131 -0.1356 -0.0739
 -0.0240  0.0166
 -2.3757 -2.2999 -2.2361 -2.1803 -2.1275 -2.0707 -1.9967 -1.8719 -1.6781 -1.4519
 -1.2301 -1.0338 -0.8699 -0.7373 -0.6308 -0.4425 -0.3119 -0.2125 -0.1359 -0.0759
 -0.0279  0.0107  0.0415  0.0662
 -2.2370 -2.1738 -2.0962 -2.0272 -1.9648 -1.9049 -1.8413 -1.7564 -1.6173 -1.4326
 -1.2347 -1.0486 -0.8865 -0.7512 -0.6407 -0.4451 -0.3128 -0.2132 -0.1370 -0.0781
 -0.0317  0.0050  0.0338  0.0562  0.0737  0.0869  0.0957  0.1005  0.1010  0.0960
 -2.1218 -2.0250 -1.9498 -1.8853 -1.8235 -1.7615 -1.6979 -1.6288 -1.5327 -1.3921
 -1.2249 -1.0557 -0.9004 -0.7657 -0.6527 -0.4496 -0.3149 -0.2147 -0.1384 -0.0802
 -0.0352 -0.0002  0.0267  0.0467  0.0616  0.0724  0.0796  0.0835  0.0840  0.0797
  0.0699
 -2.0644 -1.9320 -1.8196 -1.7295 -1.6583 -1.5995 -1.5456 -1.4886 -1.4194 -1.3219
 -1.1931 -1.0492 -0.9074 -0.7779 -0.6650 -0.4557 -0.3177 -0.2166 -0.1401 -0.0820
 -0.0379 -0.0044  0.0205  0.0382  0.0503  0.0584  0.0632  0.0654  0.0648  0.0607
  0.0517
 -2.0501 -1.9022 -1.7665 -1.6468 -1.5458 -1.4626 -1.3921 -1.3290 -1.2648 -1.1906
 -1.0998 -0.9967 -0.8869 -0.7764 -0.6718 -0.4617 -0.3199 -0.2178 -0.1408 -0.0826
 -0.0391 -0.0069  0.0162  0.0316  0.0409  0.0459  0.0477  0.0475  0.0450  0.0397
  0.0313
 -2.0589 -1.9044 -1.7588 -1.6225 -1.4995 -1.3921 -1.3001 -1.2194 -1.1446 -1.0687
 -0.9859 -0.8981 -0.8120 -0.7303 -0.6518 -0.4689 -0.3245 -0.2205 -0.1425 -0.0837
 -0.0402 -0.0087  0.0131  0.0267  0.0337  0.0356  0.0340  0.0303  0.0251  0.0186
  0.0091
 -2.0775 -1.9225 -1.7725 -1.6291 -1.4939 -1.3697 -1.2587 -1.1605 -1.0728 -0.9909
 -0.9097 -0.8269 -0.7453 -0.6694 -0.6013 -0.4573 -0.3289 -0.2233 -0.1441 -0.0844
 -0.0404 -0.0090  0.0119  0.0242  0.0293  0.0286  0.0237  0.0165  0.0078 -0.0020
 -0.0148
 -2.0923 -1.9422 -1.7943 -1.6488 -1.5092 -1.3763 -1.2526 -1.1401 -1.0391 -0.9482
 -0.8639 -0.7837 -0.7064 -0.6330 -0.5203 -0.4269 -0.3331 -0.2262 -0.1456
 [Fe/H] =  0.00 [alpha/Fe] = 0.40 BC value =F350LP
 -3.2431 -3.2621 -3.2837 -3.2650 -3.1758 -2.9842 -2.6766 -2.2278 -1.8641 -1.5394
 -1.2641 -1.0477 -0.8816 -0.7529 -0.6513 -0.4666 -0.3330 -0.2279 -0.1409
 -3.0209 -3.0289 -3.0350 -3.0268 -2.9836 -2.8696 -2.6288 -2.2316 -1.8554 -1.5281
 -1.2550 -1.0382 -0.8703 -0.7400 -0.6372 -0.4525 -0.3208 -0.2182 -0.1361 -0.0688
 -2.8137 -2.8043 -2.7979 -2.7853 -2.7516 -2.6719 -2.5062 -2.2089 -1.8592 -1.5402
 -1.2689 -1.0490 -0.8758 -0.7408 -0.6343 -0.4460 -0.3142 -0.2129 -0.1331 -0.0686
 -0.0159
 -2.6312 -2.6005 -2.5774 -2.5554 -2.5246 -2.4685 -2.3594 -2.1499 -1.8582 -1.5598
 -1.2932 -1.0712 -0.8921 -0.7509 -0.6393 -0.4445 -0.3115 -0.2105 -0.1319 -0.0694
 -0.0187  0.0227
 -2.4806 -2.4269 -2.3840 -2.3475 -2.3114 -2.2659 -2.1935 -2.0569 -1.8353 -1.5725
 -1.3194 -1.0979 -0.9147 -0.7674 -0.6500 -0.4464 -0.3114 -0.2101 -0.1320 -0.0708
 -0.0218  0.0179  0.0499  0.0754
 -2.3595 -2.2859 -2.2236 -2.1703 -2.1226 -2.0753 -2.0192 -1.9323 -1.7791 -1.5659
 -1.3365 -1.1234 -0.9397 -0.7880 -0.6649 -0.4511 -0.3130 -0.2110 -0.1329 -0.0725
 -0.0249  0.0132  0.0435  0.0673  0.0857  0.0993  0.1082  0.1128  0.1126  0.1071
 -2.2187 -2.1503 -2.0853 -2.0227 -1.9642 -1.9088 -1.8532 -1.7890 -1.6893 -1.5326
 -1.3387 -1.1420 -0.9633 -0.8098 -0.6827 -0.4581 -0.3157 -0.2128 -0.1344 -0.0742
 -0.0277  0.0089  0.0375  0.0595  0.0758  0.0874  0.0948  0.0982  0.0977  0.0926
  0.0823
 -2.1086 -1.9997 -1.9158 -1.8535 -1.8030 -1.7546 -1.7022 -1.6439 -1.5735 -1.4668
 -1.3173 -1.1468 -0.9799 -0.8300 -0.7013 -0.4674 -0.3196 -0.2151 -0.1362 -0.0760
 -0.0301  0.0052  0.0322  0.0523  0.0665  0.0758  0.0809  0.0825  0.0809  0.0757
  0.0658
 -2.0690 -1.9385 -1.8180 -1.7179 -1.6392 -1.5774 -1.5257 -1.4796 -1.4267 -1.3541
 -1.2525 -1.1223 -0.9799 -0.8413 -0.7161 -0.4770 -0.3232 -0.2168 -0.1372 -0.0767
 -0.0311  0.0032  0.0286  0.0467  0.0586  0.0653  0.0678  0.0670  0.0636  0.0571
  0.0471
 -2.0746 -1.9265 -1.7895 -1.6641 -1.5552 -1.4648 -1.3903 -1.3278 -1.2686 -1.2043
 -1.1277 -1.0352 -0.9323 -0.8255 -0.7198 -0.4899 -0.3298 -0.2202 -0.1395 -0.0783
 -0.0325  0.0013  0.0257  0.0423  0.0522  0.0565  0.0562  0.0526  0.0465  0.0381
  0.0275
 -2.0923 -1.9402 -1.7948 -1.6568 -1.5294 -1.4159 -1.3177 -1.2335 -1.1587 -1.0878
 -1.0132 -0.9324 -0.8457 -0.7586 -0.6763 -0.4921 -0.3376 -0.2244 -0.1419 -0.0798
 -0.0333  0.0005  0.0242  0.0396  0.0480  0.0502  0.0472  0.0406  0.0315  0.0205
  0.0070
 -2.1160 -1.9643 -1.8159 -1.6732 -1.5369 -1.4094 -1.2935 -1.1904 -1.0993 -1.0171
 -0.9393 -0.8613 -0.7813 -0.7017 -0.5856 -0.4836 -0.3466 -0.2294 -0.1444
 [Fe/H] =  0.25 [alpha/Fe] = 0.40 BC value =F350LP
 -3.3355 -3.3805 -3.3535 -3.2593 -3.1015 -2.8840 -2.6099 -2.2825 -1.9240 -1.6034
 -1.3184 -1.0874 -0.9078 -0.7687 -0.6590 -0.4646 -0.3287 -0.2238 -0.1377
 -3.1205 -3.1554 -3.2338 -3.2924 -3.2692 -3.1143 -2.7878 -2.3248 -1.9371 -1.6023
 -1.3158 -1.0837 -0.9016 -0.7602 -0.6486 -0.4530 -0.3184 -0.2153 -0.1330 -0.0655
 -2.9103 -2.9286 -2.9499 -2.9641 -2.9535 -2.8870 -2.7098 -2.3583 -1.9657 -1.6254
 -1.3370 -1.1010 -0.9130 -0.7659 -0.6498 -0.4486 -0.3131 -0.2106 -0.1300 -0.0650
 -0.0117
 -2.7198 -2.7165 -2.7204 -2.7243 -2.7163 -2.6751 -2.5650 -2.3301 -1.9899 -1.6580
 -1.3703 -1.1294 -0.9355 -0.7813 -0.6593 -0.4491 -0.3114 -0.2086 -0.1287 -0.0653
 -0.0138  0.0284
 -2.5579 -2.5310 -2.5126 -2.5005 -2.4865 -2.4575 -2.3906 -2.2429 -1.9894 -1.6863
 -1.4062 -1.1643 -0.9650 -0.8036 -0.6748 -0.4533 -0.3120 -0.2085 -0.1287 -0.0662
 -0.0161  0.0245  0.0575  0.0840
 -2.4371 -2.3752 -2.3349 -2.3032 -2.2758 -2.2458 -2.2002 -2.1119 -1.9423 -1.6972
 -1.4364 -1.1992 -0.9975 -0.8305 -0.6950 -0.4607 -0.3145 -0.2097 -0.1296 -0.0674
 -0.0185  0.0207  0.0523  0.0774  0.0970  0.1115  0.1210  0.1257  0.1251  0.1190
 -2.3083 -2.2444 -2.1877 -2.1379 -2.0947 -2.0544 -2.0117 -1.9539 -1.8493 -1.6747
 -1.4520 -1.2289 -1.0290 -0.8590 -0.7185 -0.4710 -0.3183 -0.2117 -0.1311 -0.0690
 -0.0207  0.0172  0.0473  0.0709  0.0889  0.1018  0.1100  0.1136  0.1127  0.1068
  0.0957
 -2.1529 -2.0793 -2.0277 -1.9836 -1.9380 -1.8907 -1.8422 -1.7903 -1.7224 -1.6092
 -1.4410 -1.2456 -1.0559 -0.8866 -0.7433 -0.4841 -0.3235 -0.2145 -0.1331 -0.0706
 -0.0227  0.0142  0.0430  0.0649  0.0812  0.0924  0.0986  0.1006  0.0985  0.0923
  0.0814
 -2.0877 -1.9703 -1.8731 -1.8005 -1.7486 -1.7091 -1.6723 -1.6298 -1.5783 -1.5028
 -1.3884 -1.2343 -1.0661 -0.9060 -0.7640 -0.4974 -0.3289 -0.2167 -0.1343 -0.0715
 -0.0237  0.0126  0.0400  0.0604  0.0748  0.0839  0.0879  0.0877  0.0838  0.0764
  0.0651
 -2.0746 -1.9391 -1.8142 -1.7051 -1.6161 -1.5471 -1.4931 -1.4473 -1.4049 -1.3542
 -1.2828 -1.1801 -1.0519 -0.9147 -0.7823 -0.5149 -0.3380 -0.2210 -0.1371 -0.0734
 -0.0252  0.0109  0.0374  0.0565  0.0693  0.0764  0.0782  0.0757  0.0696  0.0606
  0.0483
 -2.0850 -1.9424 -1.8051 -1.6768 -1.5616 -1.4629 -1.3814 -1.3140 -1.2550 -1.1984
 -1.1374 -1.0626 -0.9711 -0.8699 -0.7663 -0.5291 -0.3490 -0.2265 -0.1402 -0.0754
 -0.0265  0.0098  0.0359  0.0539  0.0654  0.0708  0.0705  0.0656  0.0570  0.0454
  0.0314
 -2.1095 -1.9634 -1.8211 -1.6843 -1.5549 -1.4366 -1.3319 -1.2415 -1.1637 -1.0939
 -1.0265 -0.9558 -0.8781 -0.7942 -0.7160 -0.5400 -0.3619 -0.2332 -0.1436
 [Fe/H] =  0.50 [alpha/Fe] = 0.40 BC value =F350LP
 -3.3863 -3.4580 -3.3237 -3.0851 -2.8027 -2.5503 -2.3522 -2.3179 -1.9793 -1.6658
 -1.3759 -1.1321 -0.9400 -0.7900 -0.6719 -0.4654 -0.3264 -0.2202 -0.1352
 -3.1839 -3.2483 -3.3097 -3.4794 -3.4483 -3.2359 -2.8593 -2.3877 -2.0099 -1.6748
 -1.3797 -1.1342 -0.9394 -0.7863 -0.6655 -0.4565 -0.3176 -0.2131 -0.1302 -0.0626
 -2.9724 -3.0199 -3.0703 -3.1108 -3.1237 -3.0763 -2.8922 -2.4649 -2.0548 -1.7080
 -1.4073 -1.1573 -0.9561 -0.7971 -0.6710 -0.4544 -0.3136 -0.2092 -0.1276 -0.0619
 -0.0078
 -2.7772 -2.8022 -2.8340 -2.8654 -2.8825 -2.8609 -2.7566 -2.4929 -2.1069 -1.7507
 -1.4463 -1.1927 -0.9845 -0.8181 -0.6850 -0.4573 -0.3129 -0.2077 -0.1265 -0.0619
 -0.0095  0.0335
 -2.6041 -2.6043 -2.6146 -2.6299 -2.6416 -2.6334 -2.5776 -2.4229 -2.1305 -1.7963
 -1.4916 -1.2334 -1.0201 -0.8457 -0.7056 -0.4642 -0.3146 -0.2080 -0.1265 -0.0625
 -0.0113  0.0304  0.0643  0.0917
 -2.4626 -2.4365 -2.4223 -2.4164 -2.4139 -2.4058 -2.3748 -2.2890 -2.1021 -1.8216
 -1.5348 -1.2763 -1.0591 -0.8785 -0.7311 -0.4748 -0.3182 -0.2095 -0.1274 -0.0635
 -0.0131  0.0274  0.0601  0.0862  0.1069  0.1226  0.1331  0.1384  0.1379  0.1316
 -2.3474 -2.2994 -2.2620 -2.2338 -2.2122 -2.1929 -2.1674 -2.1185 -2.0100 -1.8134
 -1.5620 -1.3161 -1.0980 -0.9131 -0.7600 -0.4889 -0.3235 -0.2121 -0.1290 -0.0649
 -0.0149  0.0246  0.0560  0.0809  0.1003  0.1148  0.1242  0.1287  0.1281  0.1218
  0.1102
 -2.2015 -2.1602 -2.1194 -2.0795 -2.0422 -2.0081 -1.9745 -1.9355 -1.8723 -1.7521
 -1.5622 -1.3433 -1.1323 -0.9472 -0.7903 -0.5060 -0.3307 -0.2153 -0.1311 -0.0664
 -0.0165  0.0222  0.0525  0.0761  0.0941  0.1071  0.1150  0.1182  0.1166  0.1100
  0.0984
 -2.0895 -1.9989 -1.9343 -1.8939 -1.8661 -1.8384 -1.8040 -1.7627 -1.7149 -1.6397
 -1.5160 -1.3420 -1.1515 -0.9727 -0.8164 -0.5234 -0.3384 -0.2183 -0.1326 -0.0673
 -0.0172  0.0210  0.0503  0.0724  0.0889  0.1003  0.1065  0.1079  0.1047  0.0969
  0.0847
 -2.0591 -1.9397 -1.8335 -1.7476 -1.6836 -1.6398 -1.6081 -1.5802 -1.5483 -1.5006
 -1.4243 -1.3068 -1.1542 -0.9934 -0.8426 -0.5451 -0.3503 -0.2238 -0.1357 -0.0694
 -0.0188  0.0195  0.0481  0.0692  0.0843  0.0941  0.0986  0.0981  0.0931  0.0838
  0.0707
 -2.0603 -1.9295 -1.8047 -1.6906 -1.5920 -1.5125 -1.4513 -1.4031 -1.3623 -1.3223
 -1.2749 -1.2058 -1.1050 -0.9814 -0.8511 -0.5659 -0.3645 -0.2309 -0.1394 -0.0718
 -0.0204  0.0183  0.0467  0.0670  0.0809  0.0892  0.0920  0.0898  0.0828  0.0716
  0.0570
 -2.0798 -1.9436 -1.8110 -1.6837 -1.5653 -1.4596 -1.3697 -1.2953 -1.2333 -1.1783
 -1.1246 -1.0658 -0.9953 -0.9083 -0.8419 -0.5858 -0.3810 -0.2396 -0.1437
