 [Fe/H] = -2.00 [alpha/Fe] =-0.40 BC value =  R   
 -1.7216 -1.6800 -1.8706 -1.8271 -1.6808 -1.4753 -1.2476 -1.0968 -0.9647 -0.8281
 -0.6987 -0.5784 -0.4678 -0.3679 -0.2780 -0.0908  0.0487  0.1603  0.2125
 -1.7257 -1.5665 -1.4350 -1.3491 -1.3071 -1.2362 -1.1096 -0.9689 -0.8396 -0.7178
 -0.6017 -0.4932 -0.3937 -0.3035 -0.2220 -0.0533  0.0692  0.1502  0.2000  0.2299
 -1.5632 -1.4090 -1.2640 -1.1375 -1.0367 -0.9753 -0.9318 -0.8554 -0.7506 -0.6383
 -0.5332 -0.4348 -0.3441 -0.2618 -0.1877 -0.0355  0.0732  0.1437  0.1870  0.2137
  0.2294
 -1.4284 -1.2927 -1.1551 -1.0248 -0.9087 -0.8105 -0.7346 -0.6852 -0.6366 -0.5659
 -0.4786 -0.3903 -0.3083 -0.2332 -0.1651 -0.0248  0.0746  0.1373  0.1751  0.1984
  0.2129  0.2207
 -1.3043 -1.1913 -1.0699 -0.9473 -0.8312 -0.7274 -0.6378 -0.5625 -0.5066 -0.4596
 -0.4084 -0.3450 -0.2761 -0.2090 -0.1471 -0.0171  0.0759  0.1329  0.1657  0.1851
  0.1973  0.2041  0.2065  0.2046
 -1.1883 -1.0929 -0.9916 -0.8827 -0.7738 -0.6709 -0.5791 -0.4995 -0.4317 -0.3747
 -0.3263 -0.2811 -0.2319 -0.1791 -0.1264 -0.0089  0.0791  0.1327  0.1613  0.1754
  0.1838  0.1884  0.1896  0.1878  0.1834  0.1753  0.1628  0.1448  0.1209  0.0908
 -1.0824 -0.9985 -0.9133 -0.8200 -0.7224 -0.6257 -0.5350 -0.4542 -0.3851 -0.3258
 -0.2735 -0.2263 -0.1829 -0.1404 -0.0974  0.0038  0.0852  0.1382  0.1630  0.1716
  0.1746  0.1753  0.1738  0.1704  0.1652  0.1598  0.1517  0.1382  0.1169  0.0874
  0.0537
 -0.9885 -0.9113 -0.8350 -0.7546 -0.6699 -0.5830 -0.4974 -0.4173 -0.3471 -0.2873
 -0.2358 -0.1896 -0.1463 -0.1058 -0.0671  0.0218  0.0949  0.1459  0.1702  0.1751
  0.1720  0.1669  0.1612  0.1548  0.1474  0.1393  0.1315  0.1213  0.1059  0.0828
  0.0506
 -0.9086 -0.8344 -0.7614 -0.6860 -0.6126 -0.5362 -0.4589 -0.3832 -0.3133 -0.2522
 -0.2005 -0.1562 -0.1158 -0.0775 -0.0407  0.0418  0.1083  0.1557  0.1809  0.1845
  0.1768  0.1655  0.1539  0.1426  0.1316  0.1208  0.1097  0.0980  0.0834  0.0657
  0.0451
 -0.8449 -0.7709 -0.6981 -0.6265 -0.5560 -0.4867 -0.4181 -0.3494 -0.2829 -0.2217
 -0.1686 -0.1240 -0.0856 -0.0499 -0.0163  0.0594  0.1219  0.1665  0.1918  0.1970
  0.1879  0.1721  0.1544  0.1371  0.1208  0.1058  0.0914  0.0774  0.0633  0.0479
  0.0314
 -0.7949 -0.7175 -0.6433 -0.5720 -0.5034 -0.4373 -0.3736 -0.3118 -0.2510 -0.1926
 -0.1392 -0.0930 -0.0544 -0.0215  0.0082  0.0766  0.1353  0.1777  0.2021  0.2092
  0.2012  0.1841  0.1623  0.1393  0.1170  0.0964  0.0772  0.0594  0.0425  0.0258
  0.0082
 -0.7430 -0.6511 -0.5728 -0.5045 -0.4428 -0.3847 -0.3280 -0.2712 -0.2153 -0.1615
 -0.1109 -0.0646 -0.0245  0.0087  0.0367  0.0960  0.1486  0.1889  0.2126
 [Fe/H] = -1.50 [alpha/Fe] =-0.40 BC value =  R   
 -2.0606 -2.0125 -1.9215 -1.7296 -1.5072 -1.2950 -1.1183 -0.9748 -0.8471 -0.7271
 -0.6131 -0.5059 -0.4062 -0.3142 -0.2305 -0.0565  0.0727  0.1687  0.2238
 -1.8101 -1.6605 -1.5804 -1.5357 -1.4038 -1.2175 -1.0388 -0.8915 -0.7671 -0.6531
 -0.5457 -0.4452 -0.3523 -0.2674 -0.1907 -0.0330  0.0831  0.1628  0.2129  0.2429
 -1.6705 -1.5006 -1.3534 -1.2427 -1.1888 -1.1210 -0.9846 -0.8363 -0.7102 -0.6015
 -0.5003 -0.4060 -0.3190 -0.2396 -0.1681 -0.0217  0.0850  0.1572  0.2016  0.2282
  0.2437
 -1.5678 -1.4062 -1.2506 -1.1066 -0.9876 -0.9063 -0.8567 -0.7815 -0.6695 -0.5628
 -0.4666 -0.3780 -0.2963 -0.2217 -0.1544 -0.0166  0.0838  0.1512  0.1916  0.2149
  0.2286  0.2358
 -1.4800 -1.3341 -1.1860 -1.0438 -0.9135 -0.7977 -0.7042 -0.6368 -0.5874 -0.5206
 -0.4380 -0.3545 -0.2774 -0.2074 -0.1439 -0.0134  0.0823  0.1465  0.1838  0.2037
  0.2149  0.2207  0.2222  0.2185
 -1.4034 -1.2696 -1.1343 -0.9988 -0.8692 -0.7501 -0.6431 -0.5506 -0.4769 -0.4244
 -0.3783 -0.3219 -0.2572 -0.1922 -0.1326 -0.0091  0.0826  0.1446  0.1796  0.1958
  0.2033  0.2066  0.2067  0.2037  0.1988  0.1906  0.1773  0.1575  0.1308  0.0993
 -1.3271 -1.2067 -1.0852 -0.9604 -0.8368 -0.7195 -0.6115 -0.5147 -0.4301 -0.3596
 -0.3033 -0.2585 -0.2146 -0.1664 -0.1159 -0.0018  0.0858  0.1461  0.1798  0.1929
  0.1958  0.1950  0.1923  0.1877  0.1811  0.1735  0.1631  0.1480  0.1265  0.0977
  0.0619
 -1.2568 -1.1436 -1.0359 -0.9222 -0.8076 -0.6951 -0.5891 -0.4919 -0.4052 -0.3294
 -0.2653 -0.2116 -0.1662 -0.1258 -0.0860  0.0115  0.0926  0.1510  0.1844  0.1957
  0.1940  0.1880  0.1809  0.1731  0.1645  0.1567  0.1479  0.1354  0.1173  0.0921
  0.0588
 -1.1986 -1.0866 -0.9848 -0.8815 -0.7758 -0.6704 -0.5687 -0.4730 -0.3857 -0.3081
 -0.2413 -0.1845 -0.1355 -0.0924 -0.0538  0.0322  0.1049  0.1596  0.1927  0.2036
  0.1988  0.1873  0.1746  0.1620  0.1498  0.1376  0.1249  0.1102  0.0933  0.0745
  0.0539
 -1.1606 -1.0426 -0.9391 -0.8415 -0.7446 -0.6467 -0.5502 -0.4577 -0.3715 -0.2929
 -0.2238 -0.1649 -0.1148 -0.0708 -0.0313  0.0522  0.1196  0.1703  0.2025  0.2146
  0.2092  0.1940  0.1756  0.1572  0.1399  0.1235  0.1076  0.0921  0.0763  0.0593
  0.0412
 -1.1521 -1.0131 -0.9008 -0.8039 -0.7133 -0.6220 -0.5313 -0.4426 -0.3585 -0.2804
 -0.2098 -0.1483 -0.0960 -0.0516 -0.0126  0.0696  0.1345  0.1825  0.2131  0.2262
  0.2222  0.2060  0.1838  0.1599  0.1366  0.1148  0.0942  0.0749  0.0565  0.0382
  0.0191
 -1.1678 -0.9979 -0.8700 -0.7688 -0.6813 -0.5966 -0.5120 -0.4279 -0.3462 -0.2692
 -0.1984 -0.1348 -0.0796 -0.0330  0.0065  0.0858  0.1485  0.1948  0.2242
 [Fe/H] = -1.00 [alpha/Fe] =-0.40 BC value =  R   
 -2.2640 -2.1287 -1.8817 -1.6238 -1.3744 -1.1615 -1.0034 -0.8721 -0.7536 -0.6445
 -0.5419 -0.4451 -0.3543 -0.2696 -0.1914 -0.0266  0.0967  0.1847  0.2419
 -1.9072 -1.8531 -1.7796 -1.5755 -1.3456 -1.1302 -0.9542 -0.8171 -0.6989 -0.5930
 -0.4943 -0.4017 -0.3153 -0.2352 -0.1618 -0.0095  0.1025  0.1810  0.2319  0.2624
 -1.7618 -1.5914 -1.4983 -1.4583 -1.3160 -1.1184 -0.9332 -0.7830 -0.6623 -0.5582
 -0.4630 -0.3744 -0.2919 -0.2158 -0.1463 -0.0025  0.1025  0.1755  0.2223  0.2496
  0.2647
 -1.6878 -1.4977 -1.3328 -1.2111 -1.1502 -1.0776 -0.9273 -0.7695 -0.6387 -0.5331
 -0.4404 -0.3551 -0.2763 -0.2036 -0.1373 -0.0003  0.1000  0.1696  0.2137  0.2385
  0.2516  0.2578
 -1.6337 -1.4499 -1.2750 -1.1179 -0.9871 -0.8920 -0.8340 -0.7510 -0.6288 -0.5149
 -0.4220 -0.3394 -0.2635 -0.1939 -0.1305  0.0007  0.0972  0.1644  0.2066  0.2294
  0.2402  0.2448  0.2450  0.2421
 -1.5881 -1.4150 -1.2447 -1.0834 -0.9358 -0.8071 -0.7016 -0.6235 -0.5668 -0.4942
 -0.4063 -0.3249 -0.2512 -0.1843 -0.1234  0.0026  0.0957  0.1610  0.2018  0.2229
  0.2311  0.2330  0.2316  0.2272  0.2208  0.2107  0.1952  0.1727  0.1438  0.1129
 -1.5478 -1.3849 -1.2229 -1.0660 -0.9181 -0.7831 -0.6624 -0.5572 -0.4711 -0.4068
 -0.3550 -0.2996 -0.2366 -0.1731 -0.1145  0.0066  0.0966  0.1602  0.2000  0.2198
  0.2253  0.2238  0.2195  0.2132  0.2049  0.1956  0.1833  0.1658  0.1414  0.1099
  0.0753
 -1.5114 -1.3572 -1.2038 -1.0533 -0.9092 -0.7742 -0.6505 -0.5390 -0.4408 -0.3571
 -0.2892 -0.2379 -0.1941 -0.1487 -0.1000  0.0137  0.1004  0.1623  0.2016  0.2207
  0.2240  0.2186  0.2103  0.2007  0.1903  0.1787  0.1667  0.1523  0.1330  0.1067
  0.0723
 -1.4851 -1.3302 -1.1846 -1.0409 -0.9013 -0.7693 -0.6464 -0.5334 -0.4315 -0.3412
 -0.2635 -0.1993 -0.1480 -0.1056 -0.0670  0.0277  0.1085  0.1684  0.2070  0.2258
  0.2278  0.2189  0.2057  0.1915  0.1774  0.1631  0.1482  0.1312  0.1121  0.0910
  0.0681
 -1.4786 -1.3161 -1.1684 -1.0318 -0.8977 -0.7686 -0.6476 -0.5354 -0.4325 -0.3393
 -0.2568 -0.1860 -0.1272 -0.0786 -0.0373  0.0480  0.1209  0.1769  0.2148  0.2341
  0.2363  0.2253  0.2075  0.1881  0.1690  0.1507  0.1326  0.1148  0.0966  0.0772
  0.0550
 -1.5068 -1.3073 -1.1562 -1.0228 -0.8954 -0.7705 -0.6511 -0.5397 -0.4371 -0.3429
 -0.2577 -0.1827 -0.1185 -0.0650 -0.0200  0.0680  0.1360  0.1890  0.2249  0.2445
  0.2476  0.2364  0.2158  0.1914  0.1668  0.1432  0.1207  0.0993  0.0786  0.0579
  0.0365
 -1.5794 -1.3322 -1.1566 -1.0175 -0.8915 -0.7723 -0.6576 -0.5468 -0.4439 -0.3493
 -0.2629 -0.1851 -0.1166 -0.0583 -0.0095  0.0832  0.1510  0.2021  0.2369
 [Fe/H] = -0.75 [alpha/Fe] =-0.40 BC value =  R   
 -2.3148 -2.1057 -1.8278 -1.5678 -1.3233 -1.1123 -0.9546 -0.8280 -0.7159 -0.6101
 -0.5117 -0.4191 -0.3320 -0.2507 -0.1750 -0.0133  0.1087  0.1956  0.2535
 -1.9987 -1.9668 -1.7883 -1.5413 -1.3056 -1.0886 -0.9171 -0.7832 -0.6698 -0.5665
 -0.4712 -0.3820 -0.2985 -0.2207 -0.1488  0.0022  0.1139  0.1923  0.2438  0.2748
 -1.7967 -1.6598 -1.6273 -1.5120 -1.2995 -1.0901 -0.9035 -0.7569 -0.6394 -0.5371
 -0.4445 -0.3585 -0.2783 -0.2039 -0.1353  0.0082  0.1136  0.1871  0.2348  0.2631
  0.2781
 -1.7297 -1.5306 -1.3811 -1.3100 -1.2523 -1.0917 -0.9093 -0.7480 -0.6206 -0.5161
 -0.4252 -0.3418 -0.2646 -0.1933 -0.1276  0.0099  0.1109  0.1812  0.2266  0.2529
  0.2662  0.2719
 -1.6928 -1.4891 -1.3040 -1.1522 -1.0448 -0.9858 -0.8987 -0.7542 -0.6147 -0.5017
 -0.4098 -0.3282 -0.2535 -0.1847 -0.1217  0.0103  0.1079  0.1760  0.2197  0.2445
  0.2559  0.2601  0.2597  0.2560
 -1.6672 -1.4690 -1.2811 -1.1098 -0.9626 -0.8419 -0.7538 -0.6921 -0.6080 -0.4967
 -0.3977 -0.3161 -0.2429 -0.1763 -0.1155  0.0116  0.1059  0.1723  0.2148  0.2384
  0.2479  0.2497  0.2476  0.2424  0.2340  0.2219  0.2052  0.1830  0.1547  0.1220
 -1.6477 -1.4571 -1.2730 -1.1001 -0.9425 -0.8035 -0.6835 -0.5838 -0.5087 -0.4495
 -0.3805 -0.3042 -0.2322 -0.1671 -0.1081  0.0147  0.1060  0.1707  0.2125  0.2350
  0.2429  0.2419  0.2369  0.2298  0.2205  0.2088  0.1943  0.1758  0.1515  0.1193
  0.0840
 -1.6321 -1.4489 -1.2707 -1.1005 -0.9419 -0.7975 -0.6683 -0.5545 -0.4564 -0.3750
 -0.3117 -0.2601 -0.2090 -0.1539 -0.0985  0.0202  0.1086  0.1719  0.2130  0.2351
  0.2417  0.2379  0.2292  0.2188  0.2072  0.1944  0.1810  0.1649  0.1441  0.1167
  0.0817
 -1.6261 -1.4413 -1.2692 -1.1033 -0.9464 -0.8015 -0.6694 -0.5503 -0.4444 -0.3518
 -0.2730 -0.2086 -0.1584 -0.1158 -0.0740  0.0302  0.1152  0.1768  0.2172  0.2390
  0.2447  0.2383  0.2256  0.2108  0.1956  0.1801  0.1638  0.1466  0.1276  0.1047
  0.0779
 -1.6383 -1.4421 -1.2717 -1.1112 -0.9573 -0.8129 -0.6802 -0.5592 -0.4497 -0.3517
 -0.2657 -0.1920 -0.1311 -0.0820 -0.0409  0.0474  0.1248  0.1839  0.2239  0.2459
  0.2517  0.2440  0.2278  0.2082  0.1883  0.1687  0.1494  0.1302  0.1105  0.0895
  0.0658
 -1.6836 -1.4560 -1.2783 -1.1199 -0.9706 -0.8283 -0.6952 -0.5733 -0.4622 -0.3613
 -0.2708 -0.1914 -0.1235 -0.0673 -0.0208  0.0684  0.1390  0.1946  0.2331  0.2553
  0.2617  0.2540  0.2356  0.2118  0.1867  0.1621  0.1385  0.1157  0.0936  0.0714
  0.0489
 -1.7796 -1.4971 -1.2960 -1.1319 -0.9844 -0.8456 -0.7141 -0.5912 -0.4787 -0.3760
 -0.2830 -0.1995 -0.1263 -0.0639 -0.0119  0.0844  0.1539  0.2075  0.2446
 [Fe/H] = -0.50 [alpha/Fe] =-0.40 BC value =  R   
 -2.3400 -2.0570 -1.7717 -1.5179 -1.2884 -1.0810 -0.9216 -0.7925 -0.6828 -0.5802
 -0.4850 -0.3958 -0.3120 -0.2335 -0.1602 -0.0011  0.1207  0.2084  0.2668
 -2.1267 -2.0108 -1.7621 -1.5029 -1.2709 -1.0606 -0.8908 -0.7568 -0.6435 -0.5428
 -0.4501 -0.3637 -0.2827 -0.2071 -0.1367  0.0133  0.1259  0.2050  0.2572  0.2889
 -1.8384 -1.7799 -1.7153 -1.5049 -1.2722 -1.0623 -0.8802 -0.7356 -0.6182 -0.5175
 -0.4269 -0.3430 -0.2650 -0.1922 -0.1246  0.0188  0.1257  0.2002  0.2488  0.2782
  0.2935
 -1.7577 -1.5647 -1.4669 -1.4312 -1.2779 -1.0746 -0.8878 -0.7291 -0.6029 -0.4996
 -0.4100 -0.3282 -0.2526 -0.1825 -0.1176  0.0203  0.1231  0.1947  0.2411  0.2688
  0.2828  0.2881
 -1.7352 -1.5146 -1.3306 -1.2045 -1.1458 -1.0652 -0.9027 -0.7385 -0.5990 -0.4879
 -0.3967 -0.3161 -0.2425 -0.1747 -0.1121  0.0207  0.1200  0.1895  0.2345  0.2610
  0.2736  0.2776  0.2766  0.2717
 -1.7300 -1.5067 -1.3039 -1.1304 -0.9940 -0.8989 -0.8368 -0.7421 -0.6086 -0.4854
 -0.3867 -0.3056 -0.2330 -0.1670 -0.1064  0.0216  0.1178  0.1857  0.2296  0.2551
  0.2665  0.2688  0.2661  0.2601  0.2514  0.2386  0.2203  0.1953  0.1645  0.1329
 -1.7340 -1.5133 -1.3071 -1.1208 -0.9589 -0.8235 -0.7132 -0.6302 -0.5651 -0.4832
 -0.3832 -0.2966 -0.2239 -0.1588 -0.0998  0.0242  0.1174  0.1837  0.2270  0.2517
  0.2620  0.2622  0.2571  0.2491  0.2388  0.2259  0.2104  0.1903  0.1637  0.1306
  0.0958
 -1.7426 -1.5266 -1.3221 -1.1323 -0.9617 -0.8116 -0.6823 -0.5713 -0.4789 -0.4058
 -0.3451 -0.2804 -0.2136 -0.1498 -0.0919  0.0287  0.1193  0.1841  0.2269  0.2513
  0.2607  0.2590  0.2507  0.2397  0.2271  0.2130  0.1967  0.1784  0.1564  0.1287
  0.0931
 -1.7610 -1.5432 -1.3402 -1.1511 -0.9772 -0.8210 -0.6827 -0.5612 -0.4552 -0.3637
 -0.2872 -0.2251 -0.1740 -0.1263 -0.0776  0.0368  0.1247  0.1881  0.2302  0.2543
  0.2630  0.2595  0.2481  0.2331  0.2169  0.2002  0.1825  0.1635  0.1428  0.1191
  0.0898
 -1.7966 -1.5649 -1.3637 -1.1773 -1.0032 -0.8437 -0.7005 -0.5727 -0.4596 -0.3598
 -0.2729 -0.1987 -0.1372 -0.0881 -0.0464  0.0490  0.1321  0.1939  0.2357  0.2599
  0.2687  0.2643  0.2504  0.2313  0.2108  0.1902  0.1695  0.1488  0.1274  0.1045
  0.0791
 -1.8613 -1.6007 -1.3913 -1.2053 -1.0333 -0.8733 -0.7268 -0.5950 -0.4770 -0.3716
 -0.2782 -0.1968 -0.1270 -0.0691 -0.0217  0.0692  0.1440  0.2027  0.2437  0.2681
  0.2773  0.2728  0.2574  0.2350  0.2099  0.1847  0.1598  0.1357  0.1120  0.0881
  0.0641
 -1.9750 -1.6608 -1.4293 -1.2367 -1.0645 -0.9060 -0.7589 -0.6240 -0.5023 -0.3928
 -0.2946 -0.2075 -0.1314 -0.0665 -0.0124  0.0865  0.1580  0.2146  0.2541
 [Fe/H] = -0.25 [alpha/Fe] =-0.40 BC value =  R   
 -2.3349 -2.0213 -1.7332 -1.4845 -1.2608 -1.0587 -0.8996 -0.7650 -0.6538 -0.5550
 -0.4620 -0.3750 -0.2938 -0.2177 -0.1464  0.0098  0.1320  0.2205  0.2802
 -2.1243 -2.0159 -1.7349 -1.4725 -1.2414 -1.0366 -0.8704 -0.7345 -0.6212 -0.5222
 -0.4311 -0.3467 -0.2679 -0.1941 -0.1252  0.0237  0.1377  0.2187  0.2720  0.3047
 -1.9307 -1.9108 -1.7344 -1.4842 -1.2472 -1.0356 -0.8597 -0.7163 -0.5995 -0.5000
 -0.4106 -0.3284 -0.2519 -0.1806 -0.1141  0.0292  0.1381  0.2145  0.2644  0.2948
  0.3109
 -1.7825 -1.6269 -1.5996 -1.4819 -1.2656 -1.0537 -0.8667 -0.7116 -0.5869 -0.4842
 -0.3955 -0.3150 -0.2407 -0.1717 -0.1075  0.0307  0.1359  0.2096  0.2573  0.2863
  0.3013  0.3066
 -1.7619 -1.5333 -1.3702 -1.3029 -1.2437 -1.0735 -0.8872 -0.7214 -0.5846 -0.4744
 -0.3837 -0.3040 -0.2313 -0.1643 -0.1023  0.0311  0.1330  0.2048  0.2512  0.2790
  0.2931  0.2975  0.2959  0.2904
 -1.7747 -1.5283 -1.3181 -1.1552 -1.0500 -0.9933 -0.8956 -0.7416 -0.5954 -0.4732
 -0.3752 -0.2944 -0.2225 -0.1570 -0.0968  0.0320  0.1307  0.2008  0.2465  0.2735
  0.2868  0.2899  0.2870  0.2802  0.2702  0.2560  0.2362  0.2099  0.1781  0.1457
 -1.8024 -1.5507 -1.3255 -1.1322 -0.9746 -0.8536 -0.7672 -0.7003 -0.6048 -0.4834
 -0.3741 -0.2869 -0.2142 -0.1493 -0.0905  0.0343  0.1300  0.1985  0.2436  0.2701
  0.2825  0.2845  0.2796  0.2710  0.2597  0.2456  0.2282  0.2062  0.1782  0.1441
  0.1089
 -1.8412 -1.5867 -1.3552 -1.1494 -0.9717 -0.8221 -0.6990 -0.5982 -0.5188 -0.4511
 -0.3729 -0.2841 -0.2072 -0.1418 -0.0833  0.0385  0.1314  0.1984  0.2430  0.2692
  0.2810  0.2816  0.2744  0.2632  0.2497  0.2345  0.2169  0.1969  0.1728  0.1431
  0.1066
 -1.8864 -1.6271 -1.3943 -1.1822 -0.9935 -0.8300 -0.6903 -0.5711 -0.4691 -0.3828
 -0.3117 -0.2504 -0.1896 -0.1305 -0.0740  0.0457  0.1361  0.2016  0.2455  0.2715
  0.2826  0.2819  0.2724  0.2579  0.2412  0.2235  0.2044  0.1843  0.1618  0.1354
  0.1042
 -1.9493 -1.6764 -1.4410 -1.2278 -1.0334 -0.8605 -0.7098 -0.5792 -0.4661 -0.3676
 -0.2823 -0.2098 -0.1490 -0.0984 -0.0529  0.0541  0.1420  0.2063  0.2500  0.2761
  0.2871  0.2856  0.2744  0.2567  0.2363  0.2150  0.1932  0.1708  0.1476  0.1234
  0.0952
 -2.0390 -1.7379 -1.4923 -1.2770 -1.0814 -0.9037 -0.7450 -0.6055 -0.4836 -0.3768
 -0.2832 -0.2017 -0.1316 -0.0727 -0.0247  0.0704  0.1512  0.2136  0.2568  0.2831
  0.2944  0.2928  0.2805  0.2603  0.2361  0.2105  0.1849  0.1594  0.1340  0.1081
  0.0823
 -2.1715 -1.8206 -1.5535 -1.3295 -1.1318 -0.9529 -0.7903 -0.6442 -0.5148 -0.4007
 -0.3000 -0.2115 -0.1345 -0.0683 -0.0127  0.0886  0.1637  0.2236  0.2658
 [Fe/H] =  0.00 [alpha/Fe] =-0.40 BC value =  R   
 -2.2520 -1.9414 -1.6704 -1.4387 -1.2209 -1.0269 -0.8757 -0.7458 -0.6317 -0.5335
 -0.4422 -0.3569 -0.2775 -0.2033 -0.1339  0.0197  0.1403  0.2305  0.2948
 -2.1850 -1.9691 -1.6854 -1.4329 -1.2112 -1.0107 -0.8520 -0.7174 -0.6026 -0.5046
 -0.4146 -0.3314 -0.2542 -0.1820 -0.1144  0.0334  0.1490  0.2326  0.2880  0.3220
 -2.0544 -1.9556 -1.7116 -1.4529 -1.2205 -1.0139 -0.8409 -0.7008 -0.5840 -0.4846
 -0.3961 -0.3148 -0.2396 -0.1696 -0.1041  0.0389  0.1501  0.2295  0.2814  0.3130
  0.3299
 -1.8813 -1.7394 -1.6850 -1.4772 -1.2447 -1.0337 -0.8487 -0.6965 -0.5732 -0.4705
 -0.3824 -0.3025 -0.2292 -0.1611 -0.0977  0.0406  0.1485  0.2253  0.2752  0.3054
  0.3214  0.3271
 -1.7705 -1.5534 -1.4495 -1.4204 -1.2641 -1.0598 -0.8708 -0.7064 -0.5714 -0.4621
 -0.3718 -0.2924 -0.2203 -0.1541 -0.0926  0.0411  0.1459  0.2209  0.2697  0.2989
  0.3143  0.3193  0.3174  0.3114
 -1.7949 -1.5363 -1.3326 -1.2020 -1.1503 -1.0644 -0.8959 -0.7284 -0.5820 -0.4616
 -0.3642 -0.2837 -0.2120 -0.1470 -0.0872  0.0421  0.1436  0.2171  0.2652  0.2938
  0.3085  0.3129  0.3100  0.3025  0.2914  0.2763  0.2552  0.2269  0.1941  0.1606
 -1.8470 -1.5682 -1.3321 -1.1413 -1.0006 -0.9111 -0.8497 -0.7444 -0.6031 -0.4724
 -0.3640 -0.2770 -0.2044 -0.1396 -0.0809  0.0445  0.1426  0.2145  0.2621  0.2904
  0.3045  0.3081  0.3039  0.2949  0.2829  0.2678  0.2488  0.2250  0.1952  0.1601
  0.1240
 -1.9158 -1.6248 -1.3708 -1.1546 -0.9767 -0.8361 -0.7281 -0.6470 -0.5761 -0.4837
 -0.3742 -0.2764 -0.1983 -0.1327 -0.0740  0.0487  0.1438  0.2139  0.2609  0.2891
  0.3027  0.3053  0.2996  0.2886  0.2747  0.2586  0.2397  0.2181  0.1921  0.1602
  0.1226
 -1.9912 -1.6922 -1.4285 -1.1968 -0.9986 -0.8333 -0.6977 -0.5859 -0.4931 -0.4164
 -0.3474 -0.2732 -0.1941 -0.1254 -0.0660  0.0555  0.1482  0.2164  0.2627  0.2906
  0.3036  0.3052  0.2979  0.2845  0.2679  0.2495  0.2293  0.2072  0.1829  0.1547
  0.1212
 -2.0772 -1.7710 -1.4997 -1.2600 -1.0482 -0.8659 -0.7122 -0.5830 -0.4736 -0.3793
 -0.2983 -0.2291 -0.1679 -0.1100 -0.0562  0.0622  0.1535  0.2203  0.2662  0.2941
  0.3071  0.3080  0.2994  0.2838  0.2642  0.2426  0.2200  0.1963  0.1712  0.1443
  0.1145
 -2.1881 -1.8613 -1.5771 -1.3315 -1.1131 -0.9196 -0.7516 -0.6081 -0.4858 -0.3804
 -0.2888 -0.2091 -0.1402 -0.0809 -0.0308  0.0734  0.1606  0.2265  0.2720  0.3002
  0.3134  0.3140  0.3045  0.2871  0.2646  0.2395  0.2133  0.1868  0.1597  0.1319
  0.1037
 -2.3240 -1.9630 -1.6623 -1.4072 -1.1835 -0.9850 -0.8079 -0.6527 -0.5185 -0.4026
 -0.3020 -0.2143 -0.1377 -0.0714  0.0102  0.0891  0.1695  0.2350  0.2801
 [Fe/H] =  0.25 [alpha/Fe] =-0.40 BC value =  R   
 -2.2011 -1.8914 -1.6295 -1.4108 -1.1939 -1.0066 -0.8541 -0.7270 -0.6133 -0.5164
 -0.4256 -0.3411 -0.2628 -0.1901 -0.1221  0.0290  0.1494  0.2417  0.3098
 -2.2336 -1.9291 -1.6477 -1.4024 -1.1885 -0.9930 -0.8329 -0.7021 -0.5870 -0.4900
 -0.4005 -0.3180 -0.2417 -0.1707 -0.1041  0.0424  0.1596  0.2462  0.3046  0.3406
 -2.0354 -1.9590 -1.6776 -1.4256 -1.1996 -0.9971 -0.8256 -0.6877 -0.5707 -0.4719
 -0.3836 -0.3028 -0.2283 -0.1591 -0.0944  0.0480  0.1614  0.2443  0.2992  0.3326
  0.3506
 -1.8764 -1.8652 -1.7045 -1.4598 -1.2243 -1.0174 -0.8342 -0.6840 -0.5619 -0.4591
 -0.3711 -0.2914 -0.2185 -0.1511 -0.0882  0.0499  0.1603  0.2409  0.2940  0.3259
  0.3431  0.3495
 -1.7777 -1.6005 -1.5763 -1.4676 -1.2554 -1.0439 -0.8555 -0.6933 -0.5605 -0.4518
 -0.3614 -0.2821 -0.2102 -0.1443 -0.0832  0.0506  0.1580  0.2370  0.2891  0.3202
  0.3368  0.3427  0.3409  0.3334
 -1.8000 -1.5407 -1.3618 -1.2963 -1.2415 -1.0708 -0.8839 -0.7155 -0.5705 -0.4515
 -0.3545 -0.2740 -0.2024 -0.1375 -0.0779  0.0517  0.1557  0.2332  0.2848  0.3156
  0.3316  0.3371  0.3346  0.3267  0.3152  0.2986  0.2754  0.2461  0.2125  0.1778
 -1.8679 -1.5707 -1.3338 -1.1578 -1.0541 -1.0038 -0.9001 -0.7423 -0.5924 -0.4620
 -0.3545 -0.2679 -0.1952 -0.1305 -0.0717  0.0542  0.1549  0.2305  0.2816  0.3123
  0.3279  0.3327  0.3295  0.3205  0.3080  0.2927  0.2729  0.2471  0.2147  0.1786
  0.1414
 -1.9639 -1.6408 -1.3719 -1.1541 -0.9848 -0.8635 -0.7835 -0.7159 -0.6112 -0.4827
 -0.3654 -0.2679 -0.1897 -0.1237 -0.0650  0.0585  0.1559  0.2294  0.2799  0.3106
  0.3259  0.3300  0.3259  0.3155  0.3015  0.2848  0.2650  0.2414  0.2132  0.1799
  0.1412
 -2.0775 -1.7342 -1.4426 -1.1977 -0.9967 -0.8362 -0.7111 -0.6135 -0.5358 -0.4625
 -0.3747 -0.2760 -0.1881 -0.1174 -0.0574  0.0655  0.1602  0.2315  0.2809  0.3113
  0.3263  0.3296  0.3242  0.3123  0.2962  0.2777  0.2568  0.2335  0.2075  0.1771
  0.1410
 -2.1980 -1.8439 -1.5372 -1.2735 -1.0495 -0.8636 -0.7120 -0.5887 -0.4869 -0.4004
 -0.3259 -0.2571 -0.1866 -0.1149 -0.0526  0.0716  0.1652  0.2349  0.2835  0.3139
  0.3289  0.3318  0.3254  0.3119  0.2937  0.2725  0.2495  0.2248  0.1982  0.1689
  0.1370
 -2.3425 -1.9693 -1.6455 -1.3664 -1.1271 -0.9219 -0.7495 -0.6063 -0.4872 -0.3862
 -0.2988 -0.2224 -0.1554 -0.0949 -0.0388  0.0788  0.1714  0.2403  0.2884  0.3189
  0.3341  0.3369  0.3297  0.3149  0.2945  0.2706  0.2445  0.2173  0.1890  0.1593
  0.1284
 -2.5108 -2.1105 -1.7541 -1.4675 -1.2176 -1.0002 -0.8121 -0.6516 -0.5163 -0.4018
 -0.3037 -0.2184 -0.1435 -0.0779 -0.0160  0.0871  0.1788  0.2477  0.2956
 [Fe/H] =  0.50 [alpha/Fe] =-0.40 BC value =  R   
 -2.1212 -1.8401 -1.5959 -1.3851 -1.1668 -0.9868 -0.8392 -0.7127 -0.6019 -0.5028
 -0.4120 -0.3280 -0.2504 -0.1782 -0.1110  0.0376  0.1636  0.2581  0.3247
 -2.1982 -1.8842 -1.6125 -1.3791 -1.1675 -0.9757 -0.8197 -0.6906 -0.5759 -0.4785
 -0.3890 -0.3067 -0.2309 -0.1605 -0.0948  0.0507  0.1691  0.2591  0.3211  0.3596
 -2.2021 -1.9363 -1.6535 -1.4004 -1.1844 -0.9823 -0.8133 -0.6775 -0.5597 -0.4616
 -0.3733 -0.2926 -0.2183 -0.1497 -0.0856  0.0563  0.1715  0.2582  0.3171  0.3532
  0.3726
 -1.9236 -1.9273 -1.6953 -1.4387 -1.2058 -1.0029 -0.8217 -0.6742 -0.5531 -0.4498
 -0.3618 -0.2821 -0.2092 -0.1421 -0.0796  0.0583  0.1708  0.2554  0.3127  0.3475
  0.3661  0.3733
 -1.7931 -1.7050 -1.6663 -1.4706 -1.2409 -1.0294 -0.8440 -0.6829 -0.5519 -0.4433
 -0.3529 -0.2734 -0.2014 -0.1355 -0.0746  0.0592  0.1687  0.2519  0.3081  0.3424
  0.3605  0.3674  0.3659  0.3581
 -1.7954 -1.5507 -1.4311 -1.4103 -1.2629 -1.0618 -0.8719 -0.7042 -0.5612 -0.4437
 -0.3466 -0.2660 -0.1941 -0.1290 -0.0694  0.0604  0.1667  0.2482  0.3042  0.3380
  0.3557  0.3623  0.3605  0.3525  0.3399  0.3232  0.2994  0.2675  0.2333  0.1971
 -1.8674 -1.5648 -1.3384 -1.1970 -1.1510 -1.0684 -0.9012 -0.7326 -0.5827 -0.4530
 -0.3471 -0.2603 -0.1874 -0.1224 -0.0634  0.0632  0.1658  0.2454  0.3008  0.3347
  0.3522  0.3582  0.3559  0.3474  0.3345  0.3181  0.2974  0.2708  0.2366  0.1996
  0.1610
 -1.9868 -1.6384 -1.3652 -1.1541 -1.0048 -0.9198 -0.8636 -0.7535 -0.6093 -0.4744
 -0.3571 -0.2604 -0.1823 -0.1160 -0.0568  0.0676  0.1670  0.2441  0.2987  0.3327
  0.3501  0.3556  0.3526  0.3432  0.3295  0.3126  0.2923  0.2684  0.2387  0.2022
  0.1625
 -2.1294 -1.7502 -1.4394 -1.1903 -0.9937 -0.8450 -0.7391 -0.6642 -0.5921 -0.4914
 -0.3752 -0.2689 -0.1810 -0.1099 -0.0494  0.0747  0.1714  0.2460  0.2992  0.3329
  0.3502  0.3552  0.3513  0.3407  0.3255  0.3072  0.2861  0.2620  0.2344  0.2022
  0.1636
 -2.3067 -1.8943 -1.5513 -1.2710 -1.0421 -0.8585 -0.7141 -0.6016 -0.5121 -0.4367
 -0.3630 -0.2806 -0.1912 -0.1110 -0.0458  0.0808  0.1764  0.2490  0.3011  0.3347
  0.3522  0.3570  0.3523  0.3407  0.3239  0.3036  0.2807  0.2555  0.2279  0.1981
  0.1618
 -2.5442 -2.0707 -1.6857 -1.3805 -1.1260 -0.9152 -0.7433 -0.6043 -0.4918 -0.3980
 -0.3170 -0.2451 -0.1773 -0.1099 -0.0435  0.0863  0.1824  0.2541  0.3053  0.3387
  0.3565  0.3614  0.3563  0.3435  0.3252  0.3028  0.2774  0.2501  0.2210  0.1898
  0.1564
 -2.8416 -2.2794 -1.8290 -1.5082 -1.2327 -1.0012 -0.8066 -0.6452 -0.5121 -0.4017
 -0.3081 -0.2266 -0.1546 -0.0899 -0.0425  0.0912  0.1894  0.2613  0.3118
 [Fe/H] =  0.75 [alpha/Fe] =-0.40 BC value =  R   
 -2.0672 -1.8002 -1.5668 -1.3638 -1.1456 -0.9751 -0.8322 -0.7053 -0.5923 -0.4916
 -0.4010 -0.3173 -0.2400 -0.1682 -0.1015  0.0456  0.1717  0.2676  0.3385
 -2.1446 -1.8428 -1.5826 -1.3600 -1.1498 -0.9638 -0.8112 -0.6809 -0.5673 -0.4684
 -0.3797 -0.2975 -0.2218 -0.1517 -0.0865  0.0581  0.1776  0.2703  0.3365  0.3786
 -2.2042 -1.9052 -1.6241 -1.3785 -1.1688 -0.9696 -0.8049 -0.6704 -0.5518 -0.4539
 -0.3653 -0.2844 -0.2102 -0.1417 -0.0778  0.0635  0.1803  0.2705  0.3337  0.3735
  0.3950
 -2.1198 -1.9425 -1.6759 -1.4177 -1.1905 -0.9921 -0.8124 -0.6670 -0.5470 -0.4429
 -0.3547 -0.2747 -0.2016 -0.1344 -0.0721  0.0656  0.1798  0.2683  0.3301  0.3688
  0.3896  0.3978
 -1.8442 -1.8318 -1.6961 -1.4604 -1.2257 -1.0181 -0.8338 -0.6754 -0.5457 -0.4372
 -0.3465 -0.2667 -0.1944 -0.1283 -0.0673  0.0666  0.1779  0.2650  0.3261  0.3642
  0.3847  0.3928  0.3918  0.3837
 -1.7909 -1.5836 -1.5508 -1.4633 -1.2607 -1.0507 -0.8627 -0.6962 -0.5543 -0.4381
 -0.3408 -0.2598 -0.1876 -0.1222 -0.0622  0.0680  0.1761  0.2614  0.3222  0.3601
  0.3804  0.3882  0.3872  0.3794  0.3663  0.3484  0.3234  0.2906  0.2560  0.2184
 -1.8534 -1.5589 -1.3574 -1.2827 -1.2398 -1.0782 -0.8936 -0.7241 -0.5746 -0.4466
 -0.3415 -0.2547 -0.1814 -0.1159 -0.0565  0.0709  0.1753  0.2585  0.3187  0.3568
  0.3770  0.3845  0.3832  0.3752  0.3623  0.3454  0.3241  0.2959  0.2603  0.2228
  0.1827
 -1.9853 -1.6239 -1.3573 -1.1629 -1.0521 -1.0091 -0.9095 -0.7534 -0.6019 -0.4671
 -0.3507 -0.2549 -0.1765 -0.1098 -0.0502  0.0754  0.1766  0.2571  0.3163  0.3544
  0.3748  0.3821  0.3803  0.3718  0.3584  0.3414  0.3213  0.2964  0.2648  0.2266
  0.1862
 -2.1433 -1.7440 -1.4258 -1.1807 -0.9953 -0.8680 -0.7940 -0.7304 -0.6219 -0.4905
 -0.3683 -0.2625 -0.1752 -0.1039 -0.0428  0.0827  0.1812  0.2590  0.3165  0.3543
  0.3748  0.3817  0.3792  0.3699  0.3556  0.3376  0.3164  0.2920  0.2635  0.2294
  0.1887
 -2.3750 -1.9149 -1.5456 -1.2582 -1.0313 -0.8552 -0.7235 -0.6284 -0.5563 -0.4822
 -0.3883 -0.2833 -0.1864 -0.1054 -0.0395  0.0888  0.1865  0.2620  0.3179  0.3554
  0.3762  0.3833  0.3803  0.3701  0.3547  0.3353  0.3128  0.2877  0.2594  0.2274
  0.1909
 -2.6873 -2.1366 -1.7035 -1.3764 -1.1142 -0.9039 -0.7369 -0.6059 -0.5036 -0.4204
 -0.3472 -0.2747 -0.1972 -0.1156 -0.0415  0.0939  0.1926  0.2671  0.3217  0.3588
  0.3798  0.3873  0.3841  0.3731  0.3564  0.3354  0.3111  0.2841  0.2548  0.2227
  0.1876
 -3.0802 -2.4091 -1.8870 -1.5269 -1.2308 -0.9911 -0.7955 -0.6369 -0.5091 -0.4052
 -0.3182 -0.2422 -0.1730 -0.1071 -0.0488  0.0980  0.1995  0.2743  0.3279
 [Fe/H] =  1.00 [alpha/Fe] =-0.40 BC value =  R   
 -2.0109 -1.7765 -1.5557 -1.3474 -1.1357 -0.9510 -0.7967 -0.6667 -0.5561 -0.4604
 -0.3759 -0.2995 -0.2284 -0.1603 -0.0941  0.0528  0.1787  0.2805  0.3526
 -2.1138 -1.8118 -1.5589 -1.3503 -1.1398 -0.9568 -0.8061 -0.6761 -0.5617 -0.4629
 -0.3730 -0.2905 -0.2148 -0.1448 -0.0798  0.0643  0.1847  0.2813  0.3508  0.3959
 -2.1947 -1.8737 -1.5985 -1.3647 -1.1593 -0.9614 -0.8000 -0.6655 -0.5471 -0.4488
 -0.3598 -0.2784 -0.2039 -0.1353 -0.0716  0.0695  0.1875  0.2808  0.3484  0.3923
  0.4168
 -2.1832 -1.9346 -1.6537 -1.3992 -1.1827 -0.9839 -0.8059 -0.6623 -0.5428 -0.4386
 -0.3500 -0.2695 -0.1960 -0.1286 -0.0662  0.0716  0.1871  0.2790  0.3454  0.3885
  0.4124  0.4222
 -1.9621 -1.9092 -1.6984 -1.4463 -1.2126 -1.0133 -0.8273 -0.6698 -0.5416 -0.4325
 -0.3423 -0.2621 -0.1892 -0.1228 -0.0616  0.0727  0.1854  0.2759  0.3418  0.3845
  0.4083  0.4181  0.4179  0.4098
 -1.7971 -1.6689 -1.6490 -1.4765 -1.2525 -1.0409 -0.8579 -0.6896 -0.5498 -0.4346
 -0.3370 -0.2558 -0.1831 -0.1171 -0.0568  0.0742  0.1836  0.2723  0.3379  0.3807
  0.4045  0.4143  0.4142  0.4067  0.3937  0.3744  0.3477  0.3149  0.2800  0.2412
 -1.8367 -1.5599 -1.4099 -1.3934 -1.2693 -1.0754 -0.8862 -0.7192 -0.5690 -0.4423
 -0.3384 -0.2511 -0.1773 -0.1113 -0.0513  0.0771  0.1830  0.2694  0.3343  0.3773
  0.4013  0.4111  0.4109  0.4036  0.3906  0.3732  0.3507  0.3212  0.2854  0.2475
  0.2061
 -1.9595 -1.6065 -1.3540 -1.1908 -1.1410 -1.0741 -0.9154 -0.7482 -0.5967 -0.4620
 -0.3466 -0.2516 -0.1728 -0.1056 -0.0454  0.0817  0.1845  0.2680  0.3316  0.3747
  0.3991  0.4089  0.4085  0.4009  0.3879  0.3707  0.3496  0.3239  0.2916  0.2527
  0.2117
 -2.1266 -1.7229 -1.4082 -1.1737 -1.0079 -0.9188 -0.8705 -0.7653 -0.6224 -0.4851
 -0.3624 -0.2585 -0.1714 -0.0998 -0.0383  0.0889  0.1894  0.2699  0.3316  0.3742
  0.3987  0.4085  0.4077  0.3996  0.3860  0.3684  0.3471  0.3223  0.2931  0.2578
  0.2158
 -2.4002 -1.9093 -1.5263 -1.2405 -1.0216 -0.8582 -0.7473 -0.6781 -0.6104 -0.5086
 -0.3900 -0.2788 -0.1820 -0.1012 -0.0350  0.0952  0.1948  0.2731  0.3329  0.3748
  0.3996  0.4098  0.4088  0.4001  0.3858  0.3673  0.3452  0.3200  0.2915  0.2587
  0.2207
 -2.7739 -2.1657 -1.6988 -1.3592 -1.0972 -0.8922 -0.7338 -0.6153 -0.5282 -0.4577
 -0.3842 -0.2974 -0.2023 -0.1130 -0.0377  0.1002  0.2012  0.2784  0.3366  0.3776
  0.4026  0.4132  0.4123  0.4031  0.3878  0.3681  0.3447  0.3184  0.2892  0.2566
  0.2205
 -3.2479 -2.4921 -1.9257 -1.5215 -1.2166 -0.9751 -0.7828 -0.6301 -0.5102 -0.4156
 -0.3375 -0.2671 -0.1969 -0.1239 -0.0464  0.1039  0.2086  0.2858  0.3427
